-1.10,-5.33,-8.34,0.13,-0.20,-0.18,352,332,322,358,315
-1.56,-5.01,-8.86,0.05,0.00,-0.03,352,332,322,359,315
-1.97,-4.92,-8.31,0.03,-0.01,-0.07,352,332,322,358,315
-1.77,-4.97,-8.56,0.03,0.01,-0.05,352,332,322,358,316
-1.94,-4.90,-8.64,0.02,0.01,-0.03,351,332,321,358,315
-1.79,-5.03,-8.32,0.07,0.01,-0.04,352,332,321,358,315
-1.21,-6.03,-8.61,-0.07,-0.04,0.00,364,351,339,363,316
-1.63,-3.47,-8.48,-0.14,-0.17,0.03,423,416,397,407,316
-2.16,-4.31,-9.08,-0.29,-0.30,0.15,507,457,456,485,317
-3.18,-4.68,-8.41,0.03,-0.08,-0.06,536,472,475,520,318
-3.39,-4.53,-8.47,0.24,0.06,-0.32,545,476,484,531,320
-2.74,-4.91,-8.13,0.03,-0.08,-0.10,539,473,478,526,320
-2.97,-4.85,-8.74,-0.05,0.24,-0.16,517,456,452,489,319
-1.72,-3.75,-8.36,0.09,0.34,-0.11,479,435,429,458,317
-0.72,-5.48,-8.88,0.44,0.35,-0.21,410,391,372,396,317
-0.66,-4.57,-8.57,0.25,0.13,-0.02,383,366,340,365,316
-0.86,-5.15,-8.45,0.29,0.12,-0.14,358,350,329,360,316
-0.80,-6.69,-8.40,-0.09,-0.10,0.05,365,358,342,377,316
-0.22,-5.71,-8.51,-0.25,-0.21,0.12,434,416,399,448,316
-1.85,-3.98,-8.14,0.04,-0.17,-0.11,506,451,450,509,316
-2.58,-4.77,-9.92,0.00,-0.05,-0.02,529,465,471,529,318
-2.18,-4.72,-7.51,-0.00,-0.07,-0.07,527,464,469,527,319
-2.24,-5.61,-9.49,-0.02,0.11,-0.19,501,445,442,497,318
-2.12,-3.91,-7.49,0.30,0.29,0.03,457,422,408,445,316
-1.03,-4.59,-8.59,0.63,0.33,-0.33,365,356,337,371,316
-0.41,-4.65,-8.19,-0.02,-0.06,-0.02,360,352,333,355,315
-0.73,-5.53,-8.93,0.20,0.03,0.05,350,340,324,353,315
-1.41,-5.54,-8.03,-0.01,-0.07,0.02,359,350,334,361,315
-1.24,-5.72,-8.02,-0.15,-0.17,0.06,414,395,377,405,316
-1.54,-4.54,-8.66,-0.12,-0.13,0.03,474,430,422,468,315
-0.53,-5.19,-7.81,-0.24,-0.20,0.07,521,455,459,511,316
-2.24,-3.98,-8.04,0.30,-0.08,-0.44,538,466,473,523,317
-2.69,-5.89,-8.75,-0.03,-0.02,-0.04,538,465,472,523,318
-2.38,-4.44,-7.59,-0.04,0.04,-0.15,510,444,448,494,317
-3.07,-5.58,-9.45,0.61,0.72,-0.39,394,341,333,380,315
1.36,-5.84,-7.79,0.31,0.16,0.13,362,324,314,351,314
END
0.04,-5.33,-8.01,0.18,0.06,-0.04,353,332,319,356,316
-1.18,-5.49,-8.26,0.02,0.00,0.00,353,332,319,355,315
-0.95,-5.31,-8.32,0.02,-0.02,-0.06,353,332,319,356,315
-1.22,-5.33,-8.33,0.04,0.00,-0.03,353,332,319,356,315
-1.06,-5.38,-8.28,0.02,-0.02,-0.04,353,333,319,356,317
-0.80,-6.14,-8.37,-0.04,-0.03,-0.00,362,348,334,367,315
-0.21,-3.56,-8.65,-0.61,-0.42,-0.03,452,426,420,453,317
-1.61,-3.48,-7.49,0.18,-0.04,-0.20,505,454,451,494,318
-2.48,-4.13,-9.03,0.37,0.05,-0.19,529,467,470,518,321
-1.53,-5.71,-8.48,-0.02,-0.05,-0.22,535,471,476,524,324
-1.59,-4.84,-7.43,0.05,0.01,-0.10,529,466,469,519,325
-1.55,-5.30,-9.89,-0.23,0.14,-0.05,513,455,454,483,323
-1.37,-4.21,-8.20,0.21,0.23,0.08,442,406,394,408,319
-0.24,-5.10,-8.76,0.23,0.19,-0.22,377,347,337,365,317
0.35,-5.85,-8.32,0.16,-0.04,-0.00,358,333,323,352,317
-1.08,-5.23,-7.92,0.17,-0.01,0.17,363,334,324,352,316
-1.60,-6.63,-8.16,-0.15,-0.06,0.01,397,358,348,375,316
-0.11,-5.85,-9.42,-0.39,-0.18,0.22,465,415,406,437,317
-0.64,-4.72,-7.28,-0.03,-0.09,-0.10,514,447,449,503,318
-1.57,-3.88,-7.57,0.57,0.04,-0.49,538,465,474,530,322
-3.32,-6.09,-8.97,-0.16,0.05,-0.07,531,462,469,525,323
-1.24,-4.30,-6.98,-0.02,0.23,-0.26,504,436,436,487,321
0.78,-5.28,-9.03,0.08,0.33,-0.07,447,390,387,432,317
1.28,-4.24,-10.09,0.10,-0.01,-0.05,388,359,356,388,317
-0.60,-4.97,-8.18,0.43,0.12,-0.10,352,329,321,354,316
-1.81,-5.70,-8.11,0.05,0.02,0.04,353,327,318,350,315
0.29,-6.29,-8.20,0.11,0.01,-0.05,355,327,317,350,316
-0.26,-4.62,-7.75,-0.08,-0.08,0.08,392,368,344,372,315
-0.78,-5.64,-8.45,-0.25,-0.21,0.03,471,427,412,453,316
-2.51,-5.79,-10.48,-0.23,-0.16,-0.17,535,466,472,533,319
-1.74,-2.25,-8.35,0.04,-0.26,0.02,548,474,486,546,325
-1.66,-5.64,-7.40,0.01,0.06,-0.07,541,471,482,542,327
-0.36,-4.80,-8.17,0.10,0.13,-0.11,533,465,475,535,324
-2.43,-5.39,-8.36,-0.08,0.36,-0.20,486,428,425,486,318
-0.34,-2.51,-8.36,0.03,0.11,0.15,427,391,380,441,316
0.01,-4.85,-8.61,0.48,0.25,-0.31,354,337,330,375,315
END
0.34,-5.36,-8.08,0.17,0.04,0.04,341,328,316,349,315
-0.53,-5.57,-8.06,0.02,-0.01,-0.04,340,328,316,349,315
-0.34,-5.50,-8.29,0.02,0.00,-0.03,341,329,316,350,315
-0.58,-5.61,-8.05,0.02,-0.00,-0.04,341,328,316,349,315
-0.42,-5.62,-8.31,0.05,0.01,-0.03,340,328,316,349,314
0.21,-6.53,-8.05,-0.01,-0.01,-0.00,352,347,338,360,315
-1.45,-4.71,-8.15,-0.67,-0.14,-0.03,426,421,416,432,316
0.06,-2.58,-8.44,-0.11,0.08,0.28,485,446,448,492,316
0.28,-4.21,-8.83,0.34,-0.00,-0.24,508,457,463,515,318
-0.95,-5.90,-8.62,0.00,-0.12,-0.17,520,463,471,523,320
-0.50,-4.80,-6.58,0.05,-0.07,0.01,518,461,469,521,321
-1.24,-6.30,-10.68,-0.11,-0.04,-0.08,505,453,455,503,320
-0.78,-4.31,-7.30,0.06,-0.06,0.23,467,424,425,482,319
-1.31,-4.49,-9.20,0.12,0.02,0.00,437,396,389,424,317
-1.22,-5.08,-8.49,0.10,-0.06,-0.01,391,371,360,379,316
-0.75,-5.84,-8.52,0.28,0.07,-0.40,350,338,329,361,316
-0.68,-6.03,-7.79,0.10,0.04,-0.05,347,335,324,354,316
0.19,-6.42,-7.85,-0.15,-0.05,-0.05,369,368,348,390,316
-1.27,-5.79,-8.97,-0.17,-0.08,-0.02,445,422,404,465,316
-0.29,-5.61,-8.21,-0.10,-0.04,-0.09,495,445,440,501,316
-1.00,-4.49,-8.10,0.32,0.21,-0.10,510,454,454,510,316
-0.26,-5.41,-7.98,0.24,0.13,-0.24,512,455,456,511,316
0.49,-6.37,-8.25,-0.24,-0.09,-0.00,505,451,449,504,317
-0.19,-4.94,-7.82,-0.08,-0.05,-0.02,482,428,418,474,316
-1.36,-4.81,-9.02,-0.00,-0.00,0.05,461,411,397,452,315
-0.39,-5.13,-9.12,0.02,-0.11,-0.10,403,380,362,396,315
0.23,-5.96,-7.76,0.39,0.05,-0.30,348,338,328,365,315
-0.67,-6.41,-8.15,0.18,-0.02,-0.03,346,336,322,353,315
-0.52,-6.03,-8.10,0.16,0.05,0.03,342,330,316,348,315
-0.73,-4.74,-7.64,-0.09,-0.08,-0.06,364,357,325,352,315
-1.14,-6.65,-8.41,-0.42,-0.09,-0.06,424,409,382,404,315
0.28,-5.66,-8.58,-0.14,-0.05,0.09,478,437,424,468,315
-0.17,-4.74,-8.41,0.16,0.09,-0.13,507,452,451,496,315
-0.65,-4.97,-7.57,0.26,0.13,-0.14,513,456,460,503,316
-0.04,-6.09,-7.39,0.22,0.11,-0.16,512,455,458,502,316
-0.06,-6.00,-8.51,-0.03,-0.12,0.02,509,453,454,500,317
END
0.42,-5.30,-6.98,-0.04,-0.17,-0.08,344,330,314,351,315
-0.52,-6.25,-8.03,0.01,-0.02,-0.01,344,331,314,351,316
-0.14,-6.14,-8.27,0.02,-0.02,-0.05,347,335,316,352,315
-0.55,-5.97,-7.85,-0.01,-0.05,-0.02,346,334,317,352,315
-0.31,-6.29,-7.81,0.05,-0.01,-0.09,346,333,317,354,315
-0.16,-8.99,-8.00,-0.39,-0.20,0.34,434,418,395,416,316
-1.49,-4.83,-10.43,-0.20,-0.46,0.18,512,457,453,500,318
-2.24,-5.64,-7.83,0.06,0.15,0.02,525,465,468,518,318
-0.96,-5.54,-7.84,0.33,0.19,-0.12,526,465,471,522,318
-0.14,-6.52,-7.39,0.31,0.06,-0.34,525,464,468,525,322
-1.28,-6.64,-7.52,-0.26,0.03,-0.07,515,459,459,511,323
-0.04,-5.43,-7.21,0.04,0.11,0.05,487,439,433,459,319
-0.76,-5.05,-8.74,0.19,0.22,0.03,405,365,357,387,316
-0.01,-5.49,-7.76,0.26,0.04,-0.06,353,329,321,351,315
-0.11,-6.82,-7.75,0.12,-0.06,-0.05,342,319,311,347,315
-0.85,-6.83,-7.30,0.04,0.02,-0.05,341,319,310,348,315
-0.95,-5.02,-7.51,-0.06,0.04,-0.24,356,349,332,369,315
0.61,-6.24,-7.90,-0.21,-0.06,0.12,424,408,384,414,315
-0.18,-5.75,-8.24,-0.17,-0.10,0.00,479,434,418,468,316
-0.94,-5.72,-8.33,0.05,0.04,-0.02,500,446,438,489,316
-0.27,-5.46,-8.08,0.06,0.06,-0.04,506,452,448,499,317
-0.37,-6.25,-8.66,-0.06,-0.01,-0.02,497,447,440,490,318
0.00,-5.04,-6.69,0.07,0.07,-0.04,467,425,412,464,318
-0.37,-5.64,-8.65,0.46,0.25,-0.31,368,341,328,370,316
0.80,-6.07,-7.26,0.14,0.01,0.11,340,320,309,347,316
0.41,-6.06,-7.95,0.07,-0.09,0.02,341,320,308,346,315
-0.62,-7.37,-7.69,0.04,-0.02,0.04,340,319,307,346,315
0.01,-5.72,-7.55,0.02,-0.01,-0.13,342,323,309,347,315
0.39,-5.87,-7.44,0.04,0.07,-0.01,349,333,317,353,315
0.29,-6.70,-8.18,-0.10,-0.11,0.12,370,363,340,366,315
-0.47,-6.04,-7.87,-0.23,-0.10,0.04,430,410,392,427,315
-0.14,-4.50,-8.00,0.10,-0.12,-0.20,490,439,432,483,315
-0.77,-6.70,-7.79,0.26,0.00,-0.20,505,450,450,498,315
-0.29,-6.36,-7.79,0.02,0.07,0.07,506,451,453,504,316
0.23,-5.92,-7.19,-0.01,-0.00,-0.16,502,448,450,502,317
-0.62,-5.66,-8.46,-0.05,0.04,-0.05,484,432,429,485,317
END
-0.12,-5.07,-7.18,0.29,0.23,-0.12,387,378,363,391,315
-0.21,-5.12,-8.59,-0.37,-0.10,-0.25,455,428,418,468,315
-0.24,-5.91,-8.29,0.09,0.04,0.04,488,442,435,485,315
-0.52,-6.08,-8.36,0.07,0.11,0.16,503,452,447,494,315
0.29,-4.85,-8.02,0.14,0.01,-0.18,509,455,455,503,316
0.22,-5.66,-7.72,0.20,0.09,0.08,512,456,458,507,316
0.39,-6.32,-8.12,-0.08,-0.08,-0.07,504,450,448,499,317
-0.70,-5.52,-7.82,0.00,0.06,0.02,471,415,396,457,316
-0.43,-6.04,-8.50,0.12,0.12,-0.12,405,357,337,379,315
0.75,-5.49,-7.75,0.21,0.04,-0.18,358,335,319,353,315
0.93,-6.57,-8.03,0.24,-0.05,0.05,346,328,313,348,314
-0.43,-6.14,-7.38,0.11,-0.01,0.08,340,324,309,345,315
-0.05,-6.58,-7.48,0.01,-0.05,-0.06,345,330,311,347,315
0.30,-7.81,-8.14,-0.13,-0.06,0.10,364,353,329,356,314
-0.60,-7.04,-7.30,-0.32,-0.10,0.04,399,396,367,396,314
0.21,-4.22,-7.53,0.04,0.07,-0.06,449,423,407,457,314
-0.26,-5.91,-8.54,-0.03,-0.02,0.05,485,439,433,495,315
-0.57,-5.76,-7.71,0.14,-0.02,-0.10,500,448,449,506,316
-0.05,-5.59,-7.77,0.11,0.03,-0.09,504,451,453,508,316
0.48,-6.27,-8.43,-0.02,-0.13,0.01,500,448,447,503,316
-0.34,-5.28,-7.24,0.06,-0.08,-0.04,480,430,422,481,316
-0.97,-5.69,-8.56,0.24,0.05,-0.30,410,359,347,403,315
-0.04,-6.03,-7.50,0.22,0.04,-0.12,355,327,316,357,315
0.67,-6.85,-8.08,0.20,0.04,-0.10,344,322,309,346,315
-0.29,-7.21,-7.42,0.02,0.00,0.08,342,321,308,346,315
-0.54,-5.19,-7.08,-0.00,-0.03,-0.08,344,325,310,348,315
-0.38,-6.88,-8.15,-0.05,-0.05,-0.09,354,338,324,362,315
0.01,-6.64,-7.75,-0.12,-0.08,0.07,376,362,345,389,314
-0.04,-5.23,-7.35,-0.18,-0.03,-0.11,428,404,387,438,315
0.28,-5.94,-8.27,-0.16,-0.14,0.02,478,434,425,480,315
-0.90,-6.14,-7.44,-0.05,0.01,0.12,504,450,447,499,315
-0.67,-4.85,-8.19,0.20,0.17,-0.15,510,454,456,503,316
-0.13,-5.77,-8.00,0.21,0.14,-0.09,509,453,458,504,316
0.39,-7.03,-7.60,-0.07,-0.01,-0.01,503,449,451,499,317
0.60,-5.89,-6.63,0.08,-0.02,-0.09,490,437,436,486,316
-0.56,-6.05,-8.94,-0.04,-0.11,-0.01,429,370,361,409,315
END
-0.75,-5.66,-7.59,0.20,0.01,-0.06,375,368,349,365,315
-0.20,-4.85,-7.08,-0.19,-0.10,-0.05,421,408,387,396,315
-0.32,-5.87,-8.86,0.00,-0.06,-0.14,464,433,418,442,315
-0.60,-6.70,-8.28,-0.17,-0.14,0.15,497,450,444,484,317
-0.34,-4.36,-8.01,0.05,-0.10,-0.07,518,461,465,510,318
-1.08,-5.25,-7.97,0.34,-0.04,-0.21,525,467,476,523,320
-1.16,-7.14,-8.03,-0.07,0.01,-0.02,515,460,466,514,321
0.55,-5.87,-6.32,-0.04,0.18,0.05,501,448,452,500,320
-0.67,-5.33,-9.09,0.16,0.24,-0.16,440,386,381,424,318
0.95,-5.61,-7.71,0.08,-0.05,-0.11,382,345,341,376,317
0.30,-6.40,-7.79,0.17,-0.04,-0.04,350,329,322,355,317
-0.50,-6.63,-7.31,0.10,0.02,-0.03,341,321,313,351,316
0.63,-6.86,-7.72,0.05,-0.01,-0.11,339,322,312,350,316
0.19,-6.11,-7.42,-0.14,-0.05,0.05,382,375,352,381,316
0.24,-5.13,-8.09,-0.12,-0.12,-0.15,464,434,423,467,317
0.60,-5.64,-7.87,0.09,-0.05,-0.20,502,451,452,504,318
-0.29,-5.88,-8.08,0.14,0.15,0.09,508,456,462,518,321
-0.42,-6.08,-8.31,0.06,-0.08,-0.15,508,456,460,520,329
-0.40,-6.03,-6.45,-0.16,0.02,-0.17,491,441,442,497,329
0.27,-6.06,-8.87,0.04,0.20,-0.19,436,385,377,436,321
1.00,-5.67,-8.20,0.22,0.09,0.16,371,339,334,385,318
0.19,-6.12,-7.56,0.18,-0.01,0.09,349,327,318,356,316
-0.03,-6.09,-7.83,0.20,0.03,-0.02,342,322,312,348,316
-0.16,-6.59,-7.37,0.02,0.05,-0.01,341,322,311,348,316
0.75,-6.93,-7.57,-0.20,-0.07,0.01,372,358,332,369,316
-0.27,-5.96,-7.68,-0.11,-0.07,-0.08,416,403,372,437,318
0.17,-5.86,-8.18,-0.15,-0.10,0.10,474,434,416,488,321
-0.19,-5.66,-8.28,0.16,0.12,-0.07,497,448,442,501,326
-0.25,-5.75,-8.21,0.19,0.04,-0.16,502,451,452,506,329
-0.06,-6.41,-8.31,0.03,-0.01,-0.01,495,446,446,500,329
0.66,-5.53,-7.14,0.06,0.00,-0.11,490,440,437,488,326
-0.06,-6.06,-8.81,0.07,0.08,0.05,440,385,372,434,320
0.37,-5.93,-8.03,0.22,-0.00,-0.08,377,342,331,382,318
0.23,-6.09,-7.84,0.21,0.07,-0.03,350,325,315,355,317
0.52,-6.06,-7.52,0.06,0.09,0.14,345,319,310,350,318
0.22,-6.49,-7.68,0.10,0.10,0.06,342,317,305,347,317
END
0.02,-6.25,-7.51,0.03,0.00,-0.05,437,415,398,457,317
-0.05,-6.88,-7.84,-0.20,-0.16,0.15,495,447,444,509,318
-0.29,-5.40,-7.70,0.09,-0.02,-0.12,518,462,467,529,320
-0.41,-5.64,-7.76,0.26,-0.04,-0.14,525,467,475,534,325
-0.51,-6.65,-7.17,0.16,0.07,-0.10,523,467,475,532,326
0.88,-5.84,-7.61,0.05,-0.12,-0.10,519,463,471,528,328
-0.39,-6.37,-6.82,-0.16,0.05,-0.03,476,431,430,487,324
-0.39,-5.46,-7.07,-0.00,0.02,0.12,455,417,412,458,321
0.21,-5.54,-8.56,0.04,-0.01,-0.11,411,387,377,409,319
-0.34,-5.61,-7.74,-0.02,-0.08,0.11,391,379,367,392,319
-0.55,-5.70,-7.76,0.13,0.05,-0.14,356,350,339,366,318
0.20,-6.70,-7.67,0.11,0.02,-0.07,341,334,324,356,317
0.06,-5.99,-7.63,0.09,0.05,-0.16,337,327,317,351,317
0.03,-5.86,-7.77,-0.07,0.08,0.08,353,345,334,361,317
0.29,-5.95,-8.16,-0.18,-0.03,-0.13,397,389,375,415,317
0.89,-5.41,-7.89,-0.08,-0.05,0.09,462,428,417,478,317
-0.48,-5.45,-7.93,0.17,0.02,-0.21,496,445,445,500,319
-0.14,-6.14,-8.15,0.10,-0.02,-0.08,506,452,456,510,320
0.31,-6.15,-8.00,0.03,-0.03,0.07,499,448,451,508,321
0.52,-5.79,-7.65,0.01,-0.03,-0.09,495,443,443,498,321
-0.22,-6.04,-8.89,0.04,0.04,0.03,458,395,379,434,319
0.45,-6.10,-8.15,0.17,0.03,0.01,392,345,333,372,318
-0.55,-6.01,-7.67,0.26,0.06,0.07,349,329,318,353,317
-0.03,-6.96,-7.44,0.13,-0.02,0.07,341,321,310,348,317
-0.31,-5.36,-7.13,0.09,0.01,-0.01,339,320,309,348,317
-0.45,-6.97,-7.79,0.02,0.05,0.05,347,327,313,351,317
0.14,-7.65,-7.70,-0.20,-0.04,0.03,367,348,330,359,317
0.17,-5.75,-6.90,-0.25,-0.06,0.08,430,396,376,414,317
-0.83,-5.99,-8.20,0.05,-0.00,-0.13,483,433,423,478,317
-1.03,-6.48,-8.56,-0.02,-0.00,0.09,501,449,451,506,318
-0.21,-6.17,-8.08,0.11,0.08,-0.04,502,450,457,507,319
0.96,-5.33,-6.72,0.04,0.07,0.07,500,448,456,507,320
-0.19,-5.83,-8.23,0.06,-0.01,-0.10,499,447,452,504,319
0.07,-5.89,-6.84,-0.15,-0.03,0.11,482,423,420,482,318
-0.19,-5.82,-8.47,0.09,0.11,-0.15,437,373,368,425,317
0.21,-6.17,-8.38,0.05,0.02,-0.09,378,336,328,370,317
END
-0.17,-5.61,-6.89,0.26,0.24,0.03,342,322,307,354,316
-0.15,-6.02,-7.88,0.04,0.01,-0.00,342,323,307,354,316
0.06,-6.35,-7.96,0.04,0.01,-0.02,342,324,308,354,316
0.39,-6.49,-7.60,0.04,-0.00,-0.03,343,326,311,354,316
-0.29,-6.19,-7.42,-0.03,-0.06,0.02,346,331,315,355,316
0.32,-6.74,-7.84,0.01,-0.03,-0.07,356,344,326,361,316
0.50,-5.58,-8.33,-0.31,-0.13,0.14,400,394,375,412,316
0.24,-5.09,-8.01,-0.21,-0.27,-0.06,472,440,432,478,317
-0.95,-5.56,-8.20,0.07,-0.01,-0.15,509,459,462,513,317
-1.09,-6.19,-8.11,0.18,0.13,0.02,520,464,473,526,318
0.19,-5.57,-7.87,0.17,-0.11,-0.15,523,466,475,529,319
-0.34,-6.64,-8.18,-0.11,-0.06,0.02,516,461,469,525,319
-0.70,-6.30,-7.67,0.11,0.09,0.02,497,448,451,511,319
-0.68,-5.88,-8.44,0.02,0.01,0.04,446,405,392,443,318
0.14,-5.31,-8.33,0.21,0.04,-0.17,382,350,340,381,318
-0.41,-6.07,-8.40,0.19,0.08,-0.06,345,327,317,351,317
-0.03,-6.96,-7.26,0.17,0.02,-0.10,338,320,310,349,317
0.42,-6.84,-7.80,0.02,-0.05,-0.13,339,326,315,355,317
0.37,-5.44,-8.05,-0.31,-0.16,0.08,377,374,356,402,317
-0.99,-5.28,-8.20,-0.06,-0.05,-0.06,459,422,411,465,317
-0.37,-6.14,-8.45,0.05,-0.00,-0.01,499,447,445,505,318
-0.60,-5.86,-7.95,0.19,0.02,-0.04,511,457,464,518,320
-0.97,-5.96,-8.59,0.20,0.15,-0.06,508,456,464,517,321
-0.18,-6.29,-7.34,-0.05,0.11,0.02,496,446,449,506,321
-0.17,-5.70,-8.53,-0.05,0.03,-0.17,450,394,385,443,319
0.06,-5.86,-8.49,0.21,-0.02,-0.15,380,343,334,376,318
-0.36,-6.75,-7.68,0.21,0.04,-0.05,346,326,316,351,317
-0.26,-6.18,-7.65,0.16,-0.01,-0.09,336,319,309,349,316
0.65,-7.37,-7.21,0.24,0.02,-0.21,329,317,307,349,316
0.27,-7.44,-8.18,-0.12,-0.17,-0.00,335,326,313,355,317
-0.81,-4.89,-7.38,-0.24,-0.08,0.13,383,381,359,410,316
-0.17,-5.13,-8.03,0.04,-0.08,-0.09,449,428,412,483,318
-0.38,-6.51,-8.37,0.10,-0.12,0.08,497,451,447,514,320
-1.08,-6.73,-7.46,0.12,-0.01,-0.10,511,460,466,522,325
-0.17,-6.23,-6.88,0.15,0.13,-0.20,507,457,465,520,327
0.44,-6.32,-7.84,-0.18,-0.05,-0.02,494,448,449,505,326
END
-0.12,-5.56,-8.21,-0.03,0.01,-0.17,386,388,369,391,315
-0.08,-5.78,-8.27,-0.13,-0.06,0.06,437,422,405,430,317
0.15,-5.62,-7.63,-0.08,-0.11,0.08,476,441,432,463,318
-0.64,-5.17,-8.59,0.23,0.02,-0.29,498,450,446,483,318
-0.75,-5.92,-8.08,0.01,0.04,0.06,508,457,460,503,319
0.21,-5.54,-7.95,0.10,0.05,-0.08,516,461,470,515,320
0.44,-5.77,-7.52,0.09,-0.12,-0.04,514,460,469,518,321
-1.07,-5.95,-7.10,-0.11,0.04,0.04,479,432,431,486,320
-0.60,-5.99,-8.71,0.28,0.30,-0.16,402,359,346,384,318
0.72,-5.61,-8.32,0.22,0.14,-0.13,345,324,312,351,318
0.88,-5.78,-7.79,-0.04,-0.09,0.01,339,320,307,346,317
-0.11,-5.99,-7.39,0.08,-0.03,-0.00,338,319,307,345,317
0.05,-6.73,-7.55,-0.03,-0.02,-0.04,339,322,308,346,317
0.25,-5.69,-7.47,-0.03,-0.01,-0.05,343,330,313,349,317
0.20,-5.69,-7.47,0.08,0.06,0.02,355,350,329,362,317
0.37,-6.58,-7.93,-0.13,-0.12,0.12,386,380,359,386,317
0.04,-6.62,-7.95,-0.11,-0.07,0.04,435,414,399,435,317
-0.78,-5.76,-8.35,-0.08,0.03,-0.02,483,435,431,501,317
-0.38,-4.99,-7.91,0.10,0.10,-0.16,499,447,450,521,319
0.38,-5.45,-7.84,0.04,-0.06,-0.06,494,446,449,519,321
-0.42,-5.61,-7.14,0.04,0.05,-0.01,473,430,426,502,321
-0.39,-6.09,-8.33,0.14,0.05,-0.14,426,384,367,444,318
0.50,-5.62,-8.01,0.34,0.17,-0.20,369,340,324,375,317
0.45,-6.14,-7.81,0.22,0.07,-0.03,343,320,309,349,317
0.77,-6.48,-7.28,0.15,0.07,-0.12,336,313,303,345,316
0.83,-6.46,-7.59,0.04,-0.04,-0.08,333,311,302,343,316
0.55,-6.28,-7.89,0.04,-0.04,0.00,333,311,302,344,316
0.01,-6.91,-7.84,0.04,-0.05,-0.07,343,323,308,352,316
0.55,-6.78,-7.47,-0.18,-0.10,-0.06,359,346,323,366,316
0.90,-5.33,-7.39,-0.04,0.03,-0.17,393,379,352,402,316
-0.32,-5.56,-8.22,-0.12,-0.08,0.17,444,411,388,443,316
-0.24,-6.29,-8.19,-0.16,-0.08,0.11,484,435,424,482,316
0.09,-5.61,-8.01,0.13,0.10,-0.10,500,448,448,501,317
0.64,-5.69,-8.07,0.13,0.06,-0.04,506,452,455,507,319
0.26,-6.16,-8.09,0.14,0.07,-0.05,502,450,450,504,319
0.78,-6.20,-7.81,-0.03,-0.03,-0.07,497,445,443,499,320
END
1.04,-5.71,-7.89,-0.06,-0.10,0.12,346,338,323,359,317
0.27,-4.93,-7.67,-0.23,-0.15,0.05,376,377,361,402,317
0.52,-5.51,-8.07,-0.02,0.00,-0.03,399,405,389,429,318
-0.47,-6.12,-8.53,-0.10,-0.08,0.11,465,439,432,485,321
-0.24,-5.48,-8.43,0.04,0.05,-0.13,494,452,452,506,324
0.60,-5.76,-8.06,0.14,-0.01,0.04,504,456,464,518,327
0.85,-5.64,-7.89,0.05,-0.21,-0.06,508,458,468,522,331
-1.01,-5.90,-8.05,0.06,-0.02,0.04,505,455,463,518,331
0.08,-5.51,-6.59,-0.13,-0.00,-0.04,486,440,440,491,329
0.19,-5.74,-8.93,0.13,0.13,-0.10,430,389,377,423,323
0.23,-5.47,-8.46,0.15,0.06,-0.11,367,346,336,375,321
0.74,-6.21,-7.92,0.16,-0.06,-0.12,345,331,322,359,320
-0.18,-5.87,-7.93,0.07,0.03,0.11,339,324,314,351,319
-0.33,-5.97,-7.82,-0.04,-0.03,0.06,339,326,314,351,319
-0.21,-5.66,-7.71,0.04,-0.04,-0.04,344,341,327,359,319
-0.62,-5.14,-7.68,0.14,0.01,-0.11,364,371,353,391,323
-0.01,-5.92,-7.92,0.03,-0.03,-0.14,394,401,386,440,325
0.04,-5.74,-7.30,0.13,0.09,0.00,444,431,420,489,327
0.30,-6.00,-7.54,0.08,-0.08,-0.12,484,446,445,512,334
0.15,-5.94,-7.65,0.08,-0.08,-0.07,504,456,462,525,340
0.14,-6.34,-7.47,-0.07,-0.05,-0.04,503,456,463,524,343
0.24,-6.01,-7.67,-0.02,0.06,-0.10,497,451,453,516,341
0.14,-6.32,-7.65,-0.14,0.03,-0.09,476,430,419,483,333
0.70,-5.52,-8.42,0.11,0.12,-0.03,423,387,367,424,324
0.57,-5.84,-7.95,0.12,0.01,0.05,371,349,334,377,321
0.11,-5.92,-7.78,0.15,-0.01,-0.00,345,326,316,354,320
0.28,-5.97,-7.66,0.12,-0.01,-0.04,340,320,310,349,320
0.42,-7.90,-7.41,0.08,-0.02,0.00,338,321,309,349,319
0.10,-6.93,-6.79,-0.12,-0.06,0.00,354,347,330,362,320
0.22,-5.78,-7.77,-0.01,-0.04,-0.03,384,381,363,394,321
-0.39,-6.02,-8.12,-0.05,-0.07,0.06,413,409,393,430,320
0.23,-6.26,-7.51,-0.01,-0.06,-0.01,445,428,418,466,322
-0.19,-6.08,-8.05,0.02,-0.16,-0.14,481,447,446,506,323
0.04,-6.48,-8.63,0.04,-0.10,-0.04,504,459,466,528,327
0.06,-5.99,-6.97,0.01,-0.08,0.14,513,464,474,536,333
-0.29,-5.56,-7.42,0.12,0.05,-0.18,509,461,471,534,334
END
-0.55,-6.27,-7.58,-0.02,0.05,0.00,335,317,308,350,318
0.42,-6.14,-7.69,0.02,-0.00,-0.03,335,317,309,353,318
0.09,-6.25,-7.61,0.02,-0.00,-0.04,335,317,309,353,319
0.24,-6.20,-7.76,0.03,-0.00,-0.02,335,317,309,354,318
0.22,-6.19,-7.67,0.04,0.01,-0.02,335,317,309,353,318
0.17,-6.22,-7.67,0.04,0.01,-0.03,335,317,309,353,318
0.62,-7.83,-7.80,0.01,0.01,-0.04,347,344,336,376,319
0.39,-5.67,-7.93,-0.32,-0.17,0.07,421,421,419,479,319
0.39,-4.88,-7.85,0.09,-0.12,-0.22,493,450,459,520,322
-0.67,-6.12,-7.95,0.19,-0.02,0.05,515,462,473,530,325
-0.20,-6.22,-7.85,0.17,0.03,-0.11,517,464,475,529,328
1.16,-6.13,-6.64,-0.06,-0.04,-0.01,514,461,472,527,330
-1.79,-6.09,-7.95,-0.01,-0.10,-0.07,507,457,466,526,329
-0.37,-6.40,-6.73,-0.18,-0.05,0.19,474,432,433,500,326
-0.37,-5.84,-8.58,0.07,0.09,0.00,422,382,375,441,321
-0.14,-5.48,-7.90,0.06,-0.01,0.00,369,345,336,379,320
-0.19,-5.94,-7.74,0.22,0.01,-0.15,343,323,315,352,319
-0.45,-6.12,-7.48,0.06,0.00,-0.02,338,320,311,351,319
0.19,-6.63,-7.63,-0.01,-0.02,-0.04,337,320,311,351,319
-0.53,-5.18,-7.68,-0.07,-0.01,-0.02,353,346,331,382,319
0.48,-6.54,-8.64,-0.23,-0.11,-0.02,403,405,391,447,319
0.63,-6.26,-7.92,-0.26,-0.20,0.15,481,443,441,503,323
-0.95,-4.59,-7.61,0.18,0.04,-0.26,509,457,464,523,327
-0.96,-5.64,-7.86,0.27,-0.01,-0.11,512,461,470,528,329
-0.76,-6.01,-7.85,0.07,0.13,-0.03,505,456,464,522,330
0.07,-6.22,-7.72,0.03,0.06,-0.05,500,451,454,510,327
0.09,-5.99,-8.09,-0.01,0.06,-0.08,472,420,411,457,322
0.02,-5.92,-8.33,0.09,0.00,-0.03,416,374,362,395,320
0.02,-5.97,-7.75,0.20,0.09,-0.21,359,336,326,358,319
0.42,-6.38,-7.58,0.12,0.01,-0.09,343,323,316,352,318
0.70,-6.35,-9.07,0.16,0.01,-0.15,339,319,313,351,318
0.40,-7.21,-7.57,-0.05,-0.01,0.04,348,334,322,360,318
0.73,-7.31,-7.52,-0.20,-0.18,0.06,386,380,362,395,318
1.06,-5.53,-7.50,-0.16,-0.18,-0.01,451,427,418,465,318
0.14,-4.93,-8.99,-0.01,-0.62,-0.22,507,458,459,520,320
-0.17,-6.29,-7.82,0.05,-0.41,-0.09,524,469,477,537,323
END
-2.55,-6.09,-7.79,0.16,0.13,0.05,342,330,318,356,317
0.52,-6.07,-7.73,-0.00,-0.03,-0.02,343,331,318,356,316
0.09,-5.89,-7.59,0.01,-0.03,-0.03,344,335,321,357,316
0.21,-5.97,-7.81,0.00,-0.02,-0.00,345,336,322,357,316
0.09,-6.17,-8.16,0.00,-0.05,-0.05,349,341,327,360,316
0.23,-6.45,-7.93,-0.18,-0.15,0.04,377,377,362,385,317
0.87,-4.72,-8.46,-0.31,-0.38,0.18,455,433,424,476,318
-0.80,-5.25,-7.99,0.14,-0.01,-0.24,491,448,447,514,318
-1.09,-5.46,-7.61,0.42,0.07,0.03,507,458,463,524,319
-0.23,-6.03,-7.35,0.22,0.19,-0.02,505,457,464,523,319
0.60,-6.80,-7.34,0.04,0.00,-0.13,502,454,461,520,320
-0.14,-6.06,-7.14,-0.14,-0.02,0.03,490,444,445,505,319
-0.82,-5.56,-8.25,-0.02,0.07,-0.13,446,400,391,450,318
0.65,-5.41,-8.20,0.13,0.05,-0.23,384,357,347,390,318
0.38,-5.88,-7.49,0.15,0.02,-0.09,345,332,323,360,317
0.21,-5.95,-7.49,0.06,-0.01,-0.06,342,329,319,354,317
0.37,-6.52,-7.86,0.01,0.00,0.03,341,329,319,357,317
-0.22,-5.48,-7.77,-0.08,-0.00,-0.04,355,354,339,373,317
-0.20,-5.30,-8.34,0.11,0.03,-0.10,391,395,383,434,317
0.89,-6.65,-7.81,0.01,-0.19,0.07,453,432,429,491,318
0.62,-6.02,-7.25,0.03,-0.06,-0.13,488,447,450,513,319
-0.93,-6.02,-8.15,0.20,0.10,-0.01,498,453,459,518,321
0.21,-6.65,-7.59,0.04,0.05,-0.04,504,454,463,518,323
0.52,-6.27,-7.67,0.01,-0.09,-0.07,499,451,458,515,324
0.04,-6.30,-7.02,-0.12,-0.04,0.01,484,441,443,502,324
-0.65,-5.53,-8.36,0.04,0.07,-0.15,434,396,388,447,321
0.43,-5.89,-7.98,0.06,-0.00,-0.10,376,352,343,388,319
0.37,-5.59,-8.21,0.10,0.03,-0.07,346,330,320,358,318
0.50,-6.65,-7.67,0.06,0.03,-0.02,337,322,312,352,318
0.38,-6.17,-7.72,-0.01,-0.01,-0.05,339,328,316,357,318
0.16,-5.36,-7.72,0.08,-0.05,-0.16,368,374,353,395,318
0.14,-6.43,-7.96,-0.04,-0.00,-0.18,406,416,396,447,318
0.80,-5.96,-7.61,-0.01,0.01,0.03,461,439,426,483,318
-0.13,-5.86,-8.08,0.08,0.02,0.05,488,449,444,498,320
0.15,-5.88,-7.98,0.03,-0.00,-0.08,500,454,456,504,321
-0.10,-5.45,-7.80,0.19,0.05,-0.14,506,457,465,508,322
END
0.59,-6.35,-8.06,0.01,-0.06,-0.05,336,323,309,352,318
0.25,-6.14,-8.00,0.02,-0.07,-0.04,336,324,310,353,318
0.33,-5.99,-7.83,0.03,-0.02,-0.01,337,326,311,353,318
0.04,-5.50,-7.59,-0.12,-0.10,0.03,347,343,326,362,318
0.17,-5.92,-7.91,0.00,-0.05,-0.03,348,345,328,363,318
0.07,-6.09,-7.87,-0.04,-0.04,-0.03,382,384,364,406,318
0.58,-5.58,-8.32,-0.36,-0.38,0.21,473,444,433,491,320
-1.14,-5.56,-8.91,-0.03,-0.22,-0.04,515,463,465,530,324
-0.73,-4.80,-8.11,0.21,0.00,0.01,521,466,472,533,326
-0.82,-5.87,-7.01,0.07,0.09,0.13,517,464,472,531,328
-0.43,-5.57,-8.43,0.08,0.10,-0.18,511,460,466,525,328
-0.73,-6.06,-7.74,-0.17,0.15,0.06,491,446,447,506,326
-0.19,-5.15,-8.64,0.07,0.21,-0.12,438,402,395,454,323
0.49,-5.16,-8.75,0.14,0.07,-0.20,375,353,343,389,320
-0.16,-6.26,-8.15,0.22,0.07,0.08,341,327,317,358,319
0.21,-6.02,-7.86,0.08,-0.08,-0.06,335,319,309,352,319
0.73,-5.90,-8.08,0.02,-0.13,0.03,337,323,312,356,319
-0.65,-5.94,-8.23,-0.07,-0.11,0.10,348,345,331,367,319
-0.32,-5.37,-7.82,-0.02,-0.14,-0.09,378,382,369,403,318
-0.06,-5.71,-8.15,0.06,-0.07,0.12,418,414,402,449,319
-0.67,-6.04,-7.98,-0.16,-0.20,0.11,471,441,435,496,320
-0.56,-5.49,-8.38,0.03,-0.07,-0.04,504,455,460,520,323
-0.79,-5.26,-8.15,0.33,-0.01,-0.07,513,461,470,529,324
-2.00,-6.16,-8.31,-0.02,0.09,-0.00,505,456,464,523,324
-0.11,-5.69,-7.19,0.09,0.10,-0.11,498,450,455,513,323
-1.28,-5.69,-8.30,-0.01,0.16,-0.15,463,414,403,452,320
-0.17,-5.53,-8.34,0.04,0.02,-0.34,403,367,356,389,319
-0.16,-5.74,-8.10,0.26,0.09,-0.14,354,334,323,357,318
-0.34,-6.12,-7.62,0.13,0.04,-0.13,336,319,310,351,318
0.11,-5.97,-7.54,0.08,0.02,-0.07,333,318,308,349,318
0.09,-6.70,-8.09,0.04,0.00,-0.03,333,319,308,351,317
-0.40,-6.27,-7.29,-0.11,-0.11,0.01,342,340,324,365,318
0.14,-6.08,-7.62,-0.16,-0.14,-0.09,364,368,350,401,318
0.14,-5.74,-7.71,-0.27,-0.11,0.07,417,415,399,461,319
-0.87,-5.28,-8.19,-0.07,0.19,0.03,487,445,441,511,327
-0.25,-6.07,-9.15,0.10,0.10,0.11,513,459,465,527,339
END
0.05,-5.76,-7.96,0.07,0.17,-0.07,338,327,316,361,318
0.19,-5.99,-8.07,0.03,-0.01,-0.07,341,333,321,364,318
0.42,-5.22,-8.21,-0.16,-0.16,-0.01,357,358,345,383,318
-0.03,-5.23,-8.47,-0.10,-0.18,-0.02,372,376,362,401,318
-0.39,-5.41,-8.36,-0.04,-0.11,-0.10,411,409,401,455,319
-1.49,-4.41,-9.55,-0.24,-0.33,0.14,493,451,454,514,320
0.45,-4.44,-8.16,-0.01,-0.12,-0.06,520,465,474,530,323
-1.06,-4.95,-7.21,0.32,0.33,-0.16,517,464,474,529,323
-0.33,-5.83,-8.27,0.28,0.23,-0.17,514,462,471,526,322
1.65,-5.71,-8.18,0.07,-0.08,-0.11,512,460,470,524,322
-0.42,-5.41,-7.87,0.01,-0.06,-0.09,504,456,463,517,322
-0.17,-5.78,-7.78,-0.03,-0.09,-0.08,467,431,430,486,321
0.21,-5.28,-8.70,0.07,-0.02,0.05,418,389,384,438,320
-0.29,-5.37,-8.53,0.23,0.08,-0.18,367,351,343,386,318
-0.01,-5.91,-8.16,0.08,-0.00,-0.12,342,329,322,364,318
0.24,-5.77,-8.05,0.25,0.15,-0.23,334,320,314,357,318
0.71,-6.12,-7.98,0.04,0.02,-0.07,338,327,315,356,318
0.81,-5.89,-8.04,0.03,0.01,-0.02,346,339,324,362,317
0.47,-5.92,-8.00,-0.09,-0.04,0.08,366,372,357,404,318
0.56,-5.69,-8.35,-0.17,-0.08,0.03,429,417,405,476,318
0.53,-4.91,-8.81,0.09,-0.18,-0.18,489,449,444,517,318
-0.57,-5.66,-7.98,0.30,0.29,-0.10,502,456,459,524,318
0.87,-6.06,-7.65,0.20,0.15,0.17,507,458,465,527,318
1.51,-6.21,-7.26,-0.02,0.02,0.08,504,457,463,525,318
-0.15,-6.17,-7.85,0.05,-0.07,-0.06,497,452,454,521,318
0.55,-5.97,-8.08,-0.11,-0.10,0.03,465,429,421,493,318
0.47,-5.36,-8.74,0.09,0.09,-0.09,410,384,375,433,317
0.13,-5.56,-8.10,0.11,0.01,-0.01,364,349,342,384,317
0.59,-6.38,-7.82,0.07,0.03,-0.15,343,328,322,360,317
0.51,-6.03,-8.34,0.06,-0.02,-0.03,339,321,315,358,317
0.60,-5.93,-7.94,0.02,-0.07,-0.07,341,321,316,358,317
0.69,-5.88,-7.74,-0.05,-0.05,-0.07,348,340,330,369,317
0.24,-5.95,-8.13,-0.15,-0.06,0.03,368,371,358,399,317
0.34,-5.04,-7.90,-0.19,-0.03,-0.07,403,403,392,449,317
0.49,-5.03,-8.44,-0.18,-0.13,0.01,456,434,428,493,317
0.30,-5.28,-8.15,-0.10,-0.05,0.02,497,452,454,519,318
END
-0.28,-4.74,-7.93,0.40,-0.00,-0.24,336,325,314,354,317
0.80,-5.41,-8.16,0.01,-0.04,-0.06,336,326,314,354,316
0.62,-5.64,-8.33,0.03,-0.00,-0.01,336,326,314,354,316
1.00,-5.81,-8.21,0.04,-0.04,-0.03,336,326,314,354,316
0.78,-5.71,-8.03,0.03,0.01,0.07,336,326,315,355,317
0.77,-6.20,-8.20,-0.07,-0.02,0.02,345,350,337,376,317
1.39,-5.15,-8.65,-0.29,-0.14,0.10,408,412,403,451,317
-0.39,-5.13,-8.44,-0.02,-0.01,-0.04,476,444,443,500,318
-0.30,-5.30,-8.07,0.22,0.08,0.01,503,453,461,514,320
0.04,-5.33,-7.98,0.23,0.11,-0.02,510,457,466,516,326
0.04,-5.77,-7.54,0.08,0.06,-0.04,503,453,461,513,329
0.52,-5.75,-8.08,-0.07,-0.06,-0.06,496,447,453,505,329
0.49,-5.49,-8.03,-0.07,-0.02,-0.03,469,418,417,473,324
0.24,-5.30,-8.76,0.04,-0.02,0.10,422,379,372,425,320
0.11,-5.24,-8.38,0.17,0.05,-0.05,374,348,340,378,318
0.40,-5.64,-8.14,0.10,-0.03,0.00,349,332,325,361,318
0.41,-5.84,-7.84,0.13,0.00,-0.08,339,322,315,355,318
-0.26,-5.63,-7.71,0.05,-0.01,-0.04,344,335,323,360,318
0.62,-5.41,-8.56,-0.18,-0.12,0.01,376,373,357,397,318
0.59,-5.18,-8.47,-0.18,-0.16,0.01,430,416,402,457,319
-0.09,-4.91,-8.26,-0.09,-0.14,-0.01,475,440,436,497,321
-0.65,-4.82,-8.41,0.20,-0.17,-0.10,499,452,458,515,325
-0.97,-5.01,-8.14,0.23,0.13,-0.01,506,456,464,516,327
-0.25,-5.48,-7.70,0.23,0.17,-0.13,504,454,462,515,331
0.78,-6.10,-8.45,0.00,-0.01,-0.10,498,450,456,510,330
-0.07,-5.56,-7.62,-0.09,-0.04,-0.03,479,431,432,491,326
-0.47,-5.58,-8.14,0.02,-0.00,-0.36,436,386,380,448,321
0.40,-5.43,-8.38,0.18,0.06,-0.19,382,348,340,396,319
0.37,-5.48,-7.65,0.17,0.10,-0.03,353,330,320,366,317
0.70,-5.79,-8.11,0.14,-0.03,-0.18,340,323,314,354,318
0.73,-5.66,-7.66,0.03,-0.09,-0.01,338,326,315,353,318
0.23,-5.61,-8.09,-0.01,-0.06,-0.04,350,348,334,382,318
0.36,-5.89,-8.03,-0.16,-0.10,0.14,389,386,370,432,319
0.61,-5.51,-7.95,-0.05,-0.06,-0.02,431,414,400,467,320
-0.07,-5.48,-8.59,0.01,-0.07,0.03,470,435,424,490,321
0.27,-5.95,-8.43,0.02,-0.09,0.02,490,448,446,509,324
END
-0.34,-5.79,-7.99,0.17,0.05,-0.07,341,328,315,351,317
0.79,-5.91,-7.85,0.02,-0.00,-0.01,340,328,315,351,316
0.74,-5.71,-7.83,0.04,0.00,0.01,341,328,315,351,317
0.40,-5.77,-7.82,0.04,-0.00,0.02,341,328,316,351,317
0.56,-5.76,-8.15,0.03,0.01,0.03,341,329,316,351,317
0.23,-6.07,-8.20,0.03,0.01,-0.02,342,336,322,356,317
0.52,-5.10,-7.85,-0.18,-0.10,0.01,378,382,369,412,317
-0.28,-5.30,-8.33,0.00,0.13,-0.17,436,421,405,457,317
1.02,-5.67,-8.05,-0.09,-0.02,0.22,479,443,436,493,320
0.87,-5.71,-7.83,0.17,0.07,-0.15,499,453,453,509,323
0.07,-6.18,-7.68,0.19,0.17,0.01,506,456,462,516,326
0.88,-6.07,-8.11,0.00,0.01,0.02,501,453,459,515,327
0.93,-5.72,-7.22,0.07,0.09,-0.03,482,441,441,503,326
-0.02,-5.92,-7.65,0.17,0.23,-0.08,422,395,386,447,322
1.56,-5.53,-7.69,0.08,0.15,-0.06,365,346,334,373,319
1.77,-6.52,-8.20,0.15,0.16,0.03,341,323,312,349,318
1.42,-6.47,-7.71,0.05,0.03,0.04,334,317,307,345,317
0.67,-5.89,-7.61,0.08,0.06,0.00,332,316,306,345,317
1.09,-6.92,-7.71,-0.10,-0.04,0.03,342,334,317,352,317
0.99,-6.57,-7.80,-0.05,-0.10,0.06,360,363,342,385,318
0.44,-5.50,-7.93,-0.06,-0.03,0.11,393,398,380,426,319
0.57,-5.67,-8.35,-0.10,-0.20,0.18,464,438,429,484,322
0.91,-5.84,-8.61,0.09,-0.04,0.02,504,454,458,512,328
0.07,-5.33,-6.97,0.21,0.07,-0.12,512,460,468,519,332
0.06,-6.07,-7.24,0.05,0.01,-0.11,510,459,467,518,334
1.08,-6.13,-7.68,-0.05,-0.08,-0.06,501,453,458,510,333
0.65,-6.09,-7.93,-0.09,0.02,0.01,462,426,425,477,328
0.67,-5.47,-8.34,0.04,0.08,-0.06,403,381,374,417,322
0.59,-5.38,-8.18,0.09,0.07,-0.06,354,343,337,373,320
1.24,-6.04,-8.00,0.14,0.07,-0.11,337,325,317,355,319
1.28,-5.96,-7.77,0.10,-0.02,-0.06,332,320,312,352,318
1.13,-6.46,-7.92,0.04,-0.01,-0.01,335,326,316,355,319
0.74,-6.51,-7.77,-0.02,-0.06,0.00,348,349,331,369,319
0.77,-5.23,-7.75,-0.14,-0.07,0.08,389,396,372,409,319
0.66,-5.24,-8.54,0.02,-0.10,-0.20,429,427,411,458,319
0.32,-6.21,-8.55,-0.05,-0.17,0.22,483,447,442,496,321
END
1.24,-5.19,-7.26,0.06,-0.02,-0.06,334,320,308,345,317
0.34,-5.89,-8.18,-0.13,-0.12,0.06,340,333,319,354,317
0.22,-4.89,-8.44,-0.08,-0.13,-0.03,363,355,333,366,317
0.81,-5.43,-8.36,-0.15,-0.21,0.07,398,385,355,374,318
-0.67,-4.82,-8.34,-0.01,-0.20,-0.15,442,419,393,409,318
0.93,-4.62,-8.23,-0.18,-0.42,-0.06,507,460,453,494,323
-1.80,-4.13,-8.61,0.21,-0.14,-0.28,530,475,479,534,329
-2.02,-5.16,-8.80,0.16,0.14,0.21,530,475,482,540,331
0.26,-5.05,-7.99,0.19,0.31,0.06,523,471,478,535,329
0.39,-5.33,-8.43,0.07,0.04,-0.08,519,468,476,532,329
-0.11,-5.84,-8.03,0.06,0.07,-0.10,500,456,461,512,327
0.21,-5.53,-8.69,0.04,0.22,-0.06,440,415,410,457,323
0.31,-5.28,-8.60,0.16,0.21,-0.20,377,364,358,398,321
1.69,-5.43,-8.18,0.22,0.10,-0.15,346,338,331,365,319
1.31,-5.90,-7.90,0.09,0.02,0.10,337,326,318,353,318
0.84,-6.27,-7.85,0.06,0.01,0.05,335,321,314,351,318
0.69,-6.04,-8.00,0.01,-0.02,-0.07,337,326,317,354,317
0.85,-5.05,-7.97,-0.14,-0.11,0.06,366,370,353,385,318
0.23,-5.10,-8.72,-0.02,-0.05,0.04,430,413,392,438,318
0.52,-6.02,-8.54,-0.10,-0.05,0.22,471,434,426,487,319
0.34,-5.23,-7.84,-0.09,-0.09,-0.17,492,449,451,510,322
0.06,-5.50,-7.36,0.22,-0.08,-0.21,498,453,460,518,324
0.00,-5.56,-8.59,-0.03,-0.10,-0.25,494,451,456,514,324
0.83,-5.33,-8.29,-0.11,0.01,0.11,485,444,445,503,322
-0.11,-5.65,-8.48,-0.06,0.04,0.02,446,417,409,468,322
0.51,-5.14,-8.87,0.01,-0.03,-0.16,389,375,364,410,319
0.57,-5.18,-8.15,0.08,0.08,-0.05,348,339,331,370,318
0.65,-5.05,-8.46,0.33,0.27,-0.03,336,319,310,349,315
1.08,-5.67,-8.48,0.17,0.10,-0.12,332,312,302,345,317
1.05,-5.25,-7.54,0.14,0.06,-0.10,329,310,302,345,317
0.92,-6.44,-7.97,-0.07,-0.08,-0.09,332,315,304,349,317
0.64,-5.43,-8.29,-0.13,-0.07,-0.04,345,339,324,376,317
0.93,-5.33,-8.07,-0.05,-0.03,0.02,377,380,364,425,317
0.75,-4.90,-8.97,-0.04,-0.07,0.12,438,425,416,485,318
0.06,-5.83,-8.46,0.05,-0.05,0.03,480,445,442,510,319
0.50,-5.69,-7.90,0.12,0.05,-0.07,499,454,457,520,321
END
1.66,-5.71,-8.46,0.23,0.07,-0.08,333,309,301,345,316
1.27,-6.08,-8.03,0.05,-0.03,-0.06,333,310,301,345,316
1.09,-5.93,-7.71,0.03,-0.02,-0.02,333,311,301,345,317
0.90,-5.86,-7.93,0.03,-0.01,0.03,333,311,302,345,316
0.75,-5.72,-7.77,0.04,0.01,-0.00,333,311,302,345,316
1.42,-6.90,-8.11,-0.09,-0.03,-0.06,346,338,322,363,317
1.67,-3.80,-9.25,-0.35,-0.22,-0.22,401,406,391,439,317
0.88,-6.19,-7.67,-0.08,-0.26,-0.11,487,449,442,497,319
0.15,-5.51,-7.85,0.07,0.04,-0.05,512,464,465,520,320
0.22,-4.91,-8.34,0.20,0.07,-0.18,519,470,475,528,324
0.62,-5.74,-8.48,0.18,0.02,-0.26,522,470,477,530,328
0.64,-6.13,-7.73,-0.03,-0.02,0.09,516,467,474,527,332
0.86,-5.79,-7.75,-0.04,-0.00,0.02,500,458,461,516,331
0.64,-5.76,-8.20,-0.11,0.10,0.11,446,425,425,483,326
0.58,-5.21,-8.46,0.06,0.09,0.05,391,379,374,423,322
0.70,-5.75,-8.29,0.11,0.07,0.04,350,340,334,374,320
0.22,-5.54,-8.34,0.22,0.04,-0.15,336,322,314,353,319
0.95,-6.32,-7.63,0.09,0.09,0.03,332,317,309,350,318
0.90,-6.80,-7.95,-0.15,-0.05,0.05,345,346,334,369,319
0.78,-6.87,-8.50,-0.19,-0.21,0.09,389,400,383,416,320
-0.01,-5.14,-8.15,-0.20,-0.21,-0.05,453,439,423,477,324
-0.53,-4.67,-9.05,0.09,-0.06,-0.15,496,457,450,509,329
0.35,-5.26,-8.10,0.17,0.13,0.02,506,462,463,519,335
0.25,-5.22,-8.28,0.12,0.09,-0.14,512,465,468,522,340
0.88,-5.83,-7.70,0.01,0.06,-0.05,507,463,463,517,340
0.77,-5.48,-7.37,-0.10,0.05,-0.05,492,454,452,509,335
0.10,-5.36,-8.89,0.06,0.09,-0.01,437,422,412,474,327
0.83,-5.49,-8.74,0.12,0.15,-0.01,376,370,359,412,322
0.47,-5.59,-8.34,0.28,0.10,-0.08,341,330,322,364,320
1.26,-6.04,-8.03,0.18,0.00,-0.10,332,318,311,352,319
1.32,-6.92,-7.64,0.16,-0.07,-0.15,327,313,307,350,319
0.32,-4.13,-7.11,-0.04,-0.04,0.02,342,341,327,368,319
0.93,-6.04,-8.74,-0.03,-0.06,-0.01,379,382,361,405,320
1.12,-5.75,-7.57,-0.30,-0.26,0.26,438,424,406,451,322
0.57,-5.68,-8.28,0.00,-0.21,-0.15,492,453,446,502,325
0.36,-5.35,-9.29,0.15,-0.26,-0.11,521,471,473,540,336
END
0.07,-5.35,-7.60,0.01,-0.14,0.14,327,306,299,341,318
0.93,-5.86,-7.89,0.05,-0.01,-0.03,327,306,299,341,318
0.92,-5.97,-7.93,0.04,-0.02,-0.04,327,306,299,341,317
1.36,-6.71,-7.77,-0.07,-0.04,-0.05,334,320,304,344,318
0.53,-5.03,-7.99,-0.15,-0.13,0.00,364,359,341,370,318
-0.21,-5.64,-7.77,-0.16,-0.12,0.00,414,421,400,404,318
1.44,-5.30,-8.08,0.02,-0.13,-0.05,475,448,438,454,318
0.98,-5.39,-8.54,0.11,0.10,0.14,501,458,457,487,319
-0.42,-5.24,-8.18,0.25,0.11,0.03,509,461,468,506,320
0.01,-6.13,-8.17,0.12,-0.03,-0.11,506,460,470,514,321
0.91,-5.81,-8.11,-0.00,-0.06,-0.14,502,456,461,501,321
0.84,-5.66,-7.98,-0.00,0.08,-0.14,475,436,425,443,320
0.72,-5.65,-8.49,0.14,0.06,-0.02,420,395,370,380,318
0.70,-5.94,-8.00,0.24,0.12,-0.09,365,351,330,354,318
0.87,-5.69,-7.76,0.18,-0.01,-0.10,339,323,311,346,317
1.19,-6.38,-7.86,0.08,-0.01,-0.00,334,314,306,344,317
1.13,-6.18,-8.05,-0.05,-0.12,-0.06,334,316,307,345,317
0.80,-5.10,-7.98,-0.03,-0.03,-0.08,345,337,323,354,316
0.42,-5.63,-8.57,0.02,-0.10,-0.09,375,377,351,372,317
1.16,-6.12,-7.88,-0.08,-0.12,0.02,404,410,386,405,317
0.63,-5.58,-8.09,-0.13,-0.08,-0.05,442,435,419,458,318
0.59,-5.21,-8.40,0.01,-0.05,-0.05,480,449,443,494,320
0.62,-5.57,-8.20,0.06,0.04,0.06,502,458,459,510,324
0.51,-5.34,-7.26,-0.00,0.08,0.06,503,458,460,506,327
0.86,-5.76,-8.00,0.09,0.08,-0.14,493,451,449,501,326
0.80,-5.57,-7.75,-0.01,0.09,-0.07,461,423,410,460,324
1.36,-5.55,-8.08,0.20,0.17,-0.26,397,369,350,385,320
1.08,-5.58,-8.09,0.33,0.16,-0.02,343,326,314,348,318
1.50,-6.01,-7.45,0.16,-0.00,-0.08,331,315,304,344,318
1.44,-6.32,-7.62,0.09,-0.06,-0.04,328,311,302,342,317
1.19,-6.25,-7.70,0.02,-0.01,-0.05,330,311,302,343,317
1.27,-6.78,-7.72,-0.05,-0.10,0.01,340,330,312,350,317
1.13,-6.20,-7.67,-0.07,-0.05,-0.05,366,359,337,378,318
1.64,-5.58,-8.44,-0.18,-0.14,0.00,431,396,374,421,319
1.10,-5.87,-8.04,-0.13,-0.13,0.05,466,426,408,473,320
0.34,-5.79,-7.15,-0.01,0.01,-0.01,485,442,430,494,321
END
0.36,-5.31,-8.38,0.07,0.02,0.15,332,315,305,348,317
1.00,-5.86,-7.98,-0.00,-0.07,-0.08,333,315,305,348,317
1.13,-6.24,-8.03,0.00,-0.06,-0.10,335,318,306,350,317
1.13,-5.40,-8.15,0.06,0.02,-0.12,338,322,308,351,316
1.16,-6.04,-7.61,0.11,0.03,-0.12,341,327,311,356,315
1.26,-5.37,-7.93,-0.01,-0.11,-0.08,377,364,341,384,317
1.56,-5.46,-8.36,-0.05,-0.14,-0.18,431,417,400,453,317
0.93,-6.51,-7.96,-0.11,-0.17,-0.04,496,450,442,514,319
0.32,-5.42,-7.71,0.07,0.09,-0.12,520,466,470,535,327
1.22,-4.92,-8.44,0.18,0.04,-0.09,516,465,471,532,337
1.34,-7.29,-7.59,0.17,0.08,-0.09,507,458,462,525,336
1.86,-6.35,-7.22,-0.07,-0.14,-0.19,485,440,438,503,327
2.03,-6.04,-8.16,-0.07,-0.08,0.16,442,408,398,461,320
0.78,-5.63,-8.74,0.04,-0.11,0.12,387,369,357,405,319
0.42,-5.47,-7.99,0.12,-0.16,-0.09,346,332,324,367,318
0.39,-6.40,-7.74,0.11,-0.08,0.21,336,319,311,351,318
-0.04,-5.79,-7.98,0.02,-0.00,0.18,334,316,308,348,318
-0.09,-6.09,-7.95,0.03,-0.03,-0.02,335,318,308,351,318
0.36,-5.62,-7.70,0.00,-0.02,-0.07,351,338,321,369,318
0.43,-6.37,-7.82,-0.12,-0.08,0.01,381,374,356,413,318
0.36,-5.99,-8.41,-0.16,-0.14,0.04,438,422,407,478,318
-0.84,-5.59,-8.37,-0.14,-0.19,0.10,497,453,449,516,322
-0.22,-6.05,-8.03,0.10,0.04,0.01,512,462,465,527,327
-0.04,-5.20,-7.20,0.11,0.05,-0.06,508,459,465,525,330
0.04,-5.97,-7.44,0.02,0.02,-0.04,506,458,463,523,331
0.12,-5.77,-8.00,-0.03,0.03,0.02,495,450,451,512,329
-0.09,-5.61,-8.11,0.01,0.09,0.02,455,420,409,469,324
-0.18,-5.35,-8.34,0.19,0.13,-0.11,390,370,355,397,320
0.35,-5.84,-8.03,0.23,0.10,-0.12,342,328,320,355,319
0.83,-6.78,-7.31,0.16,0.04,-0.06,332,314,306,347,318
0.27,-5.87,-7.77,0.10,-0.01,-0.10,328,310,304,346,318
0.31,-6.05,-7.54,-0.11,-0.08,0.02,332,317,307,349,318
0.15,-5.69,-7.72,-0.16,-0.11,0.06,353,350,330,382,318
0.82,-5.79,-8.00,-0.17,-0.14,0.19,389,393,370,427,318
-0.25,-5.89,-8.30,-0.24,-0.18,0.12,446,431,416,485,319
-1.14,-4.82,-7.86,-0.02,-0.06,-0.26,485,448,443,511,322
END
-0.78,-4.92,-8.69,0.06,0.02,-0.03,353,337,328,360,318
-0.65,-4.90,-8.77,0.04,-0.04,-0.05,353,337,328,360,318
-1.00,-4.86,-8.54,0.04,-0.01,-0.05,353,337,327,360,318
-0.73,-4.99,-8.46,0.04,0.01,-0.04,353,337,328,360,318
-0.65,-4.94,-8.68,0.02,0.00,-0.02,353,337,328,360,318
-0.69,-4.95,-8.74,0.02,-0.01,-0.02,353,337,328,360,318
-0.70,-5.05,-8.74,0.03,-0.00,-0.01,353,337,328,360,318
-0.60,-5.55,-8.27,-0.10,-0.07,-0.04,372,380,365,412,319
-1.53,-4.92,-9.41,-0.11,-0.18,0.07,422,432,416,471,320
-0.73,-4.09,-8.36,-0.02,-0.07,-0.12,485,458,452,511,322
-1.41,-4.39,-9.62,0.47,-0.00,-0.43,521,474,475,532,324
-1.01,-5.05,-8.69,0.07,-0.07,-0.03,532,480,485,540,325
-0.92,-3.94,-6.93,0.31,-0.00,-0.27,529,478,483,539,325
-1.67,-6.09,-8.38,0.13,0.26,-0.36,509,464,462,518,323
-0.22,-5.71,-7.78,-0.43,0.01,0.21,479,442,432,485,320
0.39,-4.04,-8.76,0.22,0.31,-0.05,414,392,369,424,319
0.17,-4.90,-8.62,0.05,0.06,0.10,367,354,332,378,318
0.16,-5.10,-8.53,0.15,-0.05,-0.00,348,335,318,357,318
-0.38,-6.14,-8.36,-0.11,-0.13,0.08,351,343,326,368,318
-0.57,-3.94,-8.60,-0.27,-0.25,0.10,413,406,382,436,318
-1.68,-4.36,-9.03,-0.08,-0.18,0.04,483,447,431,492,319
-2.33,-5.28,-9.32,0.20,0.06,-0.20,509,460,456,514,319
-0.98,-5.13,-8.74,0.08,0.01,-0.04,514,464,466,520,320
-0.33,-5.23,-7.02,0.07,0.10,-0.06,507,459,459,514,319
-0.65,-5.79,-9.29,0.00,0.22,-0.17,483,441,431,484,319
-0.48,-4.76,-8.54,-0.08,0.07,0.09,436,403,381,423,318
-0.01,-4.94,-8.79,0.21,0.15,-0.01,386,366,340,367,318
-0.09,-5.13,-8.36,0.15,0.00,0.06,355,348,323,352,317
-0.33,-5.53,-8.31,0.17,-0.03,-0.03,344,338,316,347,317
-0.80,-5.53,-8.17,0.04,-0.04,0.04,344,337,316,348,317
-0.75,-5.05,-7.97,-0.09,-0.06,0.02,359,361,337,373,317
-0.85,-4.69,-8.67,-0.12,-0.10,-0.00,404,401,377,436,317
-1.00,-5.99,-9.36,-0.02,-0.03,-0.06,452,430,411,479,317
-1.11,-5.93,-8.57,0.02,-0.05,0.08,486,447,437,502,318
-1.42,-4.50,-8.81,0.22,0.08,-0.21,503,456,453,512,319
-0.62,-5.27,-8.34,0.18,0.10,-0.14,509,461,461,515,320
END
0.34,-6.25,-7.66,-0.09,0.01,-0.01,338,322,306,351,317
-0.38,-5.47,-8.28,0.03,-0.02,-0.03,338,323,307,351,317
-0.28,-5.36,-8.18,0.03,-0.00,-0.02,338,323,306,351,317
-0.37,-5.46,-8.28,0.04,-0.01,-0.04,338,323,307,351,317
-0.43,-5.41,-8.31,0.02,-0.01,-0.00,338,323,306,351,316
-0.14,-5.76,-8.08,-0.01,-0.00,0.03,340,330,312,354,317
-1.18,-5.86,-7.37,-0.41,-0.22,0.24,392,397,378,404,318
-1.57,-3.85,-9.19,-0.00,-0.15,-0.13,466,442,429,478,319
-0.57,-5.43,-9.16,-0.03,-0.13,-0.01,513,465,466,521,322
-1.12,-5.43,-7.54,0.16,0.04,-0.29,521,469,475,526,324
-0.68,-5.30,-7.03,0.09,0.25,-0.08,515,465,470,522,323
-0.13,-5.12,-8.23,-0.05,0.05,0.04,491,446,446,500,322
0.97,-4.76,-9.12,0.05,0.09,0.13,438,400,383,433,320
-0.41,-5.52,-8.74,0.25,0.07,0.05,376,356,337,373,318
-0.24,-5.32,-8.48,0.09,-0.15,0.01,350,335,318,352,318
-0.59,-6.06,-8.20,0.07,-0.07,0.02,343,331,315,350,318
-1.58,-6.08,-8.22,-0.14,0.01,-0.07,349,350,334,381,318
-0.51,-4.10,-8.08,-0.22,0.11,-0.15,383,392,373,435,318
1.30,-4.87,-9.11,-0.12,-0.04,0.06,437,426,408,480,318
-2.11,-5.10,-9.76,0.14,-0.08,-0.07,486,446,435,495,320
-1.89,-5.15,-8.69,0.15,0.09,-0.03,499,452,448,500,320
1.01,-4.34,-6.75,0.13,0.07,-0.13,499,452,449,499,322
-0.30,-4.58,-9.28,0.19,-0.03,-0.10,495,449,443,496,323
-1.06,-3.97,-7.10,-0.13,0.09,0.26,474,426,411,474,321
-0.04,-5.06,-9.35,0.14,0.10,-0.19,412,379,355,404,319
0.35,-5.12,-8.71,0.16,-0.02,-0.03,362,347,325,358,318
0.01,-5.16,-8.75,0.30,0.06,-0.12,340,328,309,344,317
-0.01,-6.28,-8.14,0.09,-0.02,-0.06,332,323,305,343,317
-0.03,-5.58,-8.22,-0.09,-0.06,0.07,338,330,308,345,317
0.60,-4.36,-8.35,-0.16,-0.09,-0.08,356,363,335,388,317
-0.70,-5.92,-8.58,-0.15,-0.09,0.18,412,416,386,451,316
-0.97,-5.57,-8.94,-0.14,-0.04,0.14,471,441,425,499,318
-0.43,-4.44,-8.61,0.01,-0.01,-0.14,496,454,450,513,321
-0.70,-4.61,-8.04,0.20,0.14,-0.14,505,459,460,516,323
-0.14,-5.81,-8.40,-0.04,0.03,-0.06,500,455,455,511,324
0.32,-5.35,-7.86,0.03,-0.01,-0.08,482,440,436,498,322
END
-0.60,-5.19,-8.74,0.08,0.06,-0.13,335,323,307,347,317
-0.14,-5.61,-8.12,0.02,0.01,-0.00,335,324,307,347,317
0.24,-5.63,-8.11,0.03,-0.02,-0.06,335,324,307,347,317
0.05,-5.80,-8.04,-0.00,-0.02,-0.00,337,331,311,349,317
0.49,-6.05,-8.66,-0.04,-0.02,0.02,342,349,325,354,316
-0.25,-4.90,-8.59,-0.47,-0.21,0.01,408,411,382,418,317
-1.73,-4.39,-8.69,0.01,-0.10,-0.15,482,445,431,489,317
-0.35,-5.31,-8.55,0.08,0.11,0.13,499,457,452,510,318
-0.28,-4.50,-8.01,0.25,0.11,-0.14,506,461,464,519,320
0.36,-5.41,-9.20,0.14,-0.03,-0.16,504,459,459,516,321
-0.29,-4.88,-7.26,-0.03,-0.01,0.12,489,443,436,498,320
-0.37,-5.75,-9.48,0.16,0.11,-0.16,450,398,373,419,318
0.37,-5.37,-8.41,0.01,-0.11,0.05,396,360,339,367,318
0.13,-5.20,-8.84,0.13,-0.09,-0.02,365,341,320,351,317
-0.53,-5.96,-8.41,-0.04,-0.10,0.09,356,334,315,349,317
-1.24,-4.15,-7.55,0.07,-0.04,-0.10,356,342,321,371,317
-1.08,-5.15,-9.16,-0.05,-0.12,-0.05,409,404,375,432,318
-0.65,-6.32,-8.61,-0.13,-0.14,0.05,472,443,430,499,319
-1.11,-4.34,-7.97,0.04,-0.06,-0.20,508,460,460,527,321
-1.42,-4.92,-8.42,0.16,0.06,-0.07,519,468,475,536,323
-0.32,-4.66,-7.85,0.21,0.08,-0.21,517,466,475,536,326
-0.13,-6.15,-7.90,0.12,0.18,-0.11,506,459,465,531,326
-0.15,-5.84,-7.37,-0.16,0.04,0.05,474,432,428,505,323
1.12,-5.27,-9.38,0.17,0.13,-0.27,412,376,363,426,318
0.29,-5.18,-8.25,0.05,-0.07,-0.00,359,339,328,362,318
0.01,-5.52,-8.31,0.15,-0.01,-0.08,339,322,311,348,317
-0.32,-5.98,-7.88,0.07,0.00,-0.04,337,322,311,349,317
-0.02,-5.71,-8.10,-0.14,-0.03,-0.08,366,361,338,391,316
0.20,-5.11,-8.87,-0.14,-0.17,-0.14,432,418,395,476,318
-0.38,-5.77,-8.81,-0.10,-0.17,-0.03,491,452,438,505,320
-0.70,-5.35,-8.25,0.19,0.21,0.08,506,459,456,514,323
-0.21,-5.00,-8.20,0.30,0.17,-0.16,510,461,463,517,325
0.57,-6.27,-8.81,0.12,-0.02,-0.11,509,459,459,514,326
0.10,-5.56,-6.84,-0.02,0.13,0.06,495,449,445,505,325
-0.25,-5.76,-8.82,0.18,0.07,-0.19,450,400,379,440,320
0.87,-5.59,-8.70,0.12,-0.00,-0.06,374,339,324,363,318
END
0.29,-5.43,-7.67,0.28,0.09,0.06,341,328,310,353,317
-0.21,-5.49,-8.30,0.00,-0.00,0.00,341,328,310,353,316
-0.11,-5.38,-8.26,0.04,-0.00,-0.05,341,329,310,354,317
-0.06,-5.79,-8.48,0.01,-0.02,-0.02,345,338,318,359,316
-0.80,-4.61,-8.07,-0.08,-0.13,0.10,367,366,339,363,317
-0.31,-5.90,-8.62,-0.00,-0.08,-0.05,397,394,361,380,317
-0.97,-5.33,-9.68,-0.35,-0.30,0.13,487,449,424,461,318
-1.16,-3.67,-8.10,0.11,0.02,-0.36,514,464,454,509,319
-0.76,-4.40,-8.99,0.29,0.07,0.03,522,470,472,527,321
-0.62,-5.15,-8.74,0.19,0.11,-0.03,521,470,477,532,321
-0.08,-5.92,-7.60,0.00,0.11,0.01,513,464,470,525,321
-0.59,-5.55,-8.38,-0.02,0.09,-0.02,490,447,447,496,321
0.24,-4.93,-8.28,-0.05,0.08,-0.02,436,405,393,427,319
0.06,-5.05,-8.64,0.21,0.09,-0.20,367,352,344,373,318
0.61,-7.23,-8.23,0.09,-0.05,-0.13,340,329,319,354,318
0.47,-5.63,-8.22,0.10,-0.06,-0.02,333,321,311,349,318
-0.16,-5.89,-7.95,-0.07,-0.05,0.05,340,329,320,360,317
0.14,-6.53,-8.56,-0.35,-0.09,0.11,389,386,374,418,317
-0.32,-4.13,-9.07,-0.11,-0.02,0.02,454,427,414,479,317
-0.04,-5.05,-7.98,0.01,0.02,0.01,478,442,436,501,318
-0.87,-5.20,-7.91,0.14,0.11,-0.06,489,450,450,509,319
-0.02,-5.67,-7.94,0.06,0.12,0.04,491,452,457,508,319
0.24,-5.03,-7.46,0.01,0.00,-0.01,485,448,452,505,320
-0.81,-5.18,-8.15,-0.06,-0.04,-0.17,460,421,417,485,319
0.06,-4.94,-8.56,0.10,0.08,-0.25,402,372,363,440,317
0.93,-5.66,-8.57,0.22,0.02,-0.18,353,340,330,386,317
0.49,-6.30,-8.00,0.18,-0.02,-0.01,341,331,315,360,317
0.29,-5.31,-8.05,0.14,0.01,0.05,342,333,315,353,317
0.52,-6.86,-8.17,-0.06,0.01,0.04,351,352,329,374,317
0.50,-6.29,-8.51,-0.20,-0.07,0.07,402,397,376,437,317
-0.24,-5.03,-8.54,-0.03,-0.02,-0.00,458,429,416,481,317
-1.23,-4.87,-8.35,0.02,0.03,0.03,485,445,440,502,317
-0.14,-5.06,-8.69,0.17,0.12,0.06,494,452,453,510,318
0.19,-5.25,-8.56,0.18,0.10,-0.10,494,453,455,510,318
0.39,-5.95,-8.09,0.04,0.02,-0.00,492,451,453,510,319
0.03,-5.43,-8.24,0.04,-0.12,-0.13,488,449,449,506,319
END
-0.36,-5.91,-8.28,-0.21,-0.15,-0.16,335,326,308,356,317
-0.11,-5.73,-8.23,-0.00,-0.02,0.02,335,325,308,356,316
0.22,-5.66,-7.92,0.03,-0.02,-0.05,335,326,308,356,316
-0.36,-5.82,-7.90,0.03,0.00,0.01,336,328,310,356,316
0.29,-5.82,-8.09,0.02,-0.02,-0.03,337,331,313,357,316
-0.06,-6.07,-8.38,-0.11,-0.07,0.05,358,365,345,401,316
-0.90,-3.63,-9.40,-0.57,-0.33,-0.04,459,438,410,508,317
-0.87,-4.62,-7.38,-0.02,-0.03,-0.03,494,456,442,521,318
-0.88,-4.76,-8.58,0.18,0.18,0.01,505,462,457,529,320
0.11,-5.55,-8.69,0.09,0.03,-0.02,512,466,468,533,323
0.35,-5.25,-6.82,0.13,0.12,0.06,506,462,467,531,323
-0.80,-5.75,-8.77,0.04,0.09,-0.04,499,456,454,524,322
-0.29,-5.76,-7.77,-0.12,-0.04,0.13,481,437,422,493,320
-0.47,-4.80,-9.27,0.12,0.13,-0.38,420,384,362,423,318
0.27,-5.65,-8.31,0.23,-0.06,-0.19,359,340,324,366,317
0.24,-6.27,-7.72,0.10,-0.09,-0.13,340,326,314,350,317
-0.50,-5.54,-7.86,-0.07,-0.08,-0.08,350,348,329,364,317
0.06,-5.66,-8.51,-0.12,-0.04,-0.01,375,379,358,408,317
0.27,-4.87,-7.78,-0.18,-0.07,-0.04,422,417,397,464,318
-0.26,-5.25,-8.39,0.05,0.01,-0.11,476,445,434,502,322
-0.56,-5.21,-8.96,0.18,-0.05,0.18,508,464,468,522,331
-0.50,-5.41,-7.83,0.16,0.12,-0.04,509,465,470,520,331
0.06,-5.76,-7.83,0.12,0.19,-0.04,502,461,464,516,331
0.90,-5.73,-7.96,-0.06,-0.02,-0.04,488,450,449,498,329
0.65,-5.74,-8.59,0.02,0.06,-0.06,432,399,384,426,321
0.62,-5.73,-8.18,0.25,0.05,-0.13,364,346,334,369,318
0.93,-5.80,-7.97,0.08,-0.17,-0.16,342,334,321,355,318
0.27,-6.00,-7.94,0.11,0.01,-0.02,340,331,317,351,318
0.24,-6.64,-7.78,0.04,-0.04,-0.02,338,328,314,354,317
0.44,-5.83,-7.84,-0.14,-0.14,-0.01,354,352,335,373,317
-0.17,-5.18,-8.07,-0.05,-0.05,-0.09,378,381,366,419,318
-0.02,-5.56,-7.77,-0.14,-0.10,-0.17,420,419,408,475,319
-0.01,-5.15,-8.86,0.16,-0.08,-0.46,454,437,433,494,319
-0.24,-5.74,-8.41,0.07,0.13,0.23,488,451,451,503,321
0.83,-5.76,-7.62,0.13,0.08,-0.12,499,456,460,508,323
0.52,-5.99,-7.86,0.06,0.06,-0.01,492,452,455,503,323
END
-0.15,-6.07,-7.46,-0.12,0.11,-0.03,337,327,312,358,316
0.09,-5.93,-7.98,0.03,0.00,-0.04,337,328,312,358,316
0.10,-5.82,-7.92,-0.02,-0.03,-0.02,339,333,318,363,316
0.24,-5.87,-8.29,0.03,-0.02,-0.02,342,341,325,366,316
-0.12,-5.59,-7.95,-0.06,-0.10,0.01,356,364,345,386,316
-1.08,-5.44,-7.77,-0.21,-0.20,0.06,419,413,396,466,316
-0.56,-5.33,-9.91,-0.05,-0.10,-0.09,488,448,446,516,318
-0.64,-5.39,-7.92,0.16,0.20,0.01,504,458,460,520,319
0.28,-5.64,-7.88,0.21,0.22,-0.05,504,459,462,520,320
0.46,-6.10,-7.52,0.03,0.14,0.02,501,456,460,521,320
0.40,-5.36,-7.37,0.09,0.08,-0.13,485,441,440,510,319
0.32,-3.98,-9.10,0.10,0.03,-0.17,433,391,378,465,318
0.65,-5.58,-8.32,0.17,-0.00,-0.17,374,353,339,406,317
0.41,-5.87,-8.04,0.08,-0.08,-0.01,348,335,322,373,316
0.28,-6.67,-7.91,0.13,-0.02,-0.06,340,327,316,358,316
0.01,-6.27,-7.65,-0.14,-0.08,0.06,341,328,316,358,317
0.09,-5.15,-7.95,-0.08,-0.03,-0.08,355,357,336,372,317
0.76,-6.25,-8.56,-0.13,-0.12,0.02,377,388,372,422,317
-0.57,-5.59,-8.12,-0.19,-0.06,0.05,425,423,408,473,318
-0.47,-5.03,-8.56,-0.05,-0.01,0.10,469,441,435,499,319
0.23,-5.13,-8.28,0.02,0.05,0.13,492,452,453,512,321
0.11,-5.46,-7.45,0.17,0.07,0.02,502,455,461,516,322
-0.60,-5.61,-8.32,0.14,0.03,-0.16,500,454,457,512,323
0.92,-5.74,-6.96,-0.06,0.01,-0.02,488,442,438,497,321
0.25,-5.69,-9.16,0.11,0.10,-0.08,454,420,409,456,319
0.48,-5.61,-8.17,0.08,-0.05,-0.11,400,389,374,411,317
0.48,-5.97,-7.82,0.29,0.06,-0.18,356,351,336,375,316
0.16,-6.43,-7.91,0.16,0.02,-0.06,342,331,318,356,316
0.38,-5.50,-7.91,0.02,-0.02,-0.01,340,328,316,353,316
0.50,-6.47,-8.51,0.03,-0.06,-0.11,344,337,322,366,317
-0.06,-4.71,-7.62,-0.31,-0.18,-0.05,431,414,380,435,318
0.51,-5.70,-7.72,-0.10,0.11,-0.10,476,438,421,486,322
1.21,-5.26,-8.16,0.10,0.15,-0.03,491,449,441,499,326
0.46,-5.69,-8.25,0.14,0.01,0.05,497,454,451,506,328
0.67,-5.84,-7.68,0.14,-0.07,0.02,501,457,460,511,332
0.67,-5.79,-6.96,-0.01,-0.10,-0.01,499,455,458,510,334
END
0.29,-6.02,-7.27,-0.09,-0.09,-0.02,335,333,312,358,316
0.62,-5.98,-8.07,-0.01,-0.04,-0.00,338,339,315,366,316
0.19,-5.66,-7.89,-0.03,-0.02,0.04,343,351,325,378,316
0.68,-5.46,-8.59,0.00,-0.02,-0.06,358,369,339,382,316
0.30,-5.89,-8.05,-0.10,-0.01,0.12,382,397,366,423,316
0.13,-5.16,-8.76,-0.06,-0.08,-0.03,437,433,412,474,317
0.19,-5.65,-8.70,-0.14,-0.20,0.19,490,458,455,504,318
-0.04,-5.46,-8.00,0.20,-0.08,-0.09,506,463,467,516,320
-0.73,-5.79,-8.01,0.12,-0.10,-0.17,503,462,463,512,320
0.24,-5.91,-7.42,0.01,-0.08,-0.12,498,459,456,503,320
-0.42,-5.60,-7.93,0.08,0.07,-0.04,455,433,418,463,317
-0.12,-5.64,-8.31,0.08,0.01,-0.17,383,384,366,408,318
-0.16,-5.64,-8.21,0.17,0.12,-0.03,345,343,330,367,317
0.17,-6.12,-8.20,0.08,-0.01,-0.02,335,329,318,356,316
0.35,-5.65,-8.00,0.00,-0.10,-0.10,337,330,318,355,317
0.08,-6.15,-8.11,-0.01,0.03,-0.01,341,334,320,359,317
0.05,-5.89,-8.15,-0.15,-0.08,0.09,370,376,358,397,317
0.17,-5.20,-8.31,-0.14,-0.15,-0.04,437,430,414,464,317
-0.05,-5.44,-8.73,-0.03,-0.12,-0.00,490,453,446,501,318
-1.02,-5.45,-8.74,0.05,-0.11,-0.01,515,465,466,521,319
-0.67,-5.18,-6.97,0.13,-0.01,-0.12,512,465,469,521,319
-0.48,-6.27,-8.53,0.07,0.06,-0.13,503,460,458,511,319
0.24,-5.71,-7.49,-0.08,0.02,0.12,488,447,434,484,317
-0.65,-5.33,-8.95,0.14,0.19,-0.16,426,400,375,426,317
-0.30,-5.51,-8.29,0.16,0.10,-0.08,353,343,331,379,317
-0.09,-5.66,-7.70,0.11,-0.01,-0.14,333,323,313,355,317
0.34,-6.75,-8.11,0.00,-0.04,0.01,329,318,308,350,317
-0.34,-5.57,-8.07,-0.08,-0.09,0.01,336,330,315,356,317
-1.19,-4.49,-8.20,-0.21,-0.08,0.14,381,390,371,424,317
0.21,-5.08,-8.64,-0.15,-0.13,0.09,460,442,431,492,317
-0.38,-5.03,-8.68,0.23,0.02,-0.04,498,458,458,519,317
-0.82,-5.60,-7.91,0.08,0.06,0.05,505,462,468,523,319
0.48,-5.78,-8.08,0.11,0.03,-0.13,496,456,461,517,319
0.01,-5.74,-7.75,-0.01,0.04,-0.08,477,444,444,499,318
-0.47,-5.42,-8.87,0.12,0.12,-0.18,400,388,377,428,317
0.60,-5.79,-8.28,0.18,0.04,-0.24,341,334,324,361,317
END
0.06,-5.70,-7.97,0.15,0.02,0.05,339,332,314,363,316
0.13,-6.04,-8.10,0.03,-0.03,-0.05,340,336,317,368,316
-0.22,-4.92,-8.10,-0.16,-0.12,0.02,366,371,354,400,317
1.68,-5.43,-9.15,-0.02,-0.12,-0.08,396,401,384,443,316
0.90,-5.40,-7.90,-0.27,-0.32,0.01,473,450,446,512,318
-1.79,-4.59,-8.80,0.19,-0.46,-0.51,522,475,481,544,322
-1.29,-6.30,-8.64,0.24,0.03,0.09,529,479,488,549,326
-1.49,-4.64,-7.02,0.13,0.35,0.10,520,475,483,545,326
0.27,-5.81,-7.95,0.17,0.10,-0.13,517,472,480,541,326
-0.45,-6.29,-6.78,-0.05,0.13,0.03,492,454,459,516,324
0.24,-5.18,-8.70,0.07,0.25,-0.03,430,405,402,467,320
0.38,-4.95,-8.54,0.07,0.11,-0.09,374,361,354,404,319
0.85,-5.86,-8.08,0.14,0.01,-0.02,343,338,330,368,317
0.42,-5.97,-7.87,0.14,0.00,-0.06,335,326,317,355,317
0.14,-6.72,-7.93,0.05,0.08,0.02,336,325,315,355,317
0.27,-6.01,-8.05,0.01,-0.01,-0.19,348,342,328,373,317
0.77,-5.30,-7.99,-0.03,-0.04,-0.08,379,386,372,422,317
-0.06,-6.12,-8.33,-0.09,-0.02,0.09,443,430,418,479,317
0.16,-6.08,-8.84,0.02,-0.11,0.03,482,448,444,505,319
0.17,-5.35,-7.77,-0.00,0.10,0.15,495,455,456,510,320
-0.33,-4.74,-6.89,0.13,0.17,-0.08,495,453,456,509,320
0.10,-6.40,-8.52,0.02,-0.01,-0.19,483,446,445,500,320
0.60,-5.69,-7.67,-0.01,-0.01,0.02,458,423,416,474,319
0.32,-5.58,-8.71,0.14,0.06,-0.14,403,375,359,413,318
0.37,-5.65,-8.21,0.12,-0.03,-0.02,358,342,330,371,317
0.50,-6.09,-7.65,0.20,0.03,-0.08,339,326,315,352,317
0.30,-6.64,-7.61,0.08,0.01,-0.01,335,322,311,348,317
0.56,-6.37,-7.33,-0.13,-0.05,-0.02,347,344,325,360,316
0.41,-5.52,-7.76,-0.17,-0.12,-0.01,385,392,376,415,316
0.88,-5.41,-7.96,-0.11,-0.08,0.08,447,429,416,460,317
-0.08,-5.81,-8.66,-0.01,-0.04,0.07,484,447,443,488,317
0.13,-5.44,-7.70,0.15,-0.07,-0.04,505,458,461,505,319
0.29,-5.42,-7.73,0.11,0.06,-0.03,507,460,466,510,320
0.31,-5.79,-7.85,0.09,0.02,-0.09,505,460,465,507,321
0.06,-5.56,-7.62,0.08,-0.01,-0.16,496,452,452,492,320
0.04,-6.40,-8.04,0.06,0.08,-0.15,450,409,396,433,318
END
0.97,-5.71,-8.19,0.08,0.10,-0.07,330,322,311,350,316
0.45,-6.39,-8.15,0.02,-0.05,-0.08,333,329,318,357,316
0.59,-5.07,-7.51,-0.25,-0.16,0.02,352,365,368,399,316
-0.07,-5.20,-8.45,-0.15,0.17,-0.21,395,416,419,472,316
1.46,-5.26,-8.31,-0.04,0.08,0.23,445,439,442,497,316
0.68,-4.98,-8.28,0.05,-0.20,0.03,491,457,465,516,318
-0.77,-5.09,-7.98,0.20,-0.05,-0.13,507,463,474,520,320
-0.44,-6.53,-8.08,0.04,0.16,0.12,512,461,471,513,321
0.79,-5.79,-7.28,-0.06,0.01,-0.02,500,453,461,501,321
0.63,-5.79,-9.08,0.01,-0.09,-0.34,456,419,414,451,319
0.22,-5.53,-8.31,0.05,0.01,0.02,398,379,368,401,318
-0.32,-5.30,-8.37,0.12,0.02,0.09,357,351,338,369,317
0.73,-5.89,-8.10,0.16,-0.06,-0.06,339,331,320,354,317
0.01,-5.73,-7.77,0.14,0.00,0.03,334,325,316,351,317
0.17,-6.26,-8.02,0.02,-0.06,-0.02,333,324,315,352,317
0.27,-5.15,-8.15,-0.12,-0.10,0.10,359,362,347,394,317
0.14,-6.15,-8.68,-0.11,-0.13,0.11,417,413,398,456,317
-1.05,-5.58,-8.08,-0.18,-0.16,0.20,496,444,437,498,318
-0.95,-4.52,-8.10,0.11,0.05,-0.19,507,457,458,513,319
-0.83,-5.28,-7.53,0.24,0.01,-0.27,511,462,465,519,320
-0.42,-6.10,-7.77,0.09,0.11,-0.08,508,460,464,516,321
0.36,-5.89,-7.68,0.06,0.10,-0.14,497,450,452,506,320
0.50,-5.79,-8.35,0.03,0.09,-0.02,454,414,407,465,319
0.21,-5.50,-8.15,0.13,0.16,0.09,385,364,356,405,318
0.55,-5.88,-8.42,0.11,-0.08,-0.13,342,333,325,371,318
0.45,-5.94,-8.13,0.18,-0.06,-0.05,332,320,312,355,317
-0.04,-5.82,-7.57,-0.02,-0.06,0.02,335,326,313,353,317
0.02,-5.60,-7.86,-0.09,-0.07,-0.05,358,362,341,390,317
0.79,-5.68,-8.47,-0.47,-0.25,0.02,411,411,377,435,317
-0.47,-4.91,-7.92,-0.11,-0.13,-0.01,460,437,413,475,317
-1.87,-5.66,-8.86,0.08,0.00,-0.12,492,453,440,495,318
-0.19,-5.89,-8.75,0.13,0.17,-0.16,504,457,454,502,319
0.63,-6.00,-8.54,0.05,0.13,-0.04,501,456,453,500,319
1.02,-5.53,-6.86,0.03,0.07,-0.02,500,454,451,498,319
0.06,-5.94,-8.50,-0.05,-0.12,-0.04,487,445,437,493,320
-0.27,-4.83,-7.70,-0.05,-0.03,-0.08,462,426,409,473,319
END
-0.30,-4.98,-9.02,0.14,0.11,-0.14,337,327,307,351,316
0.71,-6.17,-7.98,0.07,-0.01,-0.07,336,331,310,353,316
0.52,-5.98,-7.49,0.07,0.02,-0.03,337,332,311,355,316
0.71,-6.16,-7.64,0.10,0.03,-0.07,338,334,311,355,316
0.79,-6.81,-7.75,0.03,-0.02,-0.03,341,342,320,362,317
0.10,-5.99,-7.48,-0.15,-0.12,0.01,375,382,361,408,317
-0.01,-5.21,-8.08,-0.06,-0.06,-0.17,435,426,411,491,317
0.41,-5.74,-7.70,0.06,-0.09,0.14,482,448,442,515,317
-0.23,-6.42,-7.68,0.20,0.05,-0.06,498,456,457,520,319
0.13,-6.26,-7.89,0.08,0.03,0.03,498,456,459,518,320
0.42,-6.15,-7.29,-0.06,0.02,0.05,488,449,448,511,320
0.02,-6.27,-8.11,0.10,-0.03,-0.25,456,414,398,470,319
0.72,-5.92,-7.94,0.11,-0.02,-0.05,397,367,348,406,318
0.45,-6.09,-7.63,0.10,-0.10,-0.04,355,338,323,369,317
0.45,-6.69,-7.47,0.04,-0.07,-0.05,338,324,312,352,317
0.20,-6.47,-7.68,-0.01,-0.04,-0.02,339,327,313,353,317
0.62,-6.25,-7.76,-0.14,-0.10,-0.05,369,374,345,374,317
0.34,-6.16,-8.09,-0.20,-0.22,0.16,436,432,407,437,317
0.05,-5.86,-7.85,-0.17,-0.29,0.04,486,454,443,489,318
-1.39,-4.71,-8.54,0.10,-0.24,-0.42,505,463,462,513,320
-1.49,-5.87,-8.49,0.12,-0.05,-0.02,509,465,468,514,323
0.11,-5.77,-7.71,0.02,0.22,0.21,504,461,466,509,324
0.53,-5.97,-8.11,0.08,0.09,-0.12,496,455,459,504,324
-0.69,-6.17,-8.17,-0.03,0.07,-0.04,461,424,422,479,321
-0.23,-5.41,-8.51,0.19,0.23,-0.14,403,379,367,420,318
0.43,-5.84,-8.03,0.36,0.29,-0.07,351,340,327,368,318
0.84,-5.92,-7.60,0.16,0.02,-0.05,338,325,313,351,317
0.45,-6.65,-7.66,0.07,0.02,0.04,337,325,311,346,317
0.55,-7.04,-7.57,-0.11,-0.05,0.01,340,332,316,353,317
-0.22,-4.97,-7.69,-0.07,-0.08,-0.17,365,368,339,377,317
0.61,-5.41,-7.95,0.07,-0.08,-0.24,393,395,362,414,316
0.84,-6.86,-8.16,-0.05,-0.10,-0.05,435,423,399,458,317
1.00,-6.46,-7.19,-0.12,-0.16,0.11,471,442,430,488,316
-0.19,-5.82,-7.76,0.04,0.01,0.02,493,454,451,505,317
-0.16,-5.78,-8.18,0.10,0.04,0.12,504,461,464,512,318
0.55,-6.35,-7.85,0.02,0.00,-0.03,499,459,463,509,319
END
0.16,-6.26,-7.81,0.05,0.00,-0.06,336,329,311,348,316
1.01,-5.97,-7.92,0.06,-0.01,-0.01,337,329,311,349,316
0.83,-6.02,-8.11,0.04,-0.05,-0.03,337,332,312,349,316
0.72,-5.86,-7.72,-0.07,-0.09,0.00,350,355,331,373,316
1.46,-6.27,-8.30,-0.18,-0.15,-0.07,395,406,387,458,317
0.38,-6.21,-8.41,-0.05,-0.15,0.19,470,447,438,507,317
0.04,-5.61,-8.19,0.03,-0.00,0.01,500,458,458,518,319
-0.04,-5.28,-7.80,0.19,0.09,-0.00,508,461,465,521,320
0.21,-6.22,-7.93,0.11,0.03,-0.05,503,459,462,520,323
0.09,-5.99,-7.73,-0.00,-0.04,-0.05,492,451,453,514,323
0.48,-5.91,-8.28,-0.03,-0.08,-0.13,452,419,414,485,320
0.35,-5.28,-8.10,0.07,0.01,0.01,401,380,369,436,318
0.22,-5.97,-8.28,0.14,-0.00,0.00,359,351,338,384,318
0.17,-5.82,-7.77,0.09,-0.04,-0.01,343,335,322,362,317
-0.35,-6.13,-8.05,0.07,0.02,-0.00,337,328,316,353,317
-0.18,-5.36,-7.54,0.07,0.01,-0.04,344,338,322,361,317
0.26,-5.76,-8.14,-0.20,-0.12,0.03,389,390,373,430,317
-0.22,-5.94,-8.36,-0.07,-0.16,-0.17,443,429,418,482,318
-0.78,-5.33,-8.40,-0.11,-0.24,0.06,491,452,451,510,321
-0.23,-4.61,-8.15,0.01,-0.09,-0.00,506,462,468,517,326
-0.46,-5.12,-6.86,0.10,0.05,-0.15,503,461,468,516,330
0.22,-6.34,-8.24,-0.01,0.02,-0.11,499,457,463,511,330
0.65,-5.94,-7.85,-0.03,0.08,0.01,483,442,445,498,326
-0.27,-5.56,-8.59,0.09,0.09,-0.05,432,404,399,463,321
-0.11,-5.60,-8.59,0.16,0.03,-0.11,370,361,355,403,319
0.47,-5.85,-7.81,0.23,0.12,-0.10,340,336,328,368,318
-0.03,-6.47,-7.75,0.15,0.08,-0.02,334,324,316,353,318
0.52,-6.01,-7.75,0.03,0.05,-0.03,333,323,314,351,317
0.09,-5.86,-7.75,-0.13,-0.02,0.10,348,351,337,378,317
0.52,-5.60,-8.37,-0.10,-0.09,0.01,385,392,379,429,317
-0.01,-5.49,-8.43,-0.21,-0.12,0.18,449,436,428,494,318
-0.30,-4.82,-8.47,-0.01,-0.09,-0.04,490,454,456,519,321
-0.39,-5.26,-8.17,0.14,-0.01,0.00,503,461,469,525,327
-0.02,-5.72,-7.66,0.14,0.02,-0.01,506,462,472,526,334
-0.28,-6.07,-7.61,0.10,0.04,-0.10,501,459,468,524,337
-0.40,-5.96,-7.55,-0.03,0.03,-0.12,489,450,456,514,334
END
0.37,-5.82,-8.13,-0.02,0.01,-0.13,456,444,441,501,318
-0.04,-5.82,-8.82,0.02,-0.14,0.07,488,457,461,520,318
-0.55,-5.41,-7.45,0.03,-0.07,0.01,501,463,469,525,320
-0.45,-5.39,-7.51,0.08,-0.01,-0.04,506,465,473,528,322
-0.23,-5.68,-7.87,0.10,0.00,-0.04,507,466,473,527,322
-0.10,-5.81,-7.73,0.04,0.02,-0.06,496,458,462,518,322
-0.60,-5.99,-7.75,0.09,0.19,-0.11,447,421,416,475,320
0.24,-5.83,-8.43,0.21,0.23,-0.20,373,363,356,406,318
1.18,-6.04,-7.78,0.08,0.02,-0.13,340,333,326,370,318
1.16,-5.99,-7.96,0.11,-0.06,-0.06,333,323,315,355,317
0.39,-6.56,-7.65,0.04,-0.04,0.11,332,320,311,350,317
0.14,-6.05,-7.72,0.05,-0.03,-0.05,332,318,310,349,317
0.24,-6.63,-7.93,0.06,0.01,-0.05,333,319,311,351,317
0.17,-5.97,-7.72,-0.02,-0.09,-0.07,353,355,337,376,317
0.51,-5.69,-7.67,0.01,-0.01,-0.27,398,401,377,418,317
0.56,-6.83,-7.98,0.00,-0.02,0.13,448,431,409,460,317
0.54,-5.53,-7.29,0.01,-0.02,0.02,476,445,430,483,319
-0.13,-6.04,-7.73,0.08,-0.07,-0.13,498,456,448,501,321
0.09,-6.45,-7.62,0.05,0.08,-0.03,508,464,461,513,323
0.78,-6.35,-7.34,0.03,0.04,-0.13,518,471,474,519,326
1.87,-5.59,-6.91,0.00,0.08,-0.08,515,469,471,515,326
0.79,-6.02,-7.72,-0.03,0.08,0.21,489,451,452,500,323
-0.16,-6.37,-7.83,-0.01,0.05,0.22,446,416,408,456,319
0.26,-5.89,-8.03,0.02,0.01,-0.03,394,374,364,403,318
0.84,-6.12,-8.09,0.03,-0.03,-0.13,351,340,332,372,317
0.60,-5.91,-8.05,0.08,-0.07,-0.02,336,324,313,358,317
-0.27,-5.68,-7.98,0.03,-0.05,-0.01,336,327,317,356,317
0.56,-6.39,-8.03,-0.16,-0.12,0.08,376,371,350,391,317
0.58,-6.04,-7.81,-0.21,-0.23,0.15,460,429,405,456,318
-0.22,-5.51,-8.14,0.08,-0.01,-0.02,496,454,443,493,319
0.29,-5.23,-8.08,0.25,0.07,-0.12,501,458,456,507,321
-0.66,-5.71,-7.59,0.17,0.07,0.01,501,459,461,511,322
-0.34,-6.65,-7.44,0.02,-0.03,-0.11,499,458,460,509,323
0.14,-5.97,-7.82,0.01,0.02,0.03,496,456,457,506,323
-0.29,-5.71,-7.24,-0.08,-0.03,-0.02,481,444,440,490,322
-0.45,-5.57,-8.11,0.10,0.06,-0.06,430,406,391,433,319
END
-0.52,-5.86,-8.26,0.12,0.15,-0.14,343,335,316,365,316
0.00,-5.90,-8.09,0.01,0.01,-0.04,343,336,318,371,316
0.03,-5.95,-8.18,0.01,0.01,-0.04,346,348,328,380,316
-0.21,-5.11,-7.93,-0.08,-0.08,-0.04,362,369,353,402,317
0.15,-6.05,-8.31,0.05,0.01,0.00,378,385,369,424,316
0.60,-5.72,-8.14,-0.12,-0.12,-0.01,442,431,417,482,317
-0.17,-4.42,-8.46,0.17,-0.13,-0.23,499,456,458,517,320
-1.85,-5.63,-8.79,0.32,0.10,-0.05,512,463,471,525,325
0.06,-6.40,-8.79,0.15,-0.02,0.01,510,461,470,524,328
0.96,-6.07,-7.11,0.01,0.00,0.04,506,458,466,520,331
-0.97,-6.20,-7.51,-0.09,0.02,-0.05,485,442,445,497,328
0.17,-5.70,-8.77,0.07,0.06,-0.14,437,402,393,438,321
-0.01,-5.81,-8.30,0.16,0.16,0.01,376,359,347,383,318
0.79,-6.12,-7.50,0.16,0.02,-0.11,344,334,321,358,318
0.62,-6.45,-7.56,0.14,-0.02,0.02,335,322,310,348,317
-0.23,-5.89,-7.78,-0.01,-0.08,0.03,335,321,311,349,317
-0.15,-6.21,-7.78,-0.04,-0.06,-0.08,345,338,323,371,317
0.58,-6.09,-8.18,-0.15,-0.13,0.01,380,386,366,425,317
-0.06,-5.94,-8.14,-0.07,-0.08,-0.13,428,423,409,475,317
0.39,-5.84,-8.38,-0.00,-0.11,-0.03,475,443,438,504,319
0.02,-5.66,-8.13,0.06,-0.02,0.07,496,453,456,513,322
-0.39,-5.44,-7.20,0.18,0.11,-0.22,495,452,457,512,322
0.24,-6.56,-7.85,0.08,0.09,-0.10,489,448,452,508,323
0.71,-6.28,-7.06,-0.06,0.04,0.05,478,439,442,500,321
-0.42,-5.62,-8.33,0.05,0.05,-0.11,434,404,398,459,319
0.15,-5.74,-8.20,0.12,0.01,-0.06,378,362,352,400,317
0.32,-5.79,-7.74,0.17,0.10,0.00,348,338,327,366,317
0.52,-6.27,-7.86,0.14,0.02,-0.07,336,324,314,352,317
-0.24,-5.80,-7.17,-0.04,-0.04,0.01,338,327,314,355,317
-0.11,-6.42,-8.03,-0.08,-0.07,-0.02,358,353,333,379,317
0.45,-6.27,-8.29,-0.05,-0.07,0.03,383,382,363,417,317
0.85,-5.56,-7.95,-0.17,-0.18,0.12,440,423,406,469,318
-0.54,-5.36,-8.20,0.06,-0.18,0.01,489,446,438,497,320
-1.22,-5.42,-8.40,0.14,0.04,0.04,503,455,453,508,324
-0.01,-5.76,-7.65,0.22,0.10,-0.02,503,456,457,509,328
0.30,-6.09,-7.62,0.15,0.06,-0.05,505,457,461,510,332
END
-0.21,-6.57,-7.65,0.08,-0.02,-0.13,340,330,316,357,316
0.73,-6.00,-8.06,0.02,-0.01,-0.04,340,330,316,357,315
0.71,-5.96,-7.92,0.02,-0.01,-0.03,340,330,316,357,316
0.41,-6.13,-7.52,0.02,-0.01,-0.02,340,330,316,357,316
0.46,-6.45,-7.53,-0.03,-0.02,-0.03,345,346,331,370,316
0.24,-4.90,-7.80,-0.20,-0.11,0.04,402,410,403,441,316
0.29,-5.11,-8.58,0.04,-0.02,-0.11,471,445,443,493,317
1.16,-5.83,-8.31,0.10,-0.03,0.15,498,456,462,512,320
0.26,-5.87,-7.22,0.13,0.04,-0.04,503,460,468,516,323
0.04,-6.39,-7.68,0.04,-0.08,-0.01,506,461,472,520,326
-0.25,-6.04,-7.93,-0.08,-0.12,0.06,496,455,466,514,327
-0.53,-5.69,-7.70,0.01,0.05,-0.12,482,446,453,508,328
-0.30,-5.81,-7.87,-0.02,0.11,-0.11,431,409,407,468,325
1.02,-5.47,-8.23,0.09,0.08,-0.03,376,363,355,407,319
0.57,-6.06,-8.13,0.18,-0.04,0.05,344,335,324,364,318
-0.10,-5.92,-7.77,0.06,-0.15,0.04,337,323,312,351,317
-0.71,-6.11,-7.73,0.04,-0.07,0.03,336,323,313,349,317
-0.57,-6.36,-7.45,-0.11,-0.03,0.07,361,354,329,368,317
0.10,-5.35,-8.02,-0.34,-0.26,-0.01,411,405,381,428,317
-0.09,-5.99,-8.61,-0.22,-0.24,0.04,463,438,427,476,318
-0.90,-4.50,-8.31,0.10,0.04,-0.05,491,454,453,502,319
-1.62,-4.85,-7.93,0.38,0.14,-0.05,498,457,464,513,321
-1.22,-5.94,-8.26,0.32,0.13,-0.13,496,457,465,512,322
0.36,-6.27,-7.77,-0.03,0.03,-0.04,490,451,459,509,323
-0.19,-5.63,-7.57,0.06,0.05,-0.10,467,435,438,489,322
-0.23,-5.56,-8.35,0.10,0.02,-0.15,416,395,384,437,319
0.13,-5.71,-7.87,0.19,0.13,-0.02,372,360,345,389,317
0.55,-6.04,-7.78,0.13,0.04,-0.11,348,340,326,366,317
0.47,-6.35,-7.54,0.07,0.03,-0.07,340,330,317,356,317
-0.22,-6.25,-7.27,0.07,0.06,-0.03,338,326,315,354,317
0.46,-6.40,-7.75,-0.01,-0.01,-0.04,348,335,320,359,317
0.44,-6.21,-7.75,-0.11,-0.07,-0.02,377,369,350,392,316
0.27,-5.69,-8.05,0.02,-0.04,-0.13,436,394,380,446,317
0.38,-6.64,-8.29,-0.10,-0.21,0.05,488,431,423,497,317
0.35,-5.93,-8.33,-0.00,-0.03,-0.05,495,449,448,512,318
-0.41,-5.10,-8.02,0.14,0.06,-0.02,501,457,463,517,320
END
-0.56,-5.67,-7.73,0.12,0.11,-0.02,332,315,309,356,317
-0.04,-5.86,-7.87,0.00,-0.00,0.04,333,316,309,356,316
0.11,-5.71,-8.17,0.01,-0.01,0.00,333,316,309,356,317
0.15,-5.68,-7.98,-0.00,-0.01,0.03,334,323,314,357,317
-0.01,-5.79,-8.10,-0.01,-0.03,0.00,335,329,319,361,317
0.06,-5.30,-8.00,-0.08,-0.09,0.01,364,369,349,405,316
-0.19,-5.36,-8.46,-0.02,-0.14,0.07,428,415,391,465,317
0.17,-5.69,-7.83,-0.10,-0.09,0.09,481,440,422,499,322
-1.61,-4.65,-7.85,0.36,0.12,-0.09,496,456,447,510,332
-0.52,-6.00,-8.47,0.24,0.14,0.04,496,456,453,511,336
-0.12,-6.26,-7.75,0.03,0.07,-0.02,488,450,444,504,336
0.27,-5.91,-7.61,-0.02,0.02,0.00,455,423,410,468,328
-0.05,-5.53,-8.55,0.10,0.13,0.02,395,375,358,402,320
0.11,-5.77,-7.82,0.23,0.06,0.07,350,340,324,359,318
0.09,-6.17,-7.92,0.13,-0.01,0.03,336,323,311,348,317
-0.21,-6.35,-7.73,0.20,-0.02,-0.07,329,314,305,346,317
-0.34,-6.45,-7.54,-0.00,-0.00,0.00,329,313,304,346,317
-0.22,-6.81,-7.54,-0.05,0.02,-0.10,331,322,310,355,317
0.96,-6.31,-7.75,-0.16,-0.11,-0.11,352,359,341,379,317
-0.51,-5.84,-7.53,-0.12,-0.00,0.03,396,402,384,442,318
-0.91,-5.87,-7.56,-0.10,0.07,0.15,453,428,414,483,319
0.00,-4.21,-8.50,0.08,-0.02,0.01,479,444,438,500,326
-0.88,-5.77,-7.90,0.12,0.04,-0.06,477,444,440,501,331
-0.41,-6.15,-7.33,0.02,0.05,-0.04,464,436,429,486,330
0.50,-5.82,-8.41,0.09,0.12,-0.04,409,398,381,426,322
0.03,-5.53,-8.47,0.21,0.10,-0.02,351,351,334,367,318
-0.37,-6.41,-7.67,0.26,0.07,-0.11,332,324,311,347,317
0.35,-6.67,-7.57,0.16,0.05,0.03,328,316,304,342,317
-0.59,-6.37,-7.74,0.11,0.11,0.11,327,316,304,342,317
0.01,-6.63,-7.26,0.03,-0.01,-0.05,328,317,304,344,317
-0.33,-6.42,-7.05,0.04,0.06,0.05,334,326,312,362,317
0.37,-6.77,-7.87,-0.18,0.01,0.09,359,367,352,415,317
-0.55,-5.76,-7.11,-0.50,-0.02,0.04,426,423,410,486,323
0.74,-4.30,-7.14,0.13,0.16,-0.07,477,443,438,502,334
-0.63,-5.26,-8.83,0.26,0.21,0.17,490,450,450,507,342
-0.23,-6.93,-8.41,0.11,0.05,-0.01,485,446,446,504,347
END
0.23,-6.09,-7.11,0.19,0.14,0.00,348,342,320,357,316
-0.14,-5.95,-8.10,-0.00,0.01,0.02,348,343,320,357,316
-0.45,-5.83,-8.10,0.01,0.01,-0.02,348,343,321,358,317
-0.37,-5.83,-8.10,-0.01,0.00,0.01,348,343,322,358,317
-0.17,-5.92,-8.03,0.06,0.02,-0.03,349,346,326,361,316
-0.15,-6.69,-8.34,-0.09,-0.03,-0.07,381,381,365,415,317
0.75,-6.15,-7.77,-0.19,-0.16,0.12,460,433,425,486,317
-1.11,-5.28,-8.52,0.21,0.01,-0.10,501,456,459,518,320
-1.25,-5.88,-8.40,0.24,0.01,-0.02,510,464,471,527,324
-0.52,-6.17,-7.67,0.06,0.00,-0.01,501,457,464,521,326
-0.78,-6.07,-7.37,-0.02,0.07,0.01,485,440,444,505,324
-1.06,-5.55,-8.59,-0.00,0.14,-0.01,451,406,397,460,321
-0.34,-5.42,-8.10,0.11,0.07,-0.18,397,367,354,405,318
0.89,-5.86,-8.35,0.18,0.07,-0.22,352,336,325,369,318
0.11,-6.42,-8.07,0.14,0.03,-0.03,337,322,313,355,318
0.06,-5.93,-7.61,0.01,-0.07,-0.08,333,319,310,352,317
-0.03,-6.20,-7.92,0.01,-0.02,0.02,333,319,309,350,317
-0.26,-6.09,-7.93,0.03,-0.03,0.01,333,318,309,349,317
-0.15,-5.79,-7.76,-0.03,-0.04,-0.11,345,338,325,361,317
-0.35,-5.78,-8.84,-0.17,-0.21,0.09,406,398,362,387,317
-0.29,-4.60,-8.10,-0.02,-0.09,-0.19,467,437,411,444,318
-0.90,-5.80,-8.98,-0.03,-0.23,0.04,505,459,449,496,319
0.62,-6.12,-8.13,-0.01,-0.10,-0.05,517,470,468,521,322
0.04,-5.41,-7.37,0.11,0.11,-0.03,518,471,474,527,326
-0.51,-5.96,-8.18,0.17,0.07,-0.17,508,465,468,520,325
0.26,-5.81,-7.19,0.01,0.05,-0.01,487,450,448,499,324
0.10,-5.54,-7.82,0.09,0.21,-0.11,419,401,391,436,321
0.39,-5.80,-8.15,0.19,0.14,-0.11,354,341,331,367,318
0.37,-6.70,-7.79,0.15,-0.02,-0.00,333,317,306,346,317
-0.17,-5.30,-7.87,0.11,0.01,0.08,329,311,302,342,317
-0.13,-6.73,-7.66,0.02,-0.07,-0.02,327,310,301,342,316
0.22,-6.06,-7.51,-0.11,-0.10,-0.08,330,312,303,347,317
-0.38,-5.34,-8.00,-0.21,-0.14,0.03,343,334,316,360,316
0.24,-6.88,-8.47,-0.12,-0.06,0.07,370,365,346,384,318
-1.83,-5.58,-8.13,-0.28,-0.09,-0.02,473,426,411,454,318
0.60,-5.10,-8.10,0.08,-0.02,-0.50,493,447,446,503,319
END
1.03,-5.11,-8.87,0.15,0.05,0.20,340,326,315,371,316
0.45,-6.25,-8.23,-0.01,-0.05,-0.02,351,343,326,374,316
0.37,-5.15,-8.09,-0.06,-0.13,-0.10,366,363,343,384,316
0.59,-6.26,-8.80,-0.19,-0.17,-0.01,401,410,388,425,317
-0.73,-5.39,-8.53,-0.10,-0.24,-0.00,453,439,425,475,317
0.09,-5.09,-8.17,-0.01,-0.06,-0.16,485,452,448,505,318
0.09,-4.90,-8.43,0.17,-0.05,-0.06,502,461,466,521,321
0.27,-5.08,-8.59,0.23,0.03,-0.09,507,465,473,527,322
-0.31,-6.27,-6.92,-0.04,-0.08,0.03,503,462,470,524,321
-0.65,-6.14,-7.48,-0.02,0.05,-0.08,485,446,449,499,320
-0.91,-5.92,-8.27,0.05,0.19,-0.08,433,397,386,427,317
0.24,-5.51,-8.66,0.14,0.17,-0.10,372,348,334,367,317
1.18,-6.28,-8.17,0.14,0.01,-0.12,341,326,313,350,316
1.23,-5.58,-7.85,-0.02,-0.04,0.02,335,316,307,348,316
-0.27,-4.84,-7.93,-0.08,-0.10,-0.03,336,318,311,360,316
-0.53,-6.35,-8.71,-0.08,-0.06,0.01,343,339,325,389,316
-0.22,-5.57,-8.26,-0.03,0.01,-0.00,353,353,336,404,316
-0.31,-5.17,-8.10,-0.05,-0.01,-0.05,377,376,358,440,316
0.61,-5.08,-8.56,-0.03,-0.04,-0.12,419,411,400,485,317
-0.10,-5.85,-8.57,-0.05,-0.02,0.11,475,441,437,506,319
-0.16,-5.41,-8.26,0.04,-0.02,0.03,492,452,453,512,321
-0.22,-5.17,-7.37,0.08,0.23,0.15,493,453,454,511,320
-0.11,-5.70,-8.10,-0.01,0.00,-0.05,489,451,450,508,319
0.32,-5.39,-7.82,0.04,0.06,-0.02,477,442,437,489,318
-0.22,-5.98,-8.56,-0.01,-0.03,-0.05,426,405,390,442,317
-0.24,-4.99,-8.32,0.14,-0.01,-0.14,369,359,343,388,317
-0.11,-5.93,-8.27,0.13,0.02,0.04,340,331,318,359,316
-0.34,-6.07,-7.81,0.05,0.01,-0.02,336,322,311,352,316
0.13,-5.56,-7.83,0.07,-0.03,-0.06,336,324,311,349,316
-0.05,-5.95,-8.13,-0.01,0.02,0.05,344,340,324,364,317
-0.22,-6.33,-8.24,-0.02,-0.08,-0.02,367,368,348,387,316
0.50,-5.44,-7.96,-0.24,-0.11,0.07,414,404,383,445,316
0.22,-4.55,-8.14,-0.05,-0.15,-0.15,463,432,422,484,317
-0.88,-4.72,-8.55,0.15,0.01,-0.02,487,447,446,506,317
-1.09,-5.62,-8.97,0.10,0.03,0.07,491,451,456,513,317
-0.10,-5.79,-8.27,0.08,0.04,0.04,490,450,458,513,317
END
0.17,-5.25,-7.51,0.05,-0.00,-0.08,339,324,308,358,316
-0.10,-7.06,-7.75,0.02,0.03,-0.10,349,345,323,373,316
-0.05,-5.83,-7.88,-0.01,0.02,-0.22,387,388,371,437,317
0.16,-5.95,-7.78,-0.07,0.14,-0.21,442,425,413,491,318
1.33,-5.58,-8.53,-0.02,-0.09,0.10,480,444,438,509,323
0.48,-5.23,-8.13,0.08,-0.05,0.01,500,456,460,518,328
0.01,-5.60,-7.54,0.10,-0.04,-0.08,505,460,467,521,333
-0.36,-6.09,-8.18,0.05,-0.02,0.02,497,454,458,520,337
0.51,-5.42,-7.72,0.05,-0.00,-0.09,474,435,433,513,336
-0.12,-6.01,-8.59,0.03,-0.01,0.04,431,396,384,476,326
-0.34,-5.56,-8.32,-0.00,-0.01,0.15,390,362,348,422,319
-0.14,-5.43,-8.14,0.09,0.01,-0.03,355,335,323,373,318
-0.26,-5.97,-7.80,0.06,0.01,0.06,340,323,312,353,317
-0.58,-6.06,-7.93,0.05,-0.02,-0.02,336,316,308,350,317
-0.67,-5.63,-7.72,-0.06,-0.03,-0.07,341,326,318,382,318
-0.45,-5.91,-8.28,-0.27,-0.16,0.01,399,396,384,448,321
0.37,-6.05,-9.20,-0.19,-0.08,0.29,455,433,427,494,323
-0.58,-4.69,-7.57,0.05,0.09,0.06,478,444,444,508,324
-0.75,-4.93,-7.69,0.27,0.03,-0.23,482,446,450,512,324
-1.11,-5.97,-8.01,0.11,0.01,-0.14,483,446,451,512,323
-0.39,-5.66,-8.27,0.02,0.03,-0.05,475,439,440,503,322
-1.28,-5.28,-8.60,0.15,0.14,-0.19,445,404,393,448,319
0.01,-5.58,-8.44,0.16,0.01,-0.27,396,364,350,382,317
0.37,-5.67,-7.95,0.24,0.04,0.09,357,337,324,351,316
-0.32,-6.06,-7.59,0.11,-0.04,0.02,341,322,312,343,317
-0.51,-6.04,-7.75,0.03,-0.05,-0.06,337,317,309,343,317
-0.03,-5.71,-7.75,-0.06,-0.03,-0.04,342,330,321,366,316
-0.38,-5.79,-8.23,-0.05,-0.03,-0.09,367,366,354,416,317
0.20,-6.17,-8.41,-0.04,0.00,-0.06,406,399,389,467,317
0.49,-5.59,-7.98,-0.10,-0.13,-0.01,447,425,421,510,318
-0.34,-5.31,-8.52,0.08,-0.08,-0.07,476,442,443,517,319
-0.86,-5.60,-8.49,0.14,0.09,0.02,489,450,455,516,320
0.31,-5.78,-7.56,0.04,0.06,0.02,491,451,456,515,320
0.26,-5.85,-8.67,0.06,0.11,-0.04,486,447,451,513,320
-0.61,-5.84,-7.11,-0.07,0.16,-0.00,473,433,433,503,319
0.70,-5.47,-8.74,0.03,0.12,-0.11,433,393,387,463,318
END
0.25,-5.46,-8.43,0.12,0.24,0.15,431,414,416,473,317
-0.89,-5.64,-8.87,-0.20,-0.39,0.30,477,444,447,498,317
-1.13,-4.47,-7.46,0.07,-0.03,-0.21,493,453,459,505,318
-1.22,-5.29,-8.02,0.13,0.09,0.05,496,455,463,506,320
-0.34,-5.37,-8.23,0.10,0.10,-0.11,492,452,459,503,320
-0.52,-5.59,-8.27,0.05,0.04,-0.02,487,448,454,501,320
-0.80,-5.27,-7.54,0.05,0.09,-0.03,459,425,425,477,319
-0.95,-5.31,-8.69,0.22,0.25,-0.15,398,375,367,413,317
-0.14,-5.45,-8.24,0.24,0.13,-0.14,346,333,325,363,317
0.56,-5.57,-8.10,0.09,0.03,-0.03,335,316,308,349,317
0.42,-6.86,-8.23,0.04,-0.06,-0.03,331,312,304,346,316
-0.45,-5.45,-7.98,-0.02,-0.03,0.01,333,313,305,349,316
-0.60,-5.24,-7.92,-0.19,-0.14,0.03,359,351,337,391,316
-0.53,-6.11,-8.46,-0.13,-0.14,-0.05,406,405,396,447,317
-0.01,-7.27,-9.00,0.04,0.03,0.20,458,436,434,480,320
-0.29,-5.71,-8.46,0.03,0.08,0.36,481,447,450,491,323
-0.76,-4.87,-8.31,0.26,0.08,-0.10,488,449,456,494,327
-0.55,-6.60,-8.43,0.07,0.06,-0.13,484,447,453,493,327
-1.70,-5.73,-7.82,0.01,-0.01,-0.04,479,442,447,487,326
-0.20,-5.36,-8.10,0.02,0.13,-0.30,443,413,410,450,321
-0.34,-5.46,-8.64,0.24,0.33,0.15,388,368,359,404,318
1.11,-5.94,-7.77,0.11,-0.00,-0.15,351,337,329,370,317
0.87,-5.81,-7.98,0.13,-0.03,0.05,341,325,316,355,316
-0.44,-6.36,-8.05,0.02,-0.11,0.05,338,320,312,351,316
-0.54,-5.94,-7.97,-0.01,-0.00,-0.04,344,328,318,354,316
-0.09,-5.71,-8.26,-0.01,-0.00,-0.03,378,362,344,384,316
0.73,-5.87,-8.03,-0.08,-0.07,-0.09,436,396,383,438,317
0.24,-6.30,-8.05,-0.05,-0.10,-0.16,466,418,412,475,317
0.60,-5.64,-7.65,-0.07,-0.11,0.01,482,435,432,494,319
-0.62,-5.77,-8.05,0.11,0.10,0.03,486,441,441,498,320
-0.48,-6.21,-8.32,0.17,0.04,-0.12,487,444,445,499,320
0.07,-5.67,-7.93,0.01,0.02,0.01,484,442,442,496,320
0.19,-5.62,-8.05,0.04,0.04,-0.04,477,437,436,488,318
-0.81,-5.74,-7.78,0.05,0.20,0.10,446,404,396,445,316
-0.17,-5.84,-8.30,0.10,0.17,0.07,394,357,348,391,315
0.80,-5.87,-7.97,0.04,0.02,-0.04,360,334,328,371,315
END
0.35,-5.84,-8.10,0.03,-0.10,-0.14,343,323,314,356,315
0.47,-5.93,-7.91,0.03,-0.01,-0.03,343,323,315,356,316
0.25,-5.90,-7.84,0.03,-0.01,-0.02,343,323,315,356,315
0.32,-5.88,-7.98,0.04,0.01,-0.03,343,323,315,356,316
0.31,-5.89,-8.04,0.02,0.01,-0.03,343,323,314,356,316
0.42,-5.91,-8.08,0.05,0.01,-0.04,344,325,317,361,316
0.44,-5.91,-8.10,-0.12,-0.04,0.11,370,371,365,421,316
0.06,-5.14,-8.20,-0.08,-0.04,0.06,432,421,416,476,316
-0.55,-5.46,-8.73,0.10,-0.00,0.16,478,445,447,502,319
-0.07,-5.83,-7.09,0.15,-0.03,0.01,489,452,459,506,321
0.34,-5.64,-7.60,0.03,0.10,0.03,488,450,457,506,322
0.21,-6.17,-7.71,-0.02,-0.09,-0.04,475,439,443,497,322
-0.09,-5.99,-8.18,-0.04,0.03,-0.08,427,399,395,461,319
-0.54,-5.77,-8.17,0.16,0.15,0.12,386,362,354,415,317
0.88,-5.98,-7.46,0.05,-0.09,-0.15,361,345,334,383,316
0.39,-6.06,-7.62,0.08,-0.05,-0.00,346,333,323,366,316
-0.59,-6.34,-7.85,0.03,-0.04,-0.05,342,326,318,360,316
-0.02,-6.32,-8.29,0.05,-0.03,-0.07,342,325,316,355,317
-0.19,-5.28,-7.74,-0.03,-0.04,-0.06,361,360,347,391,317
-0.43,-5.89,-8.18,-0.03,-0.06,-0.14,401,400,391,454,318
0.90,-5.78,-7.70,0.03,-0.02,0.02,436,425,420,486,321
0.09,-5.54,-7.95,0.07,-0.04,-0.09,470,441,442,503,323
-0.17,-6.14,-7.26,0.04,-0.09,-0.05,480,445,448,505,326
-1.04,-6.25,-7.14,-0.04,0.20,0.31,476,441,444,501,327
-0.04,-5.47,-7.76,0.01,0.15,-0.05,466,435,434,485,327
0.44,-6.07,-8.19,-0.04,0.07,-0.02,423,404,397,455,321
-0.27,-5.56,-7.79,0.11,0.12,0.04,368,364,358,428,317
-0.34,-6.12,-7.95,0.03,-0.06,-0.14,344,337,332,389,317
0.79,-5.86,-7.93,0.10,-0.06,-0.16,335,323,317,365,317
0.63,-6.19,-7.64,0.05,-0.08,0.01,336,319,314,357,317
-0.23,-6.50,-8.24,0.01,-0.04,-0.07,353,337,327,376,317
-0.22,-6.25,-8.03,-0.02,-0.09,-0.07,406,382,368,440,317
-0.05,-5.43,-7.76,-0.14,-0.10,0.01,485,427,406,489,319
0.15,-5.85,-8.10,0.10,-0.06,-0.17,504,446,426,500,319
-0.52,-5.95,-8.10,0.08,0.03,-0.03,510,455,439,503,320
0.25,-5.53,-7.57,0.12,0.13,-0.03,512,457,443,500,320
END