5.97,-4.01,-6.65,-0.00,0.00,0.03,517,444,444,500,330
5.65,-3.99,-7.44,0.04,-0.02,-0.04,517,443,444,500,331
5.26,-4.08,-7.39,0.03,-0.01,-0.02,517,444,445,500,331
5.36,-3.98,-7.29,0.03,-0.01,0.00,517,444,445,500,331
4.99,-3.89,-7.13,0.06,0.00,-0.04,517,444,445,500,330
5.38,-4.04,-7.35,0.06,0.01,-0.03,517,443,444,500,331
5.20,-4.56,-7.38,0.03,0.00,-0.04,517,443,444,500,331
3.93,-4.98,-7.03,-0.14,0.08,-0.01,517,443,444,499,330
3.38,-4.53,-6.91,-0.19,0.24,-0.17,516,443,444,499,331
5.28,-3.98,-6.47,-0.17,0.31,-0.27,516,443,444,499,331
5.62,-3.96,-6.09,-0.25,0.40,-0.07,516,443,444,499,331
5.86,-3.68,-6.32,-0.41,0.33,-0.44,516,443,444,499,331
5.28,-3.27,-6.12,-0.47,0.40,-0.28,516,443,444,499,331
7.20,-2.07,-6.50,-0.57,0.38,-0.42,516,443,444,499,331
6.95,-0.80,-5.84,-0.53,0.54,-0.10,516,443,444,499,331
8.28,0.66,-4.92,-0.45,0.53,-0.29,516,443,444,499,331
7.87,1.15,-4.49,-0.36,0.56,-0.37,516,443,444,499,331
9.15,1.11,-4.34,-0.44,0.43,-0.27,516,443,444,499,333
10.47,2.20,-3.91,-0.38,0.32,-0.45,516,443,443,498,335
9.71,2.71,-3.52,-0.29,0.39,-0.22,515,443,443,498,335
9.56,2.97,-3.47,-0.37,0.40,-0.11,515,443,443,498,335
7.71,2.02,-2.51,-0.24,0.42,-0.25,515,443,443,497,336
9.45,1.87,-2.28,-0.38,0.32,-0.12,515,443,443,496,341
8.81,2.21,-1.78,-0.28,0.50,-0.07,515,442,443,496,346
10.34,3.70,-1.38,-0.38,0.37,-0.30,515,442,443,496,346
11.00,4.19,-0.72,-0.19,0.32,-0.23,514,442,442,496,346
10.29,3.27,0.45,-0.30,0.32,-0.07,514,442,442,495,345
9.44,4.53,0.23,-0.07,0.40,0.11,514,442,442,495,344
10.30,3.42,-0.04,-0.10,0.24,-0.11,514,441,442,495,343
9.13,2.64,0.29,-0.11,0.20,-0.13,514,442,442,495,343
9.96,3.79,0.31,-0.14,0.27,-0.14,514,441,442,494,344
9.39,3.04,1.16,-0.02,0.21,-0.09,514,441,442,494,344
9.57,3.95,1.31,0.03,0.22,0.02,514,441,442,494,343
9.67,3.38,1.39,0.06,0.03,-0.02,513,441,441,494,343
9.25,3.06,1.34,0.05,0.05,-0.05,513,441,442,494,343
9.01,2.81,1.63,0.06,0.01,-0.04,513,441,442,494,343
END
8.97,3.11,1.53,0.03,0.01,-0.02,511,439,440,494,329
2.65,-5.08,-8.10,-0.00,-0.10,-0.05,511,439,440,493,329
2.37,-5.28,-8.31,0.00,-0.05,0.03,511,439,440,494,329
2.38,-5.08,-8.41,0.06,0.01,0.09,511,439,440,494,329
1.90,-4.83,-8.20,0.03,-0.02,0.10,511,438,440,493,329
1.72,-5.16,-8.07,-0.04,-0.06,-0.15,511,439,440,493,329
0.70,-7.00,-7.00,-0.26,0.08,-0.11,511,438,440,493,329
0.10,-5.59,-7.85,-0.34,0.39,-0.04,511,438,440,493,330
1.41,-4.49,-7.77,-0.34,0.54,0.31,510,439,439,493,329
1.67,-3.64,-7.46,-0.21,0.67,-0.05,510,439,439,493,330
3.45,-2.34,-7.88,-0.28,0.63,-0.83,511,439,439,493,330
4.38,-2.73,-6.51,-0.47,0.62,-0.61,510,439,440,493,330
5.46,-1.62,-7.23,-0.30,0.74,-0.72,510,439,439,493,330
6.53,-0.60,-6.70,-0.38,0.60,-0.46,510,439,439,493,330
8.77,-0.50,-6.01,-0.35,0.60,-0.36,510,439,439,493,331
6.66,-0.08,-5.44,-0.11,0.87,-0.27,510,438,439,492,331
7.59,0.90,-5.23,-0.50,0.43,-0.64,510,439,439,492,332
12.41,1.58,-5.23,-0.37,0.49,-0.91,510,439,439,492,333
8.54,3.03,-5.13,-0.07,0.77,-0.24,510,439,439,492,332
10.88,2.96,-4.29,-0.24,0.33,-0.12,510,439,439,492,333
7.10,2.12,-2.91,0.04,0.55,-0.13,511,439,439,492,334
10.00,2.28,-3.17,-0.27,0.31,-0.15,512,439,439,492,335
7.79,2.28,-2.05,-0.01,0.48,-0.32,513,439,440,492,337
10.58,3.67,-3.23,-0.15,0.37,-0.54,512,439,439,492,337
8.74,3.12,-1.29,0.11,0.64,0.19,512,439,439,492,336
9.61,3.08,-0.75,-0.09,0.51,0.04,512,439,440,491,338
9.23,3.19,-0.84,-0.17,0.44,-0.02,512,439,439,491,337
9.60,3.21,0.02,-0.24,0.47,-0.11,512,439,439,491,338
10.14,3.63,0.28,-0.12,0.36,-0.06,512,439,439,491,342
9.97,2.99,0.29,-0.15,0.34,-0.13,511,439,439,491,344
10.27,3.80,0.36,-0.10,0.24,-0.12,511,439,439,491,345
9.50,3.23,1.18,-0.03,0.33,0.11,511,439,440,491,344
8.72,2.81,1.65,-0.05,0.38,-0.02,511,438,439,491,343
9.53,3.03,2.04,-0.06,0.25,-0.01,511,438,439,491,343
10.09,3.19,1.97,-0.04,0.10,-0.08,510,438,439,491,342
9.42,3.07,1.94,0.05,0.05,0.00,511,438,439,491,342
END
9.41,2.83,1.98,0.00,0.00,-0.04,510,437,438,490,330
1.57,-4.85,-8.51,-0.01,-0.01,-0.03,510,437,438,490,330
0.99,-4.82,-8.76,-0.08,-0.03,-0.04,509,437,438,490,329
1.30,-4.90,-8.89,-0.04,0.02,-0.06,509,437,438,490,329
2.07,-5.23,-8.68,-0.17,-0.01,-0.11,508,436,438,490,329
0.82,-4.59,-8.76,-0.13,0.12,0.02,508,436,437,490,330
-0.61,-4.87,-8.21,-0.04,0.20,0.11,508,436,437,490,331
-0.59,-5.24,-8.08,-0.14,0.46,-0.10,508,436,437,490,331
4.70,-4.91,-8.82,-0.39,0.24,-0.35,507,436,437,490,330
3.08,-3.30,-9.10,-0.32,0.24,0.02,507,435,437,490,330
0.36,-2.23,-8.85,-0.15,0.33,0.03,507,435,437,490,329
0.06,-2.23,-8.53,-0.08,0.43,-0.16,506,435,437,490,329
2.10,-2.07,-8.60,-0.06,0.53,-0.44,506,435,436,490,329
3.23,-3.00,-8.17,-0.10,0.58,-0.32,506,435,436,490,329
5.67,-2.65,-7.33,-0.16,0.56,-0.32,506,435,436,490,329
5.29,-2.07,-7.06,-0.21,0.54,-0.41,506,435,436,490,329
5.92,-2.05,-7.06,-0.31,0.52,-0.51,506,435,437,490,329
6.99,-0.61,-6.43,-0.33,0.56,-0.46,506,435,437,490,330
9.81,0.19,-6.74,-0.54,0.36,-0.46,506,435,437,490,330
8.10,1.79,-6.50,-0.20,0.62,-0.13,505,435,436,489,330
8.79,1.20,-6.35,-0.40,0.29,-0.20,505,435,436,489,330
7.38,1.11,-5.34,-0.05,0.56,-0.33,505,435,436,489,330
6.62,0.96,-4.85,-0.34,0.38,-0.13,504,435,436,488,331
9.36,2.12,-4.44,-0.26,0.48,-0.23,504,435,436,488,331
8.43,3.04,-3.53,-0.12,0.50,-0.17,504,434,435,488,332
10.77,2.89,-4.34,-0.28,0.32,-0.01,504,434,435,488,332
7.86,2.73,-3.29,0.04,0.53,-0.28,504,434,435,487,332
9.51,2.33,-3.35,-0.34,0.16,-0.20,504,434,435,488,332
8.63,2.28,-2.20,0.05,0.56,-0.18,504,434,435,488,332
7.98,2.95,-2.18,-0.20,0.39,0.00,504,434,435,487,332
9.52,3.29,-1.04,-0.16,0.53,-0.22,504,434,435,487,333
10.25,3.27,-0.71,-0.09,0.39,-0.23,504,434,434,487,334
8.89,3.36,0.43,-0.11,0.48,-0.38,504,434,435,487,335
10.43,3.85,-0.57,-0.28,0.18,-0.25,504,434,434,487,334
8.97,3.67,0.24,0.02,0.47,0.17,504,433,434,487,335
8.92,3.27,0.85,-0.22,0.29,-0.17,503,434,434,487,335
END
10.14,4.39,0.73,-0.16,0.25,-0.04,508,435,435,487,324
1.12,-5.64,-8.08,-0.03,-0.02,-0.01,508,435,435,487,324
0.64,-5.36,-8.17,-0.05,0.02,-0.05,508,435,435,487,324
0.06,-5.07,-8.50,-0.15,0.05,-0.02,507,434,435,486,324
1.44,-5.00,-8.36,-0.20,-0.00,-0.23,507,435,435,487,324
0.32,-4.62,-8.84,-0.07,0.03,0.02,506,434,435,487,324
-0.32,-4.73,-8.00,-0.06,0.11,-0.07,506,434,435,486,325
-0.75,-5.50,-7.98,-0.14,0.30,-0.07,506,434,434,486,324
-2.00,-5.19,-7.62,-0.27,0.58,-0.60,506,434,434,486,325
3.83,-4.35,-8.74,-0.80,-0.05,0.10,505,433,434,486,325
1.43,-2.91,-8.45,0.14,0.92,0.02,505,434,434,486,325
1.22,-3.11,-8.24,-0.62,0.44,-0.07,505,434,434,486,324
5.49,-2.57,-7.63,-0.34,0.69,-0.64,505,434,434,486,325
4.72,-0.96,-7.69,-0.38,0.65,-0.38,505,434,434,486,324
7.87,0.03,-8.54,-0.34,0.51,-0.58,505,434,434,486,325
4.69,-0.74,-6.93,-0.19,0.64,-0.08,505,434,434,486,325
6.07,0.59,-6.95,-0.26,0.54,-0.69,504,434,434,486,326
7.37,0.77,-7.00,-0.52,0.19,-0.30,504,434,433,486,326
9.25,1.51,-7.25,0.08,0.61,-0.12,504,434,434,486,326
5.68,0.66,-5.46,-0.10,0.56,-0.14,504,434,434,486,326
7.34,0.78,-5.32,-0.44,0.24,-0.26,504,435,434,486,327
10.19,1.82,-5.28,-0.22,0.43,-0.36,504,434,433,485,328
6.59,2.11,-4.47,-0.11,0.48,-0.08,504,435,434,485,329
10.09,2.62,-4.94,-0.45,0.17,-0.19,504,435,434,485,329
5.51,2.61,-3.54,0.10,0.76,-0.31,505,435,434,485,331
9.10,3.20,-3.70,-0.61,0.06,-0.13,504,435,434,485,330
8.94,3.42,-2.98,0.15,0.64,-0.25,504,435,434,485,330
8.46,3.29,-2.76,-0.16,0.31,0.08,505,435,434,485,331
11.00,3.70,-2.20,-0.07,0.44,-0.35,505,435,434,485,332
7.86,3.64,-1.50,-0.18,0.40,-0.07,504,435,434,485,331
9.86,3.47,-1.06,-0.22,0.35,-0.10,504,434,433,484,332
8.69,3.67,-0.96,-0.18,0.42,-0.21,504,434,433,484,332
9.63,3.77,-0.18,-0.29,0.31,-0.28,504,434,433,484,332
8.59,4.38,0.26,-0.16,0.42,-0.15,504,434,433,484,332
9.33,4.33,0.31,-0.20,0.30,-0.21,504,434,433,484,332
9.24,4.42,0.88,-0.13,0.36,-0.20,504,434,433,484,332
END
9.33,4.77,1.08,-0.20,0.32,-0.37,508,435,434,485,326
0.78,-5.21,-8.17,-0.09,-0.00,-0.02,508,435,434,485,326
0.72,-5.05,-8.09,-0.08,0.10,-0.12,508,435,434,485,325
0.52,-4.82,-8.10,-0.01,0.17,-0.04,508,435,434,485,325
2.53,-5.38,-8.30,-0.10,0.15,-0.06,507,435,434,485,325
0.39,-6.45,-7.59,-0.13,0.25,0.11,507,434,434,485,325
-0.23,-6.28,-7.36,-0.25,0.45,0.09,507,434,434,485,325
1.91,-4.70,-7.59,-0.36,0.57,-0.32,507,434,434,485,325
5.24,-2.56,-8.98,-0.24,0.40,0.17,507,434,433,485,325
3.29,-2.05,-8.92,-0.00,0.52,0.05,508,434,434,485,325
2.60,-3.38,-8.31,-0.19,0.23,-0.19,507,435,434,485,326
3.60,-3.64,-7.57,-0.36,0.37,-0.59,507,435,434,485,326
3.61,-3.10,-7.34,-0.37,0.44,-0.29,506,434,433,485,326
5.58,-1.95,-7.65,-0.37,0.43,-0.56,506,434,433,485,326
4.90,-1.61,-7.64,-0.28,0.50,-0.25,506,434,433,484,326
5.97,-0.88,-6.99,-0.28,0.53,-0.51,506,434,433,484,327
7.85,-0.14,-6.89,-0.35,0.43,-0.66,505,434,433,484,326
9.19,1.21,-6.92,-0.28,0.43,-0.27,505,434,433,484,326
8.30,1.04,-6.72,-0.16,0.39,-0.17,505,433,433,484,326
5.07,0.07,-5.25,-0.02,0.57,-0.03,505,433,432,484,327
9.07,1.05,-5.17,-0.36,0.24,-0.43,504,433,433,484,327
6.88,1.67,-4.94,-0.09,0.55,-0.19,504,433,433,484,327
8.27,1.57,-4.67,-0.41,0.45,-0.21,504,433,432,484,328
10.34,2.30,-3.57,-0.18,0.56,-0.70,504,433,432,484,328
6.93,3.32,-3.08,-0.39,0.47,-0.22,504,433,433,484,328
10.02,3.16,-2.63,-0.33,0.51,-0.15,504,432,432,484,328
8.66,3.52,-2.28,-0.11,0.62,-0.09,503,432,433,484,329
10.34,3.48,-1.62,-0.29,0.40,-0.29,503,432,432,484,328
8.67,3.60,-0.98,-0.09,0.56,-0.36,503,432,432,483,329
8.73,4.24,-0.45,-0.26,0.44,0.02,502,432,432,483,328
10.05,4.40,0.28,-0.12,0.48,-0.18,502,432,432,483,329
8.52,4.30,0.16,-0.14,0.39,-0.15,502,432,432,484,329
9.58,3.68,1.03,-0.27,0.32,-0.22,502,432,432,483,329
8.27,4.16,1.21,-0.15,0.52,0.14,501,431,432,484,329
8.92,4.24,2.18,-0.21,0.42,0.02,501,431,432,483,329
8.80,4.82,2.12,-0.10,0.37,-0.13,501,431,431,483,329
END
9.11,4.17,2.24,-0.06,0.16,-0.14,507,434,433,484,325
0.10,-5.69,-8.04,-0.06,0.02,-0.12,507,434,433,484,325
0.75,-5.48,-8.38,-0.07,0.07,-0.09,506,434,433,483,325
0.83,-5.38,-8.22,-0.08,0.09,-0.07,506,434,433,484,325
-0.50,-5.51,-8.13,-0.10,0.15,-0.17,506,434,433,484,325
-0.52,-5.88,-7.76,-0.31,0.24,-0.20,506,433,433,484,325
1.56,-5.13,-8.08,-0.45,0.37,-0.26,506,433,433,484,325
1.51,-3.70,-8.38,-0.28,0.55,0.01,505,433,433,484,325
1.70,-2.97,-8.52,-0.30,0.54,-0.21,505,433,433,484,325
3.82,-2.81,-8.13,-0.28,0.55,-0.17,505,433,433,484,325
3.27,-2.54,-8.05,-0.24,0.58,0.10,504,433,432,483,325
3.87,-2.32,-7.97,-0.31,0.49,-0.09,504,433,432,483,325
5.30,-1.97,-7.80,-0.34,0.52,-0.60,504,433,432,483,325
6.17,-1.32,-8.15,-0.39,0.49,-0.36,504,432,432,483,325
6.85,-0.82,-7.68,-0.26,0.59,-0.37,503,432,432,483,325
5.02,-0.50,-6.47,-0.18,0.59,-0.02,503,432,432,483,326
8.77,-0.26,-6.43,-0.33,0.52,-0.62,503,432,432,483,325
6.55,1.09,-5.88,-0.20,0.66,-0.43,503,432,432,483,325
10.12,1.37,-5.90,-0.44,0.36,-0.40,503,432,432,483,325
7.77,1.90,-4.71,0.04,0.67,-0.01,502,432,432,483,326
7.62,1.83,-4.73,-0.30,0.46,-0.09,502,432,431,483,326
9.70,2.26,-4.12,-0.21,0.42,-0.72,502,432,431,483,326
7.62,2.70,-4.01,-0.34,0.29,-0.11,502,432,431,483,326
8.95,3.30,-3.33,0.04,0.63,-0.41,502,432,432,483,327
7.14,3.32,-2.23,-0.18,0.54,-0.21,502,432,431,483,328
10.37,3.84,-1.84,-0.28,0.50,-0.56,502,432,432,483,328
9.55,4.41,-1.90,-0.31,0.34,-0.18,502,431,431,483,328
9.78,4.77,-1.44,-0.17,0.36,-0.27,502,431,432,482,329
8.79,4.76,-1.31,-0.18,0.37,-0.16,502,432,431,483,329
9.26,4.13,-0.27,-0.18,0.36,-0.22,501,431,431,483,329
9.02,4.49,0.07,-0.29,0.36,-0.25,502,431,431,483,329
8.79,4.77,0.47,-0.16,0.38,0.09,501,431,431,482,329
8.49,4.96,1.08,-0.14,0.34,-0.10,501,431,431,483,328
8.99,5.31,0.86,-0.20,0.21,-0.20,501,431,431,482,328
8.37,4.88,1.45,-0.14,0.26,-0.16,501,431,431,482,329
9.02,5.02,1.44,-0.15,0.23,-0.16,500,431,430,482,329
END
8.62,5.00,2.08,-0.07,0.23,0.02,500,434,434,487,319
3.63,-6.68,-7.59,0.12,-0.12,0.35,501,434,434,487,319
2.58,-5.62,-7.47,0.00,-0.09,0.43,502,434,435,487,319
1.29,-5.16,-7.27,0.06,-0.02,0.30,503,435,435,487,319
0.75,-5.33,-7.61,0.02,-0.06,0.09,503,435,435,487,319
0.69,-6.30,-6.95,-0.07,-0.01,-0.19,503,434,435,487,319
0.62,-6.54,-7.26,-0.25,0.12,-0.27,502,434,435,487,318
0.95,-6.65,-7.23,-0.37,0.21,-0.25,502,433,434,487,319
-0.27,-6.43,-6.73,-0.42,0.61,-0.03,501,433,434,486,318
0.04,-4.93,-5.99,-0.60,0.82,-0.41,501,433,433,486,319
6.07,-2.28,-6.08,-0.72,0.59,-0.80,500,432,433,486,318
5.97,-1.03,-6.50,-0.63,0.76,-0.60,499,433,432,486,318
6.68,-0.11,-6.86,-0.72,0.67,-0.47,499,433,433,486,318
8.96,0.77,-7.04,-0.63,0.47,-0.56,499,433,433,486,319
6.45,1.54,-6.35,-0.43,0.60,-0.37,498,432,432,485,319
9.38,2.16,-6.28,-0.53,0.27,-0.33,498,432,432,485,319
9.30,2.03,-5.84,-0.25,0.44,-0.25,498,432,432,485,319
7.95,1.90,-5.29,-0.24,0.43,-0.09,498,432,432,485,319
8.64,1.96,-4.59,-0.32,0.35,-0.22,498,432,431,485,319
7.46,2.28,-4.01,-0.26,0.47,-0.30,498,432,432,484,320
7.70,2.99,-3.78,-0.32,0.43,-0.25,498,432,432,484,321
9.27,3.45,-2.76,-0.22,0.61,-0.22,498,431,431,484,321
8.59,4.22,-2.36,-0.20,0.54,0.01,498,431,431,484,321
10.67,4.78,-2.35,-0.23,0.41,-0.38,498,432,431,484,321
8.84,4.74,-2.05,-0.16,0.45,-0.26,497,432,431,484,321
9.25,3.87,-1.18,-0.16,0.46,-0.17,497,431,431,484,321
10.21,3.84,-0.70,-0.26,0.39,-0.19,497,431,431,484,321
8.70,4.40,-0.09,-0.14,0.45,0.05,497,431,431,484,321
9.19,4.62,0.78,-0.21,0.33,-0.17,497,431,431,484,322
8.76,4.92,0.46,-0.11,0.33,-0.02,496,431,430,483,321
8.99,4.53,0.98,-0.09,0.24,-0.10,496,431,430,483,321
8.98,4.74,0.87,-0.09,0.15,-0.21,496,431,430,483,321
9.02,4.81,1.16,-0.06,0.11,-0.12,496,430,431,483,321
8.85,4.66,1.36,-0.06,0.03,-0.24,496,430,430,483,321
8.56,4.82,1.28,-0.03,0.04,-0.06,496,430,430,483,321
8.62,4.74,1.63,-0.01,0.01,-0.12,496,431,430,483,321
END
8.13,4.94,1.51,0.04,0.01,-0.01,489,423,425,479,320
5.26,1.25,-8.63,-0.28,0.42,-0.11,489,423,425,479,321
5.60,1.75,-7.73,-0.10,0.50,-0.36,489,423,425,479,320
5.84,1.54,-7.16,-0.14,0.44,-0.21,489,423,425,479,320
7.70,1.18,-7.08,-0.32,0.28,-0.25,489,423,425,479,321
6.87,1.99,-6.48,-0.14,0.59,-0.34,489,423,425,479,321
7.48,2.46,-5.99,-0.18,0.34,-0.10,489,422,424,479,321
8.15,2.79,-6.26,-0.25,0.39,-0.33,489,422,425,479,322
6.30,3.18,-5.72,-0.12,0.37,0.08,489,423,425,479,322
8.99,2.63,-4.84,-0.22,0.43,-0.44,489,423,425,479,322
6.12,4.15,-4.06,-0.04,0.48,0.05,489,422,425,479,322
10.62,4.06,-4.45,-0.34,0.31,-0.37,489,422,424,479,321
6.32,4.31,-3.70,-0.03,0.46,-0.00,488,422,424,479,322
9.73,3.81,-3.67,-0.39,0.12,0.00,488,422,424,478,322
7.98,3.98,-2.59,0.04,0.58,-0.26,488,422,424,478,321
7.90,4.05,-2.81,-0.36,0.18,0.02,488,422,424,478,321
10.81,4.42,-2.20,-0.09,0.47,-0.37,488,422,424,478,321
6.29,4.77,-1.58,-0.02,0.47,-0.02,488,423,424,478,321
12.30,4.68,-1.29,-0.21,0.14,-0.40,488,422,423,478,321
5.83,5.17,-0.39,0.03,0.44,0.38,488,422,424,478,321
9.46,4.92,-0.45,-0.24,0.28,0.01,488,422,424,479,321
8.39,4.90,-0.04,-0.10,0.37,-0.28,488,422,424,478,322
9.34,5.13,-0.07,-0.17,0.30,-0.15,488,422,424,478,322
7.62,5.06,0.95,0.02,0.46,0.01,488,422,424,478,322
8.50,4.60,1.10,-0.25,0.31,-0.35,488,422,424,478,322
8.02,5.44,1.34,-0.12,0.39,-0.10,488,422,424,478,322
8.59,5.10,1.95,-0.15,0.34,-0.20,488,422,424,478,322
9.21,5.60,1.75,-0.14,0.25,-0.08,487,422,424,478,322
8.28,5.38,2.40,-0.04,0.23,0.02,487,422,424,478,322
7.79,5.18,2.52,-0.09,0.09,-0.13,487,422,423,478,322
7.87,5.29,2.57,-0.07,0.15,-0.10,487,421,423,478,322
7.70,5.53,2.73,-0.01,0.03,-0.05,487,422,423,478,322
7.49,5.30,2.90,0.01,0.02,-0.03,487,421,423,478,322
7.90,5.31,3.09,0.01,0.01,-0.06,487,421,423,478,321
7.75,5.15,3.09,0.06,-0.00,-0.04,487,421,423,478,321
7.72,5.35,2.91,0.06,-0.04,-0.06,487,421,423,478,322
END
7.92,5.44,2.93,0.10,-0.10,-0.05,500,430,431,480,318
2.35,-5.38,-8.45,-0.12,0.07,-0.11,500,430,430,480,319
1.68,-4.88,-8.64,-0.05,0.16,0.07,500,430,430,480,319
1.92,-4.94,-8.11,-0.17,0.11,0.15,499,430,430,480,319
0.69,-4.52,-7.99,-0.11,0.30,0.29,499,430,430,480,320
0.33,-4.21,-7.85,-0.18,0.54,0.20,499,430,430,480,320
2.64,-4.28,-7.88,-0.43,0.42,-0.07,498,429,430,480,321
3.82,-3.60,-8.54,-0.39,0.54,-0.39,497,429,429,480,321
3.64,-3.34,-8.51,-0.45,0.48,-0.34,497,429,429,479,321
5.44,-2.45,-8.54,-0.35,0.49,-0.39,496,428,429,479,321
2.47,-1.72,-7.62,-0.17,0.67,-0.06,496,428,429,479,321
5.99,-1.08,-7.62,-0.43,0.47,-0.76,495,428,428,479,321
4.26,-0.20,-6.54,-0.25,0.60,-0.46,495,428,428,479,322
7.26,0.21,-7.34,-0.60,0.31,-0.43,494,427,428,479,322
8.60,1.42,-6.65,-0.14,0.59,-0.36,494,427,428,479,321
6.25,1.23,-6.52,-0.28,0.50,0.12,494,427,428,479,321
7.29,1.28,-5.87,-0.07,0.55,-0.12,494,427,428,478,321
5.00,0.87,-4.74,-0.18,0.52,-0.26,494,427,428,479,321
9.68,1.43,-5.05,-0.49,0.26,-0.52,494,427,428,479,322
7.40,2.64,-4.39,0.04,0.77,-0.48,494,427,428,478,321
7.68,1.97,-4.25,-0.54,0.27,0.00,494,427,428,478,321
10.56,3.14,-3.81,0.00,0.60,-0.16,494,427,428,478,321
8.71,2.84,-2.88,-0.17,0.46,-0.11,493,426,428,478,322
8.75,2.86,-2.40,-0.26,0.43,-0.31,494,427,428,478,322
7.96,3.48,-1.85,-0.24,0.47,-0.17,493,427,428,478,322
8.99,3.42,-1.07,-0.18,0.48,-0.30,493,426,427,478,322
9.02,4.04,-0.74,-0.29,0.51,-0.46,492,426,427,478,322
8.62,4.95,-0.38,-0.20,0.49,-0.02,492,426,427,478,322
10.07,4.51,0.73,-0.22,0.43,-0.37,491,425,426,478,322
9.27,4.89,0.45,-0.25,0.39,-0.28,490,425,426,478,322
8.66,4.64,1.31,-0.18,0.34,-0.06,490,424,426,478,322
8.84,5.38,1.26,-0.21,0.23,-0.39,489,424,426,478,322
7.95,4.67,1.82,-0.16,0.25,-0.01,489,424,426,478,322
8.93,4.89,2.48,-0.18,0.22,-0.16,489,424,425,477,322
7.73,5.22,2.32,-0.09,0.27,-0.09,488,423,425,477,322
8.57,4.96,2.74,-0.09,0.20,0.04,488,423,425,477,323
END
8.69,4.98,2.80,-0.04,0.14,-0.06,496,427,428,479,320
1.60,-4.53,-8.92,0.05,0.01,0.05,496,427,428,479,320
1.64,-4.31,-8.82,0.07,0.00,-0.05,496,427,428,479,320
1.24,-4.17,-9.02,0.03,-0.05,0.01,496,427,428,479,320
0.80,-4.44,-8.66,0.05,0.03,-0.05,496,427,428,478,320
1.82,-4.48,-9.20,0.02,0.01,-0.03,496,427,428,478,320
0.77,-4.57,-8.66,0.01,0.04,0.01,495,427,428,478,320
-0.04,-4.92,-8.75,-0.18,0.15,-0.09,495,426,428,478,319
0.06,-5.30,-8.16,-0.33,0.32,-0.25,493,426,427,478,319
1.34,-4.40,-8.77,-0.58,0.33,-0.11,492,425,427,478,320
1.70,-3.07,-8.18,-0.38,0.52,-0.23,491,424,426,478,320
2.07,-2.05,-9.00,-0.52,0.32,-0.17,490,424,425,477,320
1.84,-1.43,-7.55,-0.27,0.89,-0.67,490,425,426,477,320
6.17,-0.59,-8.94,-0.83,0.12,-0.55,489,424,425,477,320
5.44,0.28,-8.54,-0.14,0.73,-0.14,489,424,425,477,320
3.85,0.84,-8.10,-0.34,0.41,-0.03,489,424,425,477,320
6.91,0.87,-8.13,-0.35,0.46,-0.45,489,424,425,477,320
2.05,0.78,-7.03,-0.04,0.77,-0.36,489,424,425,477,320
5.56,0.98,-6.52,-0.78,0.30,-0.03,488,424,425,477,321
9.40,3.03,-5.76,-0.03,0.70,-0.05,488,423,424,477,323
6.75,2.28,-5.18,-0.18,0.53,0.25,488,423,424,477,324
9.69,2.26,-5.56,-0.41,0.42,-0.46,487,423,425,477,324
5.05,2.44,-3.76,-0.16,0.74,-0.37,488,423,424,477,324
9.27,2.96,-3.96,-0.60,0.37,-0.23,487,423,425,477,325
10.22,4.45,-3.39,-0.11,0.74,-0.47,488,423,424,476,324
7.22,4.14,-2.71,-0.35,0.53,-0.22,487,423,424,476,324
12.30,4.30,-2.63,-0.41,0.40,-0.38,487,423,424,476,323
8.13,5.73,-1.62,-0.08,0.55,0.08,487,423,424,476,324
9.33,3.98,-0.56,-0.40,0.35,-0.18,487,422,424,476,324
7.85,5.85,-0.65,-0.17,0.55,0.25,487,422,423,476,324
8.72,3.40,1.19,-0.25,0.52,-0.04,486,422,422,476,325
9.05,5.07,0.62,-0.35,0.38,-0.31,486,422,423,476,324
8.95,4.47,1.56,-0.17,0.39,0.11,486,421,423,476,324
9.30,4.87,1.99,-0.16,0.30,-0.23,485,421,423,476,325
9.42,4.90,2.04,-0.12,0.24,0.05,485,421,423,476,325
9.90,5.18,1.97,0.01,0.01,-0.05,485,421,423,476,325
END
8.66,4.49,1.85,0.05,0.04,-0.01,499,427,429,477,321
1.16,-3.80,-9.50,-0.10,0.01,-0.14,498,426,428,477,321
0.30,-4.85,-8.38,-0.08,0.19,0.10,497,426,428,476,321
2.31,-4.67,-8.59,-0.20,0.18,-0.20,496,425,427,476,321
2.48,-3.09,-9.53,-0.21,0.13,-0.06,496,425,427,476,321
0.43,-3.40,-9.12,-0.07,0.25,0.05,495,425,427,476,321
1.04,-3.29,-9.00,-0.19,0.26,-0.07,495,425,427,476,321
1.11,-2.75,-8.80,0.06,0.37,0.10,494,425,427,476,321
3.32,-3.36,-8.68,-0.32,0.27,-0.44,494,425,426,476,321
2.17,-3.04,-8.58,-0.16,0.45,0.05,493,425,426,475,321
3.06,-2.30,-8.02,-0.30,0.45,-0.37,493,424,426,475,322
5.72,-1.92,-8.67,-0.39,0.40,-0.49,493,424,426,475,322
3.50,-1.32,-8.59,-0.22,0.39,0.04,493,424,426,475,322
5.99,-0.82,-8.20,-0.33,0.41,-0.44,492,424,426,475,321
2.41,-0.57,-6.81,-0.27,0.54,-0.04,492,424,425,475,322
7.18,0.34,-7.92,-0.50,0.40,-0.46,492,423,425,475,322
4.06,1.13,-7.21,-0.12,0.64,-0.16,491,423,425,475,322
6.98,2.24,-7.87,-0.60,0.18,-0.23,491,423,425,475,322
8.61,2.03,-6.96,-0.04,0.55,-0.27,491,422,424,475,322
6.92,1.34,-6.17,-0.12,0.35,0.05,491,423,425,475,322
7.65,1.79,-5.28,-0.21,0.45,-0.30,490,422,424,475,322
6.83,1.62,-5.38,-0.25,0.39,0.07,490,422,424,475,322
10.29,2.58,-4.12,-0.08,0.75,-0.50,490,422,424,475,322
6.17,3.81,-4.47,-0.23,0.38,-0.21,490,423,424,475,322
12.04,4.05,-5.10,-0.27,0.25,-0.06,489,422,424,474,322
8.55,2.79,-3.57,0.20,0.63,0.18,490,422,424,474,322
8.70,2.97,-3.74,-0.35,0.13,-0.06,489,422,424,474,321
9.47,2.53,-3.14,-0.08,0.42,-0.08,490,422,424,474,322
7.60,2.20,-2.24,-0.18,0.46,-0.20,490,422,424,474,321
11.12,3.12,-2.37,-0.37,0.21,-0.24,490,422,424,474,321
8.58,3.47,-0.81,0.12,0.67,0.02,490,422,424,474,322
9.07,4.16,-0.93,-0.37,0.18,-0.26,490,422,424,474,322
10.81,4.73,-1.52,-0.16,0.30,-0.07,490,422,424,474,321
8.89,3.88,-0.34,0.01,0.40,-0.00,490,422,424,474,321
9.91,4.18,-0.81,-0.21,0.14,-0.14,489,422,424,474,321
9.60,4.14,0.06,0.03,0.20,0.02,489,422,424,474,321
END
9.52,3.81,0.07,-0.05,0.00,-0.09,494,424,427,477,319
1.72,-4.28,-8.33,0.09,0.09,0.08,493,424,426,476,319
2.49,-4.08,-8.64,-0.05,0.03,-0.14,493,424,426,476,320
2.07,-4.17,-8.48,-0.02,0.09,-0.01,493,424,426,476,320
1.81,-4.42,-8.36,-0.12,0.08,-0.14,493,424,426,476,319
1.10,-4.41,-8.57,-0.29,0.19,-0.32,491,424,426,476,320
3.13,-5.05,-8.51,-0.61,0.14,-0.45,490,423,425,476,320
1.43,-3.18,-8.08,-0.41,0.62,-0.29,489,423,425,475,320
4.61,-1.84,-8.38,-0.63,0.32,-0.44,487,422,424,475,321
4.06,-1.08,-8.16,-0.44,0.46,-0.10,487,422,424,475,321
4.78,-0.11,-8.22,-0.49,0.39,-0.10,487,422,424,475,321
5.56,0.76,-8.27,-0.45,0.39,-0.45,486,422,424,474,321
5.99,1.28,-8.59,-0.33,0.32,-0.08,486,422,423,474,322
4.32,0.39,-7.44,-0.16,0.60,-0.15,486,422,423,474,322
6.37,1.16,-7.03,-0.44,0.38,-0.26,486,422,423,474,323
8.41,1.48,-6.76,-0.35,0.41,-0.05,486,422,423,474,324
7.37,2.68,-6.47,-0.16,0.44,0.20,486,422,423,474,325
7.16,1.79,-6.53,-0.33,0.40,-0.28,486,421,423,474,325
5.97,2.23,-5.28,-0.18,0.50,-0.06,486,421,423,474,325
9.86,2.60,-5.56,-0.45,0.34,-0.50,486,421,423,474,324
6.85,3.07,-4.41,-0.14,0.45,0.26,485,421,423,474,325
9.78,3.09,-4.03,-0.22,0.53,-0.20,485,421,423,474,325
7.78,3.79,-3.74,-0.21,0.49,-0.11,485,421,423,474,325
9.59,3.70,-3.28,-0.28,0.31,-0.06,485,421,423,473,325
9.99,3.45,-3.21,-0.09,0.46,0.13,485,421,422,474,325
9.09,2.99,-2.18,-0.07,0.42,0.17,486,420,422,473,325
10.49,3.63,-2.43,-0.14,0.21,-0.08,486,421,422,474,324
8.82,3.50,-2.15,-0.02,0.31,-0.05,485,421,423,474,324
10.29,3.40,-2.15,-0.18,0.14,-0.32,486,421,423,473,324
8.74,3.62,-1.55,-0.02,0.26,-0.25,486,421,423,474,325
9.99,3.78,-1.55,-0.19,-0.01,-0.17,485,421,423,474,324
8.42,3.98,-0.96,0.03,0.20,-0.00,485,421,423,473,325
9.16,3.93,-1.30,-0.12,0.06,-0.09,485,420,422,473,324
9.02,3.75,-0.67,-0.03,0.13,-0.12,485,421,422,473,325
9.10,4.08,-0.98,-0.07,0.10,-0.07,485,420,422,473,325
8.62,4.10,-0.43,-0.01,0.14,-0.07,485,420,422,473,325
END
8.33,3.91,-0.21,-0.12,0.19,-0.23,498,427,427,475,322
0.84,-4.77,-8.46,-0.02,0.06,-0.07,498,427,427,475,322
1.54,-4.62,-8.76,-0.09,-0.00,-0.14,498,426,427,475,322
1.54,-4.44,-8.65,0.01,0.07,-0.08,497,426,427,475,322
2.08,-4.45,-9.01,-0.02,0.01,-0.09,497,426,426,475,322
1.14,-4.68,-8.88,-0.04,0.08,-0.00,496,426,426,475,322
-0.09,-5.11,-7.87,-0.19,0.25,-0.08,495,425,426,474,322
-1.74,-4.68,-7.98,-0.25,0.63,-0.25,494,425,426,475,322
1.75,-3.61,-8.08,-0.46,0.50,-0.57,493,424,426,474,323
3.50,-3.01,-7.74,-0.60,0.47,-0.43,491,424,425,474,322
5.10,-1.45,-8.10,-0.59,0.57,-0.76,491,423,424,474,323
6.18,-0.89,-8.22,-0.56,0.30,-0.42,490,423,424,474,322
5.33,-0.14,-7.89,-0.28,0.58,-0.24,489,423,424,474,322
6.22,0.59,-8.02,-0.42,0.31,-0.24,489,422,424,474,322
7.25,0.97,-7.85,-0.28,0.43,-0.50,489,422,424,474,322
5.05,0.92,-7.44,-0.30,0.35,0.05,489,422,424,474,322
6.25,1.70,-6.81,-0.17,0.54,-0.41,489,422,423,474,322
7.71,1.84,-6.41,-0.41,0.30,-0.30,488,422,423,474,322
8.11,2.98,-6.04,-0.19,0.50,-0.24,488,422,423,474,322
7.12,2.65,-5.84,-0.28,0.32,-0.15,488,421,423,474,322
8.28,2.89,-5.42,-0.29,0.31,-0.21,487,421,423,474,323
7.08,2.89,-4.67,-0.17,0.44,-0.08,487,422,423,473,323
9.15,3.31,-4.74,-0.36,0.32,-0.34,488,421,423,474,323
7.59,3.65,-3.87,-0.19,0.47,0.02,487,422,423,474,323
9.68,4.09,-3.88,-0.44,0.23,-0.27,487,421,423,474,323
8.08,4.77,-3.22,-0.12,0.43,-0.16,487,421,423,474,323
8.16,4.06,-2.99,-0.32,0.27,0.11,487,421,423,474,323
8.74,4.57,-2.25,-0.11,0.38,-0.11,486,421,423,474,323
8.13,4.11,-1.66,-0.19,0.35,-0.02,486,421,422,473,323
9.62,4.48,-1.77,-0.22,0.34,0.06,486,421,422,473,323
7.61,4.04,-0.75,-0.04,0.47,0.25,486,421,422,473,323
9.78,4.16,-0.83,-0.26,0.21,-0.17,486,420,422,473,323
8.37,4.40,-0.10,-0.07,0.39,-0.17,485,420,422,474,323
9.20,4.34,0.01,-0.17,0.21,-0.03,485,420,422,473,323
7.95,4.29,0.75,-0.15,0.40,-0.44,485,420,422,473,323
9.46,4.43,0.60,-0.25,0.17,-0.10,484,420,422,473,323
END
8.66,4.59,1.39,-0.02,0.40,-0.08,496,426,426,475,322
0.64,-4.80,-8.39,0.05,0.10,-0.02,495,425,426,474,322
1.45,-4.90,-8.87,-0.00,0.07,-0.13,494,425,426,474,322
0.62,-5.39,-8.26,-0.08,0.06,-0.08,494,425,425,474,322
1.25,-4.98,-8.64,-0.24,0.02,-0.21,493,424,425,474,322
-0.52,-5.05,-7.98,-0.20,0.32,0.05,491,424,425,474,322
0.29,-5.05,-7.88,-0.30,0.53,-0.23,491,423,425,474,322
2.50,-3.76,-8.71,-0.53,0.35,-0.19,490,423,424,474,322
2.48,-2.79,-8.79,-0.30,0.55,-0.22,489,422,424,474,322
4.71,-2.30,-9.32,-0.44,0.28,-0.14,489,422,424,474,322
2.71,-2.03,-8.18,-0.14,0.56,-0.19,489,422,424,474,322
4.41,-2.20,-8.36,-0.51,0.23,-0.35,489,422,424,474,322
3.86,-1.21,-8.20,-0.26,0.52,-0.22,488,422,423,474,322
6.35,-0.64,-8.69,-0.49,0.23,-0.40,488,422,423,473,322
5.27,0.19,-8.15,-0.14,0.48,0.01,488,421,423,473,322
5.64,-0.09,-7.76,-0.27,0.32,-0.14,488,421,423,473,322
5.19,0.14,-7.19,-0.22,0.52,-0.40,488,421,423,473,322
5.97,0.14,-6.76,-0.34,0.38,-0.22,488,421,422,473,322
7.75,0.70,-6.31,-0.28,0.53,-0.46,487,421,423,474,323
7.62,2.05,-6.16,-0.32,0.41,-0.20,487,421,423,474,323
8.60,2.49,-6.12,-0.33,0.42,-0.37,487,421,423,473,323
7.87,3.19,-6.07,-0.22,0.33,0.01,487,421,423,473,323
8.49,3.07,-5.50,-0.19,0.38,-0.22,487,421,422,473,323
7.85,2.71,-5.14,-0.14,0.36,0.02,487,421,422,473,323
8.39,2.51,-4.39,-0.22,0.40,-0.14,487,421,422,473,322
7.70,3.31,-3.66,-0.16,0.42,-0.04,486,420,422,473,323
8.47,3.17,-3.33,-0.22,0.45,-0.19,487,421,422,473,323
8.93,3.21,-2.85,-0.17,0.44,0.06,486,420,422,472,323
9.27,3.30,-2.94,-0.21,0.51,-0.21,486,420,422,472,323
8.12,3.55,-1.56,-0.07,0.56,0.07,486,421,422,472,324
10.03,3.22,-1.31,-0.34,0.39,-0.20,486,420,422,473,323
9.27,3.98,-0.46,-0.17,0.43,0.02,485,420,422,473,324
9.83,3.69,-0.46,-0.15,0.34,0.07,485,420,422,473,324
10.83,3.98,-0.09,-0.13,0.33,-0.12,485,420,422,473,323
9.86,4.23,-0.47,-0.09,0.22,-0.06,485,420,422,473,324
8.15,4.25,0.17,0.02,0.31,-0.15,485,420,422,473,324
END
9.17,3.96,0.42,-0.18,0.17,-0.35,496,425,426,474,322
0.98,-5.01,-8.39,-0.09,0.14,-0.18,496,425,426,474,322
1.69,-4.98,-8.94,-0.05,0.11,-0.08,495,425,426,474,322
1.44,-4.29,-9.16,-0.05,0.02,-0.07,494,425,426,474,322
1.09,-4.26,-8.70,-0.03,0.05,-0.00,493,424,425,474,322
0.85,-4.82,-8.23,0.01,0.14,-0.08,493,424,425,474,322
0.28,-4.64,-8.10,-0.22,0.27,-0.22,492,424,425,474,322
2.16,-3.92,-8.36,-0.34,0.23,-0.63,491,423,424,474,322
3.18,-4.22,-8.73,-0.42,0.19,-0.35,489,423,424,474,322
2.76,-2.96,-8.94,-0.25,0.42,-0.30,488,422,424,473,323
1.28,-2.73,-8.43,-0.20,0.46,-0.05,488,422,424,473,322
3.23,-2.25,-8.00,-0.32,0.58,-0.51,488,422,423,474,322
3.70,-1.62,-7.72,-0.44,0.52,-0.30,487,422,423,474,321
7.60,0.43,-8.45,-0.46,0.54,-1.15,486,421,423,473,322
6.46,0.57,-9.06,-0.56,0.15,-0.07,486,421,423,474,322
6.18,0.83,-8.18,0.14,0.83,-0.22,486,421,423,473,322
4.69,0.09,-6.96,-0.75,0.05,-0.37,485,421,423,473,322
8.72,1.56,-7.64,-0.38,0.38,-0.06,485,421,422,473,322
3.19,1.67,-5.75,-0.03,0.84,0.29,485,421,423,473,322
10.49,2.28,-6.73,-0.55,0.29,-0.50,485,420,422,473,322
7.65,2.60,-4.71,-0.25,0.64,-0.33,484,420,422,473,322
6.31,3.47,-4.71,-0.47,0.52,-0.04,484,420,422,473,322
8.86,3.37,-4.24,-0.47,0.47,-0.35,484,420,422,473,322
8.40,3.87,-3.23,-0.28,0.63,-0.24,484,419,422,473,322
9.43,3.63,-3.08,-0.46,0.36,-0.03,483,419,421,473,322
9.31,4.82,-2.37,-0.24,0.62,-0.42,483,419,421,473,322
8.13,5.17,-1.94,-0.49,0.26,-0.02,483,419,421,473,323
10.04,5.24,-1.22,-0.11,0.61,-0.30,483,419,421,472,322
6.96,5.23,-0.94,-0.31,0.32,0.18,483,419,421,472,322
9.76,3.70,-0.44,-0.15,0.38,-0.21,482,419,421,473,323
6.60,5.08,-0.03,-0.19,0.39,-0.06,482,419,421,472,323
10.25,4.67,0.40,-0.37,0.15,-0.28,482,418,420,472,322
6.36,5.40,0.69,-0.05,0.52,-0.12,482,418,420,472,323
9.73,5.20,1.63,-0.34,0.17,-0.15,481,418,420,472,323
8.51,5.85,1.60,-0.10,0.39,-0.16,481,418,420,472,323
9.38,5.68,1.61,-0.16,0.15,-0.00,481,418,420,472,323
END
8.57,5.51,1.90,-0.03,0.18,-0.12,490,424,424,473,321
1.48,-4.05,-8.26,-0.33,0.30,-0.30,490,423,424,473,321
4.60,-3.36,-9.00,-0.30,0.24,-0.57,489,423,424,473,321
1.39,-3.30,-8.30,-0.21,0.36,-0.21,489,423,424,473,321
5.58,-2.48,-9.05,-0.42,0.24,-0.74,489,423,423,473,321
2.40,-2.01,-8.51,-0.08,0.51,-0.19,488,422,423,473,321
6.32,-1.39,-8.50,-0.40,0.29,-0.30,487,422,423,472,322
4.14,-1.13,-7.95,-0.06,0.44,0.01,487,422,423,472,322
5.94,-0.90,-8.44,-0.40,0.25,-0.22,487,421,423,472,321
5.29,-0.75,-7.69,-0.09,0.47,-0.23,487,421,423,472,322
5.08,-0.67,-7.61,-0.22,0.43,-0.10,486,421,423,472,322
6.73,-0.39,-7.47,-0.24,0.44,-0.39,487,421,422,472,322
7.33,0.21,-6.88,-0.10,0.49,-0.11,486,421,422,472,322
6.08,0.24,-6.33,-0.12,0.62,0.07,486,421,422,472,322
8.06,0.70,-5.81,-0.24,0.52,-0.30,486,421,422,472,322
7.41,1.41,-5.56,-0.28,0.45,-0.37,485,421,422,472,323
8.79,1.67,-5.73,-0.42,0.35,-0.29,485,421,422,472,323
8.79,2.40,-4.25,-0.13,0.67,-0.57,485,420,422,472,323
9.19,2.20,-4.46,-0.50,0.20,-0.12,485,420,422,471,323
10.29,3.14,-3.45,-0.05,0.56,-0.30,484,420,421,472,322
7.95,2.81,-2.87,-0.36,0.38,-0.08,484,420,421,472,323
12.44,3.78,-3.29,-0.22,0.29,-0.26,484,420,421,471,323
8.29,3.83,-2.61,-0.01,0.53,-0.04,484,420,421,472,324
9.50,3.80,-2.25,-0.28,0.26,-0.07,483,420,421,472,324
9.13,3.88,-1.14,-0.05,0.52,-0.49,483,420,421,472,324
8.16,3.80,-1.07,-0.35,0.24,-0.00,482,419,421,471,324
8.67,3.49,0.52,-0.26,0.49,-0.68,483,419,421,472,324
7.90,4.94,0.03,-0.45,0.12,0.10,482,419,420,471,324
9.77,4.69,0.60,0.02,0.48,0.05,481,418,420,471,324
9.01,4.41,0.32,-0.18,0.30,0.07,481,418,420,471,324
8.85,4.35,0.91,-0.11,0.33,0.01,481,418,420,471,324
7.62,4.96,1.32,-0.05,0.39,-0.01,481,419,420,471,324
9.32,4.42,1.71,-0.02,0.25,0.23,481,418,420,471,325
8.76,3.35,2.48,0.03,0.30,-0.20,481,418,420,471,325
9.20,3.78,1.84,-0.07,0.15,0.04,481,418,420,471,325
10.15,4.05,2.50,0.04,0.07,-0.10,481,418,419,471,325
END
9.25,3.84,2.20,0.07,-0.04,-0.06,486,420,422,472,321
-0.14,-4.61,-8.76,-0.12,0.09,-0.19,485,420,422,472,321
0.31,-4.31,-8.87,-0.07,0.18,-0.12,485,420,422,472,321
0.79,-4.63,-9.08,-0.16,0.18,-0.15,485,419,422,472,321
2.03,-4.08,-9.32,-0.22,0.16,-0.13,485,420,422,472,321
0.28,-3.63,-8.97,-0.10,0.24,0.06,485,419,422,471,321
1.82,-3.42,-9.22,-0.22,0.26,-0.29,484,419,422,472,321
2.10,-3.09,-9.19,-0.21,0.29,-0.21,484,419,422,472,322
2.95,-2.63,-9.39,-0.18,0.22,-0.32,484,419,421,472,321
3.08,-2.28,-9.57,-0.23,0.09,-0.23,484,419,421,471,321
1.84,-2.22,-9.05,-0.10,0.22,-0.02,483,419,421,472,321
1.92,-2.15,-8.70,-0.15,0.32,-0.19,483,419,421,472,321
3.44,-1.80,-8.83,-0.21,0.36,-0.35,483,419,421,471,322
4.25,-1.39,-8.97,-0.14,0.34,0.01,483,419,421,471,321
2.99,-1.26,-8.66,-0.08,0.45,0.03,483,419,421,471,322
4.72,-1.19,-8.28,-0.18,0.40,-0.31,483,419,421,471,322
4.86,-1.39,-8.16,-0.13,0.35,-0.02,483,419,420,471,321
5.13,-0.93,-7.72,-0.15,0.52,-0.10,482,419,421,471,322
5.66,-0.70,-7.39,-0.25,0.52,-0.32,482,419,421,471,322
6.53,-0.27,-7.32,-0.30,0.49,-0.28,482,419,421,471,322
6.77,0.17,-6.68,-0.24,0.55,-0.23,482,419,421,471,323
7.66,0.95,-6.38,-0.29,0.54,-0.36,482,419,421,471,323
8.10,1.15,-6.27,-0.28,0.47,-0.21,482,419,420,471,323
7.63,1.84,-5.15,-0.20,0.57,-0.20,482,418,420,471,323
8.64,1.81,-5.48,-0.31,0.43,-0.21,481,418,420,471,323
9.15,2.71,-4.34,-0.16,0.49,-0.33,481,418,420,471,323
9.53,2.84,-4.80,-0.24,0.33,-0.14,481,418,420,471,323
8.34,2.94,-3.94,-0.00,0.43,0.04,481,418,420,471,323
9.31,2.43,-3.53,-0.17,0.28,-0.27,481,418,420,471,323
9.65,2.79,-3.23,-0.13,0.35,-0.18,481,418,420,471,323
8.38,3.05,-2.74,-0.06,0.32,-0.05,481,418,420,471,323
9.22,3.04,-2.18,-0.13,0.33,-0.21,481,418,420,471,323
8.42,3.18,-1.67,-0.14,0.40,-0.24,481,418,420,471,323
9.15,3.57,-1.60,-0.19,0.29,-0.05,481,418,420,471,323
9.35,3.93,-1.23,-0.09,0.35,-0.03,481,418,420,471,323
9.11,3.93,-0.94,-0.10,0.32,-0.11,481,418,420,471,323
END
7.44,3.52,-0.60,-0.12,0.27,-0.12,488,421,423,472,321
0.75,-4.41,-8.58,0.02,-0.12,-0.04,488,421,423,471,321
0.39,-5.05,-8.69,0.05,-0.02,-0.05,488,421,423,472,321
0.90,-4.87,-8.79,0.01,-0.02,-0.02,488,421,423,471,321
0.55,-4.71,-8.97,0.04,0.02,-0.02,488,421,423,471,321
0.50,-4.48,-8.85,-0.04,0.07,-0.06,487,421,423,472,321
0.02,-4.60,-8.51,0.01,0.14,-0.01,487,421,423,471,321
-0.38,-4.84,-7.76,-0.16,0.30,-0.20,486,420,422,471,321
1.34,-4.26,-8.94,-0.39,0.35,-0.27,484,420,421,470,321
1.08,-3.61,-8.68,-0.29,0.51,-0.39,483,420,421,471,321
2.72,-2.91,-8.91,-0.42,0.38,-0.34,482,420,421,470,321
1.64,-2.49,-8.35,-0.26,0.51,-0.30,482,419,420,470,321
5.70,-2.15,-8.63,-0.45,0.37,-0.33,481,419,420,471,321
5.13,-1.46,-8.89,-0.29,0.47,-0.17,481,419,420,470,321
3.63,-1.10,-8.47,-0.29,0.38,0.25,481,419,420,470,321
5.45,-0.75,-7.57,-0.21,0.44,-0.28,481,419,420,470,321
3.38,-0.45,-7.75,-0.33,0.42,0.11,481,419,420,470,322
7.44,0.92,-7.40,-0.22,0.61,-0.41,480,418,420,470,322
4.80,1.18,-6.62,-0.26,0.49,-0.23,480,418,420,470,322
8.52,1.41,-7.46,-0.44,0.39,-0.22,480,418,419,470,322
9.04,2.28,-6.76,-0.10,0.54,-0.30,480,418,419,469,322
7.65,1.21,-6.42,-0.24,0.32,-0.06,480,418,419,469,323
7.01,1.95,-5.91,-0.14,0.45,-0.33,480,418,419,469,323
7.21,1.51,-5.51,-0.23,0.34,-0.14,480,418,419,469,322
9.42,2.15,-4.85,-0.20,0.46,-0.43,480,418,419,469,322
7.29,3.29,-4.34,-0.23,0.44,-0.12,480,418,419,469,323
9.51,3.27,-4.34,-0.31,0.41,-0.07,480,418,419,470,323
6.92,3.57,-3.70,-0.07,0.63,-0.20,479,417,419,469,323
8.48,3.47,-3.50,-0.28,0.27,0.05,479,417,418,470,323
9.23,3.82,-2.89,-0.01,0.53,-0.22,479,417,418,469,323
8.94,3.68,-2.76,-0.19,0.36,0.02,479,417,418,469,323
9.48,3.74,-1.74,-0.03,0.50,-0.04,479,417,418,469,323
9.27,3.49,-1.55,-0.11,0.36,0.12,479,417,418,469,323
9.73,3.57,-0.59,-0.04,0.45,-0.38,479,417,418,469,323
8.07,4.21,-0.60,-0.16,0.34,-0.13,479,417,418,469,323
10.76,4.30,-0.49,-0.13,0.21,-0.14,479,417,418,469,323
END
7.87,3.60,-0.24,-0.03,0.34,0.20,491,424,425,473,320
0.48,-5.03,-8.78,-0.03,0.01,-0.11,491,423,425,473,320
-0.11,-4.85,-8.61,-0.02,0.04,-0.07,490,423,425,473,319
-0.10,-4.74,-8.16,-0.07,0.11,-0.13,489,422,424,473,320
0.51,-4.71,-8.43,-0.10,0.23,-0.19,487,422,423,472,320
0.80,-4.67,-8.48,-0.19,0.17,-0.26,486,421,423,472,320
0.74,-4.62,-8.80,-0.33,0.22,-0.30,485,421,422,472,320
0.61,-3.88,-8.15,-0.34,0.43,-0.47,484,420,422,471,320
2.52,-3.06,-8.75,-0.42,0.33,-0.30,483,420,422,471,320
3.00,-2.28,-8.16,-0.24,0.63,-0.50,483,419,421,471,320
3.49,-1.99,-8.64,-0.43,0.38,-0.19,482,419,421,471,320
4.20,-1.36,-8.29,-0.32,0.55,-0.38,482,419,421,471,320
5.76,-1.26,-8.19,-0.38,0.36,-0.15,482,419,421,471,320
4.08,-0.49,-7.76,-0.19,0.58,-0.03,481,419,421,471,320
5.28,0.09,-7.90,-0.50,0.33,-0.45,481,419,421,471,320
6.34,0.89,-7.46,-0.28,0.53,-0.26,481,418,420,471,320
7.62,1.37,-6.99,-0.30,0.48,-0.47,481,418,420,471,320
7.52,1.45,-7.39,-0.29,0.29,-0.04,481,418,420,471,320
6.64,1.62,-6.97,-0.14,0.42,-0.10,481,418,419,471,320
7.76,1.40,-6.47,-0.31,0.22,-0.06,480,417,419,471,320
7.78,2.04,-5.98,-0.13,0.43,-0.15,480,418,419,471,320
7.81,2.48,-5.69,-0.25,0.32,-0.18,480,418,419,471,320
7.73,2.57,-5.47,-0.22,0.38,-0.16,481,418,419,471,320
8.80,2.43,-5.09,-0.17,0.32,-0.01,480,418,419,471,320
7.33,2.38,-4.26,-0.04,0.47,0.09,481,418,419,471,321
8.69,2.67,-4.13,-0.31,0.30,-0.27,480,418,419,471,320
8.61,3.41,-3.68,-0.17,0.38,-0.02,480,417,419,470,321
8.54,3.65,-3.37,-0.22,0.38,-0.35,480,417,419,470,321
11.36,3.24,-3.70,-0.24,0.23,-0.00,480,417,419,470,320
8.34,3.56,-2.48,0.20,0.54,0.16,480,417,418,470,321
9.53,3.28,-2.48,-0.30,0.17,-0.11,480,417,419,470,321
9.07,3.71,-1.99,-0.02,0.39,-0.17,480,417,419,470,320
8.64,3.77,-1.43,-0.17,0.23,-0.06,480,417,419,470,321
9.48,3.39,-1.06,-0.16,0.29,-0.24,481,417,419,470,321
8.62,3.80,-0.89,-0.09,0.29,0.06,480,417,419,470,321
9.83,4.33,-0.29,-0.09,0.36,-0.18,481,417,419,469,320
END
9.65,4.78,-0.17,-0.05,0.27,-0.05,490,423,423,472,318
0.56,-5.20,-8.53,0.02,0.02,-0.21,490,423,423,472,319
0.22,-5.10,-8.38,-0.12,0.07,-0.21,489,423,423,472,318
0.35,-5.01,-8.55,-0.42,0.10,-0.23,488,422,423,472,319
1.08,-4.47,-8.38,-0.51,0.37,-0.26,486,420,422,472,319
2.19,-3.10,-8.94,-0.42,0.35,-0.36,484,420,421,472,319
1.62,-2.33,-9.07,-0.28,0.42,-0.11,483,420,421,472,319
2.66,-2.02,-9.38,-0.30,0.34,-0.10,483,419,421,472,319
1.23,-1.87,-8.60,-0.17,0.44,-0.15,483,419,420,472,319
4.54,-1.26,-8.70,-0.31,0.40,-0.52,482,419,421,472,320
4.60,-0.93,-9.04,-0.20,0.40,-0.13,482,419,420,472,319
4.77,-1.52,-8.64,-0.27,0.33,-0.01,482,419,420,471,319
3.75,-1.48,-8.05,-0.24,0.40,0.22,482,419,420,471,319
5.14,-0.62,-7.78,-0.31,0.42,-0.06,482,419,420,471,319
5.86,0.34,-7.86,-0.29,0.51,-0.25,481,418,419,471,319
7.24,0.99,-7.43,-0.29,0.51,-0.55,481,418,420,470,320
7.02,1.26,-7.57,-0.22,0.42,-0.16,481,418,419,470,319
8.14,1.50,-7.06,-0.21,0.37,-0.27,481,418,419,471,320
6.47,1.75,-6.42,-0.13,0.42,-0.04,480,418,419,470,320
7.87,1.61,-6.65,-0.25,0.27,-0.22,480,417,419,471,319
6.88,1.77,-5.71,-0.13,0.46,-0.23,480,417,419,470,320
8.36,2.11,-5.47,-0.31,0.31,-0.28,480,417,419,470,320
7.35,2.84,-4.36,-0.11,0.57,-0.42,479,417,419,470,319
7.90,3.12,-4.49,-0.36,0.26,0.02,479,417,419,470,320
9.92,3.72,-4.19,-0.09,0.45,-0.27,479,417,418,470,320
7.47,3.90,-4.21,-0.10,0.32,-0.01,479,417,418,470,320
9.07,3.49,-4.06,-0.14,0.31,-0.03,479,417,418,470,320
6.93,3.24,-3.27,-0.01,0.48,-0.06,479,417,418,470,320
8.89,3.99,-2.91,-0.23,0.19,-0.10,479,417,418,470,320
8.54,4.19,-2.04,0.07,0.47,-0.32,479,417,418,470,320
8.29,4.17,-1.74,-0.11,0.27,-0.02,479,417,419,470,320
10.08,3.91,-1.86,0.00,0.27,0.07,479,417,419,470,320
8.50,4.10,-1.45,0.08,0.33,0.00,479,417,419,470,320
9.41,3.72,-1.45,-0.12,0.18,-0.09,479,417,419,470,320
10.09,3.46,-0.59,-0.04,0.33,-0.16,479,417,417,470,320
9.19,3.78,-0.47,-0.08,0.22,0.06,479,417,419,469,321
END
5.49,-3.13,-6.26,0.04,-0.20,-0.19,496,441,449,497,350
4.97,-3.94,-7.98,0.08,-0.04,-0.05,496,441,449,497,350
4.86,-4.22,-7.68,0.11,-0.05,-0.01,496,441,449,497,350
4.74,-4.61,-7.67,0.07,-0.07,-0.04,496,441,449,497,350
4.70,-4.48,-7.57,0.05,-0.04,0.05,496,440,449,497,350
4.20,-4.52,-7.39,0.00,-0.01,0.01,496,440,449,497,350
3.96,-5.00,-7.45,-0.08,0.01,-0.00,496,441,448,496,350
2.76,-5.33,-7.15,-0.19,0.09,-0.17,496,441,448,497,350
4.10,-4.40,-6.84,-0.26,0.29,-0.33,496,441,448,496,351
5.73,-3.07,-7.44,-0.34,0.24,-0.39,495,440,447,496,350
5.54,-2.65,-7.47,-0.32,0.19,-0.17,494,440,447,495,351
4.99,-2.55,-7.66,-0.24,0.22,-0.10,494,440,447,495,350
3.79,-2.43,-7.35,-0.22,0.27,-0.41,494,440,446,495,351
6.54,-1.46,-7.10,-0.31,0.22,-0.32,494,440,446,495,351
7.49,-0.67,-7.35,-0.19,0.25,-0.04,493,440,446,495,351
6.93,-0.57,-7.00,-0.23,0.24,-0.13,493,440,446,495,350
6.22,-0.37,-6.83,-0.17,0.27,-0.12,493,440,445,494,351
5.89,-0.64,-6.38,-0.19,0.31,-0.07,493,440,445,494,350
7.49,-0.05,-5.69,-0.27,0.31,-0.42,493,440,445,494,351
8.38,0.82,-5.61,-0.29,0.32,-0.34,493,440,445,494,351
8.92,0.79,-5.71,-0.28,0.24,-0.10,493,439,445,493,350
7.72,0.78,-5.82,-0.15,0.39,-0.01,492,439,445,493,351
8.48,0.97,-5.51,-0.24,0.29,-0.25,493,439,444,493,351
9.50,1.24,-5.38,-0.23,0.27,-0.24,493,439,445,493,351
8.00,2.12,-4.58,-0.05,0.44,-0.16,493,439,444,493,351
9.23,1.95,-4.25,-0.27,0.27,-0.09,492,439,444,493,351
9.17,2.02,-3.27,0.05,0.43,-0.13,493,439,445,493,352
8.30,2.32,-3.70,-0.06,0.33,-0.07,493,439,444,493,352
9.93,2.40,-3.49,-0.19,0.27,-0.20,493,439,444,492,352
8.85,2.21,-2.90,0.01,0.37,-0.07,493,439,444,492,352
10.19,2.51,-2.92,-0.16,0.21,-0.26,493,439,444,492,352
8.36,2.62,-2.21,-0.03,0.40,0.02,492,439,444,491,352
8.96,2.78,-1.75,-0.18,0.31,-0.20,492,438,444,491,353
8.80,3.21,-1.45,-0.11,0.34,-0.09,492,438,443,491,352
9.86,3.10,-0.96,-0.14,0.26,-0.07,492,438,443,491,353
9.73,3.45,-0.57,-0.10,0.26,-0.30,492,438,443,490,354
END
8.56,2.99,-0.70,-0.11,0.24,-0.03,489,435,440,488,348
2.74,-5.63,-8.64,-0.10,-0.05,-0.11,489,435,440,488,348
1.33,-4.68,-8.33,0.03,0.08,0.09,489,435,440,488,347
2.37,-4.30,-8.70,-0.04,0.02,-0.08,489,435,440,488,347
2.41,-4.66,-8.89,0.03,-0.03,-0.07,489,435,440,488,347
2.40,-5.03,-8.82,0.02,-0.10,-0.04,488,435,439,488,347
0.70,-5.10,-8.19,0.03,0.00,0.06,488,435,439,488,347
-1.08,-5.97,-7.52,-0.19,0.30,-0.31,488,435,439,488,347
1.36,-5.87,-8.19,-0.34,0.44,0.11,487,434,439,488,347
2.33,-3.32,-8.44,-0.19,0.73,-0.33,487,435,439,487,348
2.88,-2.82,-7.88,-0.52,0.42,-0.16,487,435,439,488,348
6.16,-2.52,-8.66,-0.35,0.30,-0.60,487,435,439,488,348
4.54,-2.45,-8.43,-0.12,0.45,-0.28,486,434,439,488,348
6.75,-2.14,-8.82,-0.39,0.13,-0.34,486,434,439,488,348
4.76,-1.86,-8.30,-0.05,0.33,-0.10,486,434,439,487,348
4.47,-2.08,-8.13,-0.17,0.22,0.10,485,434,438,487,348
4.62,-1.76,-7.26,-0.08,0.37,-0.44,485,434,438,487,348
5.42,-1.31,-7.40,-0.37,0.16,-0.15,485,434,438,487,347
7.28,-0.18,-7.14,-0.03,0.44,-0.44,485,434,438,486,347
5.42,-0.57,-6.75,-0.16,0.38,-0.11,485,434,438,486,347
9.73,-0.27,-7.09,-0.11,0.38,-0.66,485,434,438,486,347
4.49,0.34,-6.04,-0.10,0.66,-0.76,485,433,438,487,348
6.42,0.60,-5.23,-0.50,0.32,-0.01,485,433,438,486,348
10.46,1.76,-5.08,-0.17,0.47,-0.35,485,433,438,487,348
8.79,2.11,-5.39,-0.15,0.41,-0.18,484,433,438,486,348
7.41,1.99,-4.16,-0.11,0.44,-0.05,484,433,438,486,348
8.99,1.52,-3.98,-0.22,0.35,-0.21,484,433,438,486,348
9.49,2.06,-3.49,-0.15,0.42,-0.08,484,433,437,486,349
7.88,2.38,-2.35,-0.05,0.56,-0.18,484,432,437,486,349
9.70,2.48,-2.81,-0.22,0.37,-0.15,483,432,436,485,349
9.69,2.66,-2.24,-0.08,0.43,-0.26,483,432,436,485,349
8.69,2.39,-2.53,-0.12,0.37,0.02,484,432,436,485,349
10.66,2.66,-1.82,-0.14,0.34,-0.24,483,432,436,485,350
9.21,3.00,-1.56,-0.02,0.38,-0.16,484,432,437,485,350
9.83,2.82,-1.19,-0.07,0.27,0.13,483,432,436,484,350
8.66,2.82,-0.25,0.04,0.49,0.02,483,432,436,484,351
END
10.75,2.97,-0.45,-0.23,0.16,-0.19,484,431,437,485,343
1.84,-4.57,-8.74,0.02,-0.04,-0.04,483,431,436,485,343
0.69,-4.80,-8.37,-0.02,0.04,-0.07,483,431,436,485,343
1.49,-5.56,-8.38,-0.10,0.11,-0.03,483,431,436,485,343
1.54,-3.96,-8.47,-0.14,0.16,-0.01,483,431,436,485,343
0.69,-3.78,-8.75,-0.09,0.25,-0.07,483,431,436,485,343
2.03,-4.68,-8.25,-0.23,0.33,-0.55,483,431,436,485,343
4.26,-3.89,-9.04,-0.35,0.16,-0.30,483,431,436,485,343
2.31,-2.91,-8.72,-0.06,0.42,0.04,482,431,436,485,343
1.98,-3.07,-8.43,-0.21,0.35,-0.29,482,430,436,485,343
3.95,-3.14,-8.09,-0.30,0.37,-0.22,482,430,436,485,343
3.92,-1.92,-8.05,-0.26,0.47,-0.21,482,430,435,485,343
5.59,-0.64,-8.58,-0.18,0.38,-0.59,481,430,435,485,343
5.85,-1.47,-8.15,-0.17,0.34,-0.03,480,430,435,484,344
5.76,-0.98,-8.04,-0.10,0.36,-0.10,479,430,434,484,344
5.41,-0.85,-8.03,-0.22,0.27,-0.34,479,430,434,484,344
5.81,-0.63,-7.18,-0.16,0.39,-0.15,479,430,434,484,344
6.43,-0.57,-7.09,-0.25,0.38,-0.38,479,430,434,484,344
7.11,0.14,-6.67,-0.23,0.42,-0.26,479,430,434,484,345
7.08,0.48,-6.45,-0.20,0.46,-0.11,479,430,434,484,345
7.77,1.16,-6.20,-0.20,0.42,-0.24,479,430,434,484,345
8.11,1.75,-6.30,-0.16,0.38,-0.31,479,430,434,484,346
8.47,1.51,-6.14,-0.16,0.35,-0.20,479,430,434,484,345
8.43,1.42,-5.00,-0.03,0.44,-0.26,479,430,434,483,345
8.41,1.24,-4.50,-0.13,0.38,-0.14,479,430,434,483,345
8.10,1.99,-4.21,-0.13,0.40,-0.15,479,430,434,483,346
9.31,2.16,-3.65,-0.12,0.19,-0.11,478,429,433,483,349
8.92,2.76,-3.65,-0.11,0.31,-0.08,479,429,434,482,349
8.91,2.82,-3.78,-0.11,0.26,-0.03,479,430,434,482,348
8.73,2.38,-3.35,-0.00,0.38,0.06,479,430,434,482,348
7.93,2.25,-2.47,-0.02,0.45,-0.09,479,430,434,482,348
9.80,2.77,-2.24,-0.17,0.30,-0.27,479,430,434,482,349
9.63,2.81,-2.07,-0.06,0.32,-0.02,479,429,434,482,348
9.96,2.99,-1.76,-0.07,0.32,-0.19,479,429,434,482,349
9.40,2.97,-1.39,-0.02,0.40,-0.03,479,429,433,481,349
9.96,3.16,-0.75,-0.01,0.34,-0.15,479,429,433,481,349
END
10.08,3.24,-0.88,-0.03,0.26,-0.11,482,430,434,482,341
1.23,-5.25,-8.12,-0.08,0.16,-0.01,481,430,434,482,342
1.16,-4.62,-8.26,-0.10,0.26,-0.14,481,430,434,482,342
2.19,-4.29,-8.48,-0.10,0.23,-0.24,480,430,434,482,342
2.55,-3.99,-9.66,-0.08,0.13,-0.41,480,430,434,482,342
2.94,-4.92,-8.05,-0.11,0.11,-0.19,480,430,433,482,342
2.30,-4.83,-8.20,-0.20,0.21,-0.08,480,430,433,482,343
2.49,-3.77,-8.05,-0.17,0.35,-0.16,479,429,433,481,343
3.56,-3.41,-8.48,-0.32,0.29,-0.24,479,429,433,481,342
4.55,-2.76,-8.48,-0.28,0.30,-0.32,479,429,433,481,342
3.42,-2.60,-8.16,-0.26,0.33,-0.20,478,429,433,481,343
4.66,-1.99,-8.18,-0.29,0.34,-0.27,479,429,433,481,342
3.99,-1.74,-7.49,-0.17,0.45,-0.10,478,429,433,481,342
6.22,-1.31,-7.42,-0.28,0.42,-0.27,478,429,432,481,343
6.37,-0.41,-7.04,-0.22,0.53,-0.34,478,429,432,481,342
6.59,-0.02,-7.62,-0.21,0.34,0.04,478,428,432,481,343
6.07,-0.21,-6.20,-0.06,0.53,-0.46,478,428,433,481,343
6.34,0.17,-6.63,-0.46,0.22,-0.24,478,428,432,481,344
9.21,0.55,-6.81,-0.27,0.34,-0.21,478,428,432,481,344
6.33,0.45,-5.64,-0.04,0.56,-0.08,478,428,432,480,343
8.07,1.28,-5.76,-0.37,0.35,-0.30,478,428,432,480,344
7.95,1.72,-5.29,-0.09,0.53,-0.12,478,428,432,480,344
9.76,1.72,-4.69,-0.23,0.38,-0.23,478,428,432,480,344
7.70,1.98,-4.27,-0.05,0.48,0.01,478,428,432,480,345
9.22,2.14,-4.05,-0.22,0.31,-0.12,478,428,431,480,346
9.03,2.21,-3.31,-0.07,0.44,-0.27,478,428,432,480,346
9.86,2.38,-3.27,-0.19,0.31,-0.17,478,428,432,480,346
8.51,2.42,-2.87,0.03,0.46,-0.09,478,428,432,479,346
9.99,2.12,-2.48,-0.21,0.25,-0.19,478,428,431,480,346
9.96,2.71,-1.97,-0.09,0.37,-0.15,478,428,431,479,347
8.81,2.54,-1.34,-0.07,0.40,-0.07,478,428,432,479,347
9.02,2.69,-0.90,-0.16,0.45,-0.30,478,428,431,479,347
8.67,2.89,-0.29,-0.17,0.43,-0.05,478,427,431,479,347
10.29,4.11,0.61,-0.10,0.56,-0.61,478,428,431,479,347
9.36,4.13,0.42,-0.43,0.25,0.07,477,427,431,479,347
9.53,3.41,1.57,0.05,0.65,-0.12,477,427,430,478,347
END
8.83,3.70,1.64,-0.37,0.28,-0.07,479,428,432,479,340
0.04,-5.21,-7.84,-0.16,0.16,-0.15,479,428,431,479,340
2.14,-4.22,-8.61,-0.38,0.25,-0.44,478,427,431,479,340
2.05,-3.43,-9.08,-0.14,0.21,0.06,477,427,431,479,339
1.86,-3.96,-8.76,-0.02,0.21,-0.06,476,427,431,478,339
2.10,-4.59,-8.63,-0.04,0.18,-0.09,477,427,430,478,340
1.60,-4.36,-8.86,-0.09,0.27,-0.10,476,427,430,478,339
3.07,-4.24,-8.55,-0.19,0.22,-0.29,476,427,430,478,338
2.97,-3.91,-8.73,-0.19,0.28,-0.18,476,426,430,478,339
2.14,-3.21,-8.63,-0.19,0.33,-0.21,476,427,430,478,338
4.04,-3.09,-8.23,-0.27,0.33,-0.25,476,426,430,479,339
4.03,-2.58,-8.19,-0.17,0.40,-0.05,476,426,430,478,339
4.50,-2.28,-8.20,-0.25,0.38,-0.23,476,426,430,478,339
4.95,-1.77,-8.10,-0.20,0.39,-0.15,476,426,430,478,339
5.18,-1.69,-7.90,-0.21,0.38,-0.04,476,426,429,478,340
5.46,-1.38,-7.48,-0.16,0.43,-0.11,475,426,429,478,340
5.96,-1.29,-7.57,-0.22,0.37,-0.21,475,426,429,477,339
6.50,-0.89,-7.23,-0.18,0.46,-0.14,475,425,429,478,340
6.53,-0.67,-6.93,-0.18,0.43,-0.11,475,426,429,477,340
6.88,-0.29,-6.28,-0.15,0.51,-0.20,475,426,429,477,341
8.39,-0.03,-6.41,-0.22,0.43,-0.30,475,426,429,477,341
7.01,0.20,-5.56,-0.07,0.54,0.01,475,425,429,477,341
8.59,0.14,-5.34,-0.27,0.43,-0.44,474,425,429,477,341
7.06,0.81,-4.42,-0.10,0.57,-0.23,474,425,429,477,341
9.36,1.39,-4.22,-0.39,0.38,-0.57,474,425,429,477,341
9.52,2.33,-3.96,-0.15,0.51,-0.30,474,425,429,477,342
8.64,2.38,-3.35,-0.15,0.44,0.01,474,425,429,477,342
9.43,2.13,-3.03,-0.15,0.42,-0.15,474,425,429,476,343
10.24,1.97,-2.88,-0.12,0.34,0.14,474,425,428,476,342
9.98,2.35,-1.36,0.05,0.55,-0.08,474,425,429,476,344
9.83,2.58,-1.77,-0.27,0.23,-0.26,474,425,428,476,344
10.78,2.91,-1.76,-0.09,0.28,-0.08,474,425,428,476,344
9.26,2.68,-1.21,-0.03,0.30,-0.11,474,425,429,476,345
9.45,2.34,-1.05,-0.10,0.20,0.03,474,425,428,476,344
9.62,2.40,-0.11,-0.01,0.34,-0.11,474,425,428,476,344
8.47,2.20,0.13,-0.13,0.33,-0.17,474,425,428,475,344
END
8.79,1.74,0.37,-0.06,0.31,0.13,481,428,429,476,339
1.84,-2.79,-8.65,-0.05,0.26,-0.09,481,428,429,476,338
3.19,-2.60,-8.52,-0.17,0.23,-0.34,481,428,429,476,338
3.71,-2.66,-8.31,-0.13,0.25,-0.19,480,428,429,476,338
4.64,-2.12,-9.09,-0.12,0.20,-0.19,480,428,429,476,338
3.09,-2.12,-8.79,-0.01,0.29,-0.04,480,428,429,476,338
3.88,-2.33,-8.18,-0.07,0.30,-0.19,480,428,429,476,338
5.83,-2.09,-8.01,-0.15,0.27,-0.29,480,428,429,476,338
6.06,-1.87,-8.40,-0.17,0.16,-0.18,480,428,429,476,338
5.47,-1.00,-8.53,-0.14,0.24,-0.09,479,428,429,476,338
5.23,-0.96,-8.24,-0.10,0.24,-0.10,479,428,429,476,338
5.45,-1.03,-7.74,-0.07,0.27,-0.10,479,428,429,476,339
5.53,-0.93,-7.44,-0.12,0.27,-0.19,479,427,429,475,339
6.27,-0.52,-7.14,-0.13,0.27,-0.18,479,427,429,475,339
6.25,-0.09,-7.53,-0.11,0.34,-0.12,479,427,429,476,339
6.72,0.37,-7.57,-0.15,0.32,-0.19,478,427,428,475,339
7.56,-0.14,-6.60,-0.11,0.33,0.01,478,427,429,475,339
7.04,0.09,-6.65,-0.10,0.30,-0.16,478,427,429,475,339
7.23,0.06,-6.42,-0.16,0.29,-0.22,478,427,429,476,339
7.44,0.73,-5.76,-0.14,0.37,-0.27,478,427,429,475,339
8.34,1.09,-5.27,-0.18,0.35,-0.38,478,427,429,475,339
8.33,1.76,-5.53,-0.19,0.36,-0.27,477,427,428,475,340
9.16,1.79,-5.06,-0.11,0.34,-0.07,477,427,428,475,339
8.15,2.03,-4.71,-0.02,0.39,-0.12,477,426,428,475,339
8.20,1.57,-4.25,-0.10,0.32,-0.06,477,426,428,475,339
9.05,2.03,-3.42,-0.06,0.41,-0.22,477,426,428,475,339
9.29,2.49,-3.33,-0.12,0.32,-0.22,477,426,428,475,339
9.13,2.85,-3.47,-0.04,0.33,-0.02,477,426,428,475,339
9.27,2.43,-2.79,-0.06,0.34,-0.11,477,426,428,475,339
9.05,2.32,-2.37,-0.02,0.32,0.04,477,427,428,475,339
9.53,2.89,-2.22,-0.02,0.31,-0.10,477,427,428,475,340
9.31,2.61,-1.74,-0.05,0.30,-0.10,477,427,428,475,340
9.71,2.84,-1.53,-0.02,0.30,-0.10,477,426,428,475,340
9.43,2.67,-1.29,0.03,0.32,0.02,477,426,428,475,340
9.32,2.49,-0.77,0.03,0.29,-0.09,477,426,428,475,340
9.59,2.65,-1.09,-0.04,0.30,-0.14,476,426,428,475,340
END
9.72,2.82,-0.55,-0.07,0.24,-0.19,486,431,433,477,336
-0.07,-5.38,-8.18,-0.07,0.03,-0.15,486,431,433,477,336
1.09,-5.45,-8.46,-0.05,0.07,-0.18,486,431,433,477,336
-0.35,-5.08,-8.28,-0.03,0.07,0.07,485,430,433,477,336
-0.01,-5.15,-8.23,-0.02,0.11,-0.23,484,430,433,477,336
0.67,-5.50,-8.47,-0.07,0.05,-0.14,484,430,433,477,336
0.48,-5.15,-8.22,-0.03,0.19,-0.11,484,430,432,477,336
0.56,-4.89,-8.08,-0.09,0.20,-0.20,484,430,432,477,335
1.52,-4.59,-8.91,-0.19,0.13,-0.25,483,430,432,477,335
0.85,-4.69,-8.28,-0.04,0.32,-0.13,483,429,432,477,336
1.18,-4.67,-8.28,-0.22,0.29,-0.25,483,429,431,477,336
2.27,-4.31,-7.90,-0.18,0.41,-0.19,482,429,431,477,336
3.69,-3.69,-8.62,-0.24,0.34,-0.28,482,429,431,476,336
3.35,-3.19,-8.48,-0.19,0.35,-0.24,482,429,431,477,336
4.02,-2.72,-8.38,-0.22,0.30,-0.42,482,429,431,477,336
3.94,-2.77,-8.19,-0.19,0.32,-0.22,481,429,430,477,336
5.27,-2.35,-8.01,-0.20,0.36,-0.39,481,429,431,476,336
4.57,-2.33,-8.17,-0.22,0.37,-0.09,481,428,430,476,336
5.13,-1.41,-7.22,-0.22,0.45,-0.42,480,428,430,476,336
5.26,-1.22,-7.17,-0.33,0.42,-0.33,480,428,430,476,336
6.23,0.40,-7.07,-0.24,0.60,-0.51,479,427,430,476,336
6.88,0.41,-6.78,-0.27,0.52,-0.28,478,427,429,476,336
6.71,0.38,-5.89,-0.16,0.68,-0.39,478,427,429,476,337
8.16,0.51,-5.88,-0.46,0.39,-0.44,477,427,429,476,336
9.80,1.88,-5.47,-0.30,0.48,-0.34,477,426,429,475,336
8.31,2.25,-4.77,-0.23,0.57,-0.31,476,426,429,475,337
8.08,2.25,-4.62,-0.34,0.36,-0.03,476,426,429,476,337
9.26,2.63,-3.98,-0.20,0.52,-0.25,476,426,429,475,337
8.41,3.17,-3.32,-0.17,0.41,-0.09,476,426,429,475,337
10.24,3.53,-3.33,-0.25,0.27,-0.32,476,426,429,475,337
8.51,3.91,-2.99,0.01,0.39,-0.07,475,425,428,475,338
9.50,3.36,-2.79,-0.19,0.21,-0.14,475,425,428,475,338
8.08,3.29,-2.10,-0.07,0.34,-0.09,475,425,428,475,337
8.36,3.07,-1.31,-0.23,0.30,-0.22,475,425,428,475,338
8.33,4.11,-0.91,-0.13,0.40,-0.11,475,425,428,475,339
9.91,3.50,-0.61,-0.36,0.28,-0.42,475,425,428,475,338
END
8.48,4.46,-0.37,-0.18,0.47,0.05,485,429,432,476,335
0.23,-6.44,-8.39,-0.01,-0.08,-0.14,484,429,431,476,335
0.00,-6.06,-7.95,0.01,0.03,0.01,484,429,431,476,335
0.49,-5.39,-7.88,-0.02,0.04,0.00,484,429,431,476,335
-1.19,-5.38,-7.95,-0.03,0.09,-0.01,484,429,431,476,335
-0.45,-5.14,-7.90,-0.10,0.16,-0.15,483,428,431,476,335
0.77,-5.21,-8.03,-0.17,0.25,-0.31,482,428,431,475,335
1.45,-5.41,-7.70,-0.22,0.24,-0.27,480,427,430,475,335
0.65,-5.28,-8.43,-0.29,0.29,-0.15,479,427,430,475,335
0.67,-4.34,-8.15,-0.12,0.47,-0.37,480,427,430,475,335
3.35,-4.48,-8.19,-0.34,0.36,-0.15,479,427,430,475,335
3.24,-3.99,-8.13,-0.19,0.48,-0.10,479,426,430,475,335
4.04,-3.41,-8.26,-0.28,0.37,-0.21,479,426,430,475,335
3.85,-3.02,-8.56,-0.27,0.34,-0.19,479,426,430,475,335
2.97,-2.56,-7.76,-0.23,0.41,-0.22,478,426,429,475,335
4.90,-2.07,-7.78,-0.31,0.29,-0.59,478,426,429,475,336
5.51,-1.49,-8.15,-0.36,0.38,-0.11,478,425,429,475,336
5.28,-0.83,-7.78,-0.13,0.58,-0.07,477,425,428,474,336
6.41,-0.92,-7.44,-0.37,0.33,-0.23,477,425,428,474,337
6.31,-0.24,-7.21,-0.27,0.49,-0.28,477,425,428,474,337
6.75,-0.10,-7.09,-0.28,0.47,-0.21,477,425,428,474,337
7.08,0.03,-6.35,-0.20,0.50,-0.15,477,425,428,474,337
5.64,0.43,-5.34,-0.06,0.64,-0.06,477,425,428,474,337
9.52,1.39,-6.11,-0.45,0.31,-0.64,476,424,428,474,338
9.17,1.61,-5.79,-0.11,0.55,-0.02,476,424,428,474,338
7.39,1.48,-4.37,0.01,0.50,0.22,476,424,428,474,338
9.50,1.34,-4.28,-0.15,0.44,-0.30,475,424,427,474,338
7.21,1.36,-3.52,0.05,0.53,0.03,475,424,427,474,339
10.64,1.69,-3.43,-0.22,0.32,-0.38,475,424,427,474,340
9.58,2.50,-3.10,-0.05,0.43,-0.24,475,424,427,473,340
9.80,2.54,-3.32,-0.15,0.25,-0.13,475,424,427,473,340
10.01,2.25,-2.90,-0.03,0.37,-0.22,475,424,427,474,339
8.46,2.30,-1.71,-0.09,0.29,-0.01,476,424,427,474,342
10.24,2.13,-1.28,-0.11,0.27,-0.20,475,424,427,474,339
8.07,2.94,-0.98,-0.11,0.42,-0.23,475,423,427,474,341
10.32,3.10,-0.78,-0.32,0.15,-0.39,475,424,427,473,341
END
8.28,3.40,-0.46,-0.05,0.50,-0.23,486,430,431,475,334
-0.59,-6.01,-7.24,-0.08,0.08,-0.21,485,429,431,475,334
0.78,-5.53,-7.85,-0.17,0.17,-0.56,484,429,430,475,334
0.24,-5.53,-8.31,-0.19,0.18,-0.27,482,428,430,475,334
2.35,-5.83,-7.85,-0.21,0.16,-0.22,482,428,430,474,334
1.46,-5.25,-8.40,-0.14,0.20,0.01,481,428,430,475,334
0.22,-4.80,-8.24,-0.15,0.23,0.04,481,428,430,475,334
1.48,-4.79,-8.20,-0.27,0.24,-0.20,481,428,429,475,334
1.51,-3.65,-8.28,-0.20,0.38,-0.51,481,428,429,475,334
3.82,-5.45,-8.73,-0.39,0.06,-0.58,480,427,429,475,334
2.25,-3.39,-8.03,-0.12,0.43,-0.05,480,427,429,474,334
3.50,-3.16,-8.28,-0.28,0.28,-0.30,479,427,429,474,334
3.82,-3.17,-8.46,-0.24,0.38,-0.15,479,427,428,474,334
2.00,-2.60,-7.34,-0.19,0.53,-0.20,479,427,428,474,334
4.01,-3.09,-7.19,-0.56,0.44,-0.59,478,427,428,474,334
3.59,-0.90,-6.68,-0.31,0.85,-0.81,478,427,428,474,334
9.75,0.90,-7.66,-0.85,0.15,-0.86,477,426,428,474,335
7.60,1.07,-6.89,-0.05,0.72,0.14,477,426,428,474,335
7.65,1.41,-7.24,-0.44,0.30,0.01,477,426,428,474,335
6.70,1.22,-6.23,-0.20,0.49,-0.51,476,426,428,474,335
7.51,1.03,-6.01,-0.55,0.29,-0.42,476,426,428,474,335
8.71,2.36,-5.36,-0.21,0.48,-0.16,476,426,428,474,335
8.26,2.76,-5.16,-0.25,0.46,-0.19,476,425,427,473,335
8.57,2.88,-4.85,-0.24,0.35,-0.01,476,426,428,473,336
9.28,3.02,-4.54,-0.20,0.38,-0.08,475,425,427,473,336
8.73,3.15,-4.19,-0.10,0.34,-0.10,475,426,428,473,336
8.85,2.56,-3.50,-0.25,0.27,-0.32,476,425,427,473,336
8.51,3.19,-3.43,-0.15,0.30,-0.03,475,425,427,473,336
10.09,3.79,-3.28,-0.15,0.23,-0.14,475,425,427,473,336
9.61,3.80,-2.94,-0.05,0.26,-0.03,476,425,427,473,337
8.55,3.45,-2.56,-0.03,0.23,0.08,476,425,427,473,337
9.35,3.33,-1.93,-0.09,0.20,-0.17,476,425,427,473,337
7.90,3.27,-2.20,-0.03,0.32,-0.09,475,425,427,473,337
8.26,2.81,-1.12,-0.26,0.29,-0.41,476,426,427,473,337
7.41,3.29,-0.69,-0.25,0.44,-0.13,476,425,427,473,337
9.55,4.49,0.20,-0.23,0.36,-0.17,475,425,427,472,338
END
9.50,5.23,0.13,-0.13,0.43,0.06,488,431,431,474,333
-0.88,-5.89,-7.79,-0.08,0.07,0.03,487,431,431,474,333
0.21,-5.79,-7.72,-0.11,0.11,-0.13,486,430,431,474,333
-0.14,-5.94,-7.90,-0.03,0.13,-0.07,486,430,431,474,334
-0.03,-5.55,-8.31,-0.16,0.14,-0.11,485,430,431,474,333
-0.19,-5.43,-8.24,-0.18,0.18,-0.18,484,429,430,474,334
0.63,-5.10,-8.16,-0.19,0.21,-0.22,484,429,430,474,333
0.56,-5.08,-8.15,-0.20,0.29,-0.02,482,428,429,473,333
0.47,-4.60,-8.66,-0.26,0.33,-0.23,481,428,429,473,333
2.38,-4.38,-8.87,-0.25,0.25,-0.23,480,427,429,473,333
0.76,-3.83,-8.03,-0.13,0.47,-0.36,480,427,429,473,333
4.45,-3.41,-8.86,-0.44,0.20,-0.61,480,427,428,473,333
2.50,-3.01,-8.38,-0.15,0.50,-0.28,479,427,428,473,333
5.06,-2.46,-8.64,-0.42,0.23,-0.36,479,427,428,474,333
3.20,-2.35,-7.90,-0.01,0.59,-0.10,478,427,428,474,333
4.36,-2.10,-7.72,-0.35,0.34,-0.31,478,427,428,473,333
5.67,-1.36,-7.76,-0.21,0.49,-0.54,478,427,428,473,333
6.48,-1.06,-7.63,-0.30,0.31,-0.33,477,426,428,474,334
5.59,-0.54,-7.59,-0.19,0.46,-0.24,477,426,428,473,334
6.42,-0.39,-7.11,-0.29,0.39,-0.24,477,426,428,473,334
7.28,0.15,-7.03,-0.22,0.44,-0.20,476,426,428,473,334
7.47,0.50,-6.18,-0.16,0.49,-0.05,476,426,427,473,334
8.54,1.02,-6.37,-0.23,0.39,-0.34,476,425,428,473,334
7.98,1.16,-5.94,-0.07,0.44,-0.05,475,425,427,473,335
8.58,1.10,-5.81,-0.14,0.36,-0.22,475,425,427,473,335
7.91,0.98,-5.24,-0.12,0.37,-0.19,475,425,427,473,334
8.46,1.07,-4.88,-0.15,0.32,-0.11,475,425,427,473,335
7.82,1.65,-3.85,-0.12,0.46,-0.31,475,425,427,473,335
9.27,2.33,-3.83,-0.33,0.24,-0.32,475,425,427,473,335
9.82,3.00,-3.49,-0.08,0.36,-0.12,475,425,427,472,335
8.73,2.69,-3.75,-0.04,0.35,-0.08,474,425,427,472,335
8.91,2.28,-3.41,-0.11,0.29,-0.18,474,425,427,472,335
9.10,2.56,-2.86,-0.13,0.34,-0.21,474,425,427,473,335
10.11,2.46,-2.02,-0.14,0.32,-0.16,475,424,427,472,334
8.10,2.68,-1.91,-0.06,0.47,0.09,474,425,427,472,335
10.48,3.34,-1.12,-0.17,0.22,-0.38,474,424,427,472,335
END
8.76,3.32,-1.21,-0.06,0.40,-0.04,487,430,431,474,334
-0.61,-6.35,-7.40,0.02,0.01,-0.10,487,430,430,474,334
0.15,-6.24,-7.96,-0.08,0.01,-0.13,487,429,430,474,334
-1.05,-6.19,-7.24,-0.07,0.06,-0.11,486,428,430,474,334
0.12,-6.25,-7.47,-0.17,0.17,-0.42,485,429,430,473,333
1.38,-6.02,-8.25,-0.15,0.14,-0.09,485,429,429,474,334
-0.27,-5.23,-7.75,-0.12,0.40,-0.12,484,428,429,474,334
0.70,-5.30,-8.09,-0.34,0.29,-0.28,483,428,429,473,334
3.30,-4.15,-8.21,-0.41,0.20,-0.67,482,428,429,474,334
5.30,-3.93,-8.61,-0.29,0.29,-0.45,482,428,429,474,334
2.12,-3.53,-8.40,-0.21,0.32,-0.13,482,428,429,473,334
2.24,-3.57,-8.34,-0.19,0.36,-0.15,482,428,428,474,333
3.35,-3.17,-8.26,-0.30,0.35,-0.37,481,428,429,474,334
4.76,-2.35,-8.76,-0.32,0.32,-0.19,480,428,428,474,334
6.33,-1.41,-8.46,-0.20,0.32,-0.53,480,427,428,473,334
4.39,-1.64,-8.12,-0.22,0.35,-0.25,479,427,428,473,334
5.68,-1.25,-7.98,-0.17,0.43,-0.23,479,427,428,473,334
4.45,-1.21,-7.15,-0.19,0.50,-0.23,478,427,428,473,335
6.27,-0.45,-7.38,-0.43,0.34,-0.38,478,426,428,473,334
6.88,1.03,-6.93,-0.14,0.49,-0.62,477,426,428,473,334
7.51,0.49,-7.44,-0.50,0.12,-0.16,477,426,427,473,335
7.40,0.85,-6.55,0.06,0.68,-0.03,477,426,428,473,335
5.99,0.85,-6.12,-0.38,0.35,-0.30,477,426,428,473,334
8.82,1.94,-5.71,-0.34,0.35,-0.36,476,426,427,473,335
7.99,2.48,-5.02,-0.17,0.55,-0.34,477,426,427,473,335
8.47,2.21,-5.23,-0.31,0.41,0.08,476,425,427,472,335
9.20,2.77,-4.44,-0.14,0.57,-0.15,476,425,427,472,335
8.42,2.48,-2.16,-0.25,0.41,-0.17,476,425,427,472,335
10.57,3.20,-3.76,-0.26,0.44,-0.33,476,425,427,472,335
7.78,4.05,-2.90,-0.10,0.59,-0.23,475,425,427,472,335
11.13,3.12,-2.37,-0.38,0.25,-0.32,475,424,426,472,336
7.12,4.12,-1.84,0.05,0.73,0.01,475,424,427,472,336
11.00,3.91,-0.99,-0.46,0.19,-0.41,474,424,426,472,336
8.57,4.87,-0.59,-0.07,0.62,-0.05,474,424,426,472,336
9.60,4.92,0.10,-0.21,0.37,-0.14,474,424,426,471,336
8.31,4.99,0.41,-0.09,0.54,-0.15,474,423,426,472,336
END
9.81,4.69,0.85,-0.25,0.23,-0.31,480,426,427,471,334
-0.84,-5.66,-8.04,0.02,0.00,0.06,479,426,427,471,334
-0.37,-5.64,-7.90,0.02,0.10,-0.08,479,426,427,471,334
-0.29,-5.36,-8.21,0.10,0.13,0.02,479,426,427,472,334
-0.35,-5.85,-7.80,0.02,0.10,-0.10,479,426,427,472,333
-0.65,-6.15,-7.85,-0.09,0.06,-0.10,478,426,427,472,334
-1.20,-6.01,-7.51,-0.13,0.28,-0.09,478,425,427,472,333
0.19,-5.30,-8.17,-0.32,0.28,-0.28,477,425,427,472,334
0.58,-5.05,-7.93,-0.22,0.30,-0.22,477,425,427,472,333
1.28,-4.58,-8.77,-0.07,0.36,-0.21,477,425,427,472,333
2.35,-4.34,-8.56,-0.17,0.35,0.01,476,425,426,472,334
1.96,-4.55,-8.18,-0.15,0.41,-0.16,477,425,426,472,333
1.66,-3.98,-8.48,-0.27,0.34,-0.22,477,425,426,472,333
3.31,-3.31,-8.56,-0.34,0.31,-0.48,476,425,426,472,333
2.80,-2.94,-8.32,-0.22,0.46,-0.42,476,425,426,472,333
5.90,-2.05,-8.25,-0.16,0.27,-0.88,476,425,426,472,333
5.37,-2.29,-8.22,-0.24,0.30,0.11,476,425,426,472,334
4.41,-1.65,-7.82,0.01,0.64,0.04,476,425,426,472,334
4.85,-1.98,-7.57,-0.46,0.29,-0.32,476,425,426,472,334
5.46,-1.11,-7.41,-0.28,0.50,-0.35,475,425,426,472,334
5.45,-0.75,-6.65,-0.24,0.59,-0.11,475,424,426,472,334
6.91,0.34,-6.36,-0.28,0.56,-0.43,475,425,426,472,334
7.93,0.59,-6.84,-0.36,0.48,-0.37,475,424,426,472,334
6.47,0.32,-5.50,-0.14,0.66,-0.14,475,424,426,472,335
9.02,1.62,-5.61,-0.49,0.41,-0.83,474,424,425,471,334
8.38,2.03,-5.24,-0.31,0.55,-0.43,474,424,425,472,334
10.44,2.35,-4.92,-0.27,0.47,-0.25,474,424,426,472,334
7.37,2.38,-3.68,-0.06,0.70,-0.13,474,424,425,472,334
9.25,3.04,-3.52,-0.45,0.19,-0.35,473,423,425,472,335
7.65,3.51,-2.80,0.05,0.64,-0.14,473,423,426,471,335
9.38,3.88,-2.55,-0.36,0.12,-0.19,473,423,425,471,335
9.53,3.88,-2.51,0.09,0.51,0.01,473,423,425,471,335
8.47,3.29,-1.76,-0.10,0.36,0.06,473,423,425,471,335
10.34,3.18,-1.32,-0.17,0.34,-0.31,472,422,425,471,335
8.31,3.62,-0.90,-0.09,0.41,0.01,472,423,425,471,335
10.41,3.84,-0.52,-0.25,0.34,-0.51,472,422,425,471,335
END
7.34,3.97,0.35,-0.22,0.49,-0.06,478,426,427,472,333
-0.37,-6.09,-7.95,0.06,-0.08,-0.11,479,426,427,472,333
-0.06,-6.20,-8.28,0.05,-0.05,-0.11,479,426,427,472,332
-0.29,-5.87,-8.15,0.02,-0.06,0.00,479,426,427,472,333
-0.52,-5.71,-8.00,0.02,0.02,0.08,479,426,427,472,333
-0.39,-5.48,-8.13,0.03,-0.00,-0.00,479,426,427,472,333
-1.29,-5.87,-7.94,-0.07,0.03,0.05,478,426,427,472,332
-1.64,-6.88,-7.45,-0.06,0.18,0.15,478,425,427,472,332
-2.12,-5.50,-7.40,-0.11,0.57,0.07,478,425,427,472,332
-0.55,-4.51,-7.89,-0.24,0.59,-0.25,478,425,426,472,332
-0.20,-4.57,-7.50,-0.24,0.66,-0.35,477,425,426,472,332
2.41,-5.10,-8.15,-0.50,0.50,-0.20,475,425,426,472,332
2.31,-3.70,-7.77,-0.19,0.87,-0.34,475,424,426,472,332
5.30,-3.05,-8.25,-0.55,0.34,-0.59,474,424,426,473,333
5.52,-2.64,-8.60,-0.27,0.51,-0.35,473,424,426,472,333
3.45,-2.35,-7.95,-0.16,0.51,-0.24,473,424,425,473,333
6.23,-2.10,-8.35,-0.43,0.22,-0.51,473,423,425,472,333
4.41,-1.92,-7.38,-0.11,0.57,-0.13,472,423,425,472,333
5.14,-1.77,-7.23,-0.41,0.36,-0.25,472,423,425,472,333
6.01,-0.79,-6.89,-0.31,0.49,-0.31,471,422,425,472,333
7.77,-0.19,-7.19,-0.31,0.39,-0.34,471,422,425,472,333
6.68,0.42,-6.60,-0.10,0.61,-0.22,471,422,425,472,333
8.31,0.06,-6.39,-0.36,0.34,-0.26,470,422,424,471,334
9.78,1.03,-5.94,-0.07,0.56,-0.42,471,422,424,472,334
6.69,1.14,-5.20,-0.06,0.55,-0.07,470,422,424,471,334
8.69,1.27,-4.95,-0.31,0.33,-0.24,470,422,424,471,334
9.57,1.87,-4.49,-0.14,0.45,-0.32,470,422,424,471,334
9.14,1.95,-4.25,-0.13,0.33,-0.06,470,422,424,471,334
9.62,2.36,-4.11,-0.13,0.36,-0.20,470,421,424,471,335
9.50,2.38,-3.57,-0.08,0.36,-0.18,469,421,424,471,334
9.43,2.35,-3.22,-0.07,0.32,-0.18,470,421,424,471,335
8.76,2.48,-2.81,-0.13,0.38,-0.24,469,421,424,471,334
9.27,3.00,-2.52,-0.05,0.38,-0.06,469,421,424,471,335
7.97,2.81,-1.30,0.04,0.51,-0.15,469,421,424,471,335
10.64,3.11,-1.08,-0.21,0.32,-0.51,469,421,423,470,334
8.65,4.19,-0.65,0.01,0.50,0.08,469,421,424,471,335
END
9.71,3.17,0.02,-0.16,0.39,-0.28,484,427,428,471,331
-0.62,-5.81,-7.67,0.12,0.00,-0.01,483,427,427,471,331
-0.03,-6.08,-7.98,0.04,-0.05,-0.15,483,427,428,471,331
-1.04,-6.54,-7.57,0.05,-0.01,-0.02,482,427,427,471,331
-1.14,-6.25,-7.52,-0.07,0.06,-0.01,482,427,427,471,331
-1.68,-6.04,-7.93,-0.06,0.22,-0.13,482,427,427,471,332
0.06,-6.07,-7.59,-0.42,0.34,-0.26,480,426,427,473,331
0.18,-5.56,-7.71,-0.30,0.43,-0.49,478,426,426,473,330
1.81,-5.28,-8.15,-0.44,0.22,-0.09,477,425,426,474,331
1.67,-4.08,-8.46,-0.21,0.43,-0.07,476,425,426,474,331
1.03,-4.08,-8.45,-0.16,0.40,-0.24,476,425,426,474,331
2.30,-4.17,-8.30,-0.30,0.24,-0.31,475,425,426,474,331
2.13,-3.72,-7.99,-0.19,0.42,-0.20,475,425,426,473,332
3.77,-3.46,-8.54,-0.39,0.25,-0.28,474,424,425,474,332
3.63,-2.86,-8.05,-0.24,0.39,-0.28,474,424,425,474,332
4.19,-2.53,-8.38,-0.48,0.24,-0.51,473,424,425,473,332
5.15,-1.66,-8.06,-0.38,0.34,-0.38,473,423,425,473,333
5.56,-1.31,-8.59,-0.38,0.23,-0.23,473,423,425,473,333
3.01,-1.03,-7.64,-0.11,0.56,0.18,473,423,424,473,333
6.17,-0.56,-7.37,-0.41,0.40,-0.41,473,424,425,473,334
6.04,0.47,-6.83,-0.21,0.62,-0.57,472,423,425,473,335
6.78,0.91,-7.31,-0.41,0.40,-0.11,472,423,424,473,335
8.71,1.62,-7.55,-0.15,0.51,-0.11,472,423,424,472,335
5.70,0.71,-6.25,-0.04,0.59,0.09,472,423,424,472,335
8.76,0.96,-6.33,-0.49,0.19,-0.34,471,423,424,472,335
9.47,1.68,-5.53,-0.01,0.60,-0.30,471,422,424,472,335
7.85,2.00,-5.11,-0.19,0.38,-0.15,471,423,424,472,335
8.88,1.95,-4.81,-0.24,0.37,-0.20,471,422,424,472,335
8.58,2.58,-4.37,-0.02,0.50,-0.14,471,423,424,472,336
9.35,2.54,-3.80,-0.17,0.37,-0.08,471,422,424,472,336
9.53,2.97,-3.50,0.02,0.48,0.04,471,422,424,471,336
9.19,2.12,-2.89,-0.13,0.38,-0.09,471,423,424,471,336
9.05,2.71,-2.52,-0.10,0.39,-0.27,471,422,424,471,336
9.27,2.78,-2.12,-0.19,0.29,-0.15,471,422,424,471,336
9.97,3.07,-1.60,-0.14,0.32,-0.35,471,422,424,471,336
8.38,3.31,-1.11,-0.12,0.40,-0.14,471,422,424,471,338
END
10.42,3.61,-1.04,-0.13,0.30,-0.14,480,426,426,470,330
-0.36,-5.79,-7.91,0.02,-0.12,-0.02,479,426,426,470,331
-1.51,-6.30,-7.78,-0.20,-0.06,-0.10,478,425,426,470,330
-0.26,-5.55,-7.92,-0.09,0.09,-0.05,478,425,426,471,331
-0.57,-5.18,-8.41,-0.10,0.16,-0.09,477,425,426,471,330
0.55,-4.94,-8.74,-0.08,0.11,-0.09,476,424,426,470,330
-0.28,-5.24,-8.36,0.02,0.17,-0.08,476,425,426,471,330
-0.47,-5.53,-8.10,-0.10,0.14,-0.15,476,424,425,471,330
0.50,-5.18,-8.22,-0.17,0.27,-0.24,475,424,425,471,330
1.23,-4.79,-8.67,-0.20,0.28,-0.01,475,424,425,471,331
0.36,-4.28,-8.33,-0.15,0.34,0.03,475,424,425,470,330
1.83,-4.27,-8.61,-0.33,0.26,-0.48,475,424,425,470,331
2.10,-3.93,-8.40,-0.34,0.37,-0.39,474,424,425,470,330
2.16,-3.35,-8.37,-0.35,0.41,-0.18,474,423,425,470,331
2.40,-3.00,-8.57,-0.35,0.47,-0.03,473,423,425,470,331
3.17,-2.12,-8.04,-0.28,0.64,-0.37,473,423,425,470,331
4.11,-1.77,-8.23,-0.34,0.52,-0.24,472,423,424,470,331
6.10,-0.72,-7.98,-0.16,0.67,-0.53,472,423,424,470,331
5.92,-0.74,-7.52,-0.37,0.48,-0.18,472,422,424,470,331
5.90,-0.10,-7.31,-0.22,0.57,-0.60,471,423,424,470,331
7.01,0.14,-7.63,-0.46,0.24,-0.42,471,422,423,470,331
7.47,0.95,-7.01,-0.10,0.58,-0.29,471,422,423,469,331
7.19,1.06,-6.91,-0.25,0.31,-0.33,470,422,423,469,332
8.20,1.11,-6.68,-0.27,0.28,-0.23,470,422,423,469,331
6.59,1.67,-5.89,-0.08,0.43,-0.12,470,422,423,469,331
8.79,2.33,-6.26,-0.37,0.14,-0.09,470,421,422,469,331
6.75,2.75,-5.62,0.05,0.56,-0.17,470,422,423,469,331
7.58,1.83,-5.27,-0.29,0.21,-0.10,470,422,423,469,332
8.83,2.41,-4.38,-0.01,0.50,-0.22,470,421,423,469,331
8.54,2.69,-4.30,-0.16,0.32,-0.20,469,421,423,469,332
8.79,2.73,-4.25,-0.15,0.31,-0.06,469,421,423,469,332
8.39,2.84,-3.48,-0.13,0.38,-0.02,469,421,423,469,332
9.53,3.26,-3.18,-0.24,0.31,-0.27,469,420,422,469,332
8.01,3.50,-2.76,-0.11,0.44,0.06,469,421,422,469,332
9.73,3.52,-2.34,-0.26,0.26,-0.16,468,421,422,469,333
8.53,3.84,-1.67,-0.10,0.47,-0.22,469,421,422,469,332
END
8.40,3.55,-1.47,-0.16,0.20,0.39,480,425,426,470,329
0.10,-5.38,-8.10,-0.22,0.41,-0.26,478,425,425,470,329
0.92,-4.60,-8.36,-0.20,0.18,-0.12,477,424,425,470,329
-0.04,-4.55,-8.59,-0.15,0.28,-0.14,476,424,425,470,329
0.51,-4.85,-8.54,-0.23,0.26,-0.27,475,423,425,470,329
1.13,-4.54,-8.87,-0.24,0.26,-0.23,475,423,424,470,329
0.88,-4.11,-8.59,-0.20,0.36,-0.17,474,422,424,470,329
1.79,-3.63,-8.57,-0.30,0.38,-0.40,473,422,424,470,329
1.86,-2.91,-8.43,-0.32,0.42,-0.41,472,422,423,470,328
3.35,-2.51,-8.73,-0.37,0.39,-0.44,471,422,423,470,329
3.86,-1.97,-8.71,-0.29,0.46,-0.29,470,421,423,470,329
4.61,-1.84,-8.09,-0.25,0.44,-0.22,470,421,423,470,329
4.84,-1.40,-8.27,-0.36,0.39,-0.30,469,421,423,470,329
4.13,-1.14,-7.85,-0.39,0.46,-0.50,469,421,422,470,329
6.33,-0.31,-7.66,-0.44,0.35,-0.43,469,421,422,470,330
5.41,1.38,-7.26,-0.29,0.51,-0.41,469,421,422,470,330
7.04,0.84,-7.72,-0.50,0.21,-0.17,469,420,422,469,330
6.36,1.74,-6.32,0.00,0.76,-0.30,469,420,422,469,330
5.88,1.98,-6.53,-0.69,0.14,-0.28,468,420,421,468,330
9.61,2.89,-6.25,-0.20,0.48,-0.26,468,420,421,469,331
6.40,2.87,-5.49,-0.06,0.65,-0.18,468,420,421,469,331
9.51,2.33,-5.78,-0.52,0.15,-0.09,468,420,421,469,331
7.27,2.88,-4.25,0.11,0.69,0.05,467,420,421,468,331
7.91,2.96,-4.14,-0.47,0.17,-0.17,468,420,421,468,331
9.20,3.24,-3.99,-0.14,0.44,-0.10,468,420,421,469,332
6.45,2.84,-2.71,-0.06,0.54,0.08,469,420,421,468,332
11.75,4.02,-2.73,-0.33,0.23,-0.47,468,420,421,468,332
8.38,4.87,-2.56,-0.06,0.57,-0.04,468,420,421,468,333
9.64,4.53,-2.25,-0.27,0.27,-0.03,468,420,421,468,333
8.12,4.24,-1.77,-0.08,0.39,-0.09,468,419,421,468,333
9.27,3.91,-1.66,-0.33,0.19,-0.28,468,419,421,468,333
8.21,4.19,-0.57,-0.09,0.48,-0.03,468,420,421,468,332
9.66,4.76,-0.01,-0.24,0.20,-0.23,468,419,421,468,333
7.72,4.24,0.23,-0.08,0.45,-0.04,468,419,421,468,332
8.61,5.11,0.75,-0.27,0.26,-0.07,468,420,421,468,333
8.84,4.19,1.04,-0.22,0.29,-0.09,468,420,421,468,332
END
8.54,5.18,1.20,-0.15,0.37,-0.08,478,425,425,470,329
0.06,-4.48,-8.54,-0.20,0.17,0.06,478,425,425,470,329
0.50,-4.28,-9.02,-0.17,0.17,-0.08,477,424,424,470,329
0.39,-4.50,-8.51,-0.05,0.25,-0.03,476,424,424,469,329
1.01,-4.29,-9.13,-0.18,0.18,-0.16,476,424,424,470,329
0.98,-4.08,-8.89,-0.19,0.22,-0.27,475,423,424,469,329
1.79,-4.13,-8.99,-0.21,0.21,-0.17,475,423,423,470,329
1.26,-3.70,-8.82,-0.09,0.33,-0.01,474,423,424,470,329
2.30,-3.29,-8.99,-0.22,0.24,-0.29,474,423,423,470,329
3.02,-2.98,-8.98,-0.13,0.33,-0.24,474,422,423,469,329
3.09,-2.88,-8.92,-0.11,0.28,-0.03,474,423,423,469,330
2.81,-2.78,-8.56,-0.14,0.36,-0.15,474,423,423,469,329
3.68,-2.56,-8.51,-0.21,0.33,-0.34,473,422,423,469,330
3.60,-2.02,-8.54,-0.25,0.39,-0.31,472,422,423,469,330
4.57,-1.77,-8.04,-0.25,0.42,-0.30,472,422,423,469,330
4.77,-1.29,-8.28,-0.28,0.48,-0.29,470,421,422,469,330
4.10,-0.67,-6.83,-0.10,0.66,-0.14,470,421,422,468,331
7.98,-0.14,-7.31,-0.45,0.42,-0.79,469,421,422,469,330
6.22,0.41,-6.51,-0.39,0.51,-0.31,469,420,422,468,330
7.62,1.26,-6.78,-0.45,0.43,-0.41,469,420,422,468,331
7.82,1.48,-5.86,-0.26,0.54,-0.22,468,420,422,468,331
7.52,1.62,-5.94,-0.37,0.51,-0.33,468,420,421,468,331
6.85,2.39,-4.91,-0.32,0.60,-0.18,468,420,421,468,331
9.08,2.84,-4.58,-0.41,0.43,-0.31,467,419,421,468,331
9.77,3.42,-4.43,-0.30,0.52,-0.13,466,419,421,468,331
9.17,3.93,-3.17,-0.07,0.63,0.02,466,419,420,467,331
7.96,3.50,-3.04,-0.22,0.53,-0.16,466,418,420,468,331
9.58,3.14,-2.73,-0.32,0.43,-0.23,465,418,420,467,331
6.87,3.30,-1.13,-0.08,0.75,-0.13,465,418,420,468,331
9.87,3.60,-0.65,-0.37,0.28,-0.05,465,418,420,467,331
8.21,4.22,0.27,-0.05,0.76,-0.05,465,418,420,467,331
10.83,4.43,0.47,-0.35,0.23,-0.13,464,418,420,467,331
9.36,4.29,0.65,0.01,0.56,0.08,464,418,420,467,331
8.85,4.13,1.13,-0.09,0.39,-0.02,464,417,420,467,331
9.75,4.07,1.00,-0.16,0.23,-0.22,464,417,420,467,332
8.64,3.70,1.62,-0.06,0.35,-0.00,464,417,419,467,331
END
9.12,3.35,2.20,-0.13,0.34,-0.17,471,422,422,470,330
1.06,-4.21,-8.87,-0.20,0.28,0.07,471,422,423,469,330
2.20,-3.69,-9.09,-0.16,0.23,-0.20,471,422,422,470,329
1.19,-3.86,-8.95,-0.07,0.26,0.10,471,421,422,469,329
1.54,-3.51,-8.88,-0.09,0.24,-0.13,471,421,422,470,330
0.25,-3.66,-8.60,-0.05,0.37,-0.05,471,421,422,469,330
1.34,-3.26,-8.28,-0.23,0.36,-0.50,470,421,422,469,330
4.33,-2.81,-8.96,-0.22,0.26,-0.34,470,421,422,469,330
3.55,-2.52,-8.81,-0.11,0.46,-0.19,470,421,422,470,331
3.87,-2.95,-8.86,-0.29,0.26,-0.08,469,421,421,469,330
3.03,-2.44,-8.33,-0.17,0.46,-0.10,469,421,422,469,330
4.64,-1.97,-8.28,-0.32,0.37,-0.42,469,420,421,469,330
4.70,-1.13,-7.93,-0.31,0.45,-0.38,468,420,421,469,330
6.75,-0.14,-8.91,-0.41,0.23,-0.63,467,420,421,469,331
5.12,-0.15,-7.86,-0.07,0.45,0.01,467,419,421,469,331
5.67,-0.12,-7.79,-0.31,0.28,-0.27,467,419,421,469,331
5.79,0.25,-7.39,-0.21,0.39,-0.36,467,419,421,469,331
6.40,0.67,-6.62,-0.27,0.34,-0.22,466,419,420,469,331
6.22,1.34,-6.67,-0.22,0.44,-0.21,466,419,421,469,331
6.78,1.96,-6.28,-0.30,0.43,-0.44,466,419,420,469,332
8.29,2.70,-6.09,-0.24,0.26,-0.30,465,418,420,468,332
8.18,3.17,-5.81,-0.13,0.43,-0.26,465,418,419,468,332
8.29,2.55,-5.83,-0.23,0.25,-0.08,465,418,420,468,333
7.65,2.91,-5.10,-0.08,0.42,-0.06,465,418,419,468,333
7.11,2.56,-4.67,-0.17,0.37,-0.05,465,418,419,467,333
9.07,3.47,-4.35,-0.34,0.36,-0.42,464,418,419,467,333
7.09,3.37,-3.34,-0.21,0.53,-0.00,464,417,419,467,333
10.28,3.88,-3.26,-0.40,0.29,-0.42,463,417,418,467,333
8.59,4.67,-2.79,-0.07,0.51,-0.06,463,417,418,467,333
8.41,4.41,-2.10,-0.26,0.29,-0.02,462,417,418,467,334
8.64,4.56,-1.96,-0.20,0.46,-0.19,462,417,418,467,333
6.87,4.31,-0.98,-0.15,0.59,-0.10,462,416,418,467,333
11.05,4.57,-0.36,-0.29,0.37,-0.29,461,416,418,467,333
7.33,4.48,0.65,-0.07,0.67,0.10,461,416,418,467,333
9.47,4.70,1.13,-0.34,0.45,-0.22,460,415,417,467,333
8.60,4.97,1.19,-0.18,0.53,-0.07,460,416,417,467,334
END
9.12,4.59,1.61,-0.21,0.44,0.17,471,422,421,468,336
1.64,-4.53,-8.13,-0.29,0.46,-0.60,470,421,421,468,336
3.12,-4.03,-8.60,-0.53,0.24,-0.22,468,421,420,468,336
3.16,-2.93,-8.89,-0.41,0.41,-0.40,467,421,420,468,336
4.80,-2.43,-9.29,-0.46,0.18,-0.26,466,420,420,468,336
2.40,-2.28,-8.85,-0.17,0.38,0.08,465,420,420,468,336
3.93,-1.84,-8.70,-0.38,0.30,-0.40,465,419,419,467,336
4.21,-1.54,-8.20,-0.35,0.34,-0.15,464,419,419,467,336
4.62,-0.95,-8.37,-0.37,0.39,-0.12,463,418,418,468,337
6.34,-0.34,-8.60,-0.32,0.26,-0.24,462,418,419,467,338
4.45,0.12,-8.23,-0.15,0.41,-0.20,462,418,418,467,337
6.85,0.39,-8.26,-0.28,0.24,-0.47,462,418,418,468,337
5.67,0.30,-7.67,-0.04,0.46,-0.11,462,418,418,468,337
6.11,0.52,-7.30,-0.14,0.39,-0.35,462,418,418,467,337
7.19,0.75,-7.64,-0.23,0.30,-0.28,461,418,418,467,338
6.41,1.61,-6.72,-0.11,0.36,-0.11,460,418,418,468,337
7.42,1.29,-6.84,-0.27,0.18,-0.07,460,417,418,468,336
6.31,2.10,-6.23,-0.04,0.48,-0.22,460,417,417,468,337
7.72,1.69,-6.00,-0.36,0.21,-0.32,460,417,418,467,337
7.32,2.43,-5.34,-0.16,0.41,-0.10,460,417,418,467,337
7.18,2.30,-5.32,-0.23,0.35,0.05,460,417,418,467,336
9.08,2.91,-4.97,-0.20,0.38,-0.31,459,417,417,468,337
7.04,3.34,-4.34,-0.14,0.39,0.03,459,417,418,467,338
9.55,3.81,-4.18,-0.34,0.25,-0.39,460,416,417,467,338
8.05,3.64,-3.68,-0.12,0.43,-0.08,459,417,417,467,338
9.06,3.63,-3.27,-0.25,0.28,-0.13,459,417,417,467,338
7.90,3.52,-2.60,-0.20,0.43,-0.35,459,417,417,467,338
8.89,3.69,-2.32,-0.34,0.27,-0.10,459,416,417,467,338
8.63,4.21,-1.41,-0.13,0.49,-0.21,459,416,417,467,338
7.66,4.24,-0.94,-0.49,0.25,0.04,458,416,417,467,339
9.34,4.85,-0.35,-0.26,0.41,-0.14,458,416,416,466,339
7.69,5.18,0.01,-0.19,0.44,0.09,458,416,416,466,338
9.56,4.94,0.00,-0.21,0.37,-0.20,458,416,416,466,338
7.29,4.61,0.85,-0.15,0.63,-0.07,458,416,416,467,338
10.02,4.49,1.49,-0.28,0.27,-0.21,458,415,416,467,338
8.33,5.85,1.79,-0.09,0.45,0.13,457,415,416,466,338
END
7.90,4.67,2.49,-0.08,0.40,0.05,486,428,427,469,332
0.62,-6.17,-8.10,-0.21,0.17,-0.22,484,428,427,469,331
-1.08,-5.53,-8.27,-0.22,0.22,-0.07,483,427,427,469,332
0.40,-5.17,-7.99,-0.18,0.19,-0.29,481,426,426,469,331
0.09,-5.15,-8.27,-0.21,0.26,-0.25,480,426,426,468,332
1.26,-5.10,-8.43,-0.35,0.23,-0.28,478,425,425,469,331
0.18,-4.71,-8.51,-0.38,0.38,-0.28,476,424,425,469,331
2.88,-4.01,-8.26,-0.42,0.30,-0.29,475,424,424,469,332
1.06,-3.58,-8.82,-0.21,0.32,0.26,474,423,424,468,332
1.82,-2.76,-8.24,-0.16,0.54,-0.10,474,423,423,468,332
3.22,-3.02,-8.76,-0.47,0.19,-0.40,473,423,423,468,333
3.30,-2.37,-8.59,-0.21,0.50,-0.20,472,423,423,468,333
4.03,-1.98,-8.71,-0.35,0.31,-0.27,472,422,422,467,333
4.17,-1.59,-8.06,-0.27,0.56,-0.13,471,422,423,467,333
4.34,-1.20,-8.07,-0.28,0.50,-0.29,471,421,422,467,333
6.37,-0.72,-7.94,-0.31,0.44,-0.31,470,421,421,467,333
6.04,-0.37,-7.52,-0.25,0.48,0.00,469,421,423,467,334
6.48,0.42,-7.48,-0.19,0.53,-0.14,468,421,422,467,334
7.37,0.45,-7.41,-0.28,0.38,-0.43,468,420,422,467,335
6.37,0.60,-6.74,-0.17,0.50,-0.22,468,420,422,467,335
7.79,0.96,-6.20,-0.29,0.43,-0.46,467,420,421,467,335
7.65,1.79,-5.63,-0.26,0.47,-0.49,467,420,421,467,335
7.28,2.27,-5.31,-0.24,0.44,-0.23,466,419,421,467,335
9.28,3.12,-4.88,-0.16,0.41,-0.59,466,419,421,467,335
8.24,2.64,-5.13,-0.40,0.22,-0.02,465,419,420,467,335
8.79,3.22,-4.01,0.02,0.60,0.11,465,419,420,467,334
7.84,2.76,-1.97,-0.34,0.32,-0.25,464,418,420,466,335
9.78,3.34,-3.55,-0.27,0.40,-0.19,464,418,420,466,335
6.75,3.14,-2.31,-0.07,0.71,-0.11,464,418,420,466,335
10.60,3.88,-2.06,-0.45,0.28,-0.39,464,418,420,466,335
7.87,4.31,-1.21,-0.10,0.64,-0.00,463,418,420,466,335
8.36,4.44,-0.45,-0.28,0.51,-0.45,463,417,419,466,335
8.74,5.36,-0.19,-0.25,0.51,-0.26,462,417,419,466,335
9.72,5.10,0.55,-0.20,0.53,-0.53,462,417,419,466,335
8.23,5.85,0.95,-0.18,0.43,-0.05,461,416,419,466,335
8.64,4.82,1.46,-0.22,0.30,-0.22,460,416,418,465,335
END