-5.36,-7.54,-3.52,0.79,-0.64,0.46,334,304,301,339,324
3.17,-3.58,-9.53,0.69,-0.14,1.21,334,304,301,340,324
1.94,-5.43,-8.44,0.73,-0.65,1.20,331,304,302,341,323
-0.42,-4.47,-8.44,0.90,-1.03,0.97,329,303,302,341,323
-2.71,-6.81,-5.53,0.68,-0.54,0.72,329,303,307,342,324
-5.95,-7.90,-5.64,0.38,-0.38,-0.03,331,303,308,342,324
-4.81,-8.06,-5.01,0.08,0.09,-0.20,332,303,308,343,323
-3.27,-7.21,-6.16,-0.09,0.43,-0.49,331,303,305,342,323
-2.02,-6.96,-5.48,-0.67,0.67,-1.18,331,303,302,341,321
-0.14,-5.64,-8.00,-0.96,0.36,-1.49,330,303,301,340,321
3.40,-3.46,-9.00,-0.68,0.39,-1.00,332,303,302,340,322
2.66,-3.93,-8.85,-0.29,0.67,-0.07,332,304,301,339,323
3.80,-3.06,-9.82,-0.30,0.05,-0.29,332,303,301,339,324
4.39,-3.04,-9.93,0.14,-0.20,0.10,333,304,302,339,324
2.52,-3.88,-8.71,0.53,-0.28,0.87,333,304,302,340,324
2.31,-5.20,-8.38,0.65,-0.45,1.11,329,303,302,341,323
0.93,-4.54,-8.10,0.79,-0.88,1.42,326,303,301,341,322
-2.73,-5.83,-6.36,0.66,-0.43,0.94,327,303,303,341,323
-6.32,-7.64,-5.13,0.34,-0.21,-0.04,329,303,304,341,323
-3.36,-7.80,-5.74,0.01,-0.14,-0.24,329,302,303,341,322
-3.29,-7.00,-6.14,-0.16,0.46,-0.21,329,302,303,340,322
-2.14,-6.68,-6.37,-0.67,0.51,-1.18,329,303,301,340,321
-0.52,-6.56,-7.03,-0.92,0.45,-1.27,329,303,301,339,321
2.60,-4.11,-8.79,-0.73,0.25,-1.30,331,303,300,337,321
3.49,-4.90,-8.25,-0.64,0.47,-0.11,333,303,301,339,323
2.87,-2.37,-9.48,-0.04,0.27,-0.04,333,304,301,337,323
3.85,-3.42,-9.34,0.01,-0.12,0.05,333,303,301,338,323
2.76,-3.82,-8.73,0.42,-0.23,0.53,333,304,301,338,323
2.11,-5.41,-8.20,0.53,-0.29,1.06,331,303,301,339,323
-0.09,-5.30,-8.32,0.75,-0.57,0.71,330,303,300,339,322
-1.06,-6.11,-7.11,0.73,-0.46,0.71,328,302,300,338,321
-1.98,-6.30,-6.34,0.64,-0.52,0.71,329,302,300,339,321
-4.28,-7.57,-5.35,0.44,-0.37,0.45,333,302,301,339,321
-5.32,-8.22,-4.90,0.07,-0.08,-0.05,335,302,301,339,321
-4.30,-6.88,-5.79,-0.08,0.40,-0.51,334,301,300,339,321
-2.67,-7.08,-7.30,-0.63,0.52,-1.05,333,302,299,338,321
END
0.06,-7.06,-6.86,-0.85,0.50,-1.61,330,303,301,339,321
4.63,-3.42,-8.56,0.39,-0.37,0.80,332,303,301,340,321
2.70,-5.65,-7.99,0.38,-0.44,1.03,331,303,300,341,321
1.55,-4.80,-8.63,0.86,-0.79,0.87,330,302,299,340,320
-0.50,-6.20,-6.75,0.82,-0.71,1.30,331,301,299,339,320
-4.93,-5.83,-5.93,0.53,-0.35,0.49,334,301,299,340,320
-4.43,-7.46,-5.44,0.06,-0.44,0.00,334,301,300,339,320
-4.39,-7.22,-6.02,-0.01,0.05,-0.27,334,301,300,339,320
-4.11,-6.77,-5.44,-0.25,0.57,-0.86,332,301,300,339,320
-0.31,-7.03,-6.99,-0.32,0.55,-1.21,331,301,298,338,319
1.98,-5.76,-7.59,-0.60,0.43,-0.72,330,302,297,337,319
1.72,-5.10,-8.05,-0.43,0.45,-0.60,328,302,297,336,319
3.21,-5.85,-8.01,-0.37,0.02,-0.54,329,302,298,336,319
2.59,-3.99,-9.26,-0.36,0.11,-0.21,330,302,298,336,319
3.55,-3.82,-9.68,-0.01,-0.04,0.01,330,302,298,337,319
4.00,-4.24,-8.67,0.28,-0.10,0.84,330,302,298,337,319
0.17,-5.66,-7.98,0.46,-0.25,1.08,330,302,298,337,319
0.68,-5.34,-7.88,0.71,-0.63,1.05,330,302,297,337,319
-2.46,-6.47,-6.33,0.56,-0.56,0.99,332,301,298,337,320
-4.48,-6.50,-5.95,0.16,-0.34,0.40,336,301,300,337,320
-2.98,-6.89,-6.45,0.03,-0.45,-0.16,337,301,301,338,321
-4.08,-6.91,-6.20,0.01,0.04,-0.07,336,301,301,338,321
-4.29,-5.86,-6.08,0.15,0.45,-0.71,335,301,299,338,320
-1.61,-7.74,-6.07,-0.27,0.25,-0.72,333,301,298,337,320
0.83,-6.82,-6.91,-0.34,0.48,-0.93,332,302,298,337,320
0.40,-6.70,-7.09,-0.48,0.40,-0.71,330,301,298,337,319
1.00,-6.07,-8.09,-0.56,0.20,-0.74,330,302,298,337,319
2.57,-4.26,-8.62,-0.36,0.10,-0.64,329,302,298,337,319
3.61,-6.37,-8.01,-0.27,0.12,-0.15,330,302,299,337,320
3.03,-3.48,-8.98,0.04,-0.06,0.02,330,302,299,337,320
3.29,-4.59,-8.64,0.29,-0.17,0.47,330,302,299,337,320
1.82,-5.12,-8.68,0.63,-0.29,1.18,329,302,298,338,319
-0.17,-5.96,-7.35,0.88,-0.62,1.01,329,301,298,338,319
-2.81,-6.60,-6.17,0.61,-0.64,0.80,332,301,298,338,320
-4.91,-7.89,-4.93,0.32,-0.48,0.23,335,301,300,339,320
-4.64,-8.60,-4.72,0.05,-0.22,-0.10,336,301,302,339,320
END
-4.21,-7.05,-5.81,-0.02,0.24,-0.34,334,302,299,337,321
4.23,-3.08,-9.50,0.17,0.05,-0.05,333,302,299,337,321
3.33,-4.74,-8.92,0.19,-0.22,0.15,333,302,300,338,321
2.84,-4.59,-8.67,0.44,-0.32,0.42,333,302,299,338,321
3.30,-5.37,-8.46,0.52,-0.40,1.22,332,302,297,339,321
2.00,-5.49,-8.15,0.87,-0.68,1.46,331,302,297,338,320
-2.24,-5.58,-6.17,0.83,-0.69,1.21,331,301,298,339,320
-5.86,-7.71,-4.97,0.37,-0.54,0.28,333,301,299,340,320
-4.17,-8.43,-4.67,-0.01,-0.38,-0.27,333,301,299,340,320
-4.67,-7.07,-5.41,-0.11,0.21,-0.35,333,301,299,340,320
-3.18,-7.14,-5.50,-0.46,0.32,-1.03,331,301,298,340,319
-0.67,-6.76,-5.99,-0.67,0.25,-1.51,331,301,297,340,319
2.63,-5.50,-8.03,-0.73,0.20,-1.46,330,301,298,339,320
3.36,-5.26,-7.55,-0.45,0.26,-0.86,330,301,297,339,320
3.23,-5.13,-7.84,-0.43,0.36,-0.36,331,302,299,339,322
3.91,-2.18,-9.45,-0.20,0.13,-0.38,332,302,299,339,323
4.99,-3.39,-9.48,0.01,-0.18,-0.31,333,303,300,339,322
4.74,-2.89,-9.34,0.31,-0.25,0.50,332,302,300,340,323
4.35,-4.73,-8.61,0.66,-0.26,1.39,333,302,299,340,321
2.08,-3.54,-9.04,0.87,-0.63,1.48,331,301,298,339,320
-1.71,-6.55,-6.38,0.74,-0.60,0.86,331,301,298,339,320
-2.86,-6.32,-7.00,0.50,-0.48,0.47,331,301,298,340,320
-3.33,-8.39,-5.51,0.26,-0.12,0.28,332,301,299,340,320
-2.96,-7.86,-5.79,0.05,0.11,-0.18,332,301,298,340,320
-1.77,-7.28,-6.25,-0.13,0.46,-0.30,331,301,298,340,320
-1.79,-7.57,-5.77,-0.16,0.87,-0.56,331,301,297,340,319
0.69,-6.62,-6.60,-0.62,0.76,-0.78,331,301,297,339,318
2.79,-6.47,-7.11,-0.61,0.44,-0.96,331,301,298,340,319
3.37,-4.24,-8.92,-0.81,0.26,-0.34,331,303,300,339,320
2.73,-4.37,-8.88,-0.03,0.33,-0.25,332,303,300,339,321
4.69,-3.67,-8.95,-0.09,-0.16,-0.05,332,303,302,340,321
3.47,-4.23,-8.49,0.48,-0.17,0.75,332,303,301,340,322
2.81,-5.25,-8.22,0.52,-0.45,1.36,331,302,299,341,320
-0.37,-5.00,-7.65,1.19,-0.83,1.26,330,301,298,339,320
-4.26,-5.02,-6.45,0.52,-0.23,1.01,331,301,299,339,320
-5.15,-7.82,-5.21,0.29,-0.29,-0.13,330,301,299,339,319
END
-3.96,-8.08,-5.33,0.15,-0.02,0.15,329,301,298,338,323
4.94,-3.83,-9.11,0.06,-0.13,-0.12,330,301,299,338,323
3.96,-4.18,-8.66,0.23,-0.21,0.86,330,302,299,339,322
3.27,-5.41,-8.82,0.47,-0.37,1.64,330,301,298,341,322
0.06,-3.49,-8.36,0.87,-0.92,1.61,330,301,298,340,321
-5.80,-5.59,-6.37,0.84,-0.43,1.12,332,301,299,339,321
-6.90,-7.54,-5.09,0.37,-0.38,-0.02,332,301,299,340,321
-3.91,-7.65,-5.70,0.09,0.04,-0.00,332,300,299,340,321
-4.65,-6.83,-5.60,-0.05,0.49,-0.35,332,300,298,340,321
-3.23,-7.21,-5.79,-0.28,0.83,-0.98,331,301,298,339,320
-0.51,-5.64,-7.19,-0.56,0.91,-1.02,329,301,297,338,319
1.11,-6.96,-6.24,-0.16,1.08,-0.84,328,300,298,338,320
2.08,-4.77,-9.10,-0.87,0.22,-1.17,329,301,297,338,320
5.95,-4.02,-8.51,-0.17,0.35,-0.67,331,301,299,338,324
4.19,-4.49,-8.63,-0.49,0.16,0.36,333,302,300,339,327
2.34,-3.56,-9.15,0.14,-0.11,-0.09,332,302,300,339,326
4.07,-4.53,-8.17,0.22,-0.41,0.26,333,302,300,341,325
5.09,-5.44,-7.70,0.83,-0.40,1.25,331,301,299,341,322
1.83,-4.20,-7.78,0.85,-0.93,2.37,330,301,298,340,321
-5.92,-5.64,-6.70,0.62,-0.37,1.15,331,301,298,339,321
-6.90,-7.72,-5.38,0.09,-0.62,-0.40,331,301,298,339,321
-3.79,-7.94,-5.36,-0.11,-0.24,-0.08,331,300,299,340,321
-5.94,-6.31,-5.95,-0.17,0.41,-0.46,331,301,298,340,320
-3.25,-6.30,-6.32,-0.41,0.40,-1.10,330,300,298,339,320
0.83,-6.71,-6.98,-0.43,0.62,-1.04,328,301,297,339,320
1.00,-4.97,-8.15,-0.14,0.78,-0.46,329,300,296,338,319
2.66,-8.04,-6.32,-0.10,0.40,-0.96,330,301,296,338,320
4.21,-5.44,-7.93,-0.49,0.02,-0.89,331,301,297,339,321
4.96,-4.02,-8.54,0.01,-0.10,-0.54,331,301,297,339,322
5.20,-4.52,-8.80,-0.14,-0.36,0.23,333,301,299,340,323
2.71,-4.82,-8.43,0.31,-0.42,0.33,332,302,299,341,322
3.85,-4.90,-7.75,0.45,-0.88,1.20,333,302,299,343,322
0.95,-7.97,-6.74,0.89,-0.77,1.46,335,303,300,342,322
-3.58,-3.64,-7.35,0.71,-0.60,0.88,335,302,299,340,322
-4.97,-7.53,-4.67,0.38,-0.49,0.25,335,302,299,341,322
-4.22,-7.79,-5.61,0.00,-0.14,-0.11,335,302,300,341,322
END
-4.51,-6.28,-6.17,-0.07,0.31,-0.02,330,303,298,341,321
1.49,-5.12,-8.59,0.46,-0.38,1.21,329,303,298,341,320
0.26,-5.16,-8.08,0.49,-0.57,0.82,329,303,298,341,321
-1.31,-5.43,-7.19,0.48,-0.64,0.87,330,302,298,341,321
-4.23,-6.55,-6.32,0.35,-0.38,0.34,332,302,298,341,322
-5.69,-7.44,-6.01,-0.02,-0.18,-0.18,332,302,300,342,322
-4.24,-6.22,-6.65,-0.04,0.39,-0.51,332,302,299,342,321
-2.66,-7.07,-6.83,-0.35,0.66,-1.13,329,302,298,341,321
1.76,-5.13,-7.48,-0.63,0.43,-1.35,327,302,298,341,320
3.39,-6.19,-8.07,-0.48,0.36,-0.97,326,302,299,341,321
2.30,-3.42,-8.61,-0.45,0.29,-0.43,326,303,299,341,320
2.53,-4.65,-8.23,-0.16,0.32,-0.62,327,303,300,341,321
4.13,-2.53,-9.85,-0.43,0.01,-0.57,328,304,303,342,322
4.88,-2.97,-8.72,0.27,0.06,0.20,328,304,303,342,322
3.78,-4.37,-8.69,0.11,-0.19,0.53,329,304,303,343,323
2.81,-4.59,-8.58,0.48,-0.27,0.77,328,304,302,343,322
2.53,-4.39,-7.98,0.32,-0.54,1.56,329,304,301,344,322
-0.62,-6.15,-8.03,0.63,-0.60,1.08,331,304,301,344,322
-2.92,-4.62,-7.17,0.66,-0.72,0.87,331,304,302,343,322
-5.46,-6.63,-5.57,0.35,-0.23,0.07,331,303,304,344,323
-4.57,-7.54,-6.22,-0.07,-0.04,-0.28,332,304,304,344,323
-3.37,-6.53,-6.60,-0.09,0.47,-0.46,331,303,303,344,322
-1.62,-6.79,-6.74,-0.22,0.49,-0.89,329,303,300,343,321
0.47,-5.02,-7.53,-0.68,0.43,-0.97,328,302,300,342,321
1.28,-6.65,-8.13,-0.46,0.53,-1.44,327,302,299,340,320
2.61,-2.66,-8.83,-0.45,0.23,-0.94,326,302,299,339,320
5.00,-5.44,-8.31,-0.44,0.19,-0.68,327,303,299,340,320
4.62,-1.35,-10.42,-0.22,0.05,-0.09,327,303,300,340,322
4.14,-3.29,-9.29,0.19,-0.06,0.05,327,302,300,340,322
3.90,-3.70,-8.91,0.15,-0.24,0.18,328,303,301,340,323
3.85,-4.10,-8.61,0.58,-0.17,1.06,328,303,300,342,322
3.45,-4.92,-8.18,0.91,-0.38,1.75,327,302,299,341,322
-0.40,-5.30,-7.30,0.81,-0.55,1.72,327,302,299,340,321
-4.69,-5.71,-6.28,0.65,-0.50,0.30,328,302,300,341,321
-3.59,-8.54,-5.76,0.04,-0.44,-0.09,329,302,301,342,322
-3.12,-7.32,-6.18,-0.11,-0.03,-0.12,330,302,302,343,322
END
-3.52,-6.32,-6.96,-0.08,0.35,-0.36,332,303,299,340,322
5.21,-2.73,-8.82,-0.21,0.08,-0.78,333,303,301,340,322
5.41,-2.37,-8.89,0.01,0.12,0.22,333,304,301,341,323
3.45,-3.40,-8.70,0.28,0.01,0.42,333,304,301,341,322
4.27,-3.84,-8.79,0.36,-0.20,1.18,332,304,301,342,323
2.83,-5.26,-8.50,0.61,-0.10,1.72,333,304,300,342,322
-0.55,-4.64,-7.87,0.86,-0.28,1.37,331,303,299,341,321
-1.54,-6.41,-6.65,0.85,-0.52,0.86,331,303,299,341,321
-3.38,-7.30,-6.39,0.19,-0.54,0.04,332,302,300,341,321
-3.74,-8.41,-5.56,-0.02,-0.12,-0.18,333,302,300,341,321
-3.90,-6.42,-6.35,-0.11,0.38,-0.26,331,302,300,341,321
-1.82,-6.68,-6.39,-0.34,0.63,-0.90,330,301,298,341,320
1.67,-6.07,-7.16,-0.57,0.45,-1.16,329,302,298,340,321
1.70,-5.36,-7.32,-0.46,0.42,-0.69,329,303,298,339,320
1.82,-4.78,-8.13,-0.39,0.15,-1.22,328,303,298,339,320
4.87,-2.94,-8.69,-0.13,-0.07,-0.79,330,303,299,340,321
4.86,-4.54,-8.50,-0.17,0.03,-0.30,330,303,300,340,322
4.36,-3.66,-8.66,0.17,-0.08,0.19,330,303,300,340,322
3.99,-4.95,-8.54,0.17,-0.21,0.55,331,304,300,341,322
3.62,-4.93,-8.31,0.32,-0.38,1.11,331,303,300,341,322
2.07,-4.93,-8.68,0.46,-0.63,1.29,330,303,299,341,322
-0.17,-4.98,-8.28,0.70,-0.59,1.21,331,303,299,340,322
-3.99,-5.96,-6.74,0.43,-0.25,0.47,333,303,301,341,323
-3.84,-7.49,-6.28,0.03,-0.29,-0.01,333,303,301,341,323
-3.62,-6.75,-6.84,-0.04,0.13,-0.22,333,302,302,341,323
-4.01,-5.87,-6.56,-0.16,0.49,-0.91,331,302,300,341,322
-0.90,-5.45,-7.01,-0.73,0.47,-1.68,329,302,298,340,321
2.81,-5.42,-7.95,-0.92,0.21,-1.89,328,302,298,338,320
4.63,-2.63,-9.05,-0.46,0.06,-1.05,328,302,298,339,322
4.95,-2.56,-9.56,-0.20,0.12,-0.21,329,302,299,339,323
3.17,-2.84,-9.32,-0.13,0.16,0.02,329,302,299,339,323
3.76,-2.61,-9.10,0.12,-0.05,-0.10,329,302,299,339,323
4.20,-3.57,-8.59,0.23,-0.17,0.25,330,302,299,340,324
4.91,-4.01,-8.92,0.53,-0.34,1.39,330,303,299,341,323
3.85,-4.77,-8.90,0.74,-0.65,1.93,329,303,299,342,322
-1.99,-4.31,-7.98,0.77,-0.39,1.69,332,303,301,342,323
END
-5.89,-5.54,-6.21,0.48,-0.17,0.64,329,302,299,341,321
0.59,-5.92,-7.57,-0.79,0.49,-0.93,328,302,299,341,322
1.59,-5.50,-7.75,-0.52,0.59,-0.41,328,302,299,341,321
1.89,-4.76,-8.04,-0.51,0.62,-0.25,327,302,299,342,322
2.41,-3.61,-8.49,-0.29,0.34,-1.33,327,302,299,342,322
4.88,-0.95,-9.87,-0.40,-0.20,-1.57,328,302,300,341,324
5.93,-0.43,-9.76,0.14,-0.04,-0.79,329,302,301,342,324
5.54,-1.49,-9.43,0.31,-0.07,0.11,329,302,300,342,325
5.19,-2.91,-8.73,0.52,-0.21,0.69,329,303,300,342,325
4.44,-4.06,-8.61,0.67,-0.34,1.47,329,302,300,343,324
2.70,-4.34,-8.46,0.76,-0.68,1.31,327,300,300,342,323
-1.17,-5.33,-7.34,0.87,-0.75,1.07,328,302,299,341,322
-2.50,-5.99,-6.14,0.56,-0.74,0.68,328,302,300,342,322
-4.74,-7.72,-5.72,0.22,-0.41,-0.11,329,302,301,342,323
-3.64,-7.78,-5.78,-0.12,0.07,-0.31,329,302,300,342,322
-2.76,-6.58,-6.88,-0.27,0.66,-0.46,328,302,300,341,322
0.19,-6.50,-6.88,-0.83,0.75,-1.04,327,302,299,341,322
3.50,-5.32,-7.41,-0.73,0.50,-1.20,327,302,299,342,322
5.15,-4.01,-8.53,-0.81,0.51,-0.45,330,302,301,343,325
3.09,-3.03,-8.68,-0.12,0.49,-0.17,330,302,300,343,325
4.83,-2.38,-9.45,-0.46,-0.05,-0.41,331,302,301,343,326
5.13,-0.83,-10.34,0.24,-0.14,-0.46,331,302,301,343,326
4.08,-3.63,-8.43,0.46,-0.37,0.43,332,302,302,344,325
3.04,-4.89,-8.42,0.75,-0.51,0.93,330,302,301,345,324
1.71,-5.16,-8.49,0.67,-1.00,0.74,328,303,300,343,323
-0.49,-5.52,-7.33,0.84,-0.74,1.16,329,302,300,343,323
-5.21,-6.60,-5.54,0.70,-0.21,0.58,329,302,300,343,322
-5.80,-7.69,-5.18,0.25,-0.10,0.10,330,302,301,343,323
-3.81,-7.63,-5.77,0.16,0.20,-0.25,330,302,300,343,322
-3.24,-7.88,-5.08,-0.07,0.58,-0.14,330,302,300,343,322
-2.66,-7.16,-5.75,-0.44,0.81,-0.67,328,302,299,342,321
-0.70,-6.47,-7.29,-0.79,0.76,-0.64,328,302,299,341,321
1.90,-4.85,-7.87,-0.45,0.89,-0.21,328,302,299,342,322
0.98,-5.69,-7.70,-0.55,0.64,-0.53,328,302,300,342,323
3.64,-2.72,-9.30,-0.38,0.28,-0.84,328,302,300,342,324
5.07,-2.30,-9.60,-0.28,0.01,-0.59,329,302,300,342,325
END
4.70,-2.30,-9.70,0.18,-0.13,-0.15,330,302,300,342,322
-5.50,-8.33,-5.18,0.05,-0.35,-0.22,331,302,300,342,322
-3.31,-7.90,-5.56,-0.01,0.14,-0.14,331,302,300,342,322
-3.52,-6.97,-6.21,-0.19,0.42,-0.26,330,302,300,342,322
-2.64,-6.31,-6.51,-0.61,0.58,-0.90,329,302,299,342,321
-0.95,-6.62,-6.73,-0.77,0.65,-0.99,328,302,298,341,321
1.25,-4.31,-7.70,-0.60,0.57,-0.73,328,302,299,342,321
3.07,-6.07,-7.86,-0.60,0.58,-0.41,329,303,301,343,323
3.12,-2.47,-9.27,-0.60,0.38,-0.69,329,302,303,344,325
5.13,-1.62,-9.85,-0.17,0.10,-0.30,329,303,303,344,326
4.67,-2.20,-9.81,0.07,-0.07,0.08,329,303,304,344,327
4.04,-3.14,-9.15,0.42,-0.38,0.49,330,303,304,345,326
3.61,-4.20,-9.11,0.67,-0.67,0.97,330,303,303,346,324
1.59,-3.87,-8.52,0.91,-1.05,1.03,330,303,302,343,323
-2.02,-4.95,-7.21,0.87,-0.60,1.08,331,303,302,343,323
-6.05,-5.94,-5.34,0.54,-0.20,0.60,333,303,303,343,324
-3.79,-7.00,-6.22,0.08,-0.35,-0.08,334,303,304,343,324
-3.35,-7.33,-6.31,0.08,0.17,-0.12,334,303,304,343,324
-2.99,-6.39,-6.57,-0.25,0.38,-0.54,333,303,303,343,324
-1.74,-6.52,-7.34,-0.67,0.59,-1.03,331,303,302,343,323
0.20,-6.01,-7.55,-0.58,0.69,-0.81,330,303,302,343,323
2.46,-4.87,-8.54,-0.82,0.37,-0.70,330,303,303,344,325
3.55,-3.61,-9.02,-0.42,0.48,-0.27,330,303,304,344,327
3.29,-2.52,-9.41,-0.30,0.27,-0.45,329,303,304,344,328
4.97,-1.98,-9.92,-0.00,-0.05,-0.04,330,303,304,344,329
3.34,-2.72,-9.27,0.34,-0.23,0.22,330,303,304,345,329
2.87,-4.23,-8.45,0.66,-0.50,0.57,331,303,304,345,327
2.79,-5.10,-8.83,0.74,-0.84,0.74,330,304,303,345,325
-0.26,-4.88,-8.23,0.84,-0.79,1.13,331,303,303,344,325
-5.34,-5.48,-6.49,0.69,-0.37,0.90,333,303,304,344,325
-6.62,-6.91,-5.81,0.37,-0.16,0.03,335,303,304,344,325
-3.19,-7.82,-6.58,-0.07,-0.02,-0.22,335,303,304,344,325
-2.80,-6.76,-6.43,-0.15,0.58,-0.24,334,303,303,344,324
-3.14,-6.45,-6.33,-0.79,0.72,-1.08,332,303,302,344,323
0.43,-5.80,-7.42,-0.95,0.58,-1.05,332,303,303,344,324
1.84,-3.35,-9.24,-0.91,0.44,-1.11,332,303,303,345,326
END
4.63,-2.82,-9.68,-0.34,0.33,-0.24,331,303,302,344,324
-4.05,-7.95,-5.64,-0.03,0.18,-0.28,331,303,302,344,324
-3.15,-6.66,-6.43,-0.48,0.52,-0.79,330,303,302,344,323
-0.98,-5.97,-7.34,-1.03,0.52,-1.24,329,303,301,343,323
0.37,-5.89,-8.28,-0.40,0.82,-1.18,328,302,300,343,323
2.47,-2.43,-8.79,-0.64,0.29,-0.62,328,302,300,342,323
3.07,-4.20,-8.79,-0.36,0.56,-0.37,328,302,300,342,325
3.63,-1.97,-9.31,-0.15,0.09,-0.47,328,303,300,342,325
4.88,-2.85,-9.35,-0.03,-0.22,-0.13,328,302,301,342,325
2.97,-3.29,-9.27,0.37,-0.22,0.61,329,303,300,343,325
2.38,-4.82,-8.57,0.60,-0.50,1.04,328,301,300,343,324
1.71,-4.02,-9.41,0.79,-0.83,1.40,328,303,300,342,323
-3.22,-4.84,-7.41,1.03,-0.45,0.89,329,302,300,342,322
-6.27,-6.39,-5.10,0.48,-0.22,0.33,327,302,300,342,322
-4.11,-7.80,-5.56,0.14,-0.20,-0.24,331,302,300,343,322
-3.78,-7.61,-5.83,-0.13,0.45,-0.20,329,302,299,342,322
-2.01,-7.17,-5.91,-0.48,0.53,-0.75,329,302,299,342,321
-0.95,-6.00,-7.94,-0.97,0.46,-1.28,328,302,299,341,321
0.94,-4.49,-7.59,-0.31,0.37,-1.47,327,302,298,341,321
4.42,-4.01,-9.38,-0.75,0.21,-0.79,328,302,299,341,323
2.76,-2.75,-9.21,-0.15,0.48,-0.43,328,302,298,341,323
5.55,-2.15,-10.11,-0.29,-0.14,-0.37,328,302,299,341,324
4.69,-2.28,-9.56,0.17,-0.18,0.06,328,302,300,342,325
3.19,-3.41,-9.21,0.38,-0.43,0.56,330,302,301,342,325
2.51,-4.36,-8.56,0.51,-0.58,0.61,329,303,300,343,324
2.07,-4.80,-8.97,0.60,-0.78,1.17,329,303,300,342,323
-0.37,-4.19,-8.28,0.88,-0.68,1.15,330,303,300,342,323
-4.31,-5.27,-6.98,0.73,-0.48,0.69,331,303,300,343,323
-5.85,-7.24,-5.56,0.24,-0.42,-0.11,332,303,301,343,324
-4.21,-7.78,-6.24,-0.01,-0.01,-0.40,332,302,301,343,323
-3.05,-6.70,-6.52,-0.19,0.48,-0.41,331,302,300,344,323
-1.66,-6.61,-6.98,-0.66,0.56,-0.97,330,303,300,343,322
0.33,-5.50,-7.26,-0.38,0.62,-0.79,329,302,299,343,322
1.21,-4.92,-8.43,-0.78,0.54,-0.63,328,302,300,343,323
1.05,-4.62,-8.48,-0.50,0.30,-1.26,328,302,299,342,324
3.99,-1.91,-9.60,-0.56,-0.16,-1.20,329,303,300,343,327
END
5.37,-1.41,-9.88,-0.01,-0.11,-0.49,330,303,302,343,324
0.87,-5.61,-7.57,-0.90,0.47,-1.73,329,303,302,343,324
3.17,-1.62,-9.21,-0.84,0.27,-1.35,329,302,302,344,327
5.18,-1.69,-9.71,-0.01,0.20,-0.54,329,302,302,344,328
5.44,-1.13,-9.71,0.12,-0.05,0.31,328,302,302,344,329
3.49,-2.11,-9.65,0.47,-0.25,0.40,329,302,302,345,328
3.85,-3.32,-8.95,0.67,-0.58,1.00,330,303,302,345,327
2.78,-4.82,-9.13,0.90,-0.99,1.57,329,303,302,345,326
-2.81,-3.79,-8.03,0.95,-0.83,1.09,330,303,302,344,325
-5.96,-6.28,-5.96,0.47,-0.46,0.37,333,304,303,343,326
-4.72,-7.06,-6.10,0.00,-0.10,-0.28,333,303,303,343,325
-3.16,-6.33,-7.33,-0.11,0.34,-0.32,332,303,303,344,325
-1.74,-6.02,-7.08,-0.68,0.55,-1.15,330,303,302,344,324
1.02,-5.96,-8.36,-0.94,0.39,-1.68,329,303,302,344,325
2.25,-3.12,-9.16,-0.76,0.29,-0.76,329,303,302,345,327
1.60,-3.40,-9.12,-0.35,0.54,-0.60,330,302,302,344,329
3.68,-0.60,-10.25,-0.24,0.24,-0.42,329,302,302,344,330
5.61,-1.79,-9.50,0.20,-0.08,-0.05,329,303,303,344,331
4.42,-1.91,-9.53,0.50,-0.38,0.58,329,302,303,345,330
2.33,-4.38,-9.24,0.72,-0.51,1.09,331,303,303,345,328
1.26,-3.91,-9.05,0.79,-0.90,0.86,331,304,303,344,325
-1.41,-4.82,-8.26,0.73,-0.72,0.90,331,304,303,344,325
-5.17,-5.69,-6.58,0.65,-0.18,0.63,333,304,303,344,326
-4.44,-6.58,-6.62,0.13,-0.10,0.13,334,304,304,345,325
-2.76,-6.60,-6.95,0.03,0.20,-0.20,334,304,304,345,325
-3.19,-6.14,-6.65,-0.24,0.47,-0.36,333,304,303,345,325
-2.10,-5.95,-7.97,-0.70,0.63,-1.03,331,303,302,344,324
-0.58,-5.66,-8.04,-0.82,0.65,-1.08,330,303,302,344,324
1.46,-3.68,-8.10,-0.55,0.59,-0.93,329,303,302,344,325
1.91,-3.57,-8.73,-0.61,0.53,-0.47,329,302,302,344,326
4.01,-1.41,-9.30,-0.18,0.63,-0.14,329,302,302,344,329
5.71,-1.73,-9.45,-0.15,0.17,-0.58,328,302,303,344,329
6.35,-1.59,-9.47,0.16,-0.15,0.12,328,302,303,345,330
4.49,-2.84,-9.17,0.44,-0.27,0.88,329,302,303,345,329
2.72,-3.65,-9.12,0.56,-0.38,1.46,329,303,302,345,328
1.20,-4.59,-8.79,0.76,-0.64,1.41,329,303,302,344,325
END
-1.50,-5.40,-7.76,0.84,-0.64,1.25,327,302,301,342,327
6.37,-0.37,-9.40,-0.27,0.16,-0.38,327,302,301,342,328
5.05,-1.52,-9.58,0.03,0.11,0.17,327,301,301,342,329
4.90,-1.44,-9.28,0.21,-0.11,0.24,327,302,301,342,329
5.53,-2.92,-8.72,0.51,-0.14,1.22,328,302,301,342,327
4.44,-3.52,-8.60,0.70,-0.48,2.46,328,302,301,342,326
-0.09,-4.67,-7.81,0.83,-0.54,1.89,329,302,302,342,325
-4.56,-4.63,-7.34,0.51,-0.29,1.11,330,303,302,342,325
-5.08,-6.14,-6.50,0.24,-0.17,0.44,331,303,302,342,325
-4.16,-6.63,-6.66,-0.02,0.10,-0.06,331,303,302,342,325
-2.86,-5.74,-7.22,-0.20,0.37,-0.33,331,303,302,343,325
-2.93,-5.61,-7.62,-0.69,0.57,-1.39,330,303,302,343,324
-0.71,-4.22,-8.08,-0.80,0.40,-2.29,329,303,302,343,324
4.95,-2.21,-9.23,-0.43,0.25,-1.78,328,302,301,343,325
5.10,-3.14,-8.51,-0.47,0.47,-0.43,327,302,302,342,327
4.11,-0.80,-9.96,-0.14,0.32,-0.33,327,302,302,343,328
5.87,-2.05,-9.05,-0.01,-0.06,-0.25,327,302,303,343,329
4.90,-1.74,-9.44,0.20,-0.18,0.35,328,302,301,343,328
4.03,-2.73,-9.26,0.30,-0.31,0.85,328,302,302,344,328
4.44,-4.03,-8.54,0.64,-0.66,1.86,328,302,302,343,327
1.34,-3.83,-8.94,0.72,-0.66,1.96,328,302,302,343,327
-2.43,-3.84,-7.78,0.78,-0.45,1.48,329,303,302,343,327
-5.81,-5.63,-6.42,0.36,-0.46,0.51,331,303,303,343,327
-6.17,-6.37,-6.52,-0.08,-0.17,-0.48,331,303,303,343,327
-3.50,-5.59,-7.82,-0.34,0.23,-0.56,330,303,303,343,326
-3.24,-5.45,-7.32,-0.54,0.63,-1.10,329,303,302,343,325
-0.48,-4.04,-8.41,-0.77,0.38,-2.07,328,302,302,343,325
2.99,-1.97,-9.19,-0.70,0.36,-2.00,328,302,302,343,327
4.95,-1.20,-9.33,-0.28,0.30,-0.98,327,301,302,344,329
4.55,-0.41,-10.27,-0.16,0.14,-0.30,327,301,302,344,330
4.47,-0.64,-10.06,0.19,-0.11,0.05,327,302,302,344,331
3.92,-1.84,-9.60,0.37,-0.25,0.20,328,301,302,344,331
4.31,-1.41,-9.18,0.69,-0.49,0.96,328,302,302,345,329
2.33,-3.81,-8.46,0.86,-0.71,0.93,329,302,302,345,328
0.91,-3.85,-8.29,1.08,-0.88,1.69,329,303,302,344,327
-5.31,-5.57,-6.25,1.06,-0.37,1.52,333,303,303,344,327
END
-7.80,-6.26,-5.00,0.35,-0.06,-0.19,326,301,300,343,326
5.66,-0.30,-10.15,0.11,0.06,-0.33,326,301,301,343,326
5.92,-0.51,-9.69,0.38,-0.05,0.46,327,301,301,343,327
5.76,-2.16,-9.12,0.73,-0.21,1.52,327,302,301,344,326
3.88,-3.87,-8.50,0.87,-0.45,2.06,327,302,301,344,325
0.90,-4.20,-8.56,1.05,-0.68,1.68,327,302,300,344,325
-3.16,-5.20,-7.11,0.81,-0.48,1.25,328,302,301,344,325
-5.08,-6.74,-5.97,0.22,-0.46,0.19,329,302,302,344,325
-4.05,-7.42,-6.21,-0.07,-0.12,-0.26,329,302,301,344,325
-3.43,-6.21,-6.51,-0.24,0.50,-0.41,329,302,301,344,324
-1.88,-6.55,-6.82,-0.83,0.71,-1.24,328,302,300,343,323
1.59,-4.83,-7.60,-0.82,0.39,-1.65,327,302,301,344,323
3.22,-2.35,-8.90,-0.88,0.05,-1.74,327,302,300,344,325
4.91,-1.30,-9.65,-0.49,0.04,-1.17,327,302,300,344,327
6.05,0.85,-10.37,-0.02,0.04,0.23,327,303,302,345,328
5.36,-0.80,-9.95,0.52,-0.02,1.28,327,302,302,346,328
2.68,-2.63,-9.10,0.67,-0.29,1.56,328,302,302,346,327
1.44,-3.80,-9.50,0.93,-0.76,1.72,328,302,302,345,326
-2.37,-4.19,-8.02,0.91,-0.60,1.30,331,302,302,345,326
-6.25,-5.92,-5.82,0.56,-0.36,0.23,333,303,304,345,326
-5.16,-7.71,-5.74,0.07,-0.10,-0.25,333,303,304,345,326
-3.04,-7.01,-6.50,-0.09,0.40,-0.24,332,303,304,346,325
-2.86,-5.78,-6.50,-0.43,0.63,-0.78,331,302,302,345,324
-1.45,-5.37,-7.25,-0.92,0.42,-1.35,329,302,302,345,324
2.57,-4.41,-8.35,-0.65,0.54,-1.06,328,302,302,345,324
3.50,-3.76,-8.95,-0.74,0.46,-0.92,328,302,301,345,325
3.98,-2.08,-9.42,-0.56,0.30,-0.86,328,302,302,345,328
4.89,-0.90,-9.93,-0.25,0.10,-0.79,328,302,302,345,330
5.25,-0.65,-9.76,0.08,-0.07,0.01,328,302,302,346,330
4.03,-1.43,-9.93,0.36,-0.08,0.61,328,302,302,346,330
3.68,-2.35,-9.48,0.65,-0.23,0.99,329,302,302,346,329
2.62,-4.11,-9.10,0.88,-0.56,1.63,329,302,302,346,327
-0.65,-3.77,-8.47,0.97,-0.75,1.28,329,302,302,345,326
-3.37,-5.59,-6.86,0.67,-0.67,0.81,331,303,303,345,325
-5.66,-7.24,-5.58,0.35,-0.39,0.21,331,303,303,345,326
-5.39,-7.02,-5.94,-0.03,0.04,-0.11,330,303,303,345,326
END
-4.16,-6.57,-6.20,-0.31,0.44,-0.53,327,302,302,345,330
4.11,-3.23,-9.02,0.55,-0.26,1.13,328,302,302,345,329
2.54,-3.68,-9.04,0.70,-0.42,1.31,328,302,301,346,327
0.98,-4.80,-7.92,0.93,-0.63,1.34,327,302,301,345,325
-2.17,-5.58,-7.47,0.86,-0.58,1.29,328,302,301,344,324
-5.33,-6.50,-5.71,0.41,-0.35,0.26,328,302,301,344,324
-4.80,-8.18,-5.76,0.01,-0.15,-0.15,328,302,301,343,324
-3.58,-6.85,-6.35,-0.10,0.23,-0.18,328,302,301,344,324
-2.91,-6.35,-6.51,-0.55,0.60,-0.82,328,302,301,343,323
-0.48,-6.33,-7.51,-0.68,0.72,-1.04,327,302,300,343,323
2.05,-3.63,-8.55,-0.45,0.57,-0.43,327,301,301,344,324
1.85,-5.13,-8.64,-0.64,0.46,-0.48,327,302,301,344,326
2.62,-2.10,-9.15,-0.21,0.19,-0.64,327,301,301,344,327
4.69,-3.64,-9.04,-0.13,-0.01,-0.71,327,302,302,345,328
4.81,-2.05,-9.42,0.18,-0.22,-0.37,327,302,302,345,328
4.69,-3.60,-9.08,0.46,-0.44,0.76,328,302,303,347,328
2.15,-3.69,-8.87,0.68,-0.62,0.86,329,302,302,346,326
0.95,-4.22,-8.76,0.76,-0.86,0.98,329,302,302,345,325
-2.54,-5.73,-6.55,0.85,-0.74,0.74,330,302,302,345,325
-4.57,-6.98,-5.63,0.39,-0.41,0.11,331,303,302,345,324
-3.78,-7.80,-6.37,-0.05,-0.13,-0.27,331,302,303,345,324
-2.86,-6.83,-6.59,-0.15,0.27,-0.15,331,302,302,345,324
-1.85,-6.58,-6.80,-0.58,0.61,-0.64,330,303,302,345,324
0.09,-6.20,-7.34,-0.84,0.71,-0.48,330,303,302,345,324
1.05,-4.26,-8.45,-0.68,0.60,-0.42,329,302,302,345,325
2.43,-3.79,-8.68,-0.48,0.46,-0.60,329,302,302,346,327
2.89,-1.82,-8.87,-0.28,0.25,-1.03,329,302,302,346,328
5.91,-0.93,-10.22,-0.05,0.00,-0.72,328,302,303,347,330
5.44,-1.39,-9.61,0.30,-0.09,0.27,328,302,303,347,330
3.88,-2.69,-9.07,0.54,-0.43,0.65,329,302,304,348,329
3.09,-3.96,-8.67,0.69,-0.72,1.19,330,302,304,348,328
-1.10,-4.63,-8.31,0.78,-0.75,0.97,330,303,303,347,326
-3.09,-5.26,-7.34,0.65,-0.72,0.54,332,303,303,346,325
-4.39,-6.81,-6.23,0.30,-0.26,0.02,333,303,303,346,326
-3.34,-7.50,-6.24,-0.06,0.14,-0.14,333,303,303,346,325
-2.96,-6.40,-7.09,-0.39,0.59,-0.34,332,303,303,347,325
END
-1.25,-5.75,-7.58,-0.65,0.68,-0.43,331,303,304,348,330
1.42,-3.62,-9.13,0.65,-0.75,0.88,331,303,304,347,328
-1.86,-4.15,-8.26,0.65,-0.62,0.73,333,304,304,347,327
-3.21,-6.10,-7.37,0.51,-0.42,0.34,334,304,304,347,326
-4.16,-7.24,-6.50,0.15,-0.07,0.00,334,304,304,347,326
-2.87,-7.02,-6.99,-0.06,0.23,-0.29,334,304,304,347,326
-1.92,-6.52,-7.18,-0.29,0.50,-0.26,333,304,303,346,326
-1.55,-5.83,-7.57,-0.73,0.55,-0.71,332,303,303,346,326
0.49,-4.03,-8.33,-0.72,0.48,-1.07,331,303,303,347,326
2.39,-3.45,-9.01,-0.67,0.48,-0.85,330,303,303,346,328
2.46,-1.71,-9.02,-0.46,0.48,-0.78,330,303,303,347,330
4.83,-0.61,-10.03,-0.12,0.23,-0.67,329,303,303,347,332
5.66,-0.79,-10.00,0.17,-0.05,0.05,329,303,303,347,333
4.15,-2.03,-9.53,0.36,-0.18,0.75,329,303,303,347,332
2.70,-3.05,-9.35,0.52,-0.38,1.20,331,303,303,347,330
1.11,-4.53,-8.53,0.67,-0.55,1.47,332,304,303,347,328
-1.11,-3.73,-8.52,0.69,-0.60,1.23,333,304,303,347,328
-4.36,-5.60,-7.23,0.54,-0.33,0.40,335,304,304,347,327
-4.93,-6.58,-6.45,0.18,-0.17,-0.07,336,304,304,347,328
-3.67,-6.53,-6.82,-0.01,0.19,-0.33,335,304,304,347,327
-2.69,-6.23,-7.21,-0.25,0.57,-0.44,334,304,304,347,326
-1.07,-5.83,-7.56,-0.53,0.56,-1.03,331,304,303,347,326
0.70,-3.90,-8.74,-0.80,0.42,-1.30,330,303,302,347,325
3.67,-4.31,-8.80,-0.56,0.40,-1.43,329,303,302,347,326
4.77,-1.23,-10.15,-0.35,0.07,-0.20,328,303,303,348,328
3.75,-2.33,-10.18,0.08,0.10,-0.01,329,303,302,348,328
3.91,-2.02,-9.76,0.28,-0.23,0.41,329,302,302,348,328
3.02,-3.51,-9.12,0.50,-0.28,0.87,331,303,303,348,328
1.46,-4.11,-8.56,0.66,-0.60,1.28,330,303,303,346,327
-1.28,-5.25,-7.85,0.85,-0.74,0.89,332,304,303,347,326
-3.57,-5.38,-7.47,0.52,-0.60,0.56,334,304,303,347,326
-5.08,-7.03,-6.35,0.16,-0.18,-0.18,334,304,303,347,326
-4.01,-6.70,-6.58,-0.14,0.24,-0.19,334,303,303,347,325
-2.38,-5.63,-7.20,-0.35,0.53,-0.63,332,303,303,346,325
-0.79,-5.79,-8.16,-0.72,0.66,-1.16,330,303,302,346,325
2.25,-3.50,-8.27,-0.58,0.24,-1.22,329,303,302,347,324
END
4.27,-3.00,-9.83,-0.70,0.02,-0.99,329,302,301,344,324
-0.56,-5.53,-8.10,-0.76,0.49,-0.90,329,302,301,344,324
1.11,-4.04,-8.86,-0.71,0.43,-1.04,328,302,301,345,325
2.95,-3.73,-8.87,-0.33,0.36,-0.89,328,302,301,345,328
4.06,-2.21,-9.53,-0.11,0.19,-0.13,328,302,301,346,329
3.21,-2.16,-9.81,0.06,-0.01,-0.17,328,302,301,346,329
3.70,-2.52,-9.25,0.25,-0.28,0.26,328,302,302,346,329
2.86,-3.83,-9.35,0.46,-0.43,0.84,329,302,302,347,327
0.89,-4.03,-8.89,0.70,-0.69,1.16,329,303,301,346,325
-2.12,-4.21,-8.69,0.73,-0.67,0.96,330,303,302,345,325
-4.16,-4.81,-7.13,0.57,-0.33,0.38,331,303,302,346,325
-5.05,-7.03,-6.38,0.15,-0.04,-0.05,332,303,302,345,325
-2.71,-6.66,-7.24,-0.10,0.22,-0.29,331,303,302,346,324
-2.06,-5.84,-7.34,-0.46,0.53,-0.69,331,303,302,346,324
-0.83,-5.61,-8.27,-0.88,0.49,-1.05,330,303,301,345,324
0.57,-3.56,-8.97,-0.66,0.44,-1.08,329,302,301,346,326
3.07,-3.68,-9.20,-0.35,0.35,-1.00,329,302,302,347,329
4.54,-1.46,-9.97,-0.04,0.17,-0.35,328,302,302,348,330
3.95,-2.40,-9.65,0.04,0.00,0.17,328,302,302,348,330
2.75,-2.69,-9.52,0.28,-0.24,0.33,329,302,302,347,329
3.35,-3.09,-9.54,0.52,-0.41,0.87,330,301,303,349,328
1.32,-4.68,-8.52,0.79,-0.56,1.13,330,303,302,348,327
-2.57,-4.93,-8.58,0.69,-0.55,1.01,332,303,302,347,326
-4.62,-5.96,-7.18,0.44,-0.32,0.26,333,303,303,347,325
-3.95,-6.75,-6.63,0.03,-0.03,-0.02,333,303,303,347,325
-3.35,-6.33,-7.09,-0.19,0.36,-0.21,333,303,302,347,325
-2.36,-5.94,-7.57,-0.67,0.64,-0.65,332,303,302,347,325
-0.67,-5.38,-7.96,-0.55,0.71,-0.63,331,303,302,347,325
1.43,-3.29,-9.00,-0.62,0.52,-1.05,330,303,302,348,326
3.83,-1.69,-9.69,-0.55,0.33,-0.97,330,302,303,348,329
4.01,-1.36,-9.59,-0.17,0.36,-0.85,329,302,302,348,331
5.07,0.27,-9.93,0.10,-0.06,-0.44,328,302,302,347,331
5.12,-2.24,-9.26,0.29,-0.15,0.44,329,302,302,348,331
2.96,-2.62,-9.43,0.47,-0.39,1.01,329,302,303,348,330
1.83,-4.39,-8.62,0.59,-0.63,1.38,331,303,302,349,327
-1.76,-3.41,-9.63,0.77,-0.75,1.34,332,303,303,347,327
END
-3.73,-4.81,-7.37,0.54,-0.42,0.27,329,302,302,346,327
4.31,-0.91,-9.86,-0.09,0.03,-0.21,329,302,302,346,329
4.73,-1.83,-9.60,0.25,-0.11,0.19,329,302,302,346,329
3.63,-3.33,-9.14,0.42,-0.28,1.02,330,302,302,346,328
2.44,-3.83,-8.99,0.57,-0.53,1.38,330,303,302,346,327
-0.15,-4.49,-8.56,0.57,-0.67,1.37,332,303,302,346,326
-3.34,-5.03,-7.86,0.62,-0.48,0.72,333,303,303,346,326
-4.51,-5.79,-6.83,0.19,-0.28,0.19,335,304,304,346,326
-3.97,-5.52,-7.50,0.05,0.11,-0.08,334,303,303,346,326
-3.52,-5.51,-7.59,-0.20,0.54,-0.36,333,303,303,346,326
-1.67,-5.30,-7.60,-0.62,0.78,-1.14,331,301,302,346,325
1.14,-4.79,-8.66,-0.60,0.66,-1.08,330,302,302,346,326
3.25,-3.53,-8.61,-0.40,0.46,-1.17,329,302,302,346,327
5.45,-1.44,-10.49,-0.26,0.19,-0.40,329,302,302,347,329
4.47,-2.02,-9.92,0.14,0.00,-0.16,328,302,302,348,330
4.23,-2.38,-9.29,0.20,-0.35,0.36,329,303,303,348,329
3.07,-3.55,-9.43,0.50,-0.44,0.77,330,302,303,348,328
1.35,-3.80,-9.01,0.53,-0.74,1.08,330,303,303,347,326
-1.21,-4.31,-8.54,0.90,-0.68,1.15,332,303,302,347,325
-3.66,-5.40,-7.31,0.59,-0.50,0.71,334,303,303,347,326
-5.23,-6.44,-6.45,0.13,-0.11,-0.31,335,303,304,346,326
-3.07,-6.43,-6.83,-0.10,0.29,-0.33,334,303,303,347,325
-1.66,-5.84,-7.51,-0.36,0.67,-0.75,332,303,303,347,325
0.26,-5.94,-8.10,-0.79,0.70,-0.91,331,303,302,347,325
1.28,-4.28,-8.43,-0.56,0.48,-0.72,330,302,303,348,326
3.17,-2.86,-9.67,-0.42,0.23,-0.73,330,303,303,348,328
3.93,-2.39,-9.55,-0.19,0.17,-0.29,330,303,303,349,330
3.43,-1.90,-9.70,0.12,-0.02,0.01,329,303,303,350,329
3.37,-3.40,-9.04,0.30,-0.26,0.24,330,303,303,349,328
2.92,-4.15,-9.11,0.41,-0.57,0.64,331,303,303,350,328
0.97,-5.13,-9.14,0.55,-0.79,0.86,332,304,303,348,326
-2.06,-4.00,-8.59,0.55,-0.57,0.80,333,304,303,347,326
-3.45,-5.49,-7.14,0.46,-0.38,0.43,334,304,304,349,326
-4.34,-5.64,-6.81,0.13,-0.08,-0.00,334,304,304,347,326
-2.95,-6.12,-7.84,0.01,0.18,-0.31,334,304,304,348,326
-2.15,-5.63,-7.21,-0.33,0.61,-0.77,333,304,304,348,325
END
0.24,-5.77,-8.37,-0.90,0.57,-1.15,335,305,305,349,330
1.21,-3.98,-9.12,0.70,-0.60,1.34,336,306,304,348,328
-1.22,-3.65,-8.66,0.74,-0.70,0.95,337,306,305,348,327
-3.78,-5.41,-6.95,0.58,-0.51,0.45,338,305,305,347,327
-4.82,-6.09,-6.58,0.22,-0.37,0.11,339,306,306,347,328
-5.42,-6.14,-6.59,0.00,0.14,-0.17,339,306,305,347,328
-3.85,-5.13,-7.29,-0.21,0.66,-0.76,336,306,304,347,327
-0.40,-5.87,-8.28,-0.89,0.74,-1.36,335,305,304,347,326
1.74,-4.13,-8.41,-0.56,0.62,-1.00,333,304,303,347,327
2.42,-1.89,-9.60,-0.41,0.43,-1.04,331,304,303,347,328
4.18,-2.79,-9.40,-0.19,0.15,-0.97,331,304,303,347,329
5.00,-1.70,-9.58,0.05,0.00,0.03,330,303,303,348,330
3.07,-2.83,-9.12,0.24,-0.24,0.35,331,303,303,347,330
3.37,-3.80,-9.04,0.41,-0.46,0.76,332,303,303,348,329
2.14,-4.00,-8.82,0.51,-0.64,1.21,333,304,303,347,328
-0.71,-3.32,-8.73,0.66,-0.70,1.22,334,305,303,347,327
-4.08,-4.89,-7.69,0.60,-0.42,0.72,336,305,304,347,327
-5.05,-5.61,-7.03,0.18,-0.18,-0.03,337,305,304,347,327
-3.91,-6.13,-7.28,-0.02,0.18,-0.27,336,305,304,347,326
-2.05,-5.45,-7.98,-0.35,0.62,-0.67,335,305,304,347,326
0.18,-5.04,-8.79,-0.69,0.60,-0.76,333,304,303,347,326
0.76,-4.04,-8.87,-0.58,0.51,-0.63,333,304,303,347,327
2.08,-3.62,-8.89,-0.26,0.32,-0.54,332,304,304,347,329
3.47,-2.53,-9.73,-0.15,0.20,-0.37,331,304,303,347,331
3.07,-2.40,-9.86,0.12,-0.02,-0.38,331,303,303,347,331
3.82,-3.40,-9.44,0.25,-0.21,0.23,331,304,304,347,330
2.26,-3.85,-9.16,0.42,-0.46,0.73,333,304,304,347,329
1.26,-4.45,-9.07,0.51,-0.70,0.90,333,305,303,346,327
-3.21,-4.26,-8.91,0.63,-0.63,0.97,335,305,303,346,327
-4.06,-4.74,-7.39,0.38,-0.27,0.35,335,305,304,347,327
-4.31,-6.25,-7.15,0.15,-0.05,-0.04,336,305,304,347,326
-2.74,-5.48,-7.58,-0.10,0.30,-0.25,336,305,304,347,326
-2.61,-5.48,-7.49,-0.59,0.70,-0.82,334,305,304,347,326
-0.76,-4.84,-8.62,-0.76,0.51,-1.42,333,305,304,347,326
2.39,-2.75,-9.38,-0.56,0.44,-1.42,332,304,304,348,329
4.89,-1.46,-9.71,-0.10,0.31,-0.41,331,304,304,348,330
END
3.72,-2.07,-9.71,-0.02,0.12,0.07,332,305,303,346,325
1.23,-3.86,-8.72,-0.58,0.54,-0.87,331,304,303,346,327
3.50,-3.96,-8.69,-0.23,0.49,-0.75,330,303,302,347,328
4.76,-1.52,-9.78,-0.12,0.16,-0.24,329,303,302,346,329
4.01,-2.71,-9.40,0.13,-0.06,0.22,329,303,302,346,329
2.63,-3.30,-9.27,0.17,-0.24,0.31,330,303,302,346,329
1.87,-4.13,-9.20,0.33,-0.28,0.57,331,303,302,346,328
1.41,-4.24,-8.85,0.39,-0.42,0.72,331,304,302,346,327
1.02,-5.04,-8.41,0.70,-0.63,0.92,332,304,302,345,326
-2.12,-6.06,-7.26,0.72,-0.51,0.88,333,304,303,345,325
-5.13,-5.39,-7.29,0.27,-0.22,0.20,334,304,303,345,325
-4.57,-6.70,-6.98,-0.05,0.14,-0.24,334,304,302,345,325
-2.43,-5.95,-7.79,-0.18,0.42,-0.35,333,304,302,346,324
-1.44,-5.21,-7.78,-0.56,0.75,-0.83,332,304,302,345,324
0.42,-5.61,-8.19,-0.30,0.57,-0.43,331,303,302,345,325
2.16,-3.63,-9.32,-0.45,0.31,-0.33,330,303,302,345,326
2.94,-3.75,-9.19,-0.13,0.24,-0.55,330,303,302,346,327
4.03,-2.46,-9.37,0.12,-0.28,0.14,330,303,302,345,328
2.25,-4.54,-9.16,0.46,-0.51,0.61,331,303,302,346,327
0.09,-4.14,-8.87,0.66,-0.95,0.99,332,304,302,345,326
-4.54,-5.18,-7.08,0.64,-0.74,0.86,334,304,303,345,326
-7.72,-5.22,-6.04,0.18,-0.11,-0.09,335,304,302,345,326
-4.04,-5.74,-6.99,-0.24,0.30,-0.41,334,303,303,346,326
-0.78,-5.18,-7.95,-0.39,0.64,-0.64,333,304,303,345,325
0.53,-5.46,-8.47,-0.65,0.49,-0.83,331,303,302,345,325
-0.12,-2.76,-9.83,-0.69,0.32,-0.98,331,303,302,345,327
1.89,-4.11,-8.56,-0.08,0.33,-1.43,331,303,302,346,328
5.10,-2.89,-9.28,-0.15,0.14,-0.85,330,303,303,346,331
4.39,-2.57,-9.23,0.26,-0.05,-0.41,329,303,303,346,331
3.96,-3.06,-9.14,0.19,-0.24,0.43,329,303,303,346,331
2.07,-4.16,-8.81,0.32,-0.38,0.50,331,303,303,346,329
2.06,-3.60,-9.29,0.47,-0.60,1.11,331,303,303,346,328
0.22,-3.88,-8.84,0.69,-0.64,1.29,331,304,302,345,327
-3.43,-4.97,-8.02,0.63,-0.53,0.78,333,304,302,345,326
-4.98,-6.03,-7.05,0.28,-0.28,0.01,334,303,303,345,324
-3.93,-6.37,-7.42,-0.00,0.02,-0.36,334,304,303,345,325
END
-1.95,-5.67,-7.61,-0.13,0.23,-0.28,330,302,303,346,332
3.51,-2.65,-9.48,0.38,-0.25,0.74,330,303,303,347,330
1.84,-3.60,-9.40,0.47,-0.37,0.95,332,303,303,347,329
1.70,-3.33,-9.18,0.60,-0.60,0.99,333,303,303,347,328
-0.41,-4.77,-8.74,0.74,-0.58,1.04,333,304,303,346,327
-4.69,-5.44,-7.20,0.51,-0.33,0.57,335,304,303,346,326
-4.92,-6.04,-7.03,0.18,-0.18,0.07,335,304,303,346,326
-3.64,-5.89,-7.52,-0.14,0.20,-0.28,335,304,303,346,326
-2.36,-5.37,-7.62,-0.59,0.60,-0.87,333,304,303,346,325
-0.39,-5.20,-8.74,-0.81,0.42,-1.26,331,303,302,345,326
1.27,-3.17,-8.85,-0.50,0.32,-1.05,331,303,303,345,328
2.00,-3.04,-9.04,-0.34,0.39,-0.87,330,303,302,345,329
3.23,-1.38,-9.76,-0.16,0.20,-0.47,330,303,302,345,331
3.75,-1.37,-9.98,0.05,0.04,0.00,330,303,303,346,332
3.24,-2.01,-9.66,0.27,-0.13,0.40,330,303,302,346,332
2.54,-2.80,-9.45,0.41,-0.31,0.86,331,303,303,346,330
1.93,-3.89,-8.90,0.64,-0.45,1.53,332,303,303,346,328
-1.06,-3.52,-9.06,0.72,-0.56,1.41,333,304,303,346,326
-4.38,-4.47,-7.72,0.62,-0.50,0.76,335,304,303,346,326
-4.50,-6.49,-6.89,0.20,-0.22,-0.08,336,305,304,346,326
-3.85,-6.07,-7.14,-0.09,0.05,-0.08,335,305,304,346,326
-3.82,-5.16,-7.47,-0.31,0.41,-0.41,334,304,304,346,326
-2.66,-4.90,-8.36,-0.67,0.69,-1.06,332,304,303,346,326
-0.09,-4.11,-8.10,-0.46,0.77,-1.06,330,304,302,346,326
2.16,-3.37,-8.79,-0.47,0.44,-1.41,330,303,302,346,328
4.90,-1.90,-9.40,-0.27,0.23,-0.80,329,303,303,347,330
3.96,-2.30,-9.76,-0.04,0.16,0.09,329,303,303,347,331
3.64,-1.70,-10.05,0.14,-0.18,0.05,329,303,303,346,330
3.88,-3.30,-9.25,0.40,-0.35,0.65,331,303,303,347,329
2.35,-3.72,-9.02,0.63,-0.70,1.16,331,304,303,347,327
-0.48,-4.63,-8.57,0.75,-0.79,1.22,332,304,303,346,326
-4.05,-4.74,-7.52,0.54,-0.54,0.71,333,304,303,345,326
-5.31,-5.73,-6.98,0.27,-0.28,0.12,334,304,303,346,326
-3.87,-5.81,-7.12,-0.12,0.08,-0.39,334,304,303,345,326
-2.93,-5.81,-7.31,-0.42,0.39,-0.85,333,304,303,346,325
-1.58,-5.02,-7.57,-0.67,0.58,-1.29,332,304,303,345,325
END
1.11,-3.37,-9.61,-0.50,0.35,-1.19,331,303,302,345,325
-5.47,-5.28,-6.98,0.55,-0.42,0.85,333,304,303,344,325
-6.84,-5.93,-6.27,0.12,-0.06,0.01,333,304,303,345,325
-3.93,-5.81,-7.02,-0.42,0.53,-0.64,333,304,302,345,325
-0.80,-4.54,-8.20,-0.78,0.92,-0.99,331,303,301,345,325
0.52,-4.38,-8.46,-0.61,0.68,-1.38,330,303,302,345,326
3.43,-1.56,-9.71,-0.45,0.31,-1.31,330,303,302,346,328
5.45,-2.90,-9.14,-0.10,0.39,-0.72,329,303,302,346,331
5.29,-0.20,-10.21,0.01,0.11,0.05,329,302,302,346,331
4.31,-2.19,-9.65,0.24,-0.14,0.26,328,302,302,346,331
3.45,-3.07,-9.18,0.36,-0.32,0.65,329,303,302,347,330
2.19,-3.41,-8.90,0.48,-0.42,0.92,330,303,302,347,328
0.80,-4.47,-8.55,0.57,-0.62,0.70,330,303,303,346,326
-0.45,-5.10,-8.13,0.51,-0.60,0.80,332,304,302,346,325
-1.98,-5.03,-7.77,0.43,-0.42,0.65,333,304,302,346,325
-3.93,-6.09,-7.14,0.25,-0.07,0.44,335,304,303,346,325
-4.44,-5.85,-7.48,0.00,0.11,0.05,335,304,304,346,325
-2.96,-5.68,-7.69,-0.32,0.53,-0.42,334,304,303,346,326
-2.24,-5.49,-7.37,-0.55,0.74,-1.11,332,304,302,347,325
2.05,-3.43,-8.61,-0.58,0.46,-1.25,331,304,303,347,325
3.91,-5.34,-8.77,-0.61,0.44,-0.58,331,303,303,347,328
3.60,-2.02,-9.53,-0.14,0.39,-0.29,330,303,303,347,329
4.80,-2.00,-9.73,-0.18,0.05,-0.24,330,303,303,347,330
4.78,-1.43,-9.75,0.26,-0.16,0.14,330,303,303,347,330
4.09,-3.32,-9.43,0.44,-0.50,1.04,331,303,303,347,329
1.74,-3.75,-8.70,0.77,-0.67,1.57,331,304,303,347,327
-2.26,-4.26,-8.46,0.71,-0.75,1.32,332,304,303,346,326
-5.24,-4.69,-7.33,0.43,-0.53,0.47,334,304,303,346,326
-6.30,-6.68,-6.42,-0.04,0.02,-0.29,335,304,303,346,326
-3.47,-5.79,-7.03,-0.22,0.49,-0.43,334,304,303,346,325
-1.11,-5.23,-7.74,-0.42,0.79,-0.62,332,304,302,346,325
-0.45,-3.76,-8.41,-0.85,0.67,-1.00,332,304,303,347,325
3.14,-2.97,-8.92,-0.25,0.61,-1.18,331,303,303,347,326
5.59,-3.27,-9.38,-0.32,0.28,-0.52,330,303,304,349,329
3.46,-1.46,-10.34,0.01,0.15,-0.21,330,304,303,349,329
4.26,-2.63,-9.72,0.13,-0.31,0.26,331,303,304,349,329
END
2.12,-4.84,-6.71,-0.38,1.15,-1.18,333,303,301,343,324
-1.94,-5.56,-6.95,0.37,-0.90,0.77,339,304,304,343,325
-5.46,-6.11,-6.54,0.19,-0.45,0.21,342,305,305,343,326
-5.23,-7.29,-6.17,-0.00,-0.17,-0.12,343,305,305,343,326
-4.85,-6.07,-6.65,-0.09,0.44,-0.36,341,305,304,343,325
-3.29,-6.29,-6.59,-0.53,0.91,-0.93,334,305,303,343,324
-0.37,-6.32,-6.42,-0.55,1.27,-0.48,331,304,303,343,324
3.18,-5.72,-8.84,-0.54,1.16,-0.17,330,305,303,343,326
3.68,-3.63,-8.48,-0.29,0.87,0.17,329,305,302,344,327
4.44,-3.35,-9.67,-0.34,0.19,-0.22,329,305,303,345,329
4.92,-2.51,-9.76,0.11,-0.10,-0.19,329,304,303,345,329
3.64,-3.47,-9.05,0.20,-0.33,0.10,329,305,302,345,329
2.77,-3.73,-8.78,0.41,-0.58,0.03,331,305,303,345,328
3.19,-4.12,-8.31,0.58,-0.91,0.55,333,305,303,345,326
0.67,-5.46,-7.62,0.94,-1.06,1.02,334,305,301,344,325
-4.22,-5.47,-6.48,0.40,-0.96,0.69,336,304,301,343,325
-4.80,-5.86,-5.92,0.20,-0.57,-0.07,338,304,302,343,325
-4.85,-7.44,-5.99,0.09,-0.16,0.06,338,304,303,343,325
-5.10,-5.91,-6.32,0.04,0.35,-0.37,338,304,302,343,325
-3.60,-6.88,-6.66,-0.35,0.68,-0.82,336,304,301,344,324
-1.93,-6.22,-6.09,-0.38,1.07,-0.75,334,304,300,343,323
0.10,-5.64,-6.68,-0.85,1.10,-1.30,331,304,301,343,324
4.67,-4.01,-7.92,-0.94,0.72,-0.81,330,305,302,343,326
5.78,-2.14,-9.65,-0.34,0.55,-0.37,330,304,302,344,328
6.18,-1.87,-9.76,-0.18,0.09,0.05,330,304,303,344,328
4.83,-2.02,-9.41,0.25,-0.25,0.22,331,304,302,345,329
3.57,-3.30,-8.61,0.44,-0.43,0.25,332,304,303,345,329
3.37,-4.11,-8.05,0.53,-0.70,0.48,334,305,302,345,328
4.11,-5.52,-7.98,0.68,-1.32,0.85,335,305,302,344,326
-1.63,-4.58,-7.56,0.76,-1.00,1.19,334,304,302,344,325
-5.63,-4.93,-6.98,0.32,-0.56,0.41,336,304,302,344,326
-5.43,-6.37,-6.70,0.15,-0.53,-0.26,337,304,302,343,326
-4.90,-6.45,-6.46,0.07,0.16,-0.17,337,305,302,344,325
-3.25,-6.67,-7.35,-0.15,0.50,-0.54,336,304,302,344,325
-1.81,-6.22,-6.93,-0.36,0.91,-0.81,334,304,301,343,324
0.40,-5.99,-6.52,-0.55,1.13,-0.94,331,304,300,342,323
END
3.29,-4.00,-8.60,-1.05,0.39,-1.07,333,304,299,343,325
-2.90,-6.01,-7.07,0.61,-0.61,0.94,335,304,300,342,325
-5.96,-6.35,-6.14,0.37,-0.35,0.39,337,304,300,343,325
-4.47,-7.01,-6.50,-0.04,-0.19,-0.28,337,304,300,343,325
-3.47,-6.25,-6.83,-0.11,0.30,-0.21,337,304,300,343,325
-3.33,-5.80,-7.19,-0.43,0.67,-0.56,336,304,299,343,324
-2.45,-5.76,-7.24,-0.58,0.94,-1.14,334,304,299,343,323
2.78,-4.36,-8.87,-0.70,0.60,-1.23,332,304,299,341,325
3.15,-4.46,-8.37,-0.73,0.59,-1.01,331,303,300,342,328
4.69,-0.99,-9.60,-0.35,0.40,-0.28,330,303,298,342,329
5.49,-2.22,-8.82,-0.05,0.21,0.09,330,303,298,342,330
4.69,-1.73,-9.38,0.06,-0.06,0.00,330,303,299,343,330
5.01,-2.42,-8.99,0.42,-0.34,0.62,330,303,299,343,331
3.64,-3.85,-8.45,0.60,-0.55,1.13,333,304,300,344,328
2.23,-5.68,-8.05,0.48,-1.02,0.91,333,305,300,345,326
-0.62,-4.73,-8.22,0.58,-0.99,1.00,335,305,300,344,326
-3.63,-4.95,-7.52,0.51,-0.57,0.36,338,305,300,344,326
-3.76,-6.67,-6.65,0.38,-0.49,0.05,338,305,300,344,325
-4.32,-7.09,-6.35,0.25,-0.20,-0.08,338,305,300,344,326
-4.02,-7.06,-6.44,-0.09,0.22,-0.18,337,305,300,345,325
-3.29,-6.13,-7.16,-0.42,0.57,-0.80,336,305,299,344,325
-1.37,-6.25,-7.57,-0.62,0.82,-0.79,335,304,299,344,325
0.84,-4.90,-7.73,-0.54,0.74,-1.03,333,304,299,344,324
3.12,-3.95,-8.82,-0.58,0.42,-0.77,332,304,300,344,327
3.15,-3.55,-8.70,-0.33,0.43,-0.57,331,304,300,344,328
4.19,-2.30,-9.31,-0.28,0.15,-0.25,331,304,300,344,330
4.36,-2.36,-9.58,0.21,-0.06,0.02,331,304,299,344,330
4.37,-2.74,-9.15,0.41,-0.35,0.55,331,304,300,345,329
2.83,-4.75,-8.50,0.62,-0.56,0.96,333,304,300,345,327
0.60,-4.46,-8.41,0.47,-1.05,0.75,332,305,299,344,325
-1.73,-5.28,-7.95,0.54,-0.69,0.90,335,305,300,344,325
-4.25,-5.49,-7.31,0.43,-0.36,0.45,335,305,300,344,325
-4.18,-6.98,-6.30,0.33,-0.29,0.05,336,305,300,344,328
-3.54,-6.45,-7.11,-0.02,0.07,-0.20,336,305,301,345,326
-3.13,-6.37,-7.03,-0.12,0.43,-0.27,336,304,300,345,325
-2.25,-5.98,-7.49,-0.36,0.60,-0.48,335,305,300,345,325
END
-1.39,-5.98,-7.82,-0.57,0.82,-0.74,332,304,301,345,329
3.49,-4.87,-8.23,0.67,-0.80,0.63,332,305,301,345,326
1.86,-4.80,-8.50,0.92,-1.06,0.99,331,304,299,343,324
-3.73,-4.59,-6.38,0.51,-0.46,0.98,332,304,299,344,324
-5.97,-7.01,-6.42,0.17,-0.26,-0.15,333,304,298,343,324
-2.57,-6.97,-6.99,-0.07,-0.20,-0.20,333,304,299,344,324
-3.03,-6.20,-7.11,-0.09,0.39,-0.18,333,304,300,344,323
-2.91,-5.99,-7.24,-0.46,0.55,-0.58,332,304,299,344,323
-0.02,-6.35,-7.27,-0.62,0.72,-0.99,331,304,299,343,323
0.24,-4.52,-8.14,-0.83,0.62,-0.96,331,304,299,343,324
3.37,-3.06,-8.54,-0.72,0.54,-1.39,330,304,300,343,327
6.05,-1.36,-10.16,-0.18,0.36,-0.49,329,304,300,343,329
5.78,-2.44,-9.04,-0.12,0.16,0.01,329,304,300,343,330
4.34,-1.65,-9.78,0.13,-0.11,-0.01,329,304,300,343,330
4.32,-3.02,-8.78,0.32,-0.25,0.29,329,304,300,343,330
4.02,-3.14,-8.82,0.52,-0.37,0.89,331,304,300,344,328
3.60,-4.56,-9.12,0.80,-0.66,1.38,330,305,300,343,325
0.53,-3.24,-8.53,0.80,-0.94,1.11,330,304,299,342,324
-4.12,-6.91,-6.04,0.48,-0.63,0.50,331,303,299,342,324
-4.76,-6.56,-6.70,0.17,-0.41,0.09,332,304,299,342,324
-3.90,-7.21,-6.34,0.06,-0.09,-0.22,332,303,299,342,324
-3.07,-6.70,-6.34,-0.16,0.38,-0.24,332,303,299,343,323
-2.50,-6.36,-6.96,-0.57,0.61,-0.82,331,303,298,342,323
-0.65,-6.09,-7.12,-0.57,0.75,-0.96,330,303,298,342,323
2.02,-4.58,-8.01,-0.50,0.30,-1.31,330,303,298,342,323
4.15,-2.76,-9.25,-0.84,0.20,-0.88,330,303,298,341,325
3.61,-2.37,-9.42,-0.09,0.44,-0.27,329,304,299,342,326
4.62,-2.20,-9.71,-0.16,0.10,-0.05,329,303,299,342,328
4.92,-2.05,-9.68,0.17,-0.12,0.24,329,303,299,342,328
3.79,-3.26,-9.13,0.35,-0.25,0.59,330,303,299,342,327
3.10,-4.15,-8.56,0.55,-0.44,0.91,330,304,299,343,326
0.91,-5.92,-8.43,0.93,-0.72,1.28,330,304,298,342,324
-1.61,-4.15,-7.87,0.75,-0.70,1.02,330,303,298,341,323
-4.61,-6.37,-6.30,0.34,-0.30,0.31,331,303,298,341,323
-3.37,-7.24,-6.32,0.01,-0.18,-0.18,331,303,298,341,323
-3.14,-6.55,-6.74,-0.08,0.27,-0.21,332,303,298,341,322
END
-2.06,-6.05,-6.96,-0.36,0.53,-0.62,330,304,300,343,331
4.43,-2.02,-9.81,0.07,-0.14,0.16,330,304,300,343,331
4.07,-2.28,-9.55,0.35,-0.23,0.62,330,304,300,343,331
2.92,-2.75,-9.15,0.52,-0.29,1.26,332,304,300,343,329
1.95,-4.17,-8.84,0.79,-0.49,1.47,331,304,299,343,327
-1.03,-4.08,-7.90,0.58,-0.58,1.14,332,304,299,343,326
-3.67,-5.81,-7.17,0.53,-0.52,0.17,332,304,299,343,325
-2.97,-7.35,-6.70,0.24,-0.47,-0.02,332,304,299,343,324
-3.67,-7.16,-5.99,0.23,-0.09,0.16,332,303,299,343,324
-4.09,-6.88,-6.28,-0.37,0.33,-0.36,333,304,299,342,325
-2.72,-6.03,-6.63,-0.49,0.62,-0.76,333,304,298,343,324
-1.04,-5.55,-7.12,-0.61,0.72,-1.12,331,304,299,343,324
2.23,-3.46,-7.33,-0.78,0.64,-1.47,330,304,299,343,325
5.81,-2.50,-9.37,-0.53,0.46,-0.43,330,304,299,344,327
3.85,-1.82,-10.30,-0.51,0.55,0.31,330,304,300,344,330
4.66,-0.10,-11.00,0.14,0.11,0.05,329,303,299,344,329
5.56,-2.57,-9.56,0.35,-0.27,0.38,330,304,300,344,329
3.41,-2.66,-9.17,0.61,-0.38,1.07,330,304,300,343,328
1.69,-4.16,-8.51,0.76,-0.72,1.23,330,303,299,343,326
-1.03,-4.92,-7.75,0.67,-0.95,0.84,330,304,299,343,325
-3.14,-5.99,-6.14,0.51,-0.69,0.30,331,303,299,343,325
-3.91,-7.19,-5.97,0.22,-0.42,0.01,332,304,299,343,324
-4.43,-7.14,-6.35,0.02,-0.10,-0.18,332,304,299,343,324
-4.52,-6.62,-6.84,-0.28,0.45,-0.50,331,303,299,343,324
-2.79,-6.50,-6.63,-0.77,0.83,-1.14,331,303,299,342,324
0.43,-5.26,-7.49,-1.06,0.71,-1.46,331,304,299,343,324
4.70,-2.51,-8.76,-0.62,0.39,-0.91,331,304,301,344,329
5.68,-3.63,-8.93,-0.19,0.45,0.14,330,304,302,344,331
2.81,-1.86,-9.96,-0.11,0.20,0.08,331,304,301,344,332
3.99,-2.24,-9.92,0.26,-0.15,0.09,331,304,301,344,331
3.38,-3.12,-9.58,0.53,-0.30,0.57,331,304,301,345,331
2.22,-3.78,-8.94,0.77,-0.60,0.70,331,304,300,344,328
1.75,-5.21,-7.87,1.03,-1.09,0.79,331,304,300,344,325
-2.94,-6.86,-5.37,0.88,-0.87,1.05,332,304,299,343,324
-6.45,-7.68,-5.27,0.29,-0.54,0.23,334,304,300,343,324
-5.58,-7.69,-5.03,0.11,-0.33,-0.15,334,304,300,343,324
END
-4.84,-7.51,-5.66,-0.31,0.36,-0.28,330,304,299,341,327
6.77,-0.83,-10.37,-0.10,0.20,-0.45,330,303,300,341,329
5.69,-1.90,-9.67,0.08,-0.12,0.34,330,304,300,341,329
3.85,-2.21,-9.66,0.43,-0.41,0.39,331,304,300,342,328
3.91,-2.66,-9.46,0.64,-0.67,0.86,332,304,299,342,327
3.12,-3.48,-8.32,0.92,-0.94,1.43,332,304,299,341,325
-3.35,-5.95,-6.63,0.69,-1.07,0.98,331,304,298,341,324
-5.31,-5.87,-5.79,0.42,-0.75,0.32,332,303,299,341,323
-4.92,-7.05,-6.21,0.08,-0.24,-0.27,332,303,298,341,324
-3.74,-6.68,-6.51,-0.24,0.27,-0.30,332,303,298,341,323
-2.96,-6.12,-7.09,-0.68,0.56,-0.90,332,303,299,341,324
-0.70,-4.87,-7.65,-0.79,0.61,-1.26,331,304,299,341,324
2.21,-2.79,-8.23,-0.74,0.80,-0.70,331,304,301,342,327
2.23,-3.57,-8.33,-0.31,0.92,-0.36,331,304,300,342,330
3.04,-1.46,-9.99,-0.22,0.59,-0.70,331,304,300,342,331
6.75,-1.22,-9.90,0.01,0.28,-0.71,331,304,301,342,333
7.33,-2.02,-9.50,0.21,-0.03,0.12,330,304,301,342,333
6.30,-2.83,-9.38,0.50,-0.58,0.73,331,304,301,343,332
4.58,-2.66,-8.87,0.67,-0.91,1.41,333,305,301,344,330
0.98,-3.47,-8.08,1.17,-1.24,0.95,332,305,300,342,326
-3.40,-5.70,-6.31,0.82,-0.95,1.04,334,304,299,342,325
-6.56,-7.24,-5.47,0.35,-0.29,0.13,336,304,300,343,325
-4.28,-8.08,-7.35,-0.09,0.05,-0.32,335,304,300,343,325
-3.41,-6.88,-6.19,-0.42,0.57,-0.42,334,304,300,343,325
-2.20,-5.93,-7.19,-1.06,0.67,-1.52,333,304,299,343,324
0.47,-4.36,-7.65,-0.72,0.42,-1.84,331,304,300,343,325
4.16,-1.00,-10.13,-0.93,0.19,-1.82,330,304,300,342,328
5.79,-0.30,-10.01,-0.39,0.23,-0.81,330,304,301,342,331
5.00,-0.82,-10.01,-0.02,0.37,0.50,330,304,300,342,332
5.26,-0.42,-10.06,0.20,0.03,1.08,330,304,300,342,333
3.64,-2.99,-9.09,0.31,-0.22,0.99,330,304,300,342,331
2.49,-2.91,-8.90,0.49,-0.68,0.67,332,304,300,343,329
2.72,-4.75,-8.77,0.69,-0.90,0.94,334,305,300,343,327
-0.19,-5.19,-7.47,0.79,-0.96,1.13,335,304,299,343,327
-4.64,-5.43,-7.03,0.61,-0.59,0.75,337,304,300,343,327
-5.64,-6.09,-6.27,0.13,-0.20,0.13,338,305,301,343,327
END
-4.83,-7.07,-6.25,-0.00,0.16,-0.21,332,304,300,344,332
4.10,-1.56,-9.62,0.02,0.13,-0.23,331,304,300,344,332
4.21,-1.69,-9.66,0.23,-0.14,-0.01,331,303,299,344,333
4.22,-2.46,-7.39,0.40,-0.32,0.49,332,304,300,344,332
2.86,-4.31,-7.82,0.62,-0.58,1.67,333,304,300,344,328
0.79,-4.67,-8.32,0.86,-0.87,1.38,333,304,299,343,326
-3.14,-4.80,-8.48,0.55,-0.51,1.06,334,304,299,343,327
-5.69,-4.56,-7.08,0.36,-0.28,0.29,335,304,299,343,327
-4.22,-6.93,-6.80,0.14,-0.09,0.00,336,304,299,343,327
-3.63,-5.51,-7.26,0.04,0.24,-0.17,336,304,299,343,327
-3.81,-6.16,-7.29,-0.25,0.48,-0.91,335,304,299,343,326
-1.77,-5.69,-7.36,-0.60,0.58,-1.41,333,304,299,343,325
1.31,-3.75,-8.03,-0.47,0.71,-1.18,332,303,299,342,325
3.18,-2.71,-9.02,-0.47,0.51,-0.61,331,302,299,343,326
3.35,-3.37,-8.90,-0.34,0.50,-0.37,331,304,299,343,328
4.36,-2.77,-9.38,-0.17,0.33,-0.38,331,303,299,343,329
5.25,-2.37,-9.07,-0.09,0.08,-0.37,329,303,299,343,331
6.04,-1.67,-9.55,0.16,-0.24,0.04,331,304,300,343,331
5.58,-3.15,-8.80,0.37,-0.55,0.85,332,304,300,343,330
3.92,-3.82,-8.87,0.53,-0.72,1.98,333,304,299,343,328
-0.88,-3.62,-8.28,0.57,-0.73,1.56,333,304,299,343,327
-4.06,-4.42,-7.81,0.42,-0.62,0.94,334,304,299,342,326
-5.23,-4.80,-7.40,0.19,-0.37,0.04,334,304,299,342,326
-5.21,-5.46,-7.16,0.06,0.02,-0.25,334,304,299,342,326
-3.83,-5.55,-7.52,-0.16,0.39,-0.50,334,304,299,343,326
-2.05,-5.51,-7.59,-0.48,0.64,-1.02,333,303,298,343,325
-1.19,-4.55,-7.87,-0.63,0.80,-1.53,332,304,299,342,326
2.65,-2.40,-9.20,-0.72,0.49,-1.77,331,304,299,342,330
5.71,-2.57,-9.17,-0.05,0.35,-0.54,331,304,300,343,332
4.69,-1.52,-9.58,-0.07,0.04,-0.10,331,304,300,342,333
3.47,-2.20,-9.52,0.09,-0.13,0.03,331,304,300,343,333
3.78,-2.81,-9.38,0.26,-0.18,0.45,331,304,301,343,333
3.89,-3.19,-8.76,0.48,-0.29,1.28,332,304,300,344,331
2.47,-4.56,-9.10,0.62,-0.65,1.79,334,305,300,344,329
-1.59,-4.01,-8.42,0.66,-0.84,1.00,333,304,299,343,326
-5.25,-4.27,-7.70,0.34,-0.53,0.63,334,304,299,343,327
END
-5.64,-5.84,-7.06,0.22,-0.22,-0.23,330,303,300,344,332
5.33,-2.96,-9.14,0.44,-0.45,0.80,332,303,300,344,332
4.39,-3.52,-8.39,0.69,-0.62,1.57,333,304,300,345,329
1.28,-3.73,-9.03,0.71,-0.91,1.84,333,304,300,344,327
-4.85,-4.19,-7.10,0.65,-0.52,1.19,335,304,300,343,326
-6.23,-5.81,-6.20,0.16,-0.22,0.40,336,304,300,343,327
-4.41,-6.25,-7.07,0.03,-0.02,-0.34,337,304,300,343,326
-3.22,-5.47,-7.44,-0.30,0.53,-0.56,336,304,300,344,326
-1.09,-5.87,-7.79,-0.42,0.70,-0.98,334,304,300,343,325
-0.24,-5.04,-7.87,-0.44,0.78,-0.90,332,304,300,344,326
2.30,-3.82,-7.54,-0.58,0.35,-1.30,332,304,300,344,328
3.68,-2.62,-8.88,-0.45,0.31,-1.18,332,304,300,345,330
5.51,-1.25,-10.12,-0.23,0.32,-0.69,332,304,301,344,332
5.63,-1.62,-9.42,0.17,0.19,0.05,331,304,301,345,333
4.62,-2.54,-8.99,0.24,-0.16,0.06,331,304,301,345,332
5.50,-2.97,-9.38,0.44,-0.47,0.45,332,304,302,345,331
4.26,-3.58,-8.62,0.45,-0.74,1.59,334,305,302,345,330
2.38,-2.95,-8.47,0.73,-0.95,2.23,335,306,301,344,328
-5.21,-3.61,-7.15,0.75,-0.52,1.45,337,305,301,344,328
-8.19,-5.28,-7.11,0.20,-0.51,0.21,339,306,301,344,328
-4.90,-6.45,-6.90,-0.12,-0.14,-0.37,339,305,301,344,328
-3.54,-5.27,-7.57,-0.12,0.32,-0.39,338,305,301,344,327
-3.75,-5.23,-7.44,-0.61,0.56,-1.07,338,305,301,344,327
-1.24,-5.25,-7.74,-0.51,0.73,-1.27,335,305,301,344,327
1.22,-2.84,-8.46,-0.57,0.76,-1.17,334,305,301,344,328
3.09,-2.88,-8.28,-0.33,0.76,-1.17,333,304,301,344,329
5.33,-1.82,-9.18,-0.14,0.51,-1.12,331,304,301,344,332
7.36,-1.54,-9.24,0.00,0.12,-0.57,331,304,301,344,334
6.19,-1.50,-9.35,0.21,-0.19,0.16,331,304,301,344,333
5.35,-2.44,-9.20,0.32,-0.47,0.82,332,304,301,345,333
3.40,-3.23,-8.48,0.43,-0.62,1.22,334,305,301,345,330
2.25,-4.57,-8.84,0.64,-0.86,1.55,333,305,301,344,329
-2.01,-3.98,-8.38,0.65,-0.72,1.37,334,305,300,344,327
-4.35,-4.33,-7.29,0.42,-0.41,0.74,336,304,301,343,327
-5.17,-6.06,-7.08,0.10,-0.22,-0.02,337,305,301,343,328
-3.64,-5.55,-7.22,-0.09,0.25,-0.35,336,304,301,344,327
END
-3.17,-5.73,-7.87,-0.28,0.62,-0.85,334,305,303,346,329
2.30,-4.04,-8.55,0.78,-1.05,1.85,334,305,302,345,326
-4.77,-4.85,-6.88,0.98,-0.71,1.21,336,305,301,344,326
-7.99,-6.57,-5.29,0.30,-0.31,0.04,338,305,302,344,326
-4.04,-7.13,-6.76,-0.08,-0.08,-0.40,337,304,301,344,325
-3.08,-6.07,-6.83,-0.12,0.60,-0.49,336,305,301,345,325
-1.54,-6.43,-7.24,-0.57,0.58,-1.01,335,305,300,344,324
-0.67,-5.30,-7.39,-0.54,0.68,-1.23,333,304,300,344,323
2.14,-3.26,-8.74,-0.72,0.47,-1.29,332,304,300,344,324
5.07,-3.60,-8.71,-0.43,0.60,-1.02,331,304,301,344,327
6.18,-1.22,-9.38,-0.28,0.36,-0.44,330,304,301,344,329
6.51,-2.05,-9.29,0.06,0.05,0.23,330,304,302,344,330
4.62,-2.48,-9.34,0.16,-0.20,0.31,331,304,301,344,330
4.66,-3.57,-8.51,0.39,-0.40,0.95,332,304,302,345,329
3.65,-4.11,-8.51,0.48,-0.52,1.57,333,305,301,345,327
1.11,-4.63,-8.26,0.75,-0.94,1.75,333,305,301,344,326
-4.82,-4.61,-6.96,0.65,-0.73,1.10,338,305,301,345,327
-6.78,-5.74,-6.15,0.29,-0.42,0.23,337,305,301,344,327
-5.40,-6.50,-6.46,-0.05,-0.23,-0.30,337,305,301,344,327
-4.82,-5.76,-6.53,-0.18,0.42,-0.44,336,304,301,344,326
-3.93,-5.52,-6.84,-0.85,0.70,-1.51,335,304,301,344,325
-0.45,-5.77,-7.28,-0.86,0.79,-1.64,334,304,301,344,325
2.33,-2.35,-8.43,-0.60,0.43,-1.65,332,304,301,344,328
5.93,-1.32,-9.81,-0.31,0.46,-1.29,331,303,301,344,333
6.32,-1.64,-9.03,0.08,0.22,0.12,331,303,302,344,333
5.34,-2.26,-9.29,0.16,-0.10,0.81,331,303,302,345,333
4.36,-3.87,-8.86,0.44,-0.51,1.42,332,303,302,345,331
2.00,-5.24,-8.43,0.65,-0.76,2.03,334,304,302,345,330
-2.01,-3.17,-8.61,0.67,-1.09,1.52,335,305,301,344,327
-5.40,-5.27,-6.09,0.59,-0.90,0.19,335,304,301,343,328
-7.59,-6.04,-5.43,0.08,-0.30,-0.08,336,304,301,344,329
-5.81,-6.36,-6.13,0.06,0.21,-0.35,336,304,301,343,327
-3.15,-6.56,-6.18,-0.22,0.68,-0.76,335,304,300,343,326
-1.49,-5.64,-7.50,-0.88,0.85,-1.48,334,304,300,343,325
0.89,-5.54,-7.24,-0.76,0.64,-1.53,332,304,300,342,325
3.83,-2.55,-8.84,-0.57,0.57,-0.96,332,303,300,342,329
END
5.20,-3.75,-8.67,-0.26,0.48,-0.60,335,304,300,343,326
-4.72,-6.60,-6.60,0.03,0.01,-0.22,335,304,300,341,325
-3.12,-6.33,-6.81,-0.15,0.50,-0.16,335,304,300,341,325
-3.25,-6.22,-7.05,-0.59,0.74,-0.96,334,303,300,342,324
-0.70,-3.93,-8.56,-0.86,0.53,-1.27,333,304,300,342,327
1.84,-3.17,-8.87,-0.68,0.56,-1.35,332,304,300,342,335
3.30,-2.01,-9.31,-0.28,0.48,-0.94,332,304,300,342,338
4.86,-1.71,-9.30,-0.34,0.27,-0.28,331,303,300,341,339
4.99,-0.36,-10.33,0.22,-0.10,0.05,331,303,301,341,339
3.51,-2.82,-9.49,0.50,-0.32,0.30,332,303,301,342,337
3.65,-3.51,-8.73,0.57,-0.62,0.97,333,304,301,342,334
2.27,-4.87,-8.44,0.69,-0.70,1.64,333,304,301,342,331
-3.02,-4.60,-7.64,0.78,-0.73,1.38,334,304,300,341,328
-5.66,-4.82,-7.29,0.47,-0.48,0.55,335,304,300,342,328
-5.19,-6.01,-6.75,0.06,-0.13,-0.15,336,304,300,342,328
-3.75,-5.74,-7.29,-0.05,0.20,-0.14,335,304,300,342,327
-3.38,-5.26,-7.44,-0.25,0.43,-0.41,335,304,300,342,328
-2.72,-5.12,-7.97,-0.90,0.58,-1.42,334,304,300,342,328
-0.54,-4.07,-8.60,-0.66,0.69,-1.66,333,304,300,342,330
3.50,-2.10,-9.32,-0.29,0.65,-1.72,332,304,301,342,335
5.51,-1.45,-9.51,-0.45,0.41,-0.59,331,303,301,342,338
5.41,-0.82,-9.78,0.07,0.09,0.05,331,303,301,342,338
4.18,-2.15,-9.82,0.22,-0.17,0.24,330,303,301,342,337
3.62,-2.95,-9.31,0.46,-0.31,0.39,332,303,300,343,336
3.95,-2.76,-8.89,0.49,-0.60,1.33,332,303,301,343,333
2.02,-4.26,-8.75,0.85,-0.82,2.02,333,304,300,343,330
-3.01,-3.63,-8.06,0.81,-0.79,1.56,334,304,300,342,328
-7.34,-5.20,-6.59,0.46,-0.43,0.26,335,304,300,342,327
-5.89,-6.20,-6.43,-0.00,-0.17,-0.33,336,304,300,342,327
-3.59,-6.17,-7.01,-0.09,0.24,-0.30,335,304,300,342,327
-3.79,-5.26,-7.06,-0.59,0.57,-0.88,335,304,300,342,327
-2.68,-5.71,-8.15,-1.01,0.68,-1.62,334,304,300,342,327
0.68,-2.18,-8.95,-0.71,0.64,-1.69,332,304,300,342,331
5.12,-2.58,-8.63,-0.49,0.69,-1.48,332,303,301,342,337
5.50,-0.16,-9.77,-0.83,0.39,-0.46,331,303,301,342,340
5.59,0.44,-10.19,0.25,0.04,0.13,331,303,302,342,340
END
5.01,-0.42,-9.96,0.57,-0.19,0.41,335,304,300,344,328
-1.33,-4.79,-8.27,-0.93,0.69,-1.12,334,304,301,344,329
-1.44,-4.27,-8.46,-0.81,0.75,-1.25,333,304,301,344,329
2.76,-1.01,-9.43,-0.47,0.56,-1.47,332,304,302,344,335
5.82,-1.70,-9.98,-0.56,0.32,-0.40,332,304,303,345,338
4.27,0.34,-10.46,-0.03,0.05,-0.02,332,304,302,345,338
4.39,-1.06,-9.95,0.40,-0.26,0.19,332,304,302,345,337
3.78,-2.02,-9.10,0.57,-0.54,1.20,333,304,302,345,335
1.28,-3.33,-9.30,0.77,-0.87,1.59,334,305,302,345,331
-1.87,-3.64,-9.04,0.86,-0.93,1.29,334,305,302,344,330
-5.56,-3.95,-7.73,0.55,-0.59,0.71,336,304,301,344,330
-6.58,-5.48,-7.08,0.19,-0.21,-0.00,337,305,302,344,330
-5.04,-5.71,-7.07,-0.04,0.22,-0.43,337,304,302,344,329
-3.04,-5.38,-7.45,-0.33,0.33,-1.00,336,304,302,345,329
-1.83,-4.76,-8.57,-0.92,0.64,-1.33,335,304,302,345,328
-1.35,-4.28,-8.58,-0.66,0.80,-1.22,334,304,301,345,329
1.48,-1.82,-8.98,-0.59,0.69,-1.40,333,304,301,345,333
5.23,-0.66,-9.53,-0.27,0.55,-0.83,332,304,301,345,336
5.41,-0.48,-9.73,-0.11,0.38,-0.03,331,304,302,345,337
4.34,-0.98,-9.89,0.20,-0.04,-0.13,331,303,301,345,337
4.99,-1.84,-9.45,0.47,-0.28,0.13,331,303,302,346,336
5.30,-2.84,-8.94,0.60,-0.59,1.28,333,304,303,347,334
2.67,-3.47,-9.25,0.72,-1.01,1.78,334,305,302,345,329
-1.93,-3.50,-8.23,0.81,-0.95,1.33,334,304,301,344,328
-6.49,-5.00,-6.91,0.49,-0.48,0.65,336,305,301,344,328
-6.22,-5.32,-6.74,0.16,-0.28,-0.16,337,305,301,344,328
-4.13,-6.22,-7.42,-0.03,0.26,-0.29,336,305,302,344,327
-3.47,-5.56,-7.25,-0.34,0.55,-0.84,336,304,302,345,327
-2.51,-5.29,-8.14,-1.00,0.81,-1.50,334,305,301,345,327
1.03,-3.60,-8.27,-0.50,0.90,-1.20,333,304,302,345,329
4.18,-3.29,-8.61,-0.42,0.67,-1.09,332,304,302,345,334
5.43,-1.39,-9.31,-0.52,0.42,-0.54,331,304,302,345,337
6.05,-0.25,-9.60,0.00,0.02,-0.29,331,303,302,344,337
5.10,-1.91,-9.41,0.32,-0.19,0.28,331,303,303,345,336
4.31,-3.01,-9.14,0.50,-0.46,0.89,333,304,303,346,335
3.52,-4.09,-8.79,0.57,-0.71,1.42,334,305,303,346,333
END
1.15,-4.31,-8.87,0.74,-1.03,1.59,334,304,302,345,335
2.66,-1.67,-9.22,-0.15,0.54,-0.73,332,304,301,345,336
6.10,-1.50,-9.32,-0.17,0.23,-0.69,331,303,301,345,338
5.95,-1.48,-9.26,0.30,-0.12,0.08,331,303,299,345,338
4.76,-2.65,-8.84,0.57,-0.36,0.66,332,304,302,345,336
2.79,-3.80,-8.60,0.47,-0.66,1.20,334,304,302,346,334
1.51,-3.85,-8.98,0.68,-0.90,1.31,334,304,302,345,331
-2.00,-4.72,-8.23,0.68,-0.83,1.30,335,305,301,344,329
-5.61,-4.71,-7.20,0.47,-0.43,0.63,337,305,302,344,328
-6.16,-5.55,-6.66,0.08,-0.13,-0.07,337,305,301,344,328
-4.51,-5.87,-6.96,-0.16,0.41,-0.46,337,304,301,344,328
-3.35,-5.56,-7.46,-0.81,0.88,-1.35,335,304,301,345,328
-0.29,-4.91,-8.38,-0.78,0.72,-1.29,334,305,302,346,329
3.17,-2.05,-9.12,-0.51,0.58,-1.31,334,304,302,346,335
4.67,-2.41,-9.15,-0.50,0.55,-0.51,331,304,302,345,337
3.78,-0.54,-9.38,-0.14,0.23,-0.49,331,304,301,345,338
5.23,-0.96,-9.94,0.06,-0.05,-0.28,330,303,301,344,338
5.04,-2.13,-9.15,0.73,-0.33,0.54,331,303,302,345,335
3.76,-3.80,-8.46,0.69,-0.71,1.43,334,304,302,347,332
1.72,-3.67,-8.83,0.77,-1.19,0.98,334,305,302,346,328
-2.02,-4.89,-7.95,0.63,-0.72,1.17,336,305,302,345,328
-5.32,-5.00,-6.79,0.41,-0.27,0.45,337,305,302,345,328
-5.14,-6.36,-6.64,0.12,-0.15,-0.11,338,305,302,345,328
-3.65,-5.86,-7.09,0.01,0.23,-0.20,337,305,302,345,327
-2.99,-5.59,-7.16,-0.39,0.60,-0.58,337,305,302,346,327
-1.26,-5.36,-8.23,-0.89,0.82,-1.04,336,305,302,345,327
0.05,-3.89,-8.65,-0.74,0.71,-0.72,335,305,302,346,330
2.05,-2.77,-8.97,-0.41,0.59,-1.52,334,304,303,346,334
6.16,-1.97,-8.66,-0.35,0.43,-0.98,332,304,303,347,338
5.47,-0.65,-9.49,-0.06,0.24,-0.28,332,304,303,345,338
5.28,-1.12,-9.44,0.25,-0.17,0.08,332,304,303,346,338
5.39,-2.57,-10.53,0.60,-0.48,1.03,334,304,305,347,337
2.91,-3.39,-8.67,0.57,-0.73,1.35,336,306,305,348,333
0.42,-3.98,-8.84,0.80,-1.00,1.24,336,306,304,346,330
-2.86,-4.47,-7.76,0.59,-0.66,0.99,337,306,304,345,329
-6.12,-5.46,-7.05,0.33,-0.30,0.36,338,305,303,345,328
END
-5.25,-6.12,-6.39,0.01,0.12,-0.12,331,303,301,344,336
4.36,-4.01,-8.51,0.59,-0.73,1.62,333,304,302,345,333
2.06,-4.52,-8.64,0.60,-0.99,1.72,333,305,301,345,329
-2.48,-4.00,-8.30,0.69,-0.95,1.10,334,304,301,344,327
-5.58,-5.05,-7.01,0.64,-0.64,0.22,334,304,300,344,326
-5.83,-6.30,-5.85,0.10,-0.20,-0.06,335,304,300,344,327
-3.75,-6.53,-6.95,0.02,0.20,-0.16,334,304,300,344,326
-2.67,-6.10,-6.72,-0.16,0.55,-0.41,334,303,300,344,325
-2.17,-6.09,-8.06,-0.85,0.89,-1.08,333,304,300,344,325
-1.06,-4.44,-7.23,-0.63,0.94,-1.25,332,304,300,343,326
2.43,-2.92,-8.51,-0.76,0.55,-1.81,331,303,300,343,330
6.64,-2.10,-7.76,-0.20,0.58,-1.21,330,303,300,343,334
7.03,-0.15,-9.10,-0.26,0.29,-0.11,329,303,300,343,335
5.89,-1.24,-9.19,0.17,0.02,0.28,329,302,300,343,335
5.86,-2.22,-9.06,0.48,-0.33,0.51,330,303,300,344,335
5.05,-3.49,-8.71,0.46,-0.67,1.41,332,303,301,345,333
3.07,-4.24,-8.28,0.61,-0.91,1.71,333,305,301,345,329
-0.44,-3.80,-8.66,0.56,-1.09,1.48,333,304,301,344,327
-5.38,-4.31,-7.17,0.56,-0.68,0.67,335,304,300,344,327
-6.80,-5.46,-6.69,0.05,-0.21,0.06,335,304,301,344,327
-5.00,-5.33,-7.09,-0.06,0.17,-0.35,335,304,301,344,326
-2.63,-5.46,-7.38,-0.29,0.67,-0.72,334,304,300,345,325
-1.12,-5.76,-8.06,-0.94,0.82,-1.28,333,304,300,344,325
0.64,-3.65,-8.22,-0.68,0.62,-1.52,331,304,300,344,328
4.80,-1.78,-9.27,-0.37,0.49,-1.21,331,304,301,345,335
5.49,-1.88,-9.27,-0.29,0.41,-0.12,330,304,301,344,336
4.44,-0.84,-9.98,0.12,-0.05,0.15,331,303,301,344,336
4.86,-2.64,-9.10,0.49,-0.25,0.35,331,303,302,344,335
3.64,-2.63,-8.97,0.49,-0.53,1.39,333,304,302,346,332
1.87,-4.67,-8.97,0.72,-0.97,1.43,334,305,301,345,329
-1.98,-4.04,-8.18,0.63,-0.86,1.27,336,305,301,345,327
-6.04,-4.77,-6.76,0.44,-0.34,0.52,337,304,301,344,327
-5.35,-6.17,-7.17,0.04,-0.12,-0.23,337,305,301,344,327
-3.29,-5.47,-7.39,-0.02,0.30,-0.29,337,304,301,345,326
-2.55,-5.86,-7.59,-0.41,0.68,-0.73,336,304,300,345,326
-2.30,-5.51,-8.18,-0.89,0.70,-1.43,334,304,300,345,326
END
1.57,-2.71,-8.66,-0.81,0.45,-1.53,339,305,303,346,329
-6.96,-5.44,-6.58,0.15,-0.19,0.02,339,306,303,346,329
-4.39,-5.43,-7.32,-0.11,-0.01,-0.46,339,305,303,345,329
-2.72,-5.14,-7.56,-0.50,0.54,-0.96,338,305,303,346,328
-1.83,-4.96,-8.11,-1.04,0.74,-1.47,336,305,302,346,328
-0.09,-2.89,-8.55,-0.66,0.80,-1.49,335,305,302,346,331
3.79,-1.38,-9.37,-0.28,0.77,-1.68,332,304,302,345,336
7.19,-0.01,-9.25,-0.23,0.48,-0.76,331,304,302,345,338
7.20,-0.09,-9.54,0.13,0.15,0.05,331,303,302,345,338
5.74,-1.72,-9.15,0.45,-0.17,0.44,331,303,302,345,338
3.70,-3.63,-8.95,0.34,-0.31,0.62,332,304,302,345,336
3.29,-3.38,-8.89,0.31,-0.43,0.75,333,304,302,345,335
3.58,-3.93,-8.49,0.43,-0.66,1.05,334,305,302,346,333
1.81,-3.68,-8.89,0.67,-0.91,1.27,335,306,302,345,330
-2.52,-4.43,-7.95,0.55,-0.66,1.19,336,305,301,345,328
-5.99,-4.51,-7.29,0.40,-0.37,0.70,337,305,302,344,328
-6.07,-5.77,-6.60,0.12,0.05,0.09,338,305,302,344,329
-3.52,-5.80,-7.36,-0.07,0.32,-0.33,337,305,302,344,328
-1.98,-5.32,-7.83,-0.40,0.61,-0.74,336,305,302,345,327
-1.31,-5.49,-8.15,-0.78,0.71,-1.14,335,305,301,345,327
0.93,-3.12,-9.10,-0.57,0.67,-0.57,335,305,302,345,329
2.19,-4.02,-8.43,-0.26,0.68,-0.52,334,304,302,345,331
3.26,-1.74,-9.76,-0.27,0.45,-1.10,333,304,302,345,334
6.51,-1.81,-9.41,-0.10,0.20,-0.77,332,304,302,345,336
6.34,-1.59,-9.72,0.29,-0.21,0.14,332,304,303,345,336
4.79,-2.71,-8.89,0.55,-0.51,0.75,334,304,303,346,334
2.89,-4.04,-8.65,0.58,-0.80,1.66,336,305,303,346,331
0.01,-3.53,-8.57,0.94,-0.94,1.62,336,305,302,345,329
-5.13,-3.79,-7.35,0.63,-0.63,0.94,337,305,302,344,330
-7.42,-6.13,-5.97,0.20,-0.10,-0.17,337,305,301,345,329
-3.70,-5.87,-7.16,-0.15,0.05,-0.25,337,304,302,344,329
-4.01,-5.23,-6.83,-0.42,0.78,-0.84,336,305,302,344,328
-1.64,-4.75,-7.89,-0.81,0.68,-1.29,335,305,301,345,327
2.04,-3.48,-8.48,-0.49,0.88,-0.94,334,305,302,345,329
2.67,-4.10,-8.46,-0.34,0.72,-1.35,333,305,301,345,331
6.56,-1.33,-9.61,-0.37,0.29,-1.63,332,304,302,345,335
END
7.44,-1.08,-9.28,-0.11,0.10,0.10,345,310,306,348,330
-1.25,-5.33,-7.23,-0.62,0.72,-0.66,343,310,306,348,329
-0.62,-5.05,-8.69,-0.70,0.87,-1.03,340,309,305,348,328
1.44,-3.33,-8.81,-0.49,0.68,-1.19,339,308,305,346,329
4.13,-2.30,-8.43,-0.35,0.52,-1.26,336,307,304,346,332
5.71,-1.16,-8.98,-0.19,0.39,-1.21,335,306,304,346,335
7.34,-0.54,-9.11,-0.04,0.14,-0.58,334,306,304,346,336
6.90,-0.94,-9.03,0.22,-0.14,0.20,334,305,304,346,336
5.91,-2.58,-8.79,0.38,-0.42,1.07,336,306,304,347,335
5.23,-3.13,-8.41,0.45,-0.83,1.83,339,307,305,347,333
2.61,-4.06,-8.53,0.65,-0.96,2.06,340,309,304,346,331
-3.08,-2.79,-8.02,0.65,-0.62,1.51,342,309,304,346,331
-6.48,-5.59,-7.03,0.31,-0.31,0.38,343,309,304,346,331
-5.84,-5.08,-6.88,-0.05,-0.09,-0.15,343,309,304,346,331
-3.85,-4.95,-7.75,-0.15,0.35,-0.44,342,309,304,346,331
-3.03,-4.89,-7.49,-0.79,0.79,-1.50,340,310,304,347,329
1.64,-4.07,-8.79,-0.48,0.90,-1.23,337,308,303,347,331
2.96,-3.37,-8.56,-0.44,0.79,-0.88,335,307,303,348,334
3.68,-1.88,-9.20,-0.36,0.46,-1.16,334,306,302,347,335
6.66,-0.30,-9.58,-0.40,0.13,-0.53,333,305,302,347,338
5.56,-1.08,-9.38,0.30,-0.01,-0.06,333,305,303,346,338
4.52,-2.11,-8.95,0.51,-0.30,0.15,333,305,303,347,337
6.58,-3.09,-8.89,0.69,-0.78,1.61,336,306,304,349,335
3.67,-3.73,-9.03,0.89,-0.81,2.26,337,307,302,347,330
-3.44,-3.28,-7.87,1.09,-0.94,1.15,336,306,300,345,327
-6.43,-6.73,-5.76,0.40,-0.69,0.53,339,306,300,344,327
-6.73,-6.72,-5.79,0.02,-0.01,-0.33,339,306,300,344,327
-3.18,-6.33,-6.54,-0.14,0.38,-0.27,338,306,300,345,327
-2.63,-5.58,-7.10,-0.60,0.73,-0.79,338,306,300,345,326
-1.09,-5.33,-8.12,-0.79,0.84,-1.28,336,306,300,345,326
1.98,-2.73,-9.56,-0.56,0.79,-1.86,334,305,300,344,331
6.07,-1.94,-8.11,-0.82,0.68,-0.83,332,305,300,343,334
5.64,-0.76,-9.33,-0.32,0.34,-0.10,331,304,300,342,335
5.43,-1.59,-9.41,0.18,-0.08,0.00,331,304,299,342,335
4.97,-2.43,-8.98,0.59,-0.34,0.25,332,304,300,343,334
4.38,-4.51,-8.34,0.50,-0.55,0.79,334,305,300,345,333
END
2.68,-3.56,-8.84,0.54,-0.80,1.24,335,306,303,347,329
4.72,-2.63,-9.02,-0.48,0.45,-1.04,334,305,303,347,333
5.28,-1.39,-9.66,-0.18,0.33,-0.36,333,305,303,347,336
4.77,-1.16,-9.30,0.07,0.09,-0.05,333,304,303,346,335
5.05,-1.99,-9.12,0.32,-0.13,0.01,333,304,303,347,335
6.50,-2.57,-8.74,0.70,-0.39,1.09,335,305,304,348,333
3.30,-5.08,-8.55,0.79,-0.89,1.73,337,307,304,347,329
-1.85,-3.22,-8.29,0.80,-1.00,1.24,338,307,303,346,327
-4.82,-5.92,-6.33,0.43,-0.59,0.43,340,307,303,346,327
-5.27,-7.36,-6.26,0.04,-0.33,-0.14,341,307,303,346,327
-3.57,-6.14,-7.00,-0.10,0.22,-0.15,340,307,303,346,327
-3.25,-5.46,-7.14,-0.31,0.61,-0.40,339,306,302,346,326
-1.42,-5.69,-7.43,-0.61,0.85,-0.76,337,305,302,347,326
0.27,-4.80,-7.97,-0.63,0.75,-0.93,337,306,303,347,327
2.41,-3.47,-8.43,-0.53,0.52,-1.03,335,306,303,349,331
4.70,-2.24,-9.35,-0.35,0.35,-0.93,334,306,304,350,335
5.85,-2.20,-9.36,-0.10,0.22,-0.54,334,305,304,350,336
5.63,-1.46,-9.55,0.08,-0.11,0.13,333,305,304,350,336
4.59,-2.70,-9.22,0.43,-0.29,0.39,334,305,304,350,335
4.31,-3.36,-8.38,0.65,-0.55,1.11,337,306,305,351,332
2.69,-4.92,-8.73,0.65,-0.94,1.53,338,308,304,349,329
-2.86,-4.31,-7.83,0.63,-0.84,1.11,340,308,304,348,328
-5.66,-5.43,-6.67,0.32,-0.41,0.60,343,308,304,349,328
-4.95,-5.92,-6.75,-0.05,-0.08,-0.28,343,308,304,348,328
-3.25,-5.53,-7.37,-0.18,0.40,-0.28,341,308,304,348,327
-1.35,-5.12,-7.93,-0.32,0.76,-0.45,340,308,304,349,327
0.23,-5.80,-7.96,-0.39,0.77,-0.57,338,308,303,349,327
1.85,-4.24,-9.04,-0.46,0.42,-0.42,338,307,305,351,330
1.91,-4.47,-8.79,-0.52,0.47,-0.65,337,307,304,350,332
1.11,-3.04,-9.32,-0.45,0.36,-1.14,337,307,304,349,334
4.19,-1.50,-9.62,-0.35,0.17,-1.16,335,306,304,348,336
6.02,-0.47,-9.41,0.21,0.05,-0.16,334,305,304,348,337
4.62,-1.79,-9.48,0.53,-0.18,0.27,334,305,304,348,336
4.09,-2.62,-9.22,0.49,-0.48,0.50,337,306,305,348,334
3.68,-4.13,-8.51,0.78,-0.78,1.16,338,307,304,348,331
0.60,-4.52,-8.36,1.01,-1.14,1.19,339,308,304,348,328
END
-3.91,-4.22,-6.73,0.71,-0.85,0.97,334,306,304,347,333
3.73,-2.10,-8.92,-0.01,0.28,-0.45,333,305,303,347,332
6.11,-1.80,-9.22,0.03,-0.28,-0.11,333,304,303,347,332
5.29,-3.02,-9.26,0.29,-0.37,0.56,334,305,304,348,332
2.51,-3.50,-8.81,0.52,-0.70,0.89,337,306,303,348,330
2.52,-4.38,-8.74,0.51,-1.18,1.15,337,308,303,347,328
-0.84,-3.83,-8.41,0.72,-0.88,1.39,339,308,303,347,328
-6.32,-5.27,-6.47,0.65,-0.24,0.68,341,307,303,346,328
-6.01,-6.10,-6.52,0.03,-0.20,-0.13,341,308,303,346,329
-3.42,-5.91,-7.03,0.04,0.35,-0.20,340,307,303,346,328
-2.94,-5.52,-7.27,-0.21,0.62,-0.52,339,307,303,347,327
-2.71,-4.98,-7.60,-1.08,0.81,-1.59,338,307,303,348,327
1.16,-3.96,-8.80,-0.67,0.80,-1.71,335,307,303,347,328
4.56,-1.08,-9.02,-0.46,0.68,-1.64,334,306,303,347,334
6.73,-0.88,-9.02,-0.42,0.45,-0.92,332,305,303,346,336
7.06,0.10,-9.41,-0.16,0.07,0.12,332,305,302,346,337
5.23,-1.12,-9.62,0.37,-0.16,0.27,332,305,303,346,337
5.29,-2.15,-8.95,0.43,-0.49,0.76,334,305,303,347,335
4.92,-4.01,-8.84,0.68,-0.81,2.03,336,307,303,347,330
2.54,-2.18,-9.26,0.89,-1.08,2.03,336,307,302,346,328
-4.99,-5.00,-6.35,0.84,-0.50,1.25,339,307,302,346,328
-7.24,-6.27,-6.07,0.17,-0.34,0.14,341,307,303,346,329
-4.44,-6.55,-6.74,-0.22,0.02,-0.38,340,307,303,346,328
-3.90,-4.98,-7.09,-0.73,0.57,-0.87,340,307,303,348,328
-1.02,-5.00,-8.36,-0.97,0.63,-1.26,338,307,303,348,328
1.00,-2.54,-9.62,-0.71,0.64,-0.99,337,307,304,348,331
2.06,-2.61,-9.02,-0.33,0.70,-1.08,336,306,303,347,334
4.11,-1.39,-9.77,-0.48,0.46,-0.89,334,305,303,346,337
5.40,-0.29,-9.60,0.05,0.20,-0.51,333,304,302,346,337
5.23,-1.54,-9.56,0.38,-0.09,0.08,333,304,302,346,337
4.60,-2.91,-9.25,0.54,-0.38,0.82,335,305,302,347,334
4.11,-3.51,-9.10,0.62,-0.70,1.56,337,307,303,348,331
1.71,-3.34,-9.07,0.82,-1.02,1.68,337,307,302,346,328
-3.52,-3.83,-8.05,0.78,-0.61,1.19,338,307,302,346,328
-7.95,-5.92,-5.80,0.42,-0.16,0.34,340,307,302,346,328
-4.56,-5.89,-6.87,-0.04,-0.00,-0.36,339,307,302,346,328
END
-2.06,-5.92,-7.54,-0.07,0.48,-0.35,343,310,308,349,324
-4.96,-6.30,-6.33,0.18,0.05,0.26,343,309,308,349,324
-3.27,-6.42,-7.08,-0.03,0.06,-0.19,343,309,308,348,323
-1.06,-5.76,-7.59,-0.22,0.57,-0.49,340,309,306,349,323
-0.34,-6.52,-7.94,-0.54,0.82,-0.46,338,308,305,348,323
0.74,-4.74,-7.23,-0.28,1.11,0.05,336,307,305,348,323
1.77,-4.84,-7.25,-0.63,0.65,-0.66,335,307,305,348,324
4.05,-2.58,-8.92,-0.50,0.20,-1.17,334,306,304,349,327
6.91,-2.66,-9.27,-0.20,0.02,-1.08,334,305,306,350,331
6.07,-2.15,-9.12,0.21,-0.01,-0.05,333,305,305,350,331
4.52,-3.60,-8.74,0.30,-0.28,0.37,335,306,306,350,330
5.50,-4.39,-8.33,0.55,-0.77,0.72,337,306,306,350,328
3.57,-4.69,-9.17,0.55,-1.13,1.36,338,308,305,348,326
-1.13,-3.65,-7.96,0.55,-0.75,1.21,338,308,304,348,325
-5.66,-5.85,-6.79,0.40,-0.41,0.49,339,307,304,347,325
-6.35,-5.32,-6.34,0.09,-0.02,0.04,340,308,303,346,325
-4.56,-5.89,-7.56,-0.15,0.39,-0.33,339,307,303,347,324
-1.15,-5.33,-8.06,-0.48,0.91,-0.92,337,306,303,347,324
0.96,-5.43,-7.59,-0.33,0.89,-0.77,336,306,302,347,323
2.28,-2.95,-8.59,-0.89,0.40,-1.31,334,306,302,348,326
5.29,-1.67,-9.51,-0.40,0.30,-0.54,332,306,303,349,329
5.05,-1.61,-9.58,-0.09,0.12,-0.11,333,305,304,350,331
4.11,-1.79,-10.06,0.27,-0.15,-0.07,333,305,304,349,331
4.43,-3.48,-8.59,0.52,-0.39,0.24,335,305,305,350,329
4.85,-3.98,-8.59,0.88,-0.93,1.33,336,307,303,349,326
0.24,-4.14,-8.41,0.91,-1.13,1.49,336,307,301,347,324
-5.83,-4.77,-6.59,0.54,-0.61,0.89,339,306,302,346,325
-6.53,-6.38,-6.12,0.10,-0.18,-0.28,339,306,302,346,325
-3.63,-6.29,-6.81,0.01,0.12,-0.14,339,306,302,346,324
-2.27,-5.92,-7.05,-0.14,0.64,-0.31,338,306,301,347,324
-2.18,-6.15,-7.42,-0.50,0.94,-0.77,336,306,300,346,323
0.52,-5.34,-7.01,-0.51,0.94,-0.58,333,305,300,344,323
3.11,-4.52,-8.27,-0.78,0.43,-0.63,333,305,300,344,325
4.71,-3.32,-9.40,-0.45,0.29,-0.28,333,305,300,345,327
3.07,-2.35,-10.00,0.05,0.06,-0.28,333,304,300,345,328
3.01,-2.83,-9.40,0.17,-0.17,-0.53,333,304,300,345,328
END
3.79,-3.18,-8.97,0.54,-0.24,-0.13,337,306,302,346,325
-2.25,-5.52,-7.29,-0.39,0.92,-0.77,336,306,301,345,324
-0.11,-5.57,-7.42,-0.35,0.84,-0.78,334,305,301,345,324
2.56,-4.80,-8.02,-0.60,0.48,-1.06,334,305,303,346,325
5.28,-2.37,-8.83,-0.41,0.36,-1.71,333,305,303,346,331
7.83,-1.77,-8.81,-0.07,0.13,-0.95,331,304,303,346,333
6.82,-1.38,-9.25,0.11,-0.09,0.37,331,304,304,346,333
5.18,-2.37,-9.00,0.37,-0.28,0.82,332,304,304,347,332
4.80,-3.79,-8.59,0.49,-0.66,1.29,335,305,304,347,330
2.81,-5.20,-8.43,0.61,-0.94,1.35,335,306,303,346,327
-1.29,-4.34,-8.26,0.66,-0.95,1.28,337,306,303,346,326
-5.25,-4.85,-7.03,0.40,-0.36,0.76,339,307,303,346,327
-6.23,-5.18,-6.67,0.05,-0.14,0.05,339,306,303,346,327
-4.49,-5.63,-7.19,-0.06,0.23,-0.28,340,306,303,346,327
-1.87,-5.43,-7.22,-0.16,0.45,-0.54,339,306,303,346,326
-1.53,-5.69,-7.77,-0.89,0.58,-1.31,337,306,303,346,326
0.60,-4.64,-8.61,-0.60,0.54,-1.38,336,306,303,346,326
3.28,-2.92,-9.36,-0.51,0.35,-1.40,335,305,303,346,330
4.57,-2.33,-9.22,-0.13,0.32,-0.87,334,305,303,347,332
5.19,-1.04,-9.81,0.07,0.07,-0.21,333,304,303,346,333
4.96,-2.31,-9.19,0.29,-0.08,0.39,333,304,303,346,333
3.22,-3.10,-9.03,0.44,-0.24,0.74,334,305,303,347,331
2.96,-4.41,-8.82,0.61,-0.64,1.03,336,305,303,347,328
2.26,-4.39,-8.69,0.73,-0.90,1.05,337,305,302,346,327
-2.26,-5.53,-7.72,0.70,-0.64,1.19,338,306,302,346,326
-5.61,-5.49,-6.61,0.28,-0.32,0.38,339,306,302,345,327
-5.44,-6.20,-6.94,0.03,-0.09,-0.15,339,306,302,345,327
-3.75,-5.46,-7.11,-0.09,0.42,-0.25,339,306,302,346,326
-2.64,-5.73,-7.31,-0.56,0.82,-0.94,337,306,302,345,325
1.57,-6.58,-8.04,-0.61,0.93,-0.83,335,306,302,345,326
1.50,-3.40,-8.66,-0.56,0.51,-0.61,334,305,302,346,328
3.42,-2.75,-8.99,-0.38,0.29,-1.20,333,304,302,346,332
4.32,-2.31,-9.28,-0.03,0.18,-0.53,332,305,302,346,332
4.82,-2.02,-9.12,0.12,-0.06,-0.15,332,304,302,346,333
4.55,-2.70,-9.20,0.41,-0.27,0.40,332,304,303,347,332
3.30,-3.52,-9.09,0.61,-0.55,0.94,336,305,303,348,330
END
2.55,-5.14,-8.94,0.80,-1.05,0.95,332,305,302,346,333
4.43,-1.67,-9.21,-0.07,0.31,-0.55,332,304,301,345,334
5.63,-1.40,-9.41,0.01,-0.04,-0.04,331,304,302,345,334
4.69,-2.30,-8.99,0.41,-0.24,0.51,332,304,302,346,334
3.50,-3.42,-8.87,0.47,-0.52,0.87,334,304,303,347,331
2.97,-4.74,-8.73,0.56,-0.83,0.98,335,306,303,347,328
0.17,-4.36,-8.65,0.61,-0.89,1.29,337,307,302,346,327
-5.25,-4.95,-7.11,0.59,-0.39,1.02,340,306,302,345,327
-7.11,-5.64,-6.95,0.18,-0.20,0.08,341,307,302,345,328
-4.29,-5.80,-6.96,-0.02,0.17,-0.28,340,307,302,345,327
-2.59,-5.43,-7.45,-0.31,0.52,-0.82,338,307,302,346,326
-1.32,-5.29,-8.07,-0.78,0.67,-1.29,337,306,302,345,326
1.29,-4.49,-8.25,-0.44,0.64,-1.08,335,306,302,346,327
3.36,-2.98,-9.42,-0.43,0.38,-1.00,334,305,302,346,331
4.56,-2.70,-8.94,-0.05,0.26,-0.63,333,305,302,346,332
4.38,-2.08,-9.34,0.03,0.02,-0.21,333,305,302,346,333
3.63,-3.03,-9.17,0.11,-0.06,-0.05,332,305,302,346,332
3.72,-3.44,-8.99,0.27,-0.17,0.41,333,304,302,346,332
3.39,-4.26,-8.52,0.38,-0.34,0.94,335,304,302,347,331
2.68,-4.58,-8.84,0.40,-0.60,1.24,336,306,303,347,329
-0.23,-4.39,-8.51,0.54,-0.73,1.17,336,307,302,346,327
-2.93,-4.57,-7.88,0.45,-0.51,0.98,339,307,303,346,327
-5.55,-4.90,-7.26,0.34,-0.27,0.34,340,307,303,346,328
-5.84,-5.61,-6.91,-0.04,0.05,-0.11,341,307,303,346,328
-4.01,-5.32,-7.61,-0.15,0.42,-0.74,340,307,302,346,327
-2.54,-5.35,-6.71,-0.49,0.86,-1.22,338,306,302,346,326
0.24,-4.89,-8.30,-0.46,0.85,-1.08,335,306,302,346,326
2.69,-4.13,-8.08,-0.41,0.59,-1.06,334,306,302,346,328
4.33,-1.90,-9.21,-0.32,0.39,-1.08,333,305,302,346,332
5.69,-2.98,-8.59,0.03,0.33,-0.67,332,305,302,346,333
5.85,-2.56,-8.89,0.06,0.09,-0.34,331,304,302,346,333
5.76,-2.75,-8.87,0.22,-0.22,0.14,332,304,303,347,333
5.94,-3.65,-8.82,0.32,-0.55,0.71,333,305,303,348,332
4.34,-4.03,-8.34,0.53,-0.84,1.49,335,306,303,347,329
0.75,-4.21,-8.44,0.54,-0.99,1.51,336,307,302,346,327
-4.06,-4.31,-7.59,0.56,-0.58,1.15,338,307,302,346,327
END
-6.21,-4.69,-7.20,0.22,-0.28,0.43,332,304,302,346,334
5.20,-2.05,-9.11,0.24,-0.15,-0.02,332,304,302,346,333
4.41,-3.28,-8.99,0.31,-0.25,0.39,333,304,303,347,332
4.23,-3.34,-8.59,0.48,-0.43,0.88,335,305,303,347,331
3.57,-4.45,-8.69,0.68,-0.88,1.30,335,306,302,347,327
0.11,-3.58,-8.57,0.73,-0.92,1.29,336,307,302,346,325
-4.35,-4.86,-7.08,0.53,-0.47,0.94,339,306,301,346,327
-6.73,-6.26,-6.59,0.27,-0.09,0.19,341,307,302,346,327
-4.23,-5.38,-7.12,-0.08,0.09,-0.20,340,307,302,346,327
-3.68,-5.41,-6.82,-0.27,0.58,-0.62,338,306,302,346,326
-1.80,-5.97,-7.63,-0.70,0.84,-1.47,336,306,302,345,325
2.00,-4.74,-8.00,-0.47,0.75,-1.19,334,306,301,345,326
3.61,-2.81,-8.57,-0.67,0.52,-0.94,332,305,301,345,329
5.25,-1.76,-9.02,-0.13,0.56,-0.79,332,304,301,345,331
6.06,-0.70,-9.28,-0.08,0.16,-0.66,331,304,301,345,332
6.62,-2.13,-8.77,0.29,-0.08,0.13,331,304,302,345,332
4.39,-3.04,-8.72,0.37,-0.30,0.44,333,304,301,346,331
4.71,-4.13,-8.92,0.47,-0.70,0.69,334,305,302,347,329
2.78,-4.23,-8.98,0.96,-1.05,0.65,334,306,301,346,325
0.76,-5.25,-7.90,0.46,-0.87,1.10,336,306,301,346,325
-1.90,-5.00,-7.46,0.44,-0.30,0.81,338,307,303,346,325
-4.44,-5.58,-7.31,0.22,0.02,1.10,340,306,303,346,326
-5.78,-5.22,-7.01,0.06,0.32,0.10,340,306,303,345,326
-2.37,-5.78,-7.37,-0.07,0.31,-0.39,339,306,302,346,325
-1.18,-5.36,-7.74,-0.26,0.59,-0.54,337,305,302,346,325
-1.56,-5.74,-8.05,-0.73,0.63,-0.95,336,306,302,346,325
1.26,-3.70,-8.61,-0.34,0.70,-0.47,336,306,302,346,327
3.47,-4.12,-8.67,-0.44,0.66,-0.90,335,305,304,347,329
5.81,-2.77,-8.94,-0.20,0.38,-1.33,334,305,304,348,332
7.39,-1.72,-9.53,-0.06,-0.01,-0.74,333,305,305,348,335
6.63,-1.37,-9.27,0.30,-0.19,0.47,333,305,305,348,334
4.21,-3.19,-8.89,0.39,-0.36,1.18,335,305,305,348,332
2.76,-4.24,-8.67,0.65,-0.77,1.23,336,306,304,347,328
1.40,-4.41,-8.45,0.61,-0.95,1.33,336,307,303,346,327
-3.30,-5.06,-7.29,0.53,-0.45,1.17,339,307,304,346,327
-6.00,-5.25,-7.13,0.16,-0.21,0.21,340,307,303,346,327
END