0.20,-6.36,-7.87,0.00,0.03,-0.00,320,445,460,519,385
-0.35,-6.53,-7.37,0.04,0.05,-0.11,321,444,460,519,385
-0.60,-6.28,-7.24,0.01,0.05,-0.14,321,445,460,519,386
0.45,-6.22,-7.54,-0.08,0.04,-0.30,321,445,460,519,385
0.37,-5.69,-8.13,-0.00,0.13,-0.24,320,445,460,519,385
0.60,-5.79,-7.64,0.00,0.10,-0.21,320,445,460,519,385
0.16,-5.95,-7.67,-0.02,0.14,-0.32,320,445,460,519,385
0.09,-5.96,-7.39,-0.04,0.28,-0.24,320,445,460,519,385
1.48,-5.61,-7.13,-0.05,0.32,-0.34,320,445,460,519,386
2.17,-5.65,-7.52,-0.09,0.35,-0.30,320,444,460,519,386
3.09,-5.99,-7.28,-0.15,0.41,-0.12,320,444,460,519,385
2.05,-5.05,-6.73,-0.11,0.56,-0.32,321,445,459,519,385
4.01,-4.41,-7.47,-0.19,0.47,-0.32,320,445,460,519,386
4.44,-3.81,-6.86,-0.13,0.50,-0.42,320,445,459,519,386
5.74,-4.11,-7.26,-0.01,0.43,-0.09,320,444,459,519,387
5.42,-3.69,-6.75,0.01,0.50,-0.22,320,445,459,519,386
4.83,-3.96,-5.93,-0.01,0.49,-0.26,320,444,459,519,386
5.91,-3.78,-5.70,-0.06,0.51,-0.20,320,444,459,519,386
6.93,-3.34,-5.33,-0.04,0.61,-0.21,320,444,459,519,386
8.51,-3.27,-5.38,-0.09,0.50,-0.40,320,444,458,519,386
7.89,-3.02,-4.96,-0.03,0.60,-0.12,320,444,458,518,386
9.55,-2.70,-4.74,-0.07,0.49,-0.27,320,444,458,519,387
7.14,-3.47,-3.53,0.07,0.64,0.07,320,444,458,518,387
10.06,-2.65,-4.36,-0.20,0.28,-0.33,321,443,458,518,387
6.81,-2.92,-2.81,0.10,0.71,-0.18,320,443,457,518,385
7.95,-2.67,-2.72,0.03,0.40,-0.13,321,443,457,518,385
10.33,-2.07,-2.15,-0.08,0.53,-0.20,321,443,457,518,385
12.33,-1.91,-1.51,0.02,0.30,-0.07,320,443,457,518,385
10.37,-2.34,-1.95,0.06,0.22,0.04,321,443,456,518,385
9.91,-2.10,-1.59,-0.01,0.05,-0.13,321,443,456,518,384
9.81,-2.33,-1.40,0.04,0.05,-0.04,321,443,456,518,384
9.93,-2.52,-1.28,0.02,-0.01,0.03,320,442,455,518,384
10.04,-2.41,-1.46,0.01,-0.08,-0.07,321,442,455,518,384
8.56,-2.35,-1.51,0.04,-0.04,-0.01,321,442,455,518,384
9.24,-2.45,-1.53,0.01,-0.03,-0.06,321,442,456,517,384
9.60,-2.13,-1.47,0.01,-0.02,-0.02,321,442,455,518,384
END
9.81,-2.26,-1.50,0.04,-0.04,-0.01,321,442,454,518,381
0.69,-5.74,-7.91,-0.02,0.04,0.06,321,442,454,517,381
-1.73,-6.02,-7.26,-0.02,0.12,0.00,321,442,454,518,381
-2.78,-6.41,-7.01,-0.08,0.28,-0.20,321,442,454,517,380
-0.19,-6.02,-6.88,-0.14,0.49,-0.25,321,442,454,517,380
2.67,-5.51,-8.08,-0.18,0.29,-0.30,321,442,454,517,381
0.77,-5.08,-7.84,-0.18,0.40,-0.33,321,442,453,517,381
2.89,-5.97,-7.44,-0.19,0.39,0.06,321,442,454,517,381
1.83,-4.12,-7.83,-0.15,0.43,-0.31,321,442,454,517,381
2.73,-4.76,-7.64,-0.08,0.36,0.07,321,442,454,516,381
2.64,-4.61,-7.32,-0.06,0.61,-0.22,320,442,453,517,381
4.64,-4.44,-7.37,-0.22,0.36,-0.34,321,442,454,517,382
4.87,-3.57,-7.40,-0.17,0.49,-0.31,321,442,454,517,382
4.65,-3.83,-7.28,-0.10,0.43,-0.12,321,442,454,517,382
4.88,-3.14,-6.71,-0.08,0.43,-0.32,321,442,453,517,381
6.86,-2.89,-6.86,0.04,0.35,-0.29,321,441,453,516,382
7.90,-2.98,-6.81,-0.01,0.48,-0.21,321,441,453,516,382
7.01,-3.32,-6.27,0.08,0.49,-0.01,321,441,453,516,382
8.25,-3.27,-6.25,-0.08,0.28,-0.05,320,441,453,516,382
7.44,-2.64,-5.69,0.13,0.51,-0.24,321,441,453,516,382
7.13,-3.48,-5.08,-0.01,0.43,-0.06,321,441,453,516,382
8.20,-3.07,-4.74,-0.12,0.41,-0.32,320,441,452,516,382
8.34,-2.66,-4.67,-0.05,0.45,-0.10,321,441,453,516,382
8.14,-2.40,-4.83,-0.06,0.38,-0.30,320,441,452,516,382
9.65,-2.37,-4.06,0.00,0.33,-0.05,321,441,452,516,383
7.70,-2.57,-3.81,-0.00,0.47,-0.06,320,440,453,516,383
8.48,-2.07,-3.13,-0.05,0.42,-0.06,321,440,452,516,383
9.49,-1.20,-2.56,-0.03,0.46,-0.11,321,440,452,516,383
7.91,-2.19,-1.49,0.12,0.55,0.03,320,440,452,516,383
10.01,-2.18,-1.58,-0.15,0.35,-0.35,321,440,452,516,383
11.23,-1.44,-1.23,0.01,0.36,-0.18,321,440,452,516,382
10.27,-1.23,-1.41,-0.05,0.25,-0.18,321,440,452,515,382
9.72,-1.41,-0.65,0.08,0.29,-0.06,321,440,452,516,382
10.24,-1.46,-0.42,0.04,0.22,-0.05,321,440,452,515,382
10.94,-1.06,-0.62,-0.03,0.02,-0.24,321,440,452,516,382
10.17,-1.39,-0.58,0.06,0.02,-0.01,321,440,452,516,382
END
10.01,-1.69,-0.53,0.01,-0.04,-0.10,321,439,451,515,378
0.04,-5.76,-7.99,0.01,0.03,-0.11,321,439,450,515,378
-0.50,-5.51,-8.46,-0.02,-0.04,0.01,321,439,451,515,378
-0.94,-5.19,-8.33,0.01,-0.01,-0.01,321,439,450,515,378
-0.55,-5.66,-7.91,0.08,0.02,-0.09,321,439,451,515,378
-1.82,-6.18,-7.59,0.03,0.10,-0.06,321,439,451,515,378
-2.16,-6.42,-7.28,-0.21,0.20,-0.53,320,439,451,515,378
-1.22,-5.00,-8.36,-0.16,0.22,-0.19,321,439,451,515,378
-1.87,-4.54,-8.14,0.06,0.73,-0.14,321,439,451,515,378
1.47,-4.99,-7.83,-0.16,0.46,-0.27,321,439,451,516,379
1.95,-4.97,-7.45,-0.08,0.59,-0.20,321,439,450,515,379
3.23,-5.08,-7.96,-0.17,0.44,-0.19,321,439,450,515,380
2.07,-4.06,-8.04,-0.11,0.57,-0.40,321,439,450,515,378
3.55,-4.52,-7.21,-0.12,0.54,-0.37,321,439,451,515,379
6.14,-3.27,-7.25,-0.18,0.54,-0.30,321,439,450,514,380
4.81,-3.26,-6.87,-0.01,0.65,-0.36,321,439,450,515,380
7.43,-3.27,-7.28,-0.20,0.33,-0.12,321,439,450,515,381
7.67,-2.34,-6.89,-0.25,0.34,-0.73,321,439,451,514,380
6.60,-2.71,-8.10,-0.15,0.26,0.16,321,439,451,515,381
7.41,-1.78,-5.79,0.20,0.79,-0.06,321,439,451,515,379
6.58,-3.16,-6.26,-0.19,0.18,-0.26,320,439,450,515,381
8.40,-2.01,-6.37,0.05,0.47,0.15,321,439,450,515,380
6.27,-2.46,-5.02,0.14,0.55,-0.15,321,439,450,515,380
8.03,-2.40,-4.63,-0.15,0.28,-0.11,320,438,450,514,381
6.52,-1.93,-3.80,-0.00,0.59,-0.36,321,439,450,514,379
9.53,-2.20,-5.31,-0.23,0.22,-0.18,321,439,450,514,380
7.39,-1.98,-3.54,0.19,0.88,-0.13,320,439,450,514,379
9.47,-1.90,-2.96,-0.16,0.45,-0.37,321,439,450,514,380
11.11,-0.85,-2.73,-0.06,0.62,-0.19,321,439,450,514,379
9.22,-1.79,-1.64,0.07,0.61,0.15,321,439,450,514,379
10.39,-1.28,-1.41,-0.12,0.48,-0.13,321,439,450,514,379
11.13,-1.12,-1.05,0.01,0.37,-0.04,321,439,450,514,379
10.74,-0.88,-0.93,0.02,0.19,-0.14,321,439,449,514,379
9.73,-1.49,-0.72,0.02,0.12,-0.08,321,439,449,514,379
10.25,-1.34,-0.85,-0.04,0.00,-0.15,321,439,449,514,379
10.07,-1.22,-0.98,0.01,0.00,-0.09,321,439,449,514,378
END
10.21,-1.12,-0.89,-0.01,-0.06,-0.08,321,438,448,514,376
-0.92,-5.58,-8.03,0.09,-0.02,-0.07,320,438,448,513,376
-1.46,-5.66,-7.85,0.03,-0.02,0.03,321,438,448,514,376
-1.12,-5.97,-7.81,0.08,0.03,-0.05,320,438,448,514,376
-1.79,-6.35,-7.89,0.01,0.06,-0.00,320,438,448,514,376
-1.92,-6.32,-7.90,-0.08,0.04,-0.18,321,438,449,514,376
-2.58,-6.25,-7.93,-0.12,0.16,-0.21,320,438,449,514,376
-2.81,-6.20,-7.23,-0.09,0.44,-0.06,321,438,448,514,376
-0.87,-4.96,-7.38,-0.09,0.53,-0.35,321,438,448,513,375
1.64,-5.19,-8.05,-0.14,0.47,0.01,320,438,448,513,377
0.89,-4.70,-7.82,-0.06,0.55,-0.25,321,438,448,513,376
1.85,-4.63,-7.77,-0.12,0.47,-0.26,320,438,448,513,376
1.87,-4.69,-7.73,-0.07,0.56,-0.29,321,438,448,513,376
4.64,-4.16,-7.72,-0.24,0.48,-0.36,320,438,448,513,377
4.00,-3.85,-7.63,-0.09,0.45,-0.34,321,439,448,513,377
4.57,-4.09,-7.82,-0.08,0.45,-0.16,320,438,448,513,377
5.08,-3.64,-7.98,-0.13,0.41,-0.24,321,438,448,513,378
3.96,-3.69,-7.10,-0.08,0.52,-0.36,321,438,448,513,377
5.67,-3.33,-6.80,-0.11,0.41,0.02,320,438,448,513,377
7.73,-2.53,-6.72,-0.06,0.43,-0.57,320,438,448,513,378
7.04,-3.10,-6.95,-0.11,0.26,0.10,321,438,448,513,379
5.94,-2.89,-6.47,0.06,0.56,-0.14,320,438,448,512,378
6.21,-3.19,-5.68,-0.03,0.54,-0.00,321,438,448,513,378
7.59,-2.55,-5.13,-0.03,0.51,-0.17,320,438,448,513,378
8.59,-2.81,-5.23,0.02,0.54,-0.06,320,438,447,513,378
8.31,-2.84,-4.41,-0.04,0.56,-0.12,320,438,448,513,378
8.36,-2.72,-4.26,-0.04,0.51,-0.04,320,438,448,513,378
9.40,-2.18,-3.34,-0.10,0.47,-0.28,320,438,448,513,378
9.15,-2.35,-3.19,0.07,0.45,-0.09,320,437,447,513,378
9.40,-2.08,-2.62,-0.14,0.44,-0.38,320,437,448,512,377
9.96,-1.34,-2.98,0.03,0.41,-0.06,320,437,447,512,377
9.63,-2.14,-1.32,0.03,0.48,-0.07,320,437,447,512,377
9.74,-1.21,-1.94,-0.04,0.37,-0.17,320,437,447,512,377
11.13,-1.85,-1.19,0.01,0.18,-0.13,321,437,447,512,377
9.98,-1.74,-1.08,0.03,0.13,-0.10,320,437,447,512,377
10.11,-2.02,-1.21,-0.00,0.07,-0.09,321,437,447,512,377
END
9.87,-1.70,-1.06,0.02,0.05,-0.08,320,437,447,512,376
-1.00,-5.94,-8.10,0.05,0.02,-0.03,321,437,447,512,376
-0.88,-6.18,-7.74,0.01,0.08,0.03,321,437,447,512,376
-0.60,-6.06,-7.96,0.00,0.12,-0.02,321,437,447,512,376
-1.18,-6.11,-7.78,-0.10,0.17,-0.01,320,437,447,512,375
-1.93,-6.47,-7.80,-0.06,0.30,0.02,320,437,447,513,375
-2.08,-5.25,-8.02,-0.14,0.42,-0.14,321,437,447,513,375
-0.37,-5.23,-7.61,-0.16,0.45,-0.09,320,437,447,512,375
0.33,-4.33,-8.04,-0.04,0.64,0.10,321,437,447,512,376
1.07,-5.13,-7.37,-0.04,0.49,0.11,321,437,446,512,377
2.94,-4.70,-7.21,-0.09,0.55,-0.47,320,437,446,512,378
2.51,-4.90,-7.95,-0.08,0.54,-0.28,320,437,446,512,379
5.16,-4.34,-8.15,-0.20,0.49,-0.51,320,437,446,512,379
2.47,-4.32,-7.19,0.10,0.73,-0.47,320,437,446,512,379
4.90,-4.33,-7.44,-0.11,0.40,-0.14,320,437,446,511,378
6.37,-4.05,-7.51,-0.03,0.43,-0.32,320,436,446,511,377
3.95,-4.29,-6.40,0.05,0.50,-0.24,321,437,447,511,377
7.14,-3.45,-7.24,-0.16,0.21,-0.12,320,436,446,511,377
5.30,-3.77,-5.28,0.08,0.72,-0.37,320,436,446,511,377
6.16,-3.57,-5.68,-0.14,0.37,-0.17,320,436,446,511,377
8.69,-2.71,-5.69,-0.13,0.55,-0.21,320,436,446,510,377
6.26,-3.31,-4.38,0.14,0.83,-0.16,320,437,446,511,376
9.10,-2.04,-4.21,-0.29,0.52,-0.43,320,436,446,511,377
9.29,-2.31,-2.75,0.08,1.00,-0.12,321,436,446,511,376
9.69,-2.77,-2.01,-0.09,0.72,-0.23,320,436,446,510,377
12.32,-1.15,-2.50,-0.19,0.59,-0.37,321,436,446,511,376
12.19,-1.59,-1.59,0.14,0.56,0.06,320,436,445,511,377
10.80,-2.28,-1.14,0.01,0.21,-0.10,321,436,445,510,376
10.97,-1.85,-1.59,0.00,0.05,-0.15,321,435,445,511,376
9.88,-2.15,-0.98,0.01,0.02,-0.03,320,435,445,510,376
9.88,-1.77,-1.33,-0.07,-0.04,-0.19,321,436,445,511,376
9.50,-1.80,-1.46,0.10,0.02,0.02,320,436,445,511,376
9.48,-2.05,-1.03,0.04,-0.02,-0.03,320,436,445,510,376
9.53,-1.62,-1.26,0.03,-0.01,-0.04,320,436,445,510,376
9.53,-1.76,-0.83,0.07,0.00,0.04,320,436,445,511,376
9.80,-1.56,-1.13,0.05,-0.02,-0.07,320,436,445,510,376
END
9.81,-1.87,-1.08,0.03,-0.07,0.00,320,437,445,510,373
-0.47,-6.52,-7.70,-0.01,0.04,-0.04,321,436,445,510,373
-0.42,-6.40,-7.70,-0.04,0.04,0.02,320,436,445,510,373
-1.09,-5.87,-7.93,-0.08,0.02,-0.07,321,437,445,510,373
-0.01,-5.46,-7.98,-0.06,0.02,-0.12,320,437,445,510,373
-0.31,-5.23,-8.06,-0.09,-0.04,-0.12,320,437,445,510,373
-2.43,-5.67,-7.74,0.03,0.20,0.07,320,437,446,510,373
-2.96,-5.82,-7.65,0.04,0.42,0.13,320,437,445,510,373
-1.51,-5.99,-7.45,0.05,0.46,-0.09,320,437,445,510,373
0.80,-5.23,-7.86,-0.03,0.42,-0.51,320,437,445,510,373
1.49,-5.53,-8.06,0.06,0.41,-0.09,321,436,445,510,374
2.25,-4.61,-7.29,-0.00,0.55,-0.31,320,437,445,510,373
2.13,-5.03,-7.40,0.08,0.39,-0.23,321,437,444,509,373
3.37,-4.60,-7.20,0.01,0.57,-0.25,320,437,445,509,374
2.68,-5.13,-6.45,-0.06,0.57,-0.10,320,437,445,509,375
6.83,-4.78,-7.29,-0.44,0.40,-0.35,320,436,444,509,375
6.12,-4.52,-6.93,-0.18,0.62,-0.24,320,436,444,509,375
5.73,-4.03,-7.52,-0.19,0.50,-0.13,320,436,444,509,375
6.74,-3.45,-6.40,-0.05,0.63,-0.19,320,436,444,509,375
6.91,-3.60,-5.66,-0.10,0.50,-0.22,320,436,444,509,375
7.57,-3.22,-6.43,-0.12,0.39,-0.20,320,436,444,509,375
6.53,-2.96,-5.41,-0.02,0.55,-0.31,320,436,444,509,375
8.72,-3.44,-5.82,-0.08,0.36,0.02,320,436,444,509,375
9.35,-2.45,-5.12,-0.09,0.38,-0.30,320,436,444,509,375
8.00,-2.83,-4.81,0.04,0.37,-0.06,320,436,444,509,375
8.02,-2.74,-3.78,0.03,0.44,0.03,320,436,444,509,375
9.41,-2.90,-4.22,-0.03,0.23,-0.06,321,436,444,509,375
8.66,-2.36,-4.33,0.01,0.26,-0.10,320,436,443,509,375
8.43,-2.61,-3.85,0.01,0.28,-0.05,320,436,444,509,374
9.17,-2.34,-3.72,0.04,0.24,-0.04,320,436,443,509,375
8.38,-2.40,-3.09,0.02,0.27,-0.13,320,436,444,509,375
9.33,-2.60,-3.13,-0.03,0.15,-0.16,320,436,444,509,375
9.08,-2.18,-3.02,-0.01,0.21,-0.10,320,436,444,509,375
10.04,-2.19,-2.73,0.01,0.11,-0.05,321,436,444,509,375
8.89,-2.39,-2.81,0.04,0.11,-0.09,320,436,443,509,375
9.96,-2.16,-2.89,0.01,0.04,-0.09,320,435,444,509,375
END
9.10,-2.43,-2.86,0.04,0.03,-0.02,320,435,444,509,373
-1.54,-6.16,-7.72,0.09,-0.00,0.08,320,435,444,509,373
-1.56,-5.99,-7.80,0.01,-0.07,0.03,320,435,444,509,373
-1.86,-6.00,-7.77,0.06,-0.04,0.03,321,435,444,509,373
-2.03,-6.06,-7.54,-0.01,-0.04,-0.01,320,435,444,509,373
-2.55,-6.43,-7.54,-0.02,0.03,-0.01,320,435,443,509,373
-3.54,-6.79,-6.99,-0.08,0.14,-0.01,321,435,444,509,373
-4.07,-5.86,-6.96,-0.14,0.40,-0.27,320,436,444,509,372
-2.45,-4.70,-7.37,-0.15,0.45,-0.22,320,436,444,509,372
-0.44,-5.56,-8.18,-0.08,0.47,-0.16,320,435,443,508,372
-0.09,-5.43,-8.20,-0.03,0.55,-0.21,320,435,443,509,372
1.87,-4.87,-8.26,-0.07,0.43,-0.21,320,435,443,509,373
2.16,-5.24,-8.38,-0.11,0.38,-0.27,320,435,443,509,373
1.79,-4.80,-7.92,-0.09,0.43,-0.19,320,435,443,508,373
1.48,-4.58,-7.52,-0.11,0.41,-0.36,320,435,443,509,373
3.16,-4.36,-7.79,-0.11,0.41,-0.18,321,435,443,509,374
3.63,-4.10,-7.83,-0.07,0.45,-0.31,320,435,443,509,373
5.15,-4.27,-7.92,-0.12,0.33,-0.00,320,435,443,509,375
4.06,-4.26,-7.75,-0.02,0.37,-0.41,320,435,443,508,374
4.59,-4.53,-8.16,-0.13,0.26,0.01,320,435,443,508,374
4.41,-3.75,-7.28,-0.03,0.46,-0.18,321,434,443,508,374
5.02,-3.84,-7.38,-0.10,0.37,-0.14,321,434,443,508,374
6.92,-2.86,-8.23,-0.13,0.27,-0.04,320,434,442,508,375
5.36,-2.90,-6.78,0.15,0.42,-0.08,320,434,443,508,375
6.12,-3.33,-6.84,-0.02,0.31,-0.06,320,434,443,508,375
4.59,-3.63,-5.34,0.09,0.55,-0.17,320,434,443,509,374
8.90,-2.81,-6.52,-0.30,0.12,-0.45,320,434,443,509,375
7.68,-2.48,-6.37,0.03,0.44,-0.03,320,434,443,508,375
7.77,-2.71,-6.25,-0.11,0.26,-0.12,320,434,443,508,375
7.26,-3.04,-5.34,0.07,0.41,-0.09,320,434,443,508,375
7.79,-3.12,-5.20,-0.07,0.34,-0.06,320,434,442,508,375
6.42,-2.82,-4.69,-0.07,0.45,-0.29,320,434,443,508,375
9.30,-1.95,-4.97,-0.17,0.34,-0.22,320,434,443,508,375
7.54,-1.92,-3.71,0.19,0.68,0.06,320,434,443,508,375
9.76,-2.05,-3.74,-0.12,0.38,-0.12,320,434,443,508,375
10.09,-1.76,-3.01,0.03,0.53,-0.04,320,434,443,508,375
END
8.91,-1.79,-2.66,0.02,0.49,-0.04,320,434,443,508,372
-2.57,-6.35,-7.59,0.04,0.09,-0.07,320,434,442,508,372
-2.06,-6.92,-7.48,0.05,0.17,-0.04,320,434,443,508,372
-1.64,-6.52,-7.26,-0.12,0.10,-0.06,320,434,443,508,372
-1.69,-6.11,-7.46,-0.08,0.12,-0.18,320,434,442,508,371
-2.99,-5.98,-7.35,-0.05,0.22,-0.15,321,434,442,507,371
-0.46,-5.74,-7.65,-0.01,0.28,-0.05,320,434,442,507,372
-2.22,-6.12,-6.98,0.06,0.42,-0.02,321,434,442,507,371
-0.22,-5.80,-7.74,-0.21,0.30,-0.58,320,434,442,507,372
0.97,-5.76,-7.87,-0.15,0.42,-0.36,320,434,443,507,372
2.48,-5.32,-8.27,-0.16,0.38,-0.19,320,434,442,507,373
1.54,-5.41,-8.06,-0.05,0.38,-0.20,320,434,442,507,373
3.30,-5.25,-8.51,-0.14,0.20,-0.22,321,434,442,508,373
1.73,-5.02,-7.91,-0.07,0.33,-0.24,320,434,442,508,373
2.06,-4.88,-7.89,-0.08,0.29,-0.10,320,434,442,508,373
3.63,-4.55,-7.77,-0.14,0.31,-0.21,320,433,442,507,373
2.86,-4.39,-7.06,-0.00,0.47,-0.28,320,434,442,507,373
6.12,-3.90,-8.30,-0.15,0.14,-0.31,320,434,442,507,374
4.08,-4.57,-7.39,0.08,0.41,0.05,320,433,442,507,374
4.37,-3.96,-7.73,-0.06,0.16,-0.16,320,433,442,507,374
4.17,-4.72,-7.13,0.11,0.40,0.09,320,433,442,507,374
5.00,-4.59,-6.58,-0.03,0.35,-0.20,320,433,442,507,374
5.14,-4.61,-6.56,0.00,0.43,-0.05,320,433,442,507,375
6.22,-4.08,-5.94,-0.13,0.33,-0.37,320,433,442,507,374
5.89,-3.68,-5.56,-0.11,0.50,-0.13,320,433,442,507,374
8.27,-3.07,-6.60,-0.22,0.31,-0.40,320,433,442,507,374
6.00,-3.61,-5.54,0.13,0.63,-0.08,320,433,442,507,374
7.99,-3.06,-5.74,-0.26,0.26,-0.30,320,433,442,507,374
7.63,-2.78,-4.73,0.16,0.67,-0.13,320,433,442,507,374
8.45,-3.17,-4.29,-0.03,0.47,-0.07,321,432,442,507,374
9.77,-2.55,-4.69,0.07,0.45,0.02,320,433,441,507,375
7.01,-2.99,-2.51,0.17,0.68,-0.08,320,432,442,507,374
9.31,-2.49,-3.17,-0.23,0.31,-0.35,320,433,441,507,375
9.37,-2.18,-2.36,-0.04,0.50,-0.21,320,432,441,507,375
9.66,-2.07,-2.58,0.02,0.40,-0.11,320,432,441,507,375
10.07,-2.16,-2.35,0.01,0.35,-0.10,320,432,441,507,375
END
9.79,-2.47,-1.55,0.11,0.40,-0.03,320,434,447,506,382
-0.78,-6.08,-7.79,0.12,0.23,0.30,320,434,447,506,381
-0.98,-5.98,-7.74,0.12,0.22,0.18,320,434,447,506,381
-0.49,-6.58,-6.93,0.01,0.17,0.09,320,434,447,506,381
-1.16,-6.98,-6.98,-0.05,0.09,-0.06,320,434,446,506,380
-1.13,-7.80,-6.96,-0.06,0.15,0.09,320,434,446,506,380
-1.13,-7.37,-6.98,-0.11,0.13,0.12,320,434,447,506,380
-2.68,-5.99,-7.08,-0.13,0.12,-0.33,320,434,446,506,380
-2.78,-5.98,-8.05,-0.01,0.37,-0.11,320,434,446,506,380
-0.09,-6.14,-7.24,-0.14,0.38,-0.15,320,434,446,506,380
0.64,-4.83,-7.81,-0.12,0.29,-0.34,320,434,446,506,380
1.44,-4.85,-8.51,-0.11,0.32,-0.01,320,433,446,506,381
2.10,-4.54,-8.43,-0.10,0.34,-0.23,320,433,445,506,381
2.02,-4.49,-7.87,0.05,0.37,-0.15,320,433,446,505,381
2.58,-4.46,-8.30,-0.00,0.28,-0.35,321,433,446,505,381
3.78,-4.75,-7.56,0.02,0.34,-0.28,320,433,446,506,381
3.85,-4.52,-7.68,-0.07,0.26,-0.39,320,433,445,505,381
4.75,-4.74,-7.56,-0.04,0.27,-0.19,320,433,445,506,382
3.59,-4.72,-7.52,-0.02,0.31,-0.15,320,433,446,505,382
3.52,-4.45,-7.37,-0.08,0.32,-0.27,320,433,446,505,381
4.89,-4.11,-7.34,-0.10,0.29,-0.16,320,433,446,505,382
5.97,-3.96,-7.20,-0.03,0.37,-0.19,320,432,445,505,382
5.79,-4.01,-6.81,0.03,0.36,-0.11,320,432,445,505,382
6.55,-3.44,-7.34,-0.06,0.27,-0.20,320,432,445,505,382
5.59,-3.65,-6.72,0.12,0.39,-0.13,320,432,445,505,381
7.11,-3.60,-6.47,0.05,0.28,0.05,320,432,445,505,381
5.11,-3.61,-5.20,0.33,0.55,0.08,320,432,445,505,381
7.79,-4.41,-5.54,-0.01,0.17,-0.27,321,432,445,505,381
6.17,-4.01,-4.57,0.18,0.58,-0.27,320,432,445,505,381
7.75,-3.63,-5.20,-0.00,0.28,-0.22,320,432,444,505,380
8.51,-3.47,-4.13,0.02,0.49,-0.40,320,432,444,505,380
8.51,-3.61,-3.99,0.12,0.46,-0.11,320,432,444,505,380
8.76,-3.27,-4.29,-0.05,0.34,-0.18,320,432,444,505,380
8.15,-2.81,-3.04,0.05,0.40,-0.18,320,432,444,505,380
8.80,-3.16,-3.16,-0.05,0.34,-0.21,320,432,444,504,379
8.52,-2.70,-2.62,0.00,0.44,-0.17,320,432,444,505,379
END
9.68,-2.81,-2.61,-0.02,0.39,-0.09,320,432,443,504,376
-1.81,-6.30,-7.46,-0.04,0.01,-0.00,321,432,443,504,375
-1.26,-6.20,-7.54,0.02,0.07,0.17,320,432,443,505,375
-1.39,-6.45,-7.77,0.02,0.11,0.11,320,432,443,505,375
-1.49,-6.12,-7.75,-0.08,0.06,-0.06,320,432,443,504,375
-2.15,-5.76,-7.77,-0.11,0.12,-0.20,320,432,443,505,375
-3.02,-5.43,-7.44,-0.08,0.34,-0.20,320,432,443,504,375
-0.62,-5.55,-7.29,-0.09,0.45,-0.09,320,432,444,504,375
0.23,-5.45,-7.70,-0.08,0.53,-0.20,320,432,443,504,375
2.86,-5.28,-8.51,-0.13,0.42,-0.14,320,432,443,505,376
0.33,-5.14,-7.95,-0.03,0.48,-0.24,320,433,443,504,375
2.71,-4.83,-7.86,-0.23,0.36,-0.42,320,432,442,505,375
2.68,-4.98,-7.68,-0.06,0.46,-0.36,321,432,443,504,375
4.35,-4.90,-7.37,-0.15,0.38,-0.44,320,432,443,505,375
3.90,-4.39,-8.17,-0.19,0.37,-0.36,320,432,443,505,375
4.98,-3.66,-7.70,-0.16,0.36,-0.11,320,432,443,505,375
5.69,-2.92,-7.75,-0.15,0.33,-0.30,320,432,443,504,375
5.13,-3.38,-7.47,-0.02,0.39,-0.09,320,432,443,504,375
5.74,-3.19,-6.83,-0.05,0.36,-0.13,320,432,443,504,376
6.09,-3.09,-6.69,-0.04,0.36,-0.26,320,432,442,504,376
5.28,-2.86,-6.20,-0.13,0.37,-0.59,320,432,443,504,375
6.29,-2.63,-6.40,-0.06,0.34,-0.03,320,432,443,504,376
8.30,-2.23,-6.53,-0.06,0.38,-0.27,320,432,443,504,377
7.47,-3.04,-6.17,0.09,0.43,0.09,320,431,442,504,377
8.03,-2.43,-6.56,-0.09,0.23,-0.12,320,431,443,504,377
6.86,-2.85,-4.99,0.11,0.46,-0.03,320,431,443,504,377
8.26,-2.62,-5.18,-0.05,0.29,-0.11,320,431,443,504,377
6.83,-2.33,-4.16,-0.04,0.42,-0.27,320,431,442,504,377
8.46,-1.89,-4.69,-0.10,0.31,-0.13,320,431,442,504,377
8.76,-1.87,-4.01,0.04,0.52,-0.03,320,431,442,504,376
9.20,-2.36,-3.79,-0.00,0.45,-0.06,320,431,442,504,377
8.82,-1.95,-3.42,0.01,0.45,-0.04,320,431,442,504,377
9.48,-1.79,-3.19,0.02,0.43,-0.08,320,431,442,504,377
8.96,-2.02,-2.28,0.03,0.45,-0.10,320,431,442,504,377
10.61,-1.83,-2.33,-0.08,0.26,-0.23,320,431,442,504,376
11.03,-1.41,-2.17,0.07,0.25,-0.05,320,431,442,504,377
END
10.42,-1.90,-1.87,0.06,0.13,-0.07,320,431,441,504,374
-1.00,-6.42,-7.50,-0.02,-0.03,-0.08,320,431,442,504,374
-1.09,-6.37,-7.67,-0.04,-0.00,0.01,320,431,441,504,374
-1.64,-6.45,-7.34,-0.02,0.09,0.03,320,431,441,504,374
-1.27,-6.58,-6.97,-0.07,0.11,-0.06,320,431,441,503,374
-1.81,-6.09,-7.54,-0.10,0.16,-0.06,320,431,442,503,374
-2.56,-5.72,-7.43,-0.10,0.32,-0.13,320,431,441,504,373
0.30,-5.73,-7.67,-0.20,0.40,-0.16,320,431,441,503,374
1.61,-5.67,-8.45,-0.06,0.39,-0.02,320,431,441,504,374
0.15,-5.69,-8.29,-0.10,0.29,-0.04,320,431,441,504,374
-0.68,-5.09,-7.52,-0.14,0.34,-0.31,320,431,441,504,374
1.67,-5.08,-7.77,-0.17,0.37,-0.23,320,431,441,504,374
1.87,-4.80,-7.74,-0.10,0.49,-0.12,320,431,441,504,374
1.97,-4.87,-7.95,-0.13,0.39,-0.22,320,431,441,504,374
4.17,-4.80,-8.27,-0.15,0.38,0.00,320,431,441,504,375
2.37,-4.18,-7.81,-0.08,0.44,-0.26,320,431,441,504,375
4.88,-4.11,-7.70,-0.22,0.34,-0.22,320,431,441,504,376
3.78,-3.77,-7.89,-0.07,0.43,-0.35,320,430,441,504,375
5.41,-3.95,-7.44,-0.09,0.37,-0.03,320,430,441,504,376
5.27,-3.36,-7.62,-0.12,0.39,-0.23,320,431,441,504,376
6.22,-3.22,-7.49,-0.08,0.30,-0.09,320,430,441,503,376
5.92,-3.07,-7.22,-0.03,0.30,-0.22,320,430,441,504,376
5.46,-3.33,-6.88,0.07,0.34,-0.10,320,430,441,504,376
6.25,-2.96,-6.80,-0.14,0.29,-0.36,320,430,441,504,376
5.04,-2.94,-6.06,0.07,0.50,-0.07,320,430,441,504,376
9.14,-1.90,-6.45,-0.30,0.13,-0.49,320,430,441,504,377
7.67,-2.64,-5.56,0.12,0.46,0.11,320,430,441,504,377
8.17,-2.09,-6.03,-0.08,0.29,-0.22,320,430,441,504,377
7.74,-2.48,-5.31,0.11,0.43,-0.11,320,430,441,503,377
8.43,-2.40,-5.36,-0.02,0.30,-0.12,320,430,441,503,377
8.18,-1.90,-4.40,0.03,0.40,-0.10,320,430,441,503,377
8.39,-2.05,-4.29,0.03,0.34,-0.04,320,430,441,503,377
8.12,-1.77,-3.73,-0.04,0.40,-0.28,320,430,441,504,377
9.43,-2.12,-3.43,0.08,0.38,0.01,320,430,441,503,377
9.30,-1.62,-3.55,0.02,0.35,-0.14,320,430,441,504,377
9.26,-1.97,-3.32,0.01,0.35,-0.01,320,430,441,503,377
END
9.40,-1.62,-3.11,-0.00,0.32,-0.12,320,429,441,503,374
-1.34,-6.39,-7.29,-0.01,-0.02,-0.05,320,429,441,503,374
-0.96,-6.66,-7.19,-0.01,0.01,-0.06,320,429,440,503,374
-0.24,-6.78,-7.67,-0.07,0.01,-0.05,320,430,441,503,374
-1.25,-6.53,-7.44,-0.05,0.02,0.06,320,429,440,503,374
-2.12,-6.64,-7.14,-0.05,0.15,-0.01,320,430,440,503,374
-2.05,-6.25,-7.19,-0.10,0.23,-0.10,320,430,440,503,374
-2.42,-6.02,-7.03,-0.15,0.30,-0.17,321,430,440,503,374
0.39,-5.43,-7.33,-0.12,0.50,-0.25,320,430,441,503,374
1.13,-5.84,-8.08,-0.01,0.48,-0.01,320,430,440,503,374
1.73,-5.85,-7.91,-0.06,0.41,-0.01,320,430,440,503,374
1.33,-5.71,-7.45,-0.06,0.42,-0.20,320,429,440,503,374
3.02,-5.63,-8.02,-0.18,0.28,-0.17,320,429,440,503,374
2.03,-4.64,-7.58,-0.03,0.39,-0.20,320,429,440,503,374
2.13,-5.13,-7.26,-0.02,0.44,-0.22,320,429,440,503,374
4.28,-4.97,-7.79,-0.12,0.33,-0.26,320,430,440,503,375
4.16,-4.46,-6.84,-0.05,0.53,-0.42,320,430,440,503,374
5.42,-4.82,-7.47,-0.24,0.24,-0.30,320,430,440,503,375
6.17,-3.27,-8.40,-0.16,0.28,-0.40,320,430,441,503,375
5.08,-3.82,-7.27,0.15,0.39,0.03,320,430,440,503,375
5.28,-4.06,-7.14,-0.09,0.24,-0.16,320,430,440,503,375
5.03,-4.43,-6.58,0.12,0.43,0.03,320,430,440,503,375
5.74,-4.49,-6.23,-0.10,0.35,-0.14,320,429,440,503,375
5.76,-4.12,-5.66,0.02,0.52,-0.06,320,429,440,502,376
7.33,-3.65,-6.24,-0.11,0.33,-0.14,320,429,440,503,377
8.31,-3.25,-5.26,-0.03,0.45,-0.42,320,429,441,503,378
8.14,-3.91,-6.07,0.00,0.23,0.07,320,429,440,503,378
6.68,-3.15,-5.01,0.11,0.42,-0.07,320,429,441,503,378
7.76,-3.74,-4.84,-0.03,0.26,-0.11,320,429,441,503,378
7.93,-3.58,-4.90,-0.00,0.34,-0.10,320,429,441,503,378
7.82,-3.44,-4.37,-0.00,0.35,-0.10,320,429,440,503,378
8.10,-3.50,-4.30,0.02,0.32,-0.07,320,429,441,503,378
8.17,-3.33,-3.67,-0.03,0.32,-0.16,320,429,440,503,378
8.40,-3.16,-3.50,0.03,0.38,-0.14,320,429,440,503,378
7.96,-3.46,-3.08,-0.02,0.39,-0.12,320,429,440,503,378
10.13,-2.39,-3.02,-0.02,0.34,-0.17,320,429,440,503,378
END
9.93,-2.64,-2.63,0.04,0.26,-0.11,320,429,440,502,373
-1.21,-6.07,-7.46,0.02,-0.07,-0.04,320,429,440,502,373
-1.13,-6.34,-8.03,0.04,-0.02,-0.07,320,429,440,503,373
-1.11,-6.44,-7.68,-0.03,-0.01,-0.03,320,429,440,502,373
-1.33,-6.50,-7.66,-0.03,0.09,-0.04,320,429,440,502,373
-2.23,-6.04,-7.67,-0.01,0.15,0.05,320,430,440,503,372
-3.34,-5.30,-7.06,0.14,0.42,0.04,320,430,440,502,372
-2.81,-6.12,-6.49,-0.16,0.49,-0.43,320,429,440,502,372
1.62,-6.00,-7.30,-0.22,0.43,-0.41,320,429,440,502,372
1.09,-5.55,-7.54,0.02,0.67,-0.20,320,430,440,502,372
1.74,-5.90,-7.38,-0.17,0.47,-0.43,320,429,440,502,372
3.70,-5.62,-7.57,-0.21,0.49,-0.30,320,429,440,502,373
1.97,-5.68,-6.95,-0.01,0.67,-0.07,320,429,440,502,373
5.33,-4.34,-7.90,-0.32,0.35,-0.53,320,429,440,502,373
5.58,-4.29,-7.55,-0.07,0.51,-0.13,320,429,440,502,373
4.72,-4.26,-7.43,-0.13,0.43,-0.09,320,429,440,502,374
5.64,-3.98,-7.32,-0.09,0.32,-0.01,320,429,440,502,374
5.59,-3.64,-7.34,0.01,0.38,-0.11,320,429,440,502,374
5.04,-4.24,-6.65,0.08,0.39,-0.04,320,429,439,502,374
6.76,-4.21,-6.69,-0.04,0.20,-0.09,320,428,440,502,375
5.66,-3.96,-6.14,0.12,0.39,-0.12,320,428,440,502,374
6.74,-4.43,-6.07,-0.01,0.26,-0.07,320,428,439,502,374
6.28,-3.75,-5.63,0.02,0.38,-0.15,320,429,440,502,374
6.63,-3.90,-5.94,0.01,0.33,-0.13,320,428,440,502,374
7.27,-3.63,-5.70,-0.02,0.34,-0.12,320,429,439,502,374
8.07,-3.62,-5.14,0.01,0.39,-0.20,320,429,440,502,374
7.86,-3.98,-4.87,0.06,0.40,-0.04,320,429,439,502,374
8.99,-3.33,-4.33,-0.04,0.35,-0.15,320,429,439,502,374
9.03,-3.62,-3.85,0.07,0.35,-0.02,320,429,439,502,375
7.71,-3.42,-3.88,0.03,0.31,-0.16,320,428,440,502,374
8.78,-3.41,-3.84,0.04,0.29,-0.07,320,429,439,502,374
8.40,-3.69,-3.16,0.11,0.34,-0.02,320,428,439,502,374
9.11,-3.65,-2.64,0.02,0.29,-0.11,320,428,439,501,374
9.53,-3.71,-2.60,0.12,0.25,0.02,320,428,439,501,375
9.09,-3.85,-2.16,0.07,0.19,-0.03,320,428,439,502,375
9.66,-3.07,-2.86,0.03,0.12,-0.07,320,428,439,502,375
END
8.64,-3.47,-2.05,0.14,0.16,0.04,320,429,439,502,371
-0.85,-6.02,-7.68,0.07,-0.04,-0.05,320,429,439,502,371
-1.21,-6.40,-7.70,0.01,-0.06,-0.04,320,429,439,502,371
-1.21,-6.15,-7.44,-0.01,-0.08,-0.06,320,429,439,502,371
-1.13,-6.09,-7.57,-0.01,-0.06,-0.02,320,429,439,502,371
-1.92,-5.72,-7.85,0.01,-0.03,-0.08,320,429,439,501,371
-2.35,-6.80,-7.18,0.04,0.07,0.03,321,429,439,502,371
-4.18,-6.85,-7.03,-0.01,0.28,0.02,320,429,439,501,371
-3.04,-6.08,-6.74,-0.09,0.36,-0.28,320,429,439,501,370
-1.57,-6.23,-7.47,-0.04,0.52,-0.11,320,429,439,502,371
-0.20,-5.28,-7.67,-0.12,0.53,-0.37,320,429,439,501,371
0.93,-5.34,-7.67,-0.13,0.54,0.01,320,429,439,501,371
1.79,-4.96,-7.17,-0.13,0.61,-0.14,320,429,439,501,371
2.53,-5.27,-7.71,-0.12,0.53,-0.02,320,429,438,501,372
3.04,-5.31,-6.99,-0.14,0.64,-0.24,320,429,439,501,372
4.58,-4.49,-7.90,-0.19,0.47,-0.40,320,429,438,501,372
4.16,-4.22,-7.18,0.00,0.62,-0.02,320,429,439,501,372
6.20,-4.17,-6.89,-0.20,0.46,-0.52,320,429,438,501,372
4.17,-4.80,-7.09,-0.00,0.48,0.16,320,428,438,501,372
5.46,-3.35,-6.83,0.07,0.63,-0.24,320,429,438,501,372
5.85,-4.59,-5.53,0.07,0.56,-0.17,320,429,438,501,372
7.65,-3.63,-5.99,-0.21,0.42,-0.47,320,429,438,501,372
6.42,-3.64,-5.12,0.07,0.68,-0.05,320,429,438,501,371
8.05,-3.65,-5.41,-0.19,0.47,-0.17,320,429,438,501,372
8.76,-3.96,-5.51,0.01,0.65,-0.13,320,428,438,501,372
9.84,-3.37,-4.39,-0.09,0.33,-0.14,320,428,438,501,373
9.66,-2.96,-3.62,0.05,0.35,-0.23,320,428,438,501,372
8.87,-3.27,-3.83,0.06,0.17,-0.07,320,428,438,501,372
8.12,-3.20,-3.96,-0.01,0.11,-0.18,320,428,438,501,372
8.38,-2.96,-3.90,0.05,0.21,-0.05,320,428,438,501,373
8.66,-3.09,-3.77,0.02,0.20,-0.05,320,428,438,501,372
8.10,-3.15,-3.16,0.09,0.29,-0.04,320,428,438,501,372
9.53,-2.91,-3.37,-0.04,0.23,-0.16,320,428,438,501,373
9.02,-2.84,-2.73,0.08,0.30,-0.03,320,428,438,501,372
10.08,-2.79,-2.73,-0.00,0.07,-0.08,321,428,438,501,372
9.91,-2.83,-2.56,0.01,-0.05,-0.07,321,428,438,501,373
END
9.30,-2.88,-3.04,0.03,-0.14,-0.07,320,428,438,501,372
-1.72,-6.13,-7.31,0.04,-0.03,-0.02,320,428,438,500,372
-1.77,-6.52,-7.09,0.08,-0.00,-0.06,320,428,438,500,372
-1.72,-6.68,-7.31,0.03,-0.01,-0.02,321,428,438,500,372
-1.84,-6.29,-7.26,0.00,-0.01,-0.08,320,428,438,501,372
-2.34,-6.01,-7.32,-0.04,0.02,-0.13,320,428,439,501,372
-3.63,-6.64,-6.73,0.04,0.13,-0.05,320,428,439,501,372
-4.77,-7.09,-6.80,0.10,0.36,-0.05,321,428,438,501,371
-3.37,-7.16,-6.45,0.05,0.47,-0.00,320,428,438,501,371
-1.89,-7.04,-7.21,0.00,0.53,-0.21,320,428,438,501,371
-0.11,-6.37,-7.20,-0.05,0.51,-0.32,320,428,438,500,371
0.78,-6.32,-7.16,-0.04,0.55,-0.07,320,428,438,500,371
2.20,-5.87,-6.79,-0.15,0.53,-0.12,320,428,438,500,372
2.77,-5.65,-7.37,-0.18,0.50,-0.09,320,428,438,500,372
1.34,-5.17,-6.58,-0.11,0.60,-0.14,320,428,438,500,372
4.08,-5.30,-7.43,-0.21,0.37,-0.17,320,428,438,500,373
2.36,-4.95,-6.15,-0.10,0.79,-0.41,320,428,438,500,372
3.55,-4.64,-7.17,-0.35,0.20,-0.30,320,428,438,500,373
1.92,-4.21,-5.51,0.10,1.09,-0.44,321,428,438,500,372
7.57,-4.13,-7.14,-0.63,0.04,-0.51,320,428,438,500,375
7.32,-3.80,-6.87,-0.01,0.82,-0.46,320,427,438,500,374
6.32,-3.97,-6.55,0.05,0.50,0.28,320,428,438,500,374
7.77,-3.86,-6.30,-0.10,0.34,-0.18,320,428,438,500,374
6.55,-4.04,-5.39,0.17,0.55,-0.02,320,428,438,500,374
8.03,-4.00,-5.20,-0.14,0.23,-0.21,320,428,437,500,375
6.81,-3.47,-4.39,0.20,0.54,-0.10,320,428,437,500,373
7.70,-3.60,-4.35,0.00,0.33,-0.12,320,428,437,500,373
7.24,-3.66,-3.40,0.05,0.48,-0.23,320,428,438,500,374
8.11,-3.45,-3.53,0.02,0.49,-0.25,320,428,438,500,374
8.87,-3.16,-3.09,-0.02,0.43,-0.25,320,428,438,500,374
9.37,-2.86,-3.14,0.11,0.46,-0.07,320,428,438,500,374
8.88,-3.44,-2.31,0.10,0.43,-0.12,320,428,438,500,374
9.73,-3.14,-2.02,0.03,0.34,-0.14,321,428,437,500,374
9.01,-2.75,-1.14,0.08,0.42,-0.19,320,428,437,500,373
9.50,-2.88,-1.29,0.02,0.34,-0.13,320,428,437,500,373
9.49,-3.30,-0.90,0.01,0.32,-0.19,320,428,437,500,373
END
9.90,-3.03,-0.55,-0.10,0.31,-0.25,320,429,438,500,371
-1.67,-6.68,-7.38,0.01,0.02,-0.03,321,429,439,500,372
-1.23,-7.04,-7.32,0.00,0.08,0.04,320,429,439,500,371
-1.82,-6.84,-7.21,-0.11,0.08,-0.10,321,429,439,500,372
-1.62,-6.41,-7.20,-0.10,0.13,-0.04,320,429,439,500,372
-2.51,-5.99,-7.25,-0.06,0.27,-0.09,321,430,440,500,372
-1.11,-5.90,-7.34,-0.01,0.39,-0.05,320,430,440,500,373
-0.19,-5.86,-7.69,0.06,0.44,0.10,320,430,440,500,373
0.22,-6.07,-7.81,0.00,0.30,-0.03,320,431,442,500,375
0.37,-6.27,-7.72,0.01,0.35,-0.12,321,431,443,501,376
0.12,-5.92,-7.70,-0.00,0.35,-0.09,320,431,443,501,376
-0.09,-5.48,-7.06,-0.04,0.38,-0.25,320,431,443,501,376
2.09,-5.76,-7.39,0.00,0.35,-0.25,320,432,443,501,376
2.67,-5.33,-7.47,-0.03,0.38,-0.20,320,431,443,501,376
1.38,-5.65,-7.34,0.07,0.45,-0.10,320,432,442,501,376
2.45,-5.58,-7.05,-0.10,0.39,-0.43,320,431,442,501,376
5.47,-5.93,-7.14,-0.03,0.36,-0.23,320,431,441,500,377
5.28,-5.07,-7.84,-0.05,0.28,-0.37,320,431,441,500,377
2.58,-5.36,-6.41,0.07,0.49,0.03,320,430,441,500,376
4.29,-5.06,-5.87,-0.08,0.40,-0.30,320,430,441,500,376
4.52,-5.40,-5.90,-0.02,0.55,-0.20,320,430,441,500,377
4.51,-5.61,-5.72,-0.10,0.53,0.05,320,430,441,500,376
6.50,-4.49,-6.20,-0.15,0.61,-0.25,320,430,440,499,376
7.43,-4.36,-4.97,-0.06,0.69,-0.19,320,429,440,499,376
8.91,-4.28,-5.64,-0.05,0.42,-0.16,320,429,440,500,378
9.18,-4.30,-4.43,-0.05,0.53,-0.47,320,429,440,499,377
7.57,-3.96,-3.76,0.05,0.43,-0.14,320,429,440,500,377
9.05,-4.03,-3.64,-0.13,0.28,-0.24,320,429,439,500,377
7.39,-3.80,-3.07,0.13,0.52,-0.01,320,429,439,499,376
9.32,-3.70,-2.98,-0.16,0.37,-0.29,320,429,440,499,376
8.74,-3.38,-2.11,0.09,0.54,-0.02,320,428,439,499,376
8.78,-3.62,-1.64,-0.00,0.45,-0.21,320,428,439,499,376
10.01,-2.78,-2.00,-0.07,0.36,-0.22,320,428,439,499,376
10.65,-3.02,-1.29,0.18,0.37,0.03,320,429,439,499,375
9.63,-3.46,-1.12,0.00,0.08,-0.19,320,429,439,499,376
10.53,-3.17,-1.87,0.00,-0.05,-0.07,320,429,439,500,376
END
9.30,-3.50,-1.13,0.04,-0.07,-0.03,320,430,439,500,370
-1.44,-6.47,-7.49,-0.12,0.05,-0.08,320,430,439,500,370
-2.66,-6.10,-7.35,-0.08,0.16,-0.06,320,430,439,500,370
-3.33,-5.83,-7.30,-0.04,0.36,-0.13,320,430,439,500,370
0.38,-6.83,-6.76,0.17,0.56,0.32,320,430,439,500,370
-1.41,-6.30,-7.53,-0.05,0.45,-0.14,320,430,439,500,370
-0.55,-5.94,-7.41,-0.13,0.34,-0.36,320,430,438,500,370
1.60,-6.14,-7.63,-0.04,0.51,-0.21,321,430,439,500,370
0.83,-6.41,-7.34,-0.04,0.47,-0.08,320,430,439,500,370
2.68,-6.09,-7.90,-0.13,0.37,-0.26,320,430,439,500,371
1.36,-5.72,-7.70,-0.09,0.35,-0.24,320,430,439,500,371
3.24,-5.36,-7.60,-0.02,0.37,-0.04,320,430,438,500,371
1.25,-5.26,-7.11,0.04,0.54,-0.03,320,430,439,500,371
3.65,-5.26,-7.08,-0.12,0.38,-0.31,320,429,438,500,371
3.56,-5.00,-7.10,0.02,0.45,-0.21,320,429,438,500,371
4.69,-5.38,-6.46,-0.01,0.48,-0.23,320,429,438,500,372
5.69,-5.10,-6.53,-0.09,0.43,-0.35,320,429,438,499,372
5.70,-5.20,-6.53,-0.05,0.38,-0.10,320,429,438,499,373
5.10,-4.60,-6.13,-0.14,0.35,-0.42,320,429,439,500,372
5.46,-4.40,-6.52,-0.01,0.38,-0.05,320,429,439,499,373
6.32,-3.90,-6.17,0.00,0.37,-0.26,320,429,439,499,373
6.78,-4.41,-5.49,0.08,0.43,0.04,320,429,438,499,374
7.59,-4.03,-5.28,-0.00,0.31,-0.15,320,429,438,499,374
6.21,-3.91,-4.17,-0.02,0.49,-0.39,320,429,438,499,373
7.96,-3.98,-4.49,-0.06,0.27,-0.22,320,428,438,499,374
8.05,-3.24,-4.00,-0.11,0.39,-0.42,320,429,438,499,374
7.66,-3.41,-3.69,0.16,0.55,0.12,320,428,438,499,374
8.96,-3.84,-3.31,-0.01,0.40,-0.20,320,428,438,499,374
8.69,-3.80,-2.91,0.10,0.54,-0.12,320,428,438,499,374
9.78,-3.37,-3.14,0.01,0.41,-0.10,320,428,438,499,374
9.93,-3.47,-2.61,0.11,0.39,0.01,320,428,438,499,374
8.92,-3.58,-1.70,0.04,0.40,-0.07,320,428,438,499,374
8.77,-3.25,-1.51,0.05,0.35,0.01,320,428,438,499,374
8.90,-2.92,-1.02,0.11,0.40,-0.01,320,427,438,499,373
8.13,-3.18,-0.34,0.03,0.42,-0.11,320,428,438,499,374
9.95,-3.14,-0.18,-0.01,0.38,-0.24,320,428,438,499,373
END
9.87,-2.93,-0.29,0.11,0.29,-0.04,320,430,440,500,375
-1.63,-6.37,-7.44,0.02,-0.01,-0.09,320,430,441,499,376
-1.39,-6.35,-7.21,0.02,0.01,-0.15,320,430,440,499,375
-1.53,-6.58,-7.32,-0.02,0.08,-0.08,320,430,440,499,375
-0.98,-6.47,-7.42,-0.06,0.11,-0.22,320,430,441,500,375
-1.36,-6.22,-7.55,-0.05,0.12,-0.06,320,430,440,499,375
-1.87,-6.17,-7.34,-0.02,0.20,-0.06,320,430,440,500,375
-1.54,-6.07,-7.54,-0.03,0.29,-0.16,320,430,440,500,375
-1.08,-6.16,-6.96,-0.07,0.25,-0.11,320,430,440,499,375
0.70,-6.24,-7.82,-0.03,0.38,-0.30,320,430,440,499,375
0.30,-6.32,-7.57,-0.05,0.37,-0.06,320,430,440,499,375
1.21,-5.87,-7.31,-0.11,0.37,-0.14,320,430,440,499,375
0.84,-5.56,-7.80,-0.10,0.29,-0.18,320,430,439,499,375
1.60,-5.21,-7.98,-0.08,0.39,-0.12,320,430,440,499,375
2.30,-5.37,-7.84,-0.01,0.39,-0.11,320,430,439,499,375
2.35,-5.09,-7.35,0.01,0.45,-0.24,320,430,439,499,375
4.29,-5.51,-7.66,-0.08,0.27,-0.17,320,429,440,499,377
3.87,-4.88,-8.00,-0.07,0.26,-0.18,320,430,439,499,377
5.02,-4.59,-8.13,-0.10,0.22,-0.32,320,429,439,499,377
3.95,-4.82,-7.52,-0.01,0.25,-0.13,320,429,440,499,377
3.70,-4.75,-6.98,0.03,0.29,0.06,320,429,439,499,377
4.31,-4.68,-6.93,0.01,0.29,-0.21,320,429,439,499,377
4.12,-4.74,-6.42,0.03,0.44,-0.09,320,429,439,499,377
5.41,-4.47,-6.23,-0.08,0.40,-0.37,320,429,439,499,377
6.35,-4.29,-6.65,-0.11,0.38,-0.32,320,429,439,499,378
7.66,-3.75,-6.83,-0.16,0.25,-0.42,320,428,439,499,378
6.39,-4.06,-6.04,0.06,0.41,0.11,320,429,439,499,379
6.61,-3.92,-5.83,-0.10,0.29,-0.18,320,429,439,499,379
6.99,-3.88,-5.27,-0.00,0.41,-0.07,320,429,439,499,378
7.66,-3.63,-5.34,-0.03,0.36,-0.08,320,429,439,499,379
7.85,-3.55,-4.98,-0.01,0.37,0.00,320,428,439,499,379
8.10,-3.60,-4.56,-0.05,0.33,-0.10,320,429,439,499,378
7.00,-3.28,-4.00,-0.04,0.37,-0.15,320,428,439,499,378
8.85,-3.01,-4.49,-0.14,0.19,-0.25,320,428,439,498,379
8.20,-2.55,-4.08,0.00,0.36,-0.11,320,428,439,499,378
8.48,-3.18,-3.43,0.02,0.32,-0.03,320,428,439,498,379
END
8.16,-2.90,-3.23,-0.02,0.31,-0.17,320,439,452,498,389
-1.50,-6.40,-7.20,0.02,-0.00,-0.07,320,439,452,498,389
-1.47,-6.36,-7.82,0.00,0.02,-0.08,320,439,452,499,388
-1.43,-6.54,-7.34,0.02,0.04,-0.18,320,439,452,499,388
-1.35,-6.55,-7.71,-0.03,0.09,-0.26,320,439,452,499,387
-1.32,-6.53,-7.31,-0.04,0.09,-0.12,320,439,452,498,387
-2.66,-6.64,-7.02,-0.04,0.23,-0.24,320,438,451,498,386
-2.12,-6.68,-7.04,-0.16,0.28,-0.38,320,438,451,498,386
0.69,-6.25,-7.14,-0.18,0.41,-0.16,320,438,451,498,386
0.94,-5.97,-7.60,-0.11,0.53,-0.29,320,438,451,498,386
1.79,-5.69,-7.93,-0.23,0.39,-0.09,320,437,451,499,386
1.48,-4.67,-7.78,-0.20,0.49,-0.42,320,438,451,499,386
3.71,-5.08,-7.78,-0.16,0.34,-0.20,320,438,451,499,387
3.92,-4.54,-7.80,-0.13,0.50,-0.26,320,438,450,498,386
3.45,-4.64,-8.14,-0.05,0.36,0.05,320,438,450,499,387
4.27,-3.73,-8.00,-0.09,0.31,-0.15,320,437,450,499,387
3.24,-4.15,-6.91,0.07,0.51,-0.12,320,437,450,499,386
5.51,-3.95,-7.55,-0.03,0.30,-0.30,320,437,450,498,387
5.92,-4.06,-6.84,-0.01,0.48,-0.25,320,437,450,498,387
6.55,-4.38,-7.03,-0.09,0.30,-0.13,320,437,450,498,387
5.73,-4.06,-6.53,-0.03,0.41,0.03,320,437,450,498,387
6.27,-3.56,-6.27,-0.06,0.42,-0.24,320,437,450,498,387
7.11,-3.55,-6.25,-0.04,0.32,0.04,320,437,450,498,388
6.68,-3.45,-6.22,-0.03,0.33,-0.30,320,437,450,498,388
6.61,-3.70,-5.70,0.02,0.38,-0.02,320,437,450,498,387
7.01,-3.50,-5.22,-0.07,0.32,-0.28,320,437,450,498,387
7.84,-3.17,-4.92,-0.03,0.39,-0.19,320,437,449,498,387
8.92,-2.58,-5.08,-0.05,0.28,-0.17,320,437,450,498,388
8.08,-2.83,-4.87,0.09,0.37,0.03,320,437,450,498,387
8.25,-3.39,-4.11,0.00,0.32,-0.08,320,437,449,498,387
8.28,-2.92,-4.07,0.02,0.34,-0.12,320,436,449,498,387
8.18,-2.83,-3.45,0.00,0.36,-0.08,320,437,450,498,387
9.12,-2.63,-3.17,-0.13,0.24,-0.44,320,437,450,498,387
8.59,-2.30,-3.33,0.01,0.40,0.13,320,437,450,498,387
9.96,-2.43,-3.04,-0.19,0.21,-0.30,320,436,450,498,386
9.32,-2.11,-3.07,0.01,0.31,-0.04,320,436,450,498,386
END
7.89,-2.58,-2.18,-0.04,0.38,-0.18,320,434,446,499,380
-0.57,-6.85,-7.21,0.02,-0.01,0.10,320,434,446,499,380
-0.88,-6.60,-7.24,-0.01,-0.04,0.01,320,434,446,499,380
-1.16,-6.55,-6.98,-0.01,-0.00,-0.01,320,434,446,499,379
-0.91,-7.09,-6.61,-0.00,0.05,-0.10,320,434,446,499,379
-1.49,-7.06,-6.85,-0.15,0.11,-0.04,320,434,446,499,379
-3.12,-7.23,-6.31,-0.26,0.31,-0.28,320,434,446,499,379
-2.02,-6.12,-7.06,-0.17,0.47,-0.23,320,435,446,499,379
-0.11,-6.30,-6.88,-0.18,0.59,-0.23,321,435,446,499,379
2.32,-5.94,-7.29,-0.17,0.54,-0.45,320,435,446,499,380
3.32,-5.77,-7.93,-0.06,0.56,0.00,320,434,446,499,381
1.97,-5.20,-7.54,-0.22,0.49,-0.08,320,435,446,499,380
3.77,-5.40,-7.15,-0.21,0.47,-0.39,320,435,446,499,382
4.49,-5.01,-7.60,-0.17,0.42,-0.07,320,434,446,499,383
4.06,-3.79,-7.64,-0.15,0.44,-0.49,320,434,446,499,383
5.46,-4.21,-7.39,-0.08,0.34,-0.09,320,434,445,499,384
5.21,-3.70,-6.91,-0.08,0.36,-0.39,320,434,445,499,383
4.92,-4.08,-6.76,-0.00,0.39,-0.12,320,434,445,498,382
6.17,-3.83,-6.78,-0.14,0.31,-0.25,321,434,446,499,383
6.47,-3.45,-6.45,-0.07,0.40,-0.19,320,434,446,499,383
7.29,-3.07,-6.63,-0.06,0.26,-0.19,320,434,445,499,383
6.47,-3.36,-6.05,-0.04,0.37,-0.20,320,434,446,499,383
6.19,-3.81,-5.91,-0.03,0.38,0.05,320,434,446,499,383
7.54,-3.19,-5.76,-0.11,0.37,-0.29,320,434,445,498,383
7.91,-3.22,-4.74,0.00,0.49,-0.12,320,434,445,498,382
8.43,-2.96,-5.20,-0.09,0.30,-0.16,320,434,445,498,382
7.93,-2.38,-4.80,-0.07,0.44,-0.19,320,434,445,498,382
8.19,-2.69,-4.03,0.07,0.46,0.01,320,434,445,498,382
7.77,-2.71,-3.40,-0.19,0.42,-0.43,320,434,445,498,382
8.99,-2.23,-3.58,0.06,0.46,0.13,320,434,445,498,382
10.31,-2.12,-2.88,-0.13,0.50,-0.20,320,434,445,498,380
9.66,-1.36,-2.91,-0.05,0.48,-0.01,320,434,445,498,381
8.97,-2.05,-1.56,-0.12,0.43,-0.24,320,434,445,498,381
8.58,-1.71,-1.42,0.01,0.55,-0.09,320,434,445,498,381
9.82,-1.50,-0.58,-0.12,0.42,-0.36,320,434,445,498,381
10.01,-1.07,-0.62,-0.02,0.50,-0.11,320,433,445,498,381
END
1.75,-7.04,-6.53,0.07,0.09,0.15,322,444,443,495,368
0.93,-5.86,-7.78,0.07,-0.01,-0.06,322,445,443,495,368
1.12,-6.07,-7.80,0.04,-0.02,-0.06,322,445,443,495,368
1.03,-5.96,-7.71,0.03,-0.03,-0.07,322,445,443,495,368
1.14,-5.92,-7.91,0.03,-0.03,-0.04,322,445,443,495,368
-0.04,-5.78,-7.69,0.04,0.03,-0.09,322,444,443,495,368
-0.27,-6.09,-7.14,-0.03,0.13,-0.12,322,445,443,495,368
0.45,-6.21,-7.48,-0.07,0.25,-0.28,322,445,443,495,368
2.10,-6.75,-7.82,-0.14,0.19,-0.16,322,445,443,495,368
0.14,-5.32,-7.96,-0.12,0.25,-0.15,322,444,443,495,368
0.95,-5.09,-7.65,-0.10,0.36,-0.21,322,444,443,495,368
1.64,-4.76,-7.47,-0.09,0.41,-0.23,322,444,443,495,368
1.87,-4.74,-7.03,-0.07,0.55,-0.17,322,444,442,495,368
2.18,-3.93,-6.67,-0.18,0.67,-0.28,322,444,443,495,368
6.41,-3.70,-6.66,-0.33,0.50,-0.46,322,444,443,495,369
6.67,-3.52,-7.22,-0.15,0.66,-0.27,321,444,442,494,369
6.65,-3.35,-7.46,-0.19,0.49,-0.21,322,444,442,495,370
6.91,-3.04,-6.86,-0.08,0.50,-0.23,321,444,443,494,369
5.18,-3.15,-5.54,0.10,0.69,-0.01,322,444,443,494,369
7.01,-2.63,-5.71,-0.11,0.49,-0.48,322,444,443,494,369
8.12,-2.55,-4.56,-0.11,0.66,-0.42,322,444,442,494,370
8.05,-2.33,-4.29,-0.20,0.71,-0.36,321,444,442,494,370
9.83,-2.15,-4.36,-0.34,0.50,-0.51,322,443,442,494,372
10.11,-1.12,-4.35,-0.11,0.50,-0.18,322,443,442,494,372
9.75,-1.16,-3.93,-0.05,0.52,-0.01,322,443,442,494,372
9.71,-1.21,-2.50,0.04,0.56,-0.04,322,442,442,494,372
10.82,-1.18,-2.49,-0.07,0.41,-0.19,322,442,442,494,371
10.10,-1.05,-1.91,-0.01,0.42,-0.06,322,442,442,494,372
9.27,-1.38,-1.64,-0.18,0.29,-0.02,322,442,442,494,372
9.58,-0.96,-1.39,-0.14,0.35,-0.09,322,442,442,494,373
10.44,-0.78,-0.45,0.08,0.55,-0.08,322,441,442,494,373
9.87,-0.80,-0.03,-0.01,0.45,-0.21,322,441,441,493,372
10.06,-1.49,0.88,0.13,0.48,0.01,322,441,441,493,372
10.15,-0.95,1.31,0.04,0.38,-0.08,322,440,441,493,371
9.83,-0.78,0.75,-0.00,0.16,-0.20,321,440,441,493,371
8.64,-1.07,1.86,0.09,0.30,0.00,322,440,441,493,371
END
9.89,-1.00,1.48,0.05,0.32,-0.06,322,440,439,494,367
-0.70,-5.92,-7.66,0.01,-0.03,-0.05,322,440,439,494,367
-0.52,-5.89,-7.77,0.03,-0.02,-0.13,322,440,439,494,367
-0.70,-5.96,-7.83,0.06,-0.03,-0.06,322,440,439,494,367
-0.89,-6.55,-7.72,0.04,-0.03,-0.02,322,440,439,494,367
-1.39,-6.17,-7.66,0.01,-0.01,-0.04,322,440,439,494,367
-2.87,-6.34,-7.10,-0.09,0.14,0.02,322,439,439,493,367
-3.68,-5.62,-6.91,-0.04,0.50,-0.24,321,440,439,493,366
-1.51,-6.09,-6.70,-0.26,0.50,-0.51,321,440,439,493,366
-0.06,-5.36,-8.20,-0.05,0.45,-0.41,321,440,439,493,366
3.52,-4.80,-8.11,-0.13,0.54,-0.33,321,440,438,493,366
2.84,-5.57,-8.48,-0.14,0.32,-0.07,322,440,439,493,368
3.58,-5.02,-8.54,-0.21,0.39,0.09,321,440,439,493,368
3.85,-5.28,-6.70,-0.12,0.49,-0.12,322,440,439,492,368
4.30,-5.10,-7.44,-0.28,0.33,-0.19,321,440,439,492,368
4.41,-4.29,-7.28,-0.15,0.52,-0.21,322,440,439,492,369
4.64,-3.69,-8.05,-0.10,0.37,-0.14,322,439,439,492,368
5.73,-3.90,-8.11,-0.01,0.33,-0.18,321,440,439,492,368
4.60,-4.39,-7.22,0.02,0.44,-0.19,321,439,439,492,368
3.93,-3.86,-7.17,0.00,0.47,0.03,321,439,439,492,368
7.26,-3.37,-6.79,-0.21,0.36,-0.37,321,439,439,492,368
6.50,-3.73,-6.46,-0.10,0.34,-0.13,322,439,439,492,369
8.76,-3.01,-6.86,0.09,0.38,-0.03,321,439,439,493,370
4.44,-3.93,-4.83,0.24,0.69,0.08,321,439,439,493,370
7.67,-3.09,-5.79,-0.35,-0.01,-0.49,321,439,438,493,371
8.00,-2.96,-5.20,0.11,0.66,-0.28,321,439,438,493,370
7.03,-3.24,-4.61,0.01,0.51,-0.23,321,438,438,492,370
9.49,-2.15,-5.02,-0.10,0.39,-0.34,321,439,438,493,370
7.80,-2.94,-3.40,0.12,0.71,0.05,321,439,438,492,371
9.89,-2.33,-3.65,-0.22,0.35,-0.31,321,438,438,493,372
8.86,-2.18,-3.40,0.02,0.43,0.03,321,438,437,492,372
9.13,-2.33,-2.61,0.04,0.43,-0.07,321,438,437,492,372
9.59,-2.12,-2.67,-0.09,0.42,-0.17,321,438,437,492,372
9.63,-1.59,-2.53,0.01,0.34,-0.13,321,438,437,493,372
10.09,-2.48,-1.87,0.11,0.40,0.03,321,438,437,493,371
9.86,-1.97,-1.50,-0.22,0.30,-0.40,321,438,437,493,371
END
10.86,-1.42,-1.37,0.05,0.31,-0.22,321,435,435,491,369
-2.92,-5.80,-7.57,-0.05,0.05,0.03,321,434,435,491,369
-3.28,-5.51,-7.39,-0.06,0.14,-0.03,321,435,435,491,368
-2.41,-5.43,-8.31,-0.16,0.08,-0.11,321,435,435,491,368
-1.85,-5.05,-8.33,-0.03,0.13,-0.02,321,435,435,491,368
-3.75,-5.60,-7.52,0.06,0.27,0.04,321,435,436,491,368
-2.51,-5.24,-7.73,-0.04,0.49,-0.24,321,435,435,491,368
-2.07,-5.36,-8.28,-0.04,0.46,-0.11,321,435,435,491,368
-1.32,-5.73,-7.77,-0.29,0.47,-0.51,321,435,435,491,368
-0.83,-4.62,-9.29,-0.22,0.41,-0.17,321,435,435,491,368
1.40,-4.10,-8.75,-0.19,0.42,-0.27,321,435,435,491,369
0.81,-4.39,-8.30,0.04,0.54,-0.17,321,435,435,491,369
2.14,-4.21,-8.69,-0.10,0.37,-0.18,321,435,435,491,369
2.84,-4.42,-8.31,-0.01,0.44,-0.15,321,435,435,491,369
2.63,-4.18,-8.42,0.00,0.48,-0.29,321,435,435,491,369
3.23,-4.05,-7.80,-0.04,0.44,-0.20,321,435,435,491,369
3.44,-3.97,-7.64,0.04,0.48,-0.31,321,435,435,491,369
4.98,-3.47,-8.02,-0.06,0.33,-0.29,321,435,435,491,369
5.36,-3.57,-8.00,0.10,0.38,-0.16,321,435,435,491,369
5.77,-3.33,-8.18,-0.01,0.20,-0.28,321,435,435,491,369
5.16,-3.79,-6.83,0.06,0.41,-0.06,321,435,434,490,369
5.28,-4.01,-6.60,-0.11,0.33,-0.19,321,435,435,491,369
5.23,-3.40,-7.27,0.01,0.47,-0.14,321,435,435,491,369
7.98,-3.06,-6.99,-0.26,0.34,-0.32,321,435,435,490,371
6.63,-2.81,-6.08,-0.10,0.45,-0.18,321,435,435,491,371
7.54,-2.74,-6.56,-0.24,0.28,-0.18,321,435,435,491,372
7.62,-2.44,-5.53,0.05,0.59,-0.18,321,435,435,490,371
7.77,-2.64,-4.97,-0.03,0.49,-0.16,321,435,435,490,371
9.63,-1.63,-5.33,-0.08,0.46,-0.21,321,435,435,491,371
8.11,-2.02,-4.20,0.22,0.69,0.04,321,435,435,491,371
9.26,-2.27,-3.48,-0.19,0.40,-0.23,321,435,435,491,371
8.71,-1.61,-3.78,0.11,0.55,0.02,321,435,435,491,370
10.14,-2.28,-3.17,-0.12,0.42,-0.20,322,435,435,491,370
9.45,-1.69,-2.76,-0.06,0.46,-0.16,321,435,435,491,370
9.99,-1.68,-1.64,0.07,0.56,-0.02,321,435,435,491,370
9.83,-1.69,-1.16,-0.02,0.45,-0.19,321,435,435,491,370
END
10.32,-1.49,-1.01,0.04,0.36,-0.10,321,442,446,491,383
-2.74,-5.43,-7.79,0.17,0.10,-0.08,321,442,445,491,382
-2.42,-5.56,-7.76,-0.03,0.08,-0.16,321,443,445,491,380
-2.09,-5.86,-7.65,0.06,0.15,-0.10,321,443,446,491,379
-2.52,-6.17,-7.93,0.12,0.32,0.03,322,443,445,491,379
-2.78,-5.71,-7.97,-0.14,0.26,-0.11,321,443,445,491,378
-2.71,-5.50,-7.17,-0.09,0.47,-0.28,321,443,445,491,378
-2.29,-6.33,-7.80,-0.12,0.48,-0.04,321,443,445,491,378
0.35,-5.59,-8.29,-0.22,0.62,-0.36,321,443,445,491,378
-0.18,-4.86,-7.42,-0.03,0.77,-0.16,321,443,445,491,378
2.56,-4.84,-8.23,-0.26,0.50,-0.29,321,443,444,492,378
2.82,-4.87,-7.98,-0.07,0.55,-0.14,321,443,444,492,379
1.70,-4.36,-7.75,-0.15,0.52,-0.33,321,443,444,491,378
3.45,-4.52,-8.05,-0.26,0.42,-0.29,321,443,444,491,378
4.29,-4.29,-8.58,-0.12,0.49,-0.14,321,443,444,491,379
4.45,-3.29,-7.75,-0.05,0.54,-0.13,321,442,444,491,379
3.89,-4.01,-7.09,-0.02,0.51,0.04,321,442,444,491,379
7.05,-3.69,-7.79,-0.15,0.24,-0.36,321,442,444,491,381
5.63,-3.29,-6.85,0.11,0.54,-0.42,321,442,444,491,380
6.80,-2.91,-7.37,-0.04,0.24,-0.23,321,442,444,491,380
6.23,-2.76,-6.74,0.07,0.56,-0.32,321,442,443,491,379
6.39,-3.30,-5.57,0.05,0.42,-0.12,321,442,443,491,379
7.98,-3.04,-5.91,-0.07,0.35,-0.23,320,442,443,490,379
7.16,-2.61,-5.15,0.09,0.60,-0.18,321,442,443,490,379
7.73,-2.72,-4.52,-0.02,0.46,-0.18,321,442,443,490,379
8.72,-2.28,-4.15,-0.11,0.50,-0.26,321,442,443,491,379
7.91,-1.80,-4.05,0.11,0.54,-0.08,321,442,443,490,378
9.66,-1.97,-4.03,-0.08,0.37,-0.21,321,442,443,490,378
8.93,-1.67,-3.38,0.10,0.55,-0.06,321,442,443,490,378
10.09,-1.70,-3.37,-0.16,0.39,-0.42,321,442,442,490,378
8.38,-1.44,-2.63,0.08,0.60,-0.04,320,442,443,490,378
10.13,-1.64,-2.32,-0.18,0.54,-0.17,321,441,442,490,377
11.86,-1.41,-1.39,-0.08,0.45,-0.26,320,441,442,490,377
9.63,-1.18,-1.20,0.05,0.43,0.02,321,441,442,490,377
9.26,-1.33,0.07,0.00,0.42,-0.08,320,441,442,490,377
9.91,-0.57,0.07,0.07,0.46,-0.10,321,440,442,490,377
END
9.81,-1.16,0.85,0.11,0.38,-0.04,321,438,440,490,372
-2.00,-5.61,-8.00,-0.11,-0.01,-0.13,322,438,441,490,372
-2.16,-5.97,-7.76,0.08,0.08,-0.03,322,438,441,490,371
-1.94,-6.17,-8.01,-0.05,0.05,-0.04,322,438,441,490,371
-2.55,-5.56,-7.96,-0.02,0.14,0.02,320,438,440,490,371
-3.49,-5.07,-7.73,0.08,0.30,0.05,322,438,440,490,371
-2.10,-5.94,-7.32,-0.05,0.37,-0.10,321,438,440,489,371
-2.49,-6.18,-7.26,-0.08,0.50,-0.23,322,438,440,490,371
0.05,-5.16,-8.43,-0.23,0.36,-0.17,321,438,440,490,371
-1.46,-5.18,-7.38,0.23,0.82,0.08,321,438,440,490,371
1.59,-4.85,-7.97,-0.26,0.34,-0.34,321,438,440,490,371
1.69,-4.86,-7.49,-0.00,0.57,-0.53,322,439,440,491,372
3.29,-5.08,-8.82,-0.09,0.31,0.01,322,438,440,491,372
1.39,-4.54,-8.28,0.12,0.42,-0.22,321,438,440,490,372
3.50,-4.81,-8.33,-0.14,0.23,-0.40,321,438,440,491,371
2.35,-4.34,-7.82,0.04,0.42,-0.15,321,438,440,491,372
3.65,-4.05,-7.73,-0.12,0.39,-0.47,321,438,440,490,371
4.19,-4.28,-8.29,-0.14,0.30,-0.13,321,438,440,490,372
3.64,-3.81,-7.19,0.12,0.58,-0.14,321,438,440,490,372
5.62,-4.21,-7.71,-0.15,0.24,-0.25,321,438,440,490,372
5.52,-3.83,-6.96,0.06,0.49,-0.22,321,438,440,490,372
5.40,-4.12,-6.32,-0.05,0.42,-0.16,321,438,440,490,372
5.38,-3.35,-6.92,-0.16,0.34,-0.20,321,438,440,490,372
6.90,-2.73,-6.70,-0.04,0.47,-0.20,321,438,440,490,372
6.65,-3.20,-5.76,-0.07,0.43,-0.12,321,438,440,490,372
8.46,-2.53,-5.99,-0.10,0.40,-0.22,321,438,440,490,373
7.14,-2.48,-5.13,-0.03,0.53,-0.16,321,438,440,490,373
7.69,-2.42,-5.44,-0.07,0.29,-0.12,321,438,440,489,373
8.36,-2.37,-4.19,-0.11,0.43,-0.40,321,438,440,490,373
7.96,-2.34,-4.44,0.09,0.49,0.03,321,437,440,489,374
9.44,-1.90,-4.28,-0.08,0.38,-0.17,321,437,440,490,373
7.86,-2.28,-2.74,0.23,0.65,0.05,321,438,440,489,373
10.17,-1.60,-3.37,-0.09,0.32,-0.32,321,437,439,490,373
9.63,-1.49,-2.57,0.13,0.54,-0.14,322,438,440,489,373
9.81,-1.72,-2.37,0.04,0.43,-0.08,321,438,440,489,373
9.55,-1.72,-1.54,0.02,0.43,-0.15,321,438,440,490,373
END
9.41,-1.69,-1.23,0.09,0.55,-0.07,321,436,439,489,373
-3.71,-5.72,-7.26,-0.01,0.07,-0.16,322,436,439,489,373
-3.50,-5.77,-7.00,-0.18,0.23,-0.64,321,437,439,489,370
-1.72,-5.64,-8.39,-0.22,0.08,-0.15,321,437,439,489,371
-2.05,-5.81,-7.70,0.06,0.30,-0.14,321,436,439,489,371
-3.33,-5.46,-7.86,-0.18,0.31,-0.45,321,436,439,489,371
-1.39,-5.45,-7.82,-0.17,0.42,-0.28,321,437,439,489,370
-1.35,-5.36,-7.53,-0.03,0.67,-0.22,320,437,439,489,371
-0.42,-5.18,-8.64,-0.07,0.58,-0.11,321,437,439,489,371
1.08,-5.82,-7.91,-0.16,0.58,-0.31,321,436,439,489,371
2.69,-4.85,-8.18,-0.28,0.44,-0.43,321,436,439,490,372
3.58,-3.90,-8.26,-0.14,0.52,-0.19,321,436,439,490,372
2.46,-4.01,-8.29,-0.03,0.54,-0.00,321,436,439,489,372
5.18,-3.63,-8.76,-0.18,0.34,0.02,321,436,438,489,373
1.33,-4.34,-6.47,0.32,0.80,0.33,321,436,439,489,372
5.68,-3.73,-7.80,-0.41,0.21,-0.71,321,436,438,489,373
6.00,-3.39,-7.98,-0.10,0.45,-0.44,321,436,438,489,373
5.58,-2.31,-8.00,-0.00,0.35,-0.04,321,436,439,489,373
5.13,-2.68,-7.14,0.14,0.48,-0.24,321,436,438,489,372
4.75,-3.60,-6.84,0.20,0.49,0.17,321,436,439,489,372
4.57,-3.28,-5.40,0.17,0.68,-0.01,321,437,438,489,372
7.86,-4.01,-5.27,-0.10,0.40,-0.27,321,437,438,489,373
8.65,-3.12,-5.20,-0.09,0.59,-0.32,321,437,438,489,373
8.53,-2.68,-5.31,-0.04,0.44,-0.28,319,436,438,489,373
8.91,-2.25,-5.83,-0.13,0.31,-0.35,320,436,438,488,373
6.44,-2.90,-3.99,0.10,0.56,-0.13,321,436,438,488,372
8.54,-2.55,-4.07,-0.18,0.36,-0.37,321,436,438,489,372
8.24,-2.23,-3.69,-0.03,0.55,-0.15,320,436,438,488,372
10.29,-1.84,-3.32,0.01,0.40,-0.05,321,436,438,489,372
8.79,-2.05,-2.79,0.24,0.56,0.16,321,436,438,489,372
9.50,-2.68,-2.40,-0.03,0.41,-0.10,321,436,438,489,372
10.64,-1.58,-2.95,-0.07,0.32,-0.18,321,436,438,489,372
8.81,-2.22,-1.34,0.08,0.42,-0.03,321,436,438,488,372
9.29,-1.87,-1.12,-0.06,0.42,-0.16,321,436,438,489,372
9.51,-1.79,-0.98,-0.12,0.41,-0.16,321,436,438,488,372
10.21,-1.74,0.12,-0.10,0.47,-0.25,321,436,438,488,371
END
10.19,-1.12,-0.34,-0.06,0.41,-0.22,321,435,437,488,369
-2.59,-6.03,-7.49,0.02,0.09,-0.06,321,436,436,488,369
-1.67,-5.95,-7.59,-0.18,0.06,-0.20,321,435,437,488,368
-1.78,-5.56,-7.94,-0.08,0.10,0.14,321,435,436,488,368
-2.56,-5.07,-7.62,0.05,0.25,-0.01,321,435,437,488,368
-2.59,-5.20,-8.16,-0.01,0.20,0.06,321,435,437,488,368
-2.55,-5.15,-7.58,0.03,0.38,-0.11,321,435,436,488,368
-1.28,-5.19,-8.22,-0.08,0.25,-0.08,321,435,437,488,368
-2.13,-5.32,-7.99,0.02,0.39,-0.01,321,435,436,488,368
1.18,-5.11,-8.15,-0.24,0.36,-0.68,321,435,436,488,368
0.14,-5.99,-8.19,-0.16,0.38,-0.16,321,435,436,488,369
0.79,-4.75,-7.78,-0.20,0.59,-0.40,321,435,436,488,368
1.35,-4.99,-8.23,-0.26,0.56,-0.15,321,435,436,488,369
3.12,-3.97,-8.94,-0.20,0.45,0.18,321,435,436,488,370
2.68,-3.93,-7.77,-0.04,0.66,-0.12,321,435,436,488,370
4.27,-3.50,-8.68,-0.38,0.27,-0.35,321,434,436,489,370
2.20,-3.37,-7.39,0.09,0.73,0.00,321,434,436,488,370
4.92,-3.22,-8.48,-0.53,0.19,-0.53,321,435,436,488,371
6.12,-2.02,-8.28,-0.04,0.66,-0.27,321,434,436,489,372
5.21,-2.54,-7.52,-0.07,0.50,-0.03,320,434,436,488,371
7.16,-2.10,-7.34,-0.16,0.41,-0.37,321,434,436,488,371
6.06,-2.47,-6.99,-0.04,0.51,-0.20,320,434,436,488,371
6.97,-2.12,-6.63,-0.34,0.21,-0.15,320,434,436,488,371
7.01,-1.40,-5.78,-0.00,0.61,-0.29,320,434,436,488,371
8.91,-1.51,-6.55,-0.39,0.17,-0.25,320,433,436,488,371
9.90,-0.52,-6.04,-0.02,0.46,-0.33,320,434,436,488,371
7.59,-1.21,-5.90,0.06,0.33,0.16,320,434,437,488,371
7.80,-0.89,-5.76,0.05,0.42,-0.08,320,434,437,488,371
7.84,-1.41,-4.63,0.15,0.54,0.03,321,434,436,488,371
9.26,-1.02,-5.33,-0.01,0.38,-0.07,321,434,436,487,371
8.20,-0.79,-3.55,0.14,0.61,-0.11,321,433,436,488,370
9.27,-1.32,-3.65,0.03,0.39,0.01,321,434,436,487,370
9.32,-1.15,-1.77,-0.06,0.52,-0.25,320,433,436,488,369
10.41,-0.09,-2.61,-0.02,0.34,-0.19,321,433,436,487,370
8.89,-0.72,-1.59,0.22,0.47,0.03,321,434,436,487,370
9.33,-0.80,-1.48,0.01,0.49,-0.04,321,434,435,487,370
END
9.76,-0.71,-0.61,0.15,0.59,0.01,322,437,436,489,374
-0.93,-6.64,-7.44,0.05,-0.01,-0.03,322,437,436,489,375
-0.42,-6.45,-7.41,0.02,0.00,-0.11,322,436,436,489,373
-1.88,-6.75,-7.29,-0.06,0.04,-0.29,322,437,436,489,369
1.28,-6.48,-7.75,-0.28,0.04,-0.35,323,437,436,489,367
-0.34,-6.24,-7.80,-0.07,0.17,-0.08,321,437,436,488,368
0.80,-6.03,-7.97,-0.10,0.11,-0.06,321,437,436,489,368
-0.05,-5.92,-7.88,-0.08,0.16,-0.06,321,437,436,489,368
-0.59,-5.91,-7.90,-0.05,0.23,0.08,322,437,436,489,368
-0.55,-5.56,-7.67,-0.09,0.47,-0.07,322,437,436,489,368
0.27,-5.43,-7.22,0.00,0.53,-0.11,322,437,436,489,368
2.51,-5.10,-7.99,-0.17,0.42,-0.28,322,437,436,489,369
2.43,-5.33,-7.44,-0.18,0.52,-0.07,322,436,436,489,369
3.13,-4.97,-7.98,-0.13,0.49,0.02,322,437,436,489,370
3.22,-5.05,-7.22,-0.12,0.60,-0.24,321,436,436,489,370
4.16,-4.59,-7.57,-0.16,0.43,-0.18,322,436,436,489,371
3.45,-4.35,-6.53,-0.18,0.55,-0.44,321,436,436,489,370
4.64,-4.25,-6.83,-0.28,0.39,-0.03,321,436,436,489,372
6.75,-3.29,-7.13,-0.12,0.47,-0.34,321,436,435,489,372
4.81,-3.25,-6.47,-0.07,0.57,-0.15,321,436,436,488,371
6.78,-2.96,-6.94,-0.05,0.35,-0.15,320,435,435,488,373
6.75,-2.84,-6.29,0.05,0.54,-0.14,321,436,435,488,373
7.72,-2.44,-4.19,-0.09,0.57,-0.49,321,435,436,488,372
7.26,-2.96,-4.87,-0.03,0.49,-0.03,321,435,435,489,373
10.76,-1.74,-4.31,-0.13,0.57,-0.81,321,435,435,488,372
7.56,-2.30,-3.89,0.11,0.58,-0.03,321,435,435,488,372
9.21,-1.31,-4.01,0.05,0.50,-0.05,321,435,435,488,372
9.28,-2.03,-3.15,0.07,0.64,-0.19,321,434,435,488,372
9.68,-2.04,-2.56,0.06,0.60,-0.20,321,435,435,488,372
9.66,-1.72,-2.07,-0.14,0.55,-0.48,321,435,435,488,372
10.02,-0.75,-2.07,0.11,0.65,-0.07,321,434,435,488,371
10.50,-1.22,-1.12,0.05,0.52,-0.21,321,434,435,488,371
10.42,-0.62,-0.88,-0.12,0.49,-0.36,321,434,435,488,371
10.55,-0.47,-0.88,-0.06,0.46,-0.17,321,434,435,488,371
11.37,-0.50,0.59,-0.00,0.40,-0.12,321,434,435,488,371
9.44,-0.58,0.71,-0.05,0.31,-0.18,321,434,435,488,371
END
10.47,-0.06,1.13,-0.05,0.32,-0.18,321,433,434,487,368
-1.28,-6.02,-7.71,-0.06,0.05,-0.01,321,433,434,487,368
-2.01,-5.71,-7.62,0.03,0.08,-0.06,321,433,434,487,368
-2.34,-6.61,-7.56,-0.14,0.16,-0.07,321,433,434,487,368
-2.37,-6.41,-7.84,-0.01,0.30,0.14,321,433,434,487,367
-2.44,-5.08,-7.86,-0.09,0.44,-0.39,321,433,434,487,367
-1.75,-5.01,-8.34,-0.18,0.29,-0.29,322,434,434,488,367
0.09,-5.15,-8.21,-0.08,0.44,-0.25,321,434,434,488,367
1.46,-5.15,-8.08,-0.13,0.43,-0.40,321,434,434,488,367
2.56,-5.36,-8.10,-0.13,0.40,-0.11,322,434,434,488,368
0.68,-5.36,-8.00,-0.04,0.52,-0.11,321,433,433,488,367
3.79,-4.06,-8.14,-0.07,0.38,-0.07,321,433,434,489,368
0.46,-5.13,-7.22,0.02,0.62,-0.21,321,434,434,488,367
4.59,-3.85,-7.50,-0.30,0.29,-0.33,321,433,434,488,369
5.38,-3.89,-7.90,-0.00,0.76,-0.64,320,433,433,489,369
5.76,-3.93,-7.93,-0.20,0.36,0.03,321,433,434,488,370
4.56,-3.70,-6.76,-0.00,0.66,-0.27,321,433,433,488,370
4.76,-4.08,-7.02,-0.23,0.32,0.01,321,433,433,489,371
6.63,-2.88,-6.48,-0.14,0.51,-0.28,321,433,433,488,371
6.00,-3.56,-5.92,-0.12,0.41,-0.13,321,433,434,488,371
7.11,-2.19,-6.54,-0.15,0.47,-0.35,321,433,434,488,370
5.66,-2.47,-5.12,0.04,0.68,-0.12,321,433,434,488,370
9.37,-1.74,-6.60,-0.22,0.30,-0.29,321,433,434,487,371
8.92,-1.84,-5.30,0.08,0.74,-0.26,321,433,433,487,370
8.18,-2.28,-4.94,-0.00,0.42,0.07,321,432,434,487,370
9.50,-2.09,-3.35,-0.12,0.54,-0.43,321,432,433,487,370
9.57,-1.59,-2.80,-0.02,0.57,-0.12,321,433,433,487,370
10.36,-1.46,-2.66,-0.08,0.49,-0.23,321,433,433,487,369
9.22,-1.50,-1.55,-0.01,0.59,-0.12,321,433,434,487,369
10.33,-1.18,-2.28,-0.06,0.37,-0.21,322,433,434,487,370
9.71,-1.03,-1.68,-0.02,0.43,-0.15,321,432,433,487,369
10.11,-0.66,-1.32,-0.01,0.42,-0.15,321,433,434,487,369
9.93,-0.85,-0.80,0.01,0.38,-0.09,321,432,433,487,369
8.59,-1.11,0.36,0.04,0.46,-0.04,321,432,433,487,369
9.14,-1.03,0.85,0.01,0.72,-0.06,321,432,433,487,369
12.33,-0.58,0.80,-0.13,0.32,-0.40,321,432,433,487,369
END
11.24,-0.27,0.62,0.10,0.23,-0.02,321,433,435,487,371
-1.26,-6.11,-7.85,0.06,0.04,-0.05,321,433,435,487,372
-2.28,-6.50,-7.31,0.02,0.12,-0.05,321,433,435,487,372
-1.69,-6.41,-7.40,-0.07,0.13,-0.18,321,434,435,487,371
-1.52,-5.93,-7.94,-0.17,0.12,-0.11,321,433,435,487,370
-2.34,-6.03,-7.90,-0.05,0.26,-0.30,321,433,435,487,370
-1.59,-5.86,-8.07,-0.23,0.25,0.01,321,433,435,487,370
-0.55,-5.76,-7.82,-0.18,0.38,-0.06,321,433,434,487,370
-0.45,-5.78,-8.26,-0.12,0.30,-0.11,320,433,435,487,370
1.07,-5.26,-8.44,-0.14,0.30,-0.11,321,433,434,487,370
0.50,-4.67,-8.54,-0.08,0.36,-0.16,321,434,434,487,370
1.42,-4.22,-7.78,-0.14,0.32,-0.35,321,433,434,487,370
1.96,-4.08,-8.05,-0.08,0.41,-0.28,321,433,434,487,370
3.18,-4.07,-8.08,-0.21,0.25,-0.18,321,433,435,487,371
1.71,-4.16,-7.88,0.07,0.55,0.08,321,433,435,487,372
2.71,-4.21,-8.14,-0.14,0.39,-0.18,321,433,435,487,371
3.17,-3.98,-7.70,-0.05,0.55,-0.34,321,433,435,487,371
4.03,-3.83,-7.39,-0.12,0.48,-0.18,321,433,435,487,372
5.53,-3.74,-7.65,-0.17,0.49,-0.39,320,432,434,487,372
5.10,-3.00,-7.28,-0.08,0.49,-0.04,321,432,434,487,372
6.65,-2.80,-6.90,-0.08,0.54,-0.37,321,432,435,486,372
5.61,-3.29,-6.98,-0.09,0.49,-0.20,320,432,434,486,372
6.76,-2.53,-6.22,-0.02,0.59,-0.30,321,432,434,486,372
7.65,-2.58,-5.71,-0.02,0.49,-0.29,320,432,434,487,372
8.94,-2.01,-5.83,-0.03,0.46,-0.16,321,432,434,487,372
7.15,-1.84,-4.37,0.11,0.70,-0.17,321,432,434,487,372
8.31,-2.08,-4.74,-0.14,0.38,-0.24,321,432,434,486,371
9.27,-1.06,-3.83,-0.02,0.59,-0.17,321,432,434,486,371
8.64,-1.86,-2.94,0.06,0.62,0.08,321,432,434,487,371
10.49,-1.42,-2.96,-0.15,0.44,-0.41,321,432,434,487,370
9.43,-1.20,-2.77,0.09,0.57,-0.13,321,432,434,486,371
10.53,-1.72,-1.67,-0.11,0.40,-0.30,320,432,433,486,370
9.94,-0.52,-1.49,-0.06,0.53,-0.24,321,432,434,486,371
10.34,-0.47,-1.79,-0.11,0.37,-0.14,321,432,434,486,370
9.95,-1.00,-0.06,-0.02,0.44,-0.00,321,432,434,486,370
9.26,-0.56,-0.04,-0.09,0.43,-0.18,321,432,434,486,370
END
10.00,-0.39,0.56,-0.04,0.40,-0.02,321,432,434,486,374
-1.96,-6.49,-7.31,0.02,0.03,0.10,321,432,434,486,373
-2.02,-6.28,-7.20,-0.02,0.04,-0.03,321,432,434,486,371
-1.80,-6.37,-7.13,-0.04,0.06,0.01,321,432,434,486,370
-2.53,-6.63,-7.04,-0.05,0.15,-0.18,321,432,434,486,369
-3.60,-6.75,-7.70,-0.08,0.35,-0.33,321,433,434,486,368
-0.28,-6.60,-6.95,-0.10,0.28,-0.21,321,433,434,486,368
-0.28,-5.99,-6.98,-0.14,0.36,-0.42,321,433,433,487,368
0.42,-6.03,-7.89,-0.18,0.31,-0.02,321,433,434,487,368
0.00,-5.76,-7.19,-0.15,0.43,-0.21,321,433,433,487,368
1.69,-5.55,-7.90,-0.20,0.37,-0.20,321,433,434,487,368
1.93,-4.84,-7.96,-0.23,0.48,-0.26,321,433,434,487,368
1.66,-5.19,-7.63,-0.16,0.48,-0.30,320,433,433,487,368
2.19,-4.89,-7.57,-0.13,0.47,-0.04,321,433,433,487,368
2.79,-4.20,-8.20,-0.09,0.47,-0.28,321,432,433,487,368
4.17,-4.41,-7.78,-0.08,0.40,-0.03,321,432,433,487,369
4.15,-4.16,-7.59,0.03,0.50,-0.20,321,432,434,486,369
3.20,-4.36,-6.68,-0.12,0.53,-0.40,321,432,433,486,369
4.60,-4.34,-7.06,-0.26,0.34,-0.05,321,432,433,486,370
7.24,-2.85,-6.93,-0.21,0.55,-0.75,320,432,433,486,369
4.41,-2.99,-6.02,0.04,0.52,-0.01,321,432,433,486,370
10.65,-1.92,-6.45,-0.13,0.26,-0.51,321,432,433,486,369
7.54,-2.84,-5.59,0.02,0.64,-0.10,321,432,433,486,370
7.39,-2.24,-6.10,-0.14,0.38,-0.11,320,432,433,486,371
7.29,-1.86,-4.87,0.01,0.69,-0.28,320,432,433,486,370
9.71,-2.12,-4.98,-0.09,0.50,-0.11,320,432,433,486,370
9.92,-1.49,-3.98,-0.00,0.64,0.12,320,432,432,486,370
9.38,-1.94,-3.05,-0.01,0.54,-0.05,320,432,433,486,370
9.44,-1.58,-2.40,-0.12,0.52,-0.19,320,432,433,486,369
9.39,-1.39,-1.62,-0.10,0.52,-0.21,320,432,432,486,370
9.58,-0.80,-1.54,-0.11,0.65,-0.28,320,432,433,486,370
11.11,-0.24,-1.64,-0.16,0.35,-0.31,321,432,433,486,370
8.98,-1.08,-0.46,-0.00,0.50,-0.04,321,432,433,486,369
10.24,-0.60,-0.22,-0.10,0.44,-0.21,321,432,433,486,370
9.97,-1.00,0.19,0.03,0.41,-0.08,320,432,433,486,369
10.23,-0.55,0.18,-0.02,0.35,-0.23,321,432,433,486,369
END
10.09,-0.54,0.32,0.15,0.33,0.09,322,431,432,486,366
-1.83,-7.08,-7.17,-0.12,0.02,-0.12,322,431,432,486,366
-1.28,-6.76,-7.34,-0.14,0.07,-0.18,322,432,432,486,366
-1.57,-6.74,-7.16,-0.12,0.11,0.10,322,432,432,486,366
-1.85,-6.33,-7.12,-0.09,0.15,0.12,322,431,433,486,366
-2.90,-6.02,-7.35,-0.10,0.19,0.08,323,432,433,486,366
-2.40,-5.54,-7.97,-0.06,0.35,-0.12,322,432,433,486,366
-1.34,-5.39,-7.55,-0.15,0.38,0.07,322,432,433,486,366
-1.49,-5.50,-7.18,-0.12,0.61,-0.07,322,432,432,486,366
-0.24,-5.41,-8.01,-0.15,0.52,-0.16,323,432,432,487,366
0.65,-5.18,-7.83,-0.19,0.57,-0.21,323,431,432,486,366
1.27,-4.57,-7.77,-0.15,0.60,-0.30,323,431,432,486,366
2.77,-4.78,-7.72,-0.15,0.57,-0.19,323,431,432,487,366
2.84,-4.24,-7.59,-0.08,0.60,-0.44,322,431,432,486,366
4.74,-4.36,-8.05,-0.03,0.39,-0.01,322,431,432,487,368
3.93,-3.92,-7.70,0.03,0.54,-0.17,322,431,432,486,367
3.66,-4.69,-7.65,0.10,0.49,-0.03,323,431,432,486,368
4.80,-3.97,-6.50,-0.00,0.50,-0.38,323,431,432,486,367
4.76,-4.24,-6.02,0.09,0.60,-0.42,323,431,432,486,368
6.97,-4.04,-6.25,-0.22,0.43,-0.57,322,431,432,486,368
7.97,-2.79,-5.92,-0.10,0.61,-0.41,322,431,432,486,368
6.68,-2.41,-5.30,-0.05,0.68,-0.28,322,431,432,486,368
9.17,-2.72,-5.20,-0.11,0.40,-0.22,322,431,432,486,369
6.73,-2.39,-3.80,0.05,0.73,-0.43,322,430,432,486,368
8.32,-2.43,-3.65,0.06,0.57,-0.15,322,430,432,486,368
10.60,-1.53,-3.00,-0.32,0.66,-0.53,322,430,432,486,368
10.57,-1.49,-2.32,-0.01,0.58,-0.08,322,430,432,486,370
9.96,-1.60,-3.00,-0.02,0.46,-0.05,322,430,432,486,371
8.93,-1.86,-1.73,0.14,0.60,0.03,322,430,432,485,369
9.42,-1.74,-0.45,0.07,0.76,-0.08,322,430,432,486,370
10.11,-1.51,-0.14,0.13,0.64,0.03,322,430,432,486,370
10.04,-1.65,0.86,-0.02,0.54,-0.11,322,430,431,486,370
10.89,-0.94,0.32,0.04,0.34,-0.22,322,430,432,486,369
9.99,-1.56,0.66,-0.03,0.24,-0.13,321,429,432,485,369
11.52,-1.64,0.98,-0.01,0.03,-0.08,323,430,432,485,369
10.47,-1.35,0.60,0.08,-0.03,-0.11,323,430,432,486,369
END
9.52,-1.49,0.74,0.07,-0.10,-0.02,319,431,433,484,372
-1.59,-6.40,-7.62,-0.14,0.15,-0.13,320,431,433,485,372
-1.79,-6.14,-7.49,-0.01,0.24,0.06,319,431,433,485,371
-0.55,-5.97,-7.79,-0.03,0.23,0.12,320,431,433,485,372
-1.44,-5.70,-7.94,0.02,0.25,0.01,319,431,433,484,371
-1.58,-5.64,-7.93,-0.11,0.18,-0.28,319,431,433,484,372
-0.75,-5.54,-7.81,-0.07,0.32,-0.36,319,431,433,485,371
-0.29,-5.98,-7.47,-0.04,0.30,-0.23,320,431,433,485,371
1.56,-4.84,-7.50,-0.05,0.35,-0.50,319,431,432,485,370
0.78,-5.25,-8.25,-0.01,0.36,-0.27,320,431,432,485,370
1.26,-5.43,-7.98,-0.03,0.37,-0.04,319,431,432,485,370
0.95,-5.58,-7.62,-0.03,0.47,-0.19,319,431,432,484,370
1.56,-5.11,-7.30,-0.12,0.55,-0.24,319,431,432,485,370
2.31,-5.38,-6.96,-0.16,0.58,-0.22,320,431,432,485,370
4.99,-4.36,-7.02,-0.25,0.50,-0.35,319,431,432,485,371
5.66,-4.20,-7.57,-0.09,0.48,-0.20,319,431,432,485,371
4.53,-4.16,-7.14,-0.11,0.50,-0.37,319,431,432,485,371
6.20,-3.90,-7.25,-0.15,0.29,-0.17,320,431,432,484,371
6.02,-3.37,-6.61,-0.12,0.45,-0.38,319,431,432,485,371
6.21,-3.45,-6.31,-0.07,0.39,-0.08,320,431,432,484,371
7.25,-2.51,-5.85,-0.03,0.53,-0.30,319,430,432,484,371
4.82,-3.15,-5.38,0.00,0.45,-0.05,319,430,432,484,371
7.75,-2.86,-5.70,-0.25,0.41,-0.31,319,430,432,484,371
7.50,-2.66,-4.07,-0.04,0.77,-0.33,320,431,432,484,371
9.54,-2.23,-5.43,-0.49,0.02,-0.53,319,430,432,484,373
8.97,-1.31,-4.52,-0.03,0.68,-0.23,319,430,432,484,372
8.87,-1.82,-3.79,0.03,0.52,-0.04,320,430,432,484,372
10.47,-1.62,-3.50,-0.10,0.51,-0.14,320,430,431,484,372
7.91,-1.86,-2.27,0.15,0.78,-0.04,320,431,432,484,371
10.40,-1.47,-2.62,-0.25,0.44,-0.23,320,430,431,484,371
10.10,-1.56,-0.54,-0.01,0.73,-0.10,320,430,431,484,370
9.55,-0.85,-0.76,-0.15,0.61,-0.10,320,430,431,484,371
10.49,-0.70,-0.17,-0.06,0.51,0.02,321,430,431,484,371
8.87,-1.18,0.93,0.08,0.60,0.00,320,430,431,484,371
10.00,-0.49,1.05,-0.07,0.37,-0.20,320,430,431,484,370
10.21,-0.97,1.28,0.12,0.33,0.02,320,430,431,484,370
END
9.97,-1.08,1.31,0.03,0.19,-0.08,321,429,431,485,367
0.74,-6.37,-7.93,-0.16,0.19,0.13,321,430,430,485,367
-0.59,-5.58,-7.12,0.01,0.21,0.15,322,430,431,485,367
-2.05,-5.29,-7.53,0.18,0.29,0.08,322,430,431,484,366
-1.79,-5.94,-6.60,0.04,0.34,-0.16,321,430,431,484,366
0.88,-6.83,-6.55,0.01,0.32,-0.19,321,430,430,485,366
-0.03,-6.73,-6.92,-0.02,0.45,-0.27,321,430,430,484,366
1.28,-6.80,-6.65,-0.13,0.42,-0.38,321,430,430,484,366
1.19,-6.29,-6.96,-0.21,0.54,-0.57,322,430,431,485,366
2.19,-5.53,-6.86,-0.06,0.54,-0.03,321,430,431,485,366
4.06,-4.79,-6.70,-0.16,0.61,-0.57,321,430,431,485,366
4.01,-5.54,-6.38,-0.25,0.45,-0.32,320,430,431,485,367
4.90,-4.68,-6.65,-0.22,0.54,-0.22,320,430,430,485,367
5.38,-3.83,-6.22,-0.19,0.62,-0.43,320,430,430,484,367
6.18,-4.74,-5.83,-0.14,0.51,-0.12,320,429,430,484,368
7.31,-3.59,-5.81,-0.21,0.60,-0.31,320,429,431,484,369
6.07,-3.96,-5.76,-0.07,0.68,-0.21,320,429,430,484,369
8.20,-3.08,-4.80,-0.25,0.47,-0.47,320,429,431,484,369
7.39,-2.96,-3.78,0.02,0.66,-0.23,320,429,431,484,368
9.67,-2.65,-4.62,-0.28,0.39,-0.51,320,429,431,484,370
9.17,-1.84,-4.19,-0.00,0.59,-0.11,320,429,431,484,369
8.09,-2.58,-3.03,0.03,0.57,-0.04,320,429,431,484,369
8.27,-2.62,-2.33,0.05,0.61,-0.14,320,429,431,484,369
10.04,-2.17,-2.05,-0.03,0.55,-0.38,320,429,431,484,368
10.22,-1.64,-1.58,-0.08,0.55,-0.14,320,428,431,484,368
11.26,-1.26,-1.22,-0.08,0.35,-0.26,321,428,430,484,369
9.85,-1.69,-1.41,0.03,0.39,-0.01,320,428,430,484,369
9.45,-1.61,-0.57,-0.07,0.36,-0.25,320,428,430,484,369
9.73,-0.93,-0.45,-0.02,0.41,-0.13,320,428,431,484,368
9.18,-1.40,0.81,0.01,0.48,-0.14,320,428,430,484,368
10.21,-0.63,0.49,-0.01,0.45,-0.24,320,428,430,484,368
9.19,-0.80,1.62,0.16,0.57,0.04,320,428,430,484,368
9.92,-0.54,1.59,-0.00,0.35,-0.11,320,428,430,483,368
10.14,-0.71,2.19,0.09,0.35,0.09,321,428,430,484,368
11.07,-0.55,0.98,0.06,0.06,-0.15,321,428,430,484,368
9.86,-1.45,2.19,0.06,-0.09,0.01,320,428,430,484,368
END
10.70,-1.00,1.65,-0.01,-0.14,-0.22,320,428,430,483,366
-2.34,-5.73,-7.49,0.08,0.11,-0.00,320,428,430,484,366
-2.94,-5.94,-7.67,0.05,0.14,0.02,320,428,430,483,367
-2.39,-5.86,-7.52,0.00,0.11,-0.05,320,428,430,484,366
-2.91,-5.81,-7.84,0.04,0.23,0.01,320,428,430,484,366
-1.79,-5.01,-8.04,-0.08,0.15,-0.29,320,428,430,484,366
-2.23,-5.97,-7.51,0.01,0.23,0.07,320,428,430,484,366
-2.98,-5.58,-7.04,0.02,0.38,-0.03,320,428,430,484,366
-1.40,-5.74,-7.80,-0.12,0.42,-0.29,320,428,430,484,366
-1.07,-5.27,-7.71,-0.08,0.51,-0.18,320,428,430,484,366
0.26,-5.22,-7.35,-0.08,0.55,-0.25,320,429,430,484,367
1.62,-5.03,-8.08,-0.12,0.51,-0.19,320,428,430,484,366
1.77,-5.30,-7.77,0.01,0.62,-0.07,320,427,430,484,367
1.56,-4.36,-7.71,-0.10,0.58,-0.54,320,428,430,484,366
2.83,-5.61,-8.28,-0.24,0.41,0.03,319,428,430,484,368
5.85,-4.14,-8.29,-0.14,0.44,-0.57,320,428,430,484,367
2.68,-4.78,-7.25,0.17,0.57,0.17,320,428,430,484,367
6.78,-3.88,-7.60,-0.05,0.48,-0.43,320,428,430,484,367
3.40,-4.35,-6.04,0.09,0.68,-0.20,320,428,430,484,367
6.45,-3.28,-6.96,-0.14,0.40,-0.26,320,428,430,484,367
4.95,-3.88,-5.32,0.09,0.82,-0.44,320,428,430,483,367
7.42,-3.64,-5.27,-0.13,0.42,-0.31,320,428,429,483,367
9.88,-2.35,-5.53,0.10,0.65,-0.42,320,428,430,483,368
7.35,-2.99,-5.33,0.11,0.60,0.04,320,428,430,483,369
9.24,-3.15,-4.29,-0.14,0.50,-0.55,320,428,429,483,368
7.16,-2.91,-3.88,0.20,0.89,-0.16,320,428,429,483,369
9.53,-2.10,-3.51,-0.20,0.49,-0.41,320,428,429,484,369
8.42,-1.93,-2.36,0.27,0.92,0.03,320,428,430,483,368
10.28,-2.14,-2.01,0.03,0.65,-0.15,320,427,429,484,368
9.58,-2.36,-0.56,0.15,0.85,-0.02,320,428,429,483,368
11.54,-1.61,-0.11,-0.23,0.51,-0.56,320,428,429,483,368
10.47,-1.54,-0.85,0.09,0.47,-0.09,320,428,429,483,368
9.89,-1.79,1.37,-0.15,0.30,-0.34,320,428,429,483,369
9.83,-1.25,0.84,0.10,0.34,-0.19,320,428,429,483,368
10.27,-1.33,1.10,-0.01,0.22,-0.10,320,428,429,483,367
10.58,-1.08,0.78,0.08,0.03,-0.17,320,428,429,483,368
END
9.82,-1.11,1.23,0.06,-0.01,-0.03,321,428,429,483,367
-2.07,-6.08,-7.87,-0.03,0.22,-0.16,320,428,429,483,366
-1.03,-5.63,-7.80,-0.17,0.10,-0.12,320,428,429,483,366
-1.05,-6.10,-7.76,-0.09,0.24,-0.10,320,428,429,483,366
-0.27,-5.77,-8.36,-0.09,0.20,-0.09,320,428,429,484,366
-1.59,-5.23,-8.08,-0.05,0.29,0.04,320,427,429,483,366
-1.22,-5.11,-7.69,-0.09,0.36,-0.07,320,427,429,483,366
0.52,-5.62,-7.90,0.04,0.52,-0.11,320,427,429,483,366
0.01,-5.19,-8.59,-0.01,0.43,0.25,320,427,428,484,366
-0.25,-5.48,-7.66,0.01,0.63,-0.15,320,427,428,483,366
1.45,-5.41,-7.76,-0.18,0.32,-0.10,320,427,428,484,366
2.11,-4.72,-7.90,0.02,0.58,-0.14,320,427,428,484,366
0.62,-4.58,-7.47,-0.01,0.53,-0.38,320,427,428,484,366
3.41,-4.97,-6.64,-0.04,0.53,-0.20,320,427,428,484,367
5.50,-3.73,-8.13,-0.09,0.54,-0.45,320,427,428,484,367
5.25,-4.75,-6.47,0.04,0.69,-0.08,320,426,428,484,367
5.61,-4.11,-7.16,-0.20,0.46,-0.64,320,427,428,484,367
5.75,-4.26,-6.19,0.08,0.59,-0.08,320,427,428,484,367
8.37,-3.93,-6.62,-0.14,0.36,-0.51,320,427,428,483,367
7.20,-4.08,-5.58,-0.01,0.50,-0.34,320,427,428,483,367
8.06,-3.32,-6.11,-0.11,0.30,-0.20,320,426,428,483,367
5.87,-2.75,-4.05,-0.00,0.64,-0.38,320,426,428,483,367
8.80,-2.18,-5.61,-0.24,0.11,-0.24,320,426,428,483,368
9.14,-1.44,-4.95,0.23,0.66,0.07,320,426,428,483,368
8.05,-2.59,-3.68,0.18,0.53,-0.10,320,426,428,484,368
8.65,-2.36,-3.61,0.09,0.48,-0.19,320,426,428,484,368
8.91,-2.13,-2.79,0.04,0.50,-0.31,320,426,428,484,367
8.26,-2.50,-2.30,0.12,0.60,-0.14,320,426,428,483,367
9.66,-2.19,-1.97,-0.06,0.53,-0.32,320,426,428,484,367
9.48,-1.58,-1.26,0.00,0.74,-0.30,320,426,427,483,367
11.31,-1.47,-0.61,-0.04,0.51,-0.11,320,426,428,484,367
9.82,-1.43,0.48,-0.01,0.53,-0.31,320,426,427,483,367
9.96,-1.26,0.41,-0.03,0.52,-0.12,320,425,428,483,367
10.84,-0.76,0.67,-0.04,0.33,-0.27,320,426,428,484,367
9.53,-1.03,1.27,0.10,0.37,-0.09,320,426,428,483,367
9.82,-0.80,1.18,0.04,0.28,-0.08,320,426,428,484,367
END
9.81,-1.26,1.64,0.05,0.29,0.04,321,427,428,484,365
-1.46,-5.56,-8.23,0.02,0.03,0.00,321,427,428,484,365
-0.56,-5.70,-8.43,-0.01,0.03,-0.09,321,427,428,484,364
-1.73,-5.98,-7.67,-0.03,0.09,-0.00,321,427,427,484,364
-0.61,-5.41,-7.75,-0.11,0.16,-0.38,321,427,428,484,364
-1.95,-5.08,-8.00,-0.13,0.30,0.09,321,427,428,484,364
-0.32,-5.01,-7.85,-0.14,0.51,-0.34,320,427,428,484,363
-0.17,-5.42,-8.18,-0.09,0.45,-0.06,320,427,428,484,365
2.23,-4.78,-8.60,-0.15,0.41,-0.16,320,427,428,484,364
1.51,-5.04,-7.98,-0.03,0.48,-0.18,320,428,428,484,364
1.28,-4.81,-8.05,-0.15,0.48,-0.15,321,428,428,484,364
1.62,-4.22,-7.83,-0.23,0.50,-0.36,320,427,428,484,364
5.00,-3.67,-7.95,-0.24,0.57,-0.35,321,427,428,484,364
5.11,-4.35,-7.71,-0.13,0.45,-0.21,320,427,428,484,365
4.20,-2.91,-8.81,-0.17,0.47,-0.04,320,427,428,484,365
5.44,-2.66,-8.01,-0.03,0.43,-0.17,320,427,427,484,364
5.35,-3.29,-6.63,0.03,0.52,-0.30,320,427,427,484,363
6.17,-3.28,-6.89,-0.09,0.40,-0.18,320,427,427,484,364
4.08,-2.21,-5.22,-0.04,0.80,-0.85,320,427,428,483,364
8.99,-1.77,-6.34,-0.33,0.20,-0.52,320,427,428,484,366
8.43,-0.97,-5.25,-0.10,0.89,-0.50,320,426,427,484,365
8.26,-1.22,-4.60,-0.09,0.47,-0.04,320,426,427,483,366
10.43,-0.67,-5.58,-0.21,0.32,-0.13,320,427,427,483,366
7.34,-1.51,-3.65,0.13,0.79,-0.10,321,427,427,483,365
8.66,-1.51,-3.94,-0.19,0.22,-0.19,320,426,427,483,366
8.84,-0.36,-2.60,0.13,0.62,-0.04,320,427,427,483,367
9.72,-1.31,-2.25,0.13,0.57,-0.01,320,427,427,483,366
9.87,-1.13,-1.69,-0.05,0.61,-0.24,320,427,427,483,365
10.10,-0.82,-1.51,-0.03,0.66,0.01,320,427,427,483,365
10.73,-0.19,-1.21,-0.09,0.59,-0.14,320,426,427,483,365
9.35,-1.34,0.42,0.05,0.59,0.08,320,427,427,483,366
10.20,-1.08,0.67,-0.08,0.49,-0.22,321,426,427,483,365
9.45,-0.88,1.51,0.09,0.56,0.05,320,426,427,483,366
9.60,-0.80,1.82,0.04,0.42,-0.10,320,426,427,483,366
10.21,-0.62,1.74,0.08,0.34,-0.03,320,426,427,483,365
9.97,-0.72,2.07,0.02,0.25,-0.12,320,426,427,483,365
END
9.99,-0.98,2.18,-0.03,0.21,-0.13,319,433,433,482,377
-1.37,-6.06,-7.51,-0.17,0.11,-0.09,319,432,433,482,376
-2.82,-6.16,-7.24,0.04,0.16,-0.04,319,432,433,482,375
-2.07,-6.19,-7.53,-0.00,0.23,-0.02,319,432,433,482,374
-1.05,-5.99,-7.31,0.01,0.30,0.02,319,432,433,482,374
-2.74,-5.97,-7.30,0.03,0.37,-0.06,319,432,432,482,373
-2.18,-5.66,-9.11,-0.15,0.45,-0.53,319,432,432,482,372
-0.93,-5.92,-6.96,-0.17,0.51,-0.33,319,432,432,482,372
3.63,-5.34,-8.36,-0.24,0.47,-0.44,319,432,432,483,372
2.53,-6.44,-7.85,-0.14,0.37,-0.09,318,431,431,483,372
3.49,-5.33,-8.03,-0.21,0.31,-0.17,319,431,432,482,372
1.59,-5.52,-7.75,0.01,0.39,-0.12,319,431,431,482,372
2.30,-4.40,-7.77,-0.08,0.34,-0.26,319,430,431,482,372
2.97,-4.49,-7.39,-0.04,0.55,-0.29,319,430,431,482,372
3.51,-4.87,-7.36,-0.02,0.63,0.00,319,430,430,482,371
4.64,-4.41,-6.90,-0.20,0.48,-0.31,319,430,431,482,372
5.78,-4.50,-6.70,-0.01,0.50,-0.14,318,430,430,482,372
6.20,-4.12,-7.08,-0.14,0.43,-0.52,318,430,430,482,372
5.37,-4.13,-6.13,-0.04,0.48,-0.22,319,430,430,482,372
6.24,-3.48,-6.31,-0.12,0.44,-0.46,318,430,430,482,372
7.32,-3.47,-5.97,-0.13,0.44,-0.29,319,429,430,482,372
6.76,-2.93,-5.46,0.06,0.49,0.01,318,429,430,482,372
8.30,-3.01,-5.18,-0.04,0.45,-0.26,318,429,430,482,372
8.26,-2.79,-5.04,-0.03,0.43,-0.32,319,429,430,482,372
8.00,-2.71,-5.00,0.03,0.45,-0.02,319,429,430,482,372
8.51,-2.53,-4.03,-0.04,0.53,-0.33,319,429,430,482,371
9.69,-2.45,-3.15,0.09,0.57,-0.11,319,429,430,482,372
10.29,-2.23,-3.45,0.19,0.56,0.16,319,429,430,482,372
8.62,-2.68,-2.02,0.15,0.53,0.03,319,429,430,481,372
9.22,-3.04,-1.79,0.08,0.44,-0.16,319,429,430,482,372
9.43,-2.29,-1.56,-0.03,0.47,-0.44,318,429,430,482,372
8.78,-2.28,-0.56,0.10,0.57,-0.13,319,429,430,482,372
9.22,-2.63,-0.24,-0.16,0.48,-0.39,319,429,430,482,371
8.44,-1.44,0.78,-0.14,0.72,-0.57,319,428,429,482,371
11.34,-0.22,0.77,-0.04,0.58,-0.27,319,428,429,481,371
10.73,-1.00,1.27,0.05,0.50,-0.01,319,428,429,481,371
END
9.93,-0.65,1.23,-0.01,0.27,-0.22,320,428,429,483,365
-0.85,-6.09,-7.82,0.07,0.00,-0.06,320,428,430,483,365
-1.39,-6.09,-7.57,0.04,0.02,-0.12,320,428,429,483,364
-0.75,-6.05,-7.78,0.01,0.04,-0.01,320,428,429,483,364
-0.54,-6.19,-7.82,-0.00,0.12,-0.05,320,428,429,483,364
-1.05,-5.65,-8.15,-0.02,0.10,-0.04,320,428,429,483,364
-1.77,-5.79,-7.61,0.01,0.25,-0.04,320,428,429,483,364
-0.58,-5.92,-7.79,-0.03,0.32,-0.15,320,428,429,483,364
-1.19,-5.88,-7.42,-0.06,0.46,-0.23,320,428,429,483,364
1.93,-5.72,-7.50,-0.15,0.42,-0.18,319,427,429,483,365
0.00,-5.48,-7.95,-0.03,0.63,-0.06,320,427,429,483,364
0.83,-5.07,-7.21,-0.24,0.51,-0.23,320,427,429,483,365
1.24,-4.52,-6.48,-0.21,0.79,-0.57,320,427,429,483,365
5.46,-3.95,-7.81,-0.26,0.40,-0.26,320,427,429,483,367
6.09,-3.58,-7.10,-0.15,0.71,-0.49,320,427,429,483,367
3.66,-3.82,-6.58,-0.03,0.58,-0.08,320,427,429,483,367
6.59,-2.84,-7.30,-0.15,0.38,-0.50,320,427,429,483,367
5.35,-3.66,-6.35,0.00,0.59,-0.34,320,427,429,483,367
6.33,-3.07,-6.99,-0.11,0.52,-0.25,320,427,429,482,367
7.01,-2.76,-5.63,-0.03,0.67,-0.29,319,427,429,482,367
7.39,-2.91,-5.32,-0.07,0.66,-0.37,320,426,429,482,367
7.85,-2.32,-4.73,0.04,0.70,-0.10,320,426,428,482,367
10.39,-1.79,-5.12,-0.05,0.46,-0.32,320,427,428,482,367
7.90,-2.37,-2.99,-0.03,0.69,-0.29,320,426,428,482,366
10.32,-1.60,-3.86,0.04,0.40,-0.19,320,426,429,482,367
8.78,-1.88,-2.62,-0.03,0.54,-0.23,320,426,428,483,367
9.15,-1.64,-2.38,-0.14,0.54,-0.02,320,426,429,482,366
10.71,-0.22,-1.95,-0.07,0.45,-0.19,320,426,428,482,367
8.93,-0.85,-1.22,0.07,0.54,0.02,320,426,428,482,366
9.68,-1.05,-0.76,-0.05,0.39,-0.26,320,426,428,482,367
9.45,-0.69,-0.47,0.15,0.57,0.04,320,426,428,482,367
9.38,-1.43,0.59,0.02,0.53,-0.14,320,426,428,482,367
9.51,-0.93,0.70,0.14,0.79,-0.11,320,426,428,482,366
10.52,-1.73,2.45,0.01,0.61,0.01,320,425,428,482,366
11.05,-0.88,2.04,-0.03,0.37,-0.22,320,426,428,482,366
10.32,-0.78,1.96,-0.04,0.13,-0.13,320,425,428,483,366
END
9.48,-0.81,2.29,0.05,0.14,0.03,321,426,427,483,364
-0.59,-6.17,-7.58,-0.01,-0.02,0.01,321,426,427,483,364
-0.62,-6.17,-7.70,-0.01,0.02,0.02,322,426,427,483,363
-0.77,-6.11,-7.67,-0.03,0.04,0.02,321,426,427,483,364
-1.18,-6.32,-7.56,-0.03,0.15,0.15,321,426,427,483,364
-1.65,-5.91,-7.54,-0.03,0.19,0.14,321,426,427,483,364
-2.46,-5.79,-7.39,-0.01,0.43,0.03,321,426,427,482,363
0.12,-5.81,-7.75,-0.07,0.36,0.04,321,426,427,483,364
-0.51,-5.34,-7.85,-0.01,0.45,-0.22,321,426,427,483,364
0.18,-5.30,-7.82,-0.12,0.33,-0.13,321,426,427,482,364
0.44,-5.33,-7.38,0.00,0.47,-0.30,321,426,427,483,363
1.46,-5.66,-7.19,0.04,0.57,-0.11,322,426,427,483,365
1.72,-5.22,-7.04,-0.11,0.55,-0.50,321,426,427,483,364
3.62,-5.31,-6.98,-0.17,0.44,-0.22,321,426,427,482,363
2.56,-4.72,-6.83,-0.14,0.69,-0.60,321,425,427,482,364
5.10,-4.78,-7.14,-0.32,0.33,-0.34,321,425,427,482,365
5.82,-2.66,-7.73,-0.11,0.69,-0.80,321,425,427,482,365
5.59,-3.82,-6.21,0.14,0.57,-0.17,321,425,427,482,365
7.70,-3.01,-6.47,-0.07,0.47,-0.36,321,425,427,482,365
6.67,-3.25,-5.09,-0.07,0.60,-0.48,321,425,427,483,365
8.28,-3.11,-5.86,-0.11,0.33,-0.14,321,425,427,483,366
8.76,-1.97,-4.96,-0.16,0.50,-0.47,321,425,427,482,365
7.60,-2.20,-4.85,0.11,0.48,0.01,321,425,426,483,366
9.27,-2.00,-4.70,-0.04,0.48,-0.29,321,425,427,483,365
8.17,-1.96,-3.59,-0.04,0.62,-0.37,321,425,426,482,365
9.63,-1.79,-3.37,0.05,0.43,-0.17,321,425,426,482,365
10.20,-0.99,-3.32,-0.11,0.56,-0.40,320,425,426,482,365
8.93,-1.31,-1.87,0.04,0.51,-0.16,321,425,426,482,365
11.37,-0.80,-2.51,-0.21,0.27,-0.42,321,425,426,482,365
8.71,-0.81,-1.39,-0.10,0.54,-0.21,321,425,427,482,365
10.09,-0.55,-1.36,0.04,0.40,-0.09,321,425,427,482,365
10.86,-0.15,-0.37,-0.12,0.38,-0.19,321,425,427,482,364
10.14,0.28,-0.58,-0.02,0.44,0.00,321,425,427,482,365
10.04,-0.19,-0.17,0.06,0.34,-0.06,321,425,427,482,365
8.48,-0.74,0.66,-0.04,0.39,-0.08,321,425,426,482,365
9.00,-0.70,1.16,-0.10,0.54,-0.14,321,425,426,482,365
END