3.98,-8.15,2.56,0.08,-0.09,-0.04,516,465,455,336,375
3.22,-8.41,0.95,0.03,-0.03,-0.03,516,464,455,338,375
3.27,-8.44,0.83,0.05,0.00,-0.06,517,465,455,338,376
4.01,-8.66,2.02,0.09,0.00,-0.12,516,465,456,338,376
4.62,-8.35,2.12,0.01,-0.07,-0.04,516,464,455,338,376
2.81,-8.50,0.77,0.02,-0.06,-0.05,516,464,455,338,375
3.12,-8.84,1.23,0.07,0.01,-0.07,516,464,455,338,376
3.38,-9.12,0.72,-0.05,0.05,0.05,516,464,455,338,376
3.59,-8.56,-0.37,-0.07,-0.00,-0.04,516,465,455,338,377
3.87,-8.69,1.43,-0.05,0.00,-0.16,516,465,455,339,377
2.92,-9.03,0.85,-0.03,0.20,-0.03,516,465,455,338,377
4.41,-8.76,0.62,-0.20,0.00,-0.08,516,465,455,339,377
3.34,-8.57,0.25,-0.12,0.14,-0.01,516,465,455,339,377
3.57,-7.85,-0.32,-0.43,-0.13,-0.10,516,465,456,339,376
2.95,-8.53,0.42,0.19,0.24,-0.14,517,466,455,339,375
3.79,-8.21,0.48,-0.04,0.17,0.00,516,466,455,339,376
4.85,-8.76,1.97,0.14,0.06,-0.21,517,466,455,339,375
4.29,-8.70,0.43,-0.05,0.05,0.04,516,466,455,340,375
4.11,-8.38,1.79,0.13,0.06,-0.20,516,466,455,339,374
3.89,-7.97,0.53,0.05,0.17,-0.10,516,465,455,340,374
4.49,-8.15,0.99,-0.01,0.00,-0.14,516,466,454,339,373
4.08,-8.89,0.98,0.11,0.15,-0.12,517,466,454,339,373
5.68,-8.84,1.18,-0.07,-0.00,-0.03,516,466,454,339,374
4.29,-8.48,0.88,0.07,0.11,-0.06,516,465,454,340,373
4.14,-8.67,1.02,-0.03,0.08,0.01,517,466,454,339,373
5.14,-8.85,1.46,-0.05,0.02,0.00,517,466,454,339,374
3.48,-8.31,1.14,0.12,0.17,-0.00,517,466,454,339,375
3.91,-7.83,1.62,0.11,0.19,-0.06,516,465,454,338,374
4.07,-7.91,2.31,0.14,0.17,-0.07,517,465,454,338,374
3.49,-8.14,2.52,0.14,0.21,-0.16,518,465,454,338,374
3.68,-8.13,2.65,0.00,0.10,-0.21,518,465,453,338,374
4.69,-7.81,2.29,0.19,0.27,-0.28,518,465,453,337,375
4.50,-8.94,3.42,-0.02,0.21,-0.11,518,464,453,336,375
3.41,-7.66,2.72,-0.01,0.28,-0.08,518,464,453,336,375
4.97,-7.78,3.88,0.17,0.45,-0.11,517,464,453,335,375
5.43,-7.48,3.82,-0.05,0.18,-0.07,517,464,452,335,375
END
4.96,-7.82,3.47,-0.05,-0.05,-0.12,509,462,451,336,378
4.34,-8.48,1.87,0.02,-0.01,0.00,509,461,451,336,378
2.95,-8.54,0.80,0.02,0.00,0.03,509,461,451,336,378
4.19,-8.36,1.96,0.05,0.01,-0.05,509,461,451,336,378
3.65,-8.28,0.93,-0.01,0.03,-0.01,509,461,451,336,378
3.65,-8.43,0.42,0.01,-0.02,-0.11,508,461,451,336,378
2.18,-8.74,-0.71,-0.10,0.14,0.00,508,461,451,336,378
3.70,-9.32,0.69,0.04,0.28,-0.03,508,462,451,337,377
3.82,-8.58,1.53,-0.24,0.08,0.01,509,462,450,337,378
4.54,-8.22,1.85,0.13,0.08,-0.17,509,462,450,337,377
3.29,-8.65,1.25,-0.07,0.21,0.04,509,462,450,337,378
3.55,-9.00,1.87,-0.11,0.12,-0.04,508,462,450,337,378
2.97,-8.82,0.17,-0.18,0.30,0.17,509,462,450,337,377
2.94,-8.54,1.10,-0.12,0.01,-0.10,509,462,450,337,377
3.01,-8.50,0.57,-0.09,0.11,0.03,509,462,450,337,377
3.83,-8.43,0.79,0.00,-0.17,-0.22,509,462,450,337,376
3.55,-8.58,1.65,0.09,0.09,0.04,509,461,450,337,376
3.74,-8.76,1.36,-0.06,0.06,-0.10,509,461,449,337,376
2.43,-8.55,0.30,0.00,0.18,0.02,510,462,450,337,376
4.04,-8.64,1.06,-0.05,-0.01,-0.10,509,462,449,337,376
2.87,-8.73,0.11,0.09,0.09,-0.17,510,462,450,337,375
3.63,-8.90,0.74,0.09,0.11,0.01,510,462,450,336,376
5.48,-8.87,2.33,0.26,0.11,-0.29,510,462,450,337,376
4.32,-8.76,0.85,0.15,0.20,0.01,509,462,449,336,375
2.88,-8.64,1.48,0.08,0.35,0.26,509,462,449,336,374
2.15,-8.32,1.41,0.19,0.15,-0.16,510,462,449,336,374
2.52,-8.61,1.82,0.16,0.13,0.01,512,462,449,336,374
3.89,-8.81,2.35,0.10,0.10,-0.02,511,462,449,336,373
3.16,-8.48,3.19,0.23,0.14,-0.08,512,461,449,336,373
3.24,-9.14,3.45,-0.00,0.14,-0.03,512,462,450,336,373
3.21,-7.70,2.53,0.07,0.14,-0.12,513,462,450,335,373
3.19,-7.68,3.22,0.10,0.18,-0.18,513,462,450,336,373
3.32,-7.77,3.17,0.07,0.19,-0.09,513,461,450,335,373
2.73,-8.48,3.24,0.03,0.19,-0.15,513,461,449,335,373
2.84,-8.15,2.88,0.09,0.23,-0.23,514,462,450,335,373
4.03,-8.42,4.31,0.19,0.14,-0.23,514,461,450,335,373
END
5.68,-7.95,4.03,0.02,0.02,-0.28,509,464,462,336,393
2.43,-8.79,0.13,-0.04,0.27,0.02,509,464,462,336,392
3.12,-9.05,0.81,0.03,0.20,-0.07,509,464,460,336,390
4.31,-8.54,0.49,-0.03,0.08,-0.09,509,464,460,336,389
3.14,-9.27,2.38,0.02,0.26,-0.07,508,463,459,335,386
4.21,-8.55,1.56,-0.35,0.01,-0.11,508,463,459,335,384
2.95,-8.64,0.47,-0.03,0.31,0.02,508,463,458,336,384
3.40,-8.28,-0.08,-0.10,0.09,-0.01,507,463,458,336,384
3.16,-8.97,1.07,-0.08,0.08,-0.01,508,464,458,335,384
1.97,-8.23,-0.37,-0.02,0.16,0.03,508,463,458,335,385
4.92,-8.74,1.99,0.13,0.09,-0.21,508,464,458,335,385
4.04,-8.08,0.95,-0.07,-0.04,-0.06,508,463,458,335,385
2.84,-8.47,2.25,0.16,0.14,0.03,509,463,458,335,384
3.57,-8.66,0.87,0.01,0.02,-0.03,508,463,458,335,384
3.12,-8.75,0.95,0.12,0.21,-0.03,509,464,458,335,384
3.46,-9.03,2.66,0.13,0.18,-0.05,508,463,458,335,383
2.45,-9.15,1.72,0.06,0.21,0.03,509,463,457,335,383
3.27,-8.48,1.75,-0.01,0.14,-0.03,509,463,458,335,384
3.75,-8.16,2.24,0.06,0.21,-0.00,508,463,458,335,384
3.91,-8.63,2.61,0.03,0.13,0.06,508,463,457,335,383
3.07,-8.79,2.34,0.11,0.13,-0.02,508,463,457,335,383
3.14,-8.82,2.10,0.04,0.15,-0.01,508,463,457,334,383
2.79,-8.18,1.92,0.01,0.18,-0.00,509,462,457,334,382
2.32,-8.24,2.28,0.19,0.21,-0.26,509,463,457,334,381
2.57,-7.96,3.29,0.10,0.25,-0.06,509,462,457,335,381
3.39,-8.31,3.76,0.09,0.19,-0.06,508,462,457,335,382
3.67,-9.09,3.96,0.19,0.27,-0.04,508,462,457,334,382
3.34,-8.77,3.51,-0.04,0.09,-0.02,508,462,457,335,382
2.18,-8.58,3.25,0.05,0.13,-0.11,509,462,457,334,382
1.58,-8.07,2.30,0.15,0.24,-0.06,508,462,456,334,381
1.09,-8.05,3.03,0.19,0.35,-0.14,508,462,456,334,380
3.55,-8.43,4.11,0.15,0.11,-0.27,508,462,456,334,380
3.02,-8.31,4.56,0.01,0.11,0.17,508,462,456,333,380
2.38,-8.08,4.78,-0.02,-0.04,0.10,508,462,456,334,380
2.35,-8.37,3.64,0.03,-0.13,-0.08,508,462,455,333,379
1.87,-8.83,3.98,-0.06,-0.09,-0.06,508,462,455,333,379
END
2.69,-8.59,4.21,-0.04,-0.14,0.02,505,461,452,335,380
3.98,-9.01,1.17,0.11,-0.07,-0.09,505,461,452,335,379
3.42,-8.79,0.46,0.05,-0.06,-0.06,505,461,452,335,380
3.27,-9.17,0.89,0.07,0.05,-0.02,505,460,452,335,380
4.38,-8.84,1.11,-0.04,-0.11,-0.14,505,461,451,335,380
2.28,-8.62,-1.02,-0.05,0.08,0.03,505,461,452,335,379
3.42,-8.73,-0.55,0.04,0.05,-0.07,505,460,452,335,379
3.68,-8.87,-0.24,0.02,0.06,-0.07,505,461,452,335,379
3.55,-8.53,-0.16,-0.01,-0.08,-0.07,505,461,452,335,379
4.32,-8.73,0.37,0.02,-0.00,-0.01,505,461,451,335,380
2.39,-8.62,-0.72,-0.03,0.10,0.10,505,461,451,336,380
3.05,-9.16,-0.29,0.14,0.09,-0.13,505,461,451,335,380
3.44,-8.78,0.31,0.04,0.16,-0.03,505,461,451,335,379
4.13,-8.25,0.89,0.03,0.14,0.02,505,461,451,335,380
2.18,-8.40,0.45,0.08,0.27,0.08,505,461,451,335,380
4.02,-8.40,0.98,0.10,0.12,-0.07,505,461,451,335,380
3.60,-8.48,0.50,0.15,0.11,-0.06,505,461,451,335,380
3.67,-8.73,1.06,0.13,0.02,-0.13,505,461,451,335,380
3.72,-9.00,0.95,0.11,0.07,-0.03,504,460,451,335,380
4.03,-9.38,1.14,0.07,0.01,-0.14,505,461,451,335,379
3.80,-9.08,1.31,-0.03,0.02,-0.14,504,461,451,335,379
3.42,-8.73,1.32,0.04,0.13,-0.03,505,460,451,335,379
3.88,-8.66,1.68,-0.02,0.07,-0.09,504,460,451,335,379
4.13,-8.34,0.86,-0.00,0.08,-0.09,505,460,451,335,379
3.40,-8.54,0.70,0.09,0.11,-0.12,505,460,451,335,379
3.80,-8.55,0.22,0.03,0.13,-0.04,505,460,451,335,379
3.83,-8.31,1.13,0.08,0.15,-0.05,505,460,451,335,379
3.25,-8.45,2.49,0.08,0.23,-0.17,505,460,451,335,379
3.63,-8.03,2.12,0.05,0.23,-0.12,505,460,451,335,379
3.76,-8.21,1.84,0.10,0.10,-0.15,504,460,451,335,379
3.42,-8.31,2.17,0.06,0.16,-0.14,504,460,451,335,379
4.14,-8.61,2.28,-0.01,0.08,-0.06,505,460,451,335,379
4.44,-8.26,1.45,-0.01,0.06,-0.07,505,460,451,335,381
4.18,-8.80,2.28,-0.02,0.13,-0.05,505,459,451,335,381
3.61,-8.56,2.72,0.01,0.16,-0.05,505,460,451,335,381
4.10,-8.27,2.28,-0.01,0.10,-0.25,505,459,451,335,381
END
3.69,-8.03,2.34,0.09,0.17,0.07,500,458,449,335,378
4.48,-8.73,2.40,0.08,-0.04,0.02,500,458,449,335,378
3.55,-8.54,1.02,-0.02,-0.07,0.02,500,458,449,335,379
3.14,-8.41,1.24,-0.04,-0.03,-0.06,500,458,449,335,378
4.35,-8.21,1.61,0.02,0.00,-0.05,500,458,449,335,378
3.83,-8.31,0.85,0.01,0.00,0.01,499,458,449,335,378
2.70,-8.45,-0.36,0.07,0.03,0.03,499,458,449,335,378
4.36,-8.91,1.51,0.07,-0.10,-0.10,499,458,448,333,378
2.72,-8.76,0.39,-0.09,-0.01,-0.05,499,458,449,335,378
4.54,-8.30,1.36,0.20,-0.11,-0.27,499,458,449,335,378
3.70,-8.29,1.96,-0.07,0.11,0.04,499,458,448,335,378
4.23,-8.61,2.17,-0.03,0.04,-0.05,499,458,449,335,378
4.02,-8.17,1.10,-0.12,0.06,0.02,500,458,449,335,377
3.55,-8.09,1.00,-0.05,0.04,-0.05,499,458,449,335,378
4.41,-8.35,1.58,0.05,0.05,-0.14,499,458,448,335,378
3.75,-8.15,1.65,-0.10,-0.02,-0.05,499,458,448,335,377
4.09,-8.19,0.78,-0.01,-0.02,-0.06,499,458,448,335,378
4.26,-8.59,1.44,0.07,0.05,-0.04,499,457,448,335,378
4.53,-8.77,2.23,0.08,0.05,-0.06,499,458,448,335,377
4.47,-8.54,1.33,-0.06,0.04,0.01,499,458,448,335,377
3.90,-8.50,0.62,-0.04,0.05,-0.11,500,458,448,335,377
4.13,-8.23,0.67,0.04,0.13,-0.06,500,458,448,335,377
4.39,-8.24,0.73,0.08,0.14,0.04,500,458,448,335,377
3.63,-8.28,1.40,0.07,0.13,-0.08,500,458,448,335,377
4.70,-8.09,2.00,0.07,0.06,-0.15,500,458,448,335,377
3.63,-8.19,1.61,-0.04,0.04,-0.10,500,458,448,335,377
4.14,-8.38,2.02,0.06,0.11,-0.08,500,457,448,335,377
4.86,-8.41,1.54,-0.02,0.05,-0.08,500,457,448,335,376
4.03,-8.48,2.20,-0.03,0.09,-0.03,500,457,448,335,377
4.39,-8.29,1.54,-0.04,0.14,-0.03,500,457,448,335,376
4.68,-8.29,1.99,-0.03,-0.02,-0.21,500,457,448,335,376
3.78,-8.33,1.79,-0.05,0.09,0.08,500,457,448,335,376
4.95,-8.33,1.87,0.04,0.15,-0.08,500,457,448,334,376
3.74,-8.69,1.59,-0.00,0.19,0.05,501,457,448,335,376
4.34,-8.42,1.82,-0.14,0.21,0.12,501,457,449,334,376
3.29,-8.08,1.87,-0.18,0.11,0.16,500,457,448,335,376
END
2.97,-7.75,0.98,0.05,0.08,0.02,497,455,447,335,375
4.29,-8.43,1.36,0.02,0.04,-0.01,497,455,447,335,375
4.49,-8.76,1.52,-0.02,0.03,-0.02,497,455,447,335,375
4.17,-8.66,2.21,-0.06,0.06,-0.00,496,455,447,335,375
4.24,-7.93,1.64,-0.13,-0.02,-0.03,497,455,447,335,376
2.98,-8.09,0.28,0.01,0.11,-0.02,497,456,447,335,376
3.66,-8.62,1.04,0.13,0.07,-0.17,497,455,447,335,376
4.26,-8.51,1.73,-0.01,0.15,-0.04,497,456,447,335,376
4.57,-7.94,1.93,0.05,0.10,-0.15,497,456,447,335,377
4.51,-7.85,1.59,-0.11,0.07,-0.00,497,456,447,335,377
3.80,-8.21,1.03,-0.02,0.05,-0.04,496,456,447,335,376
4.36,-8.59,1.77,0.01,0.07,-0.03,497,455,447,335,377
3.68,-8.41,0.64,0.00,0.09,-0.02,497,456,447,336,377
4.48,-8.17,1.97,0.14,0.07,-0.15,496,456,447,335,378
4.74,-8.01,1.75,0.02,0.04,-0.04,497,456,447,335,378
4.42,-8.26,1.27,-0.03,0.10,-0.01,497,456,447,335,378
4.64,-8.55,1.46,-0.07,0.13,0.02,497,456,448,335,378
3.31,-8.63,1.83,0.14,0.18,-0.06,497,456,448,336,378
4.40,-8.33,1.48,-0.06,0.15,0.09,497,456,447,335,378
3.38,-8.37,0.93,-0.00,0.21,0.01,497,456,447,336,378
3.84,-8.25,1.30,0.03,0.17,0.04,497,456,448,335,378
4.26,-8.40,1.92,0.02,0.10,0.05,497,456,447,335,378
4.21,-8.59,2.19,0.07,0.09,-0.03,497,456,447,335,377
3.58,-8.10,1.03,0.01,0.06,0.03,497,456,447,335,377
3.12,-8.23,1.63,0.17,0.12,-0.12,497,455,447,335,377
2.76,-8.64,2.53,0.12,0.22,-0.01,498,456,447,335,377
3.88,-8.40,2.84,0.04,0.03,-0.05,497,456,447,335,377
3.21,-8.11,2.38,0.12,0.18,-0.05,498,455,447,335,376
3.75,-8.35,3.19,0.11,0.15,-0.00,498,456,447,334,376
3.21,-8.30,2.91,0.05,0.12,-0.10,498,456,447,334,376
3.64,-8.06,2.51,-0.02,0.11,-0.02,498,455,447,334,377
2.84,-7.96,2.77,0.11,0.28,-0.19,498,456,447,334,377
4.11,-7.82,2.99,0.06,0.18,-0.09,498,456,447,334,377
3.28,-8.05,3.02,0.01,0.19,-0.07,498,455,447,334,376
3.53,-7.90,3.14,0.02,0.19,-0.08,498,455,447,334,376
3.33,-8.63,3.76,-0.04,0.22,0.06,498,455,447,334,376
END
3.22,-8.24,4.20,0.07,0.19,-0.12,494,454,446,334,377
4.64,-8.15,0.78,0.02,0.02,-0.01,494,454,446,335,377
4.67,-7.92,0.49,-0.00,0.03,-0.01,494,454,446,335,376
4.77,-8.10,1.41,0.07,0.03,-0.05,494,454,446,335,377
4.58,-8.31,0.90,0.00,-0.01,-0.04,494,454,446,334,377
4.57,-8.36,0.97,0.00,0.05,-0.03,494,454,446,334,377
3.80,-8.23,0.33,-0.03,0.18,0.05,494,454,446,335,377
4.08,-7.95,-0.60,-0.01,0.16,-0.03,494,454,446,334,377
3.79,-8.55,0.31,0.11,0.26,0.05,494,454,445,334,377
4.68,-8.87,1.47,-0.05,0.10,0.00,494,454,445,335,377
3.60,-9.08,1.03,0.00,0.23,-0.01,494,454,445,335,377
4.31,-8.44,1.13,-0.12,0.06,-0.04,494,454,445,334,377
4.72,-9.15,1.95,0.02,-0.05,-0.25,494,454,446,335,377
3.52,-8.64,0.55,-0.29,0.19,0.12,495,454,446,335,377
4.40,-8.23,0.71,-0.00,-0.07,-0.32,494,454,445,334,377
4.77,-8.08,1.19,-0.24,0.17,0.15,494,454,446,335,377
4.46,-7.59,-0.08,0.02,-0.08,-0.27,494,454,446,335,377
3.72,-7.64,0.08,-0.09,0.14,0.05,494,454,446,335,377
3.97,-7.87,1.34,0.15,0.14,-0.15,494,454,446,335,377
5.30,-8.21,1.94,-0.02,0.05,0.04,494,454,445,335,377
5.72,-8.30,2.22,0.01,0.18,0.02,494,454,446,335,376
3.93,-8.48,0.40,-0.06,0.24,0.16,494,454,445,335,376
3.83,-8.31,1.11,0.01,0.09,-0.12,494,454,445,335,376
4.39,-8.18,1.25,0.01,0.09,0.07,494,453,445,335,376
5.23,-8.73,1.50,0.02,0.01,-0.11,495,453,446,335,376
2.92,-8.99,0.48,-0.04,0.20,0.11,495,454,445,335,376
4.64,-8.92,1.54,0.02,0.09,-0.00,495,454,446,334,376
3.50,-8.35,1.36,0.14,0.18,-0.16,495,453,446,335,377
6.04,-8.21,2.96,0.01,0.06,0.12,494,453,445,334,376
4.95,-8.61,2.61,0.18,0.31,0.08,495,453,445,334,375
2.76,-8.45,1.40,0.00,0.15,0.00,495,453,445,334,375
3.39,-8.47,1.86,0.00,0.17,-0.00,496,453,445,334,375
2.43,-7.64,1.59,0.00,0.25,0.01,497,453,445,334,375
3.35,-7.13,2.59,0.06,0.21,-0.17,498,453,446,333,375
3.65,-7.39,2.84,0.06,0.26,-0.36,498,454,445,334,375
4.57,-8.08,3.32,0.10,0.26,-0.08,498,453,446,333,375
END
4.36,-8.24,2.94,-0.00,0.27,-0.12,491,452,444,334,374
4.18,-8.09,1.96,-0.03,0.05,-0.07,490,453,444,334,374
4.04,-8.02,1.89,0.00,0.11,-0.02,491,453,444,334,374
4.15,-7.82,1.54,0.02,0.12,-0.09,490,453,444,334,374
4.59,-7.91,2.25,0.03,0.09,-0.05,490,453,444,334,374
3.96,-8.37,2.15,0.01,0.07,-0.09,491,453,444,334,374
3.63,-8.73,1.78,0.01,0.16,-0.01,491,453,444,334,374
4.77,-9.10,3.15,0.04,-0.03,-0.14,491,453,443,334,374
4.25,-8.44,1.87,-0.21,-0.02,0.07,491,453,444,334,374
4.06,-7.85,2.20,-0.02,-0.01,-0.14,491,453,444,335,374
4.55,-7.81,2.35,-0.06,0.08,-0.04,491,453,444,334,374
3.76,-8.01,1.47,-0.08,0.12,-0.03,491,453,444,334,374
4.53,-7.86,1.77,-0.01,0.11,-0.13,491,453,444,334,374
4.36,-7.77,1.01,0.02,0.04,-0.21,491,453,444,334,374
4.74,-7.73,1.64,-0.02,0.16,-0.01,491,453,443,334,374
5.25,-7.52,1.83,0.22,-0.03,-0.26,491,452,443,334,374
4.75,-7.69,2.63,0.03,0.24,0.07,491,452,444,334,375
4.46,-7.45,1.97,0.08,0.05,-0.13,491,453,444,334,374
5.21,-7.54,3.26,-0.00,0.09,0.03,491,453,444,334,374
4.49,-7.84,1.90,0.02,0.08,0.00,491,452,443,334,373
4.43,-8.28,3.14,0.07,0.13,0.02,491,452,444,334,373
4.89,-8.19,3.20,0.03,0.05,-0.06,491,452,443,334,373
4.06,-8.07,3.01,-0.03,0.10,0.04,492,452,443,334,373
4.71,-8.56,2.76,-0.06,-0.09,-0.16,492,452,444,334,373
4.08,-7.90,1.56,-0.16,0.11,0.08,492,453,444,334,373
4.74,-7.55,1.84,-0.02,0.02,-0.13,492,452,443,334,373
4.72,-7.72,2.18,-0.07,0.07,0.02,492,453,443,334,373
3.50,-7.84,1.57,0.06,0.13,-0.01,492,452,443,334,372
3.50,-7.80,2.48,0.05,0.12,-0.06,492,452,443,334,373
5.56,-7.93,3.41,0.10,0.08,-0.27,491,452,443,335,373
3.73,-7.78,2.10,-0.00,0.36,0.03,492,453,443,334,373
5.31,-7.84,3.32,0.04,0.12,-0.08,491,453,443,334,372
3.89,-7.75,2.57,-0.02,0.23,0.10,492,453,443,334,372
3.72,-8.20,2.75,-0.06,0.09,-0.05,492,453,444,334,372
3.74,-7.97,2.69,-0.09,0.21,-0.02,492,453,443,334,372
3.75,-8.08,3.08,0.01,0.14,-0.08,493,453,444,334,372
END
3.76,-8.04,2.89,-0.05,0.12,-0.01,490,451,442,335,373
4.42,-7.98,1.56,-0.02,0.05,-0.02,490,452,443,335,373
4.41,-8.03,1.65,0.02,0.04,-0.06,490,451,442,335,373
4.44,-8.13,1.09,-0.02,0.08,-0.02,490,451,442,335,373
5.06,-7.99,1.67,0.03,0.06,-0.08,490,451,442,335,373
4.08,-8.09,1.11,-0.05,0.18,0.05,490,452,442,335,373
4.47,-8.09,1.23,0.08,0.06,-0.12,490,452,442,335,373
4.34,-8.30,1.62,0.01,0.08,-0.03,490,452,442,335,373
3.91,-8.33,0.94,0.01,-0.00,-0.07,490,451,443,335,373
5.02,-8.27,2.67,-0.02,-0.00,-0.17,491,452,443,335,374
5.25,-8.13,1.63,-0.04,0.03,-0.06,491,452,443,335,374
4.82,-8.15,1.34,-0.06,0.08,-0.01,490,452,443,335,374
5.06,-8.26,1.61,0.02,0.04,-0.06,491,452,443,335,374
4.89,-8.02,1.52,-0.00,-0.04,-0.07,490,451,443,335,374
4.53,-7.91,1.46,0.04,0.10,0.00,491,452,443,335,373
4.90,-7.57,1.56,0.09,-0.03,-0.16,490,452,443,335,373
4.97,-7.52,1.95,0.04,0.18,0.06,491,452,443,335,374
4.69,-7.75,1.45,-0.01,0.09,-0.01,491,452,443,335,374
4.24,-7.79,1.41,-0.01,0.15,0.02,491,452,443,335,374
4.48,-8.04,2.40,0.08,0.07,-0.04,491,451,443,335,374
4.72,-7.95,1.69,-0.00,0.12,0.06,491,452,443,335,374
4.08,-8.22,1.90,0.06,0.07,-0.06,491,451,443,335,374
4.39,-7.99,1.95,-0.02,0.11,0.06,491,451,443,335,374
3.85,-7.90,2.16,0.07,0.12,-0.05,491,452,443,335,374
4.39,-8.03,2.76,0.07,0.16,0.01,491,451,443,335,374
4.19,-8.25,2.87,0.01,0.16,0.04,491,451,443,335,374
4.12,-7.72,1.92,-0.05,0.12,-0.02,492,451,443,335,374
3.98,-7.48,1.44,0.05,0.17,-0.02,492,452,443,335,374
4.31,-8.02,2.08,0.08,0.08,-0.06,492,452,443,334,374
3.80,-8.55,2.12,-0.03,0.13,-0.04,492,452,443,335,373
4.27,-8.16,1.93,-0.17,0.03,0.05,492,451,443,335,373
4.63,-8.47,2.92,0.10,0.20,-0.09,492,451,443,334,373
4.07,-8.59,2.33,-0.05,0.12,-0.00,493,451,443,334,372
3.91,-8.18,2.48,0.04,0.21,0.06,493,451,443,334,372
3.19,-8.13,2.75,-0.03,0.22,0.11,493,451,443,334,372
2.68,-8.15,2.71,0.11,0.19,-0.08,494,452,444,334,372
END
3.75,-8.04,2.49,-0.12,0.09,-0.02,490,450,444,333,372
5.30,-7.71,2.43,0.05,-0.01,-0.08,490,450,443,333,372
4.37,-7.52,1.54,0.04,0.00,-0.05,489,450,443,333,372
5.12,-7.72,2.36,0.09,0.06,-0.06,490,450,444,333,372
5.10,-7.25,2.20,0.04,0.06,0.01,490,450,444,333,372
4.59,-7.67,2.58,0.06,0.01,-0.09,490,450,444,333,372
4.73,-7.95,2.94,0.07,0.08,-0.03,489,450,443,333,372
5.27,-7.91,2.52,-0.03,0.01,-0.07,489,450,443,333,372
5.02,-7.85,2.08,-0.00,0.07,-0.02,489,450,444,333,372
4.87,-8.35,2.73,0.14,-0.11,-0.12,489,450,443,333,372
4.10,-7.90,2.15,-0.04,0.12,0.06,489,450,443,333,372
4.56,-7.26,2.46,0.08,0.03,-0.10,489,450,443,333,372
4.92,-7.42,2.23,0.02,0.19,0.00,489,451,443,333,372
5.36,-7.37,2.52,0.06,0.02,-0.20,489,450,444,333,372
5.20,-7.01,3.07,0.05,0.15,-0.09,490,451,444,333,372
5.48,-6.91,2.84,-0.01,0.11,-0.08,489,450,443,333,372
4.84,-7.24,3.30,0.08,0.07,-0.10,489,450,444,333,372
4.55,-8.15,3.07,0.02,0.08,-0.06,489,450,443,333,372
4.07,-7.98,2.47,-0.08,0.15,-0.00,489,450,443,333,372
5.20,-7.49,2.83,0.02,0.11,-0.05,489,450,443,333,372
5.36,-7.80,2.86,-0.01,0.11,-0.04,489,450,443,333,371
4.66,-7.76,2.56,-0.02,0.14,0.03,489,450,443,333,372
4.06,-7.62,3.43,0.04,0.17,0.04,490,450,443,333,374
4.80,-7.44,3.40,-0.01,0.16,-0.03,490,451,444,333,374
4.75,-7.26,3.62,-0.03,0.25,0.12,490,450,443,333,375
4.94,-7.48,3.48,-0.03,0.09,0.04,491,451,443,333,374
3.43,-7.82,2.22,-0.01,0.12,0.03,491,451,443,333,374
3.18,-7.87,2.52,-0.08,0.21,0.01,492,451,443,333,373
3.23,-7.87,4.17,0.06,0.20,0.01,492,451,442,333,373
2.93,-7.95,3.55,-0.06,0.26,0.05,492,450,442,332,372
4.29,-7.37,4.40,-0.07,0.25,-0.09,492,450,442,333,372
3.07,-7.89,4.30,-0.02,0.17,-0.04,492,450,442,333,372
3.65,-7.83,3.44,-0.12,0.07,-0.01,492,450,442,332,373
3.50,-7.87,3.52,-0.07,0.03,0.04,492,450,442,332,373
2.47,-8.03,2.82,0.02,0.12,0.06,494,450,442,332,372
2.91,-8.61,3.42,0.12,0.09,0.03,495,451,442,332,372
END
3.20,-7.90,5.00,-0.16,0.20,0.06,488,449,442,334,373
4.22,-8.48,1.79,-0.11,0.18,-0.08,488,449,442,334,373
4.74,-7.72,1.94,-0.07,0.10,-0.09,488,449,442,334,373
5.35,-7.56,2.42,-0.03,0.13,-0.01,488,449,442,334,373
3.96,-7.78,2.12,-0.01,0.09,0.01,488,450,442,334,373
4.02,-8.00,1.92,0.02,0.07,-0.02,488,449,442,333,373
4.09,-8.23,1.61,0.02,0.12,0.02,488,450,441,333,373
4.19,-8.38,1.46,0.05,0.02,-0.04,488,449,442,333,373
3.58,-8.30,0.89,0.04,0.05,-0.01,488,450,442,333,373
3.65,-8.64,1.33,0.14,0.09,-0.09,488,450,441,334,374
4.87,-8.52,3.09,-0.00,-0.09,-0.10,488,450,442,333,374
3.95,-8.10,2.43,-0.15,0.09,0.08,489,450,442,334,374
5.22,-8.07,2.68,-0.04,-0.06,-0.13,489,451,441,334,373
3.45,-7.91,1.12,-0.15,0.19,0.13,488,450,442,334,373
4.62,-8.21,2.12,0.01,0.01,-0.09,488,450,442,334,373
3.52,-8.22,1.52,-0.01,0.11,-0.03,488,450,442,334,372
4.14,-8.08,1.79,0.03,0.09,-0.03,488,450,442,333,373
4.25,-8.31,2.03,-0.00,0.10,-0.02,489,451,441,334,373
3.92,-7.90,1.79,0.00,0.04,-0.17,490,451,442,334,373
4.36,-7.58,2.17,0.06,0.07,-0.10,490,451,442,334,373
4.97,-7.76,1.92,-0.03,-0.00,-0.20,490,451,442,334,372
4.19,-8.28,1.20,0.06,0.11,-0.08,490,451,442,334,372
4.26,-8.68,1.59,0.04,0.04,-0.10,490,451,442,334,372
4.70,-8.53,1.72,0.01,0.02,-0.21,491,451,442,334,372
3.54,-8.01,2.05,0.06,0.17,0.02,491,451,442,333,372
5.20,-8.03,2.97,0.01,0.13,0.03,491,451,442,333,372
3.83,-8.04,2.56,0.14,0.26,0.07,491,451,442,333,372
4.19,-8.27,3.01,0.08,0.13,-0.07,491,451,442,333,372
3.61,-8.07,2.48,0.04,0.11,-0.12,491,451,442,333,372
4.77,-7.86,1.64,-0.19,-0.01,-0.13,491,450,441,333,371
2.94,-8.05,1.51,0.00,0.30,0.12,492,451,442,333,371
3.36,-8.04,3.35,-0.01,0.40,0.09,492,450,442,333,371
4.52,-8.82,4.82,0.08,0.29,-0.06,492,450,442,332,371
3.59,-8.33,3.78,-0.13,0.33,-0.03,492,450,442,333,370
3.81,-7.39,4.08,0.02,0.20,-0.12,492,450,442,332,370
4.12,-7.21,3.19,0.10,0.24,0.00,493,450,442,332,370
END
4.39,-7.52,5.24,-0.06,-0.14,-0.01,485,448,441,334,372
4.26,-7.85,1.33,0.04,0.13,-0.01,485,448,441,334,372
5.28,-7.57,1.98,0.02,0.12,0.02,485,448,441,334,372
5.36,-8.00,2.20,0.06,0.01,-0.03,485,448,441,334,372
5.42,-8.05,2.10,0.02,-0.03,0.00,485,448,441,334,372
4.34,-8.04,1.66,0.02,-0.08,-0.02,485,448,441,334,372
4.50,-8.04,1.37,0.02,-0.02,-0.01,485,448,441,334,372
3.82,-8.15,1.59,0.04,-0.01,-0.03,485,449,441,334,372
3.93,-7.59,0.63,0.07,0.06,-0.03,485,448,441,334,373
3.67,-7.98,2.31,0.10,0.03,-0.21,485,448,441,334,373
5.99,-7.85,2.35,-0.01,0.03,-0.10,485,448,442,334,374
4.42,-7.90,1.00,-0.19,0.05,-0.02,485,448,441,334,374
5.55,-8.13,1.95,0.16,0.05,-0.11,485,449,441,333,374
4.58,-8.34,1.39,-0.09,0.11,0.12,485,448,441,333,374
5.01,-8.45,2.01,0.02,0.02,-0.08,485,448,441,334,374
4.52,-8.16,1.48,-0.07,0.06,0.04,485,449,441,334,374
4.62,-7.96,1.97,0.06,0.01,-0.09,486,449,441,334,374
4.39,-7.85,1.34,-0.09,0.04,0.08,486,448,441,334,374
4.50,-7.88,1.59,0.05,-0.05,-0.20,486,449,441,333,373
5.33,-7.62,1.74,-0.14,-0.01,0.07,486,448,441,334,374
4.91,-7.92,2.02,0.10,0.01,-0.13,485,448,441,334,373
4.56,-7.92,1.58,0.01,0.13,0.10,485,448,441,333,374
4.24,-8.04,2.00,0.14,0.03,-0.08,486,448,441,334,373
3.25,-7.81,1.50,0.11,0.16,0.01,486,448,441,334,372
4.51,-7.92,2.20,0.11,0.04,-0.14,486,448,442,334,374
4.57,-8.25,2.27,0.10,0.15,-0.06,486,448,442,334,374
4.48,-8.25,2.16,0.06,0.10,-0.02,486,448,442,334,374
4.76,-8.07,2.51,0.08,0.12,-0.04,487,448,442,334,374
4.46,-7.72,1.91,0.04,0.14,0.04,487,449,442,334,374
4.11,-7.65,2.76,0.04,0.16,0.05,487,449,443,333,374
4.42,-7.63,2.75,0.03,0.14,0.08,487,449,443,334,374
3.94,-7.79,3.07,0.02,0.10,0.12,488,449,444,333,374
3.23,-7.98,2.81,0.07,0.15,0.11,488,449,445,333,374
3.70,-8.36,3.73,-0.03,0.09,0.11,488,449,445,333,374
2.58,-8.45,3.22,0.09,0.17,0.01,489,449,445,333,374
2.94,-8.31,3.27,-0.01,0.14,0.12,488,448,445,333,374
END
3.31,-8.56,3.31,0.01,0.17,0.02,487,449,450,333,378
4.98,-7.89,1.28,0.04,0.04,-0.05,487,449,449,333,378
5.07,-8.03,1.62,0.02,0.05,-0.00,487,449,450,333,378
4.95,-7.91,1.49,0.02,-0.00,-0.03,487,449,450,333,378
5.69,-7.96,1.78,-0.00,0.03,-0.02,487,449,450,333,378
4.47,-7.91,1.00,-0.07,0.05,0.05,487,449,450,333,377
3.56,-7.98,-0.34,-0.00,0.08,0.01,487,449,449,333,377
3.51,-8.51,0.40,0.07,0.21,0.02,487,449,449,333,377
4.50,-8.59,1.20,0.14,-0.06,-0.18,487,449,450,333,378
5.96,-7.80,3.47,-0.06,0.17,-0.05,487,449,450,333,379
6.04,-7.28,1.82,0.00,0.02,-0.06,487,449,449,333,379
5.69,-7.74,1.55,-0.06,0.02,0.05,487,449,449,333,379
3.63,-8.31,1.51,0.00,0.09,0.06,487,449,449,333,379
5.11,-8.28,1.43,-0.01,0.06,0.02,487,449,449,333,379
5.28,-8.00,1.39,-0.18,0.09,-0.00,487,449,448,333,379
3.78,-7.88,0.76,-0.00,0.10,-0.00,487,449,448,333,379
4.67,-8.10,1.64,0.04,0.12,0.09,487,449,448,333,379
4.77,-8.28,2.36,0.04,0.11,0.04,487,449,448,333,378
4.15,-8.42,1.65,-0.21,0.08,0.09,487,449,447,333,377
4.16,-8.59,2.25,0.12,0.14,-0.12,487,449,447,333,377
2.14,-8.26,1.07,-0.07,0.06,0.09,487,449,447,332,376
2.99,-8.67,0.78,0.07,0.19,-0.10,487,449,446,333,376
3.51,-8.06,1.12,0.01,0.32,0.04,487,449,447,333,376
3.84,-8.08,2.31,0.05,0.18,-0.14,486,449,447,333,375
3.32,-8.32,2.89,0.08,0.16,0.14,487,449,447,333,374
3.63,-8.79,2.25,0.05,0.11,-0.00,487,449,447,333,374
3.82,-8.69,2.94,-0.05,0.10,0.06,486,448,447,333,373
3.14,-8.26,1.84,-0.00,0.08,0.04,487,448,447,332,373
2.93,-8.31,1.58,0.04,0.13,0.00,487,448,447,332,373
3.32,-8.67,2.95,0.08,0.17,-0.02,487,449,447,332,372
2.58,-8.84,2.66,0.09,0.20,0.02,488,448,446,332,372
2.89,-8.56,2.89,0.15,0.19,-0.03,489,448,447,332,371
3.02,-8.49,2.78,0.13,0.20,0.03,489,448,447,332,371
2.98,-8.58,2.96,0.07,0.21,0.01,489,448,447,332,371
3.14,-8.35,3.65,-0.00,0.14,0.00,489,449,447,331,371
2.28,-7.94,3.22,0.05,0.22,-0.01,490,449,447,332,370
END
3.16,-7.80,3.28,0.15,0.05,-0.12,486,449,445,333,375
5.43,-8.01,1.06,0.04,-0.14,0.00,486,448,445,333,375
3.89,-7.87,0.26,-0.07,-0.02,0.12,486,448,445,332,375
4.02,-8.24,1.28,0.04,0.10,0.06,486,448,445,333,375
4.75,-8.22,2.06,0.00,0.04,-0.01,486,448,444,333,375
3.37,-8.09,0.34,-0.05,0.11,0.04,486,448,445,333,375
3.75,-8.41,0.85,0.09,0.16,-0.08,485,449,445,333,375
4.04,-8.48,0.82,0.07,0.13,-0.08,486,449,444,333,375
5.43,-8.10,2.02,0.21,-0.06,-0.24,486,449,445,333,375
4.32,-7.90,0.92,-0.03,0.00,-0.00,486,448,445,333,375
4.23,-8.13,2.02,0.16,0.16,-0.08,486,449,445,333,375
4.04,-8.10,1.19,-0.04,0.08,-0.06,486,449,445,333,375
4.77,-8.33,2.71,0.13,0.21,-0.04,486,449,445,333,375
4.34,-7.95,1.06,-0.08,0.02,-0.12,486,448,445,333,375
3.93,-8.04,1.62,0.05,0.16,-0.05,486,449,445,333,374
4.41,-7.81,1.49,0.01,-0.04,-0.19,486,448,445,333,375
4.24,-7.67,1.90,0.00,0.19,-0.03,486,448,445,333,374
5.49,-7.62,1.77,0.06,0.11,-0.07,486,449,445,333,375
4.72,-8.07,1.94,0.08,0.17,-0.04,487,450,445,333,375
5.33,-8.66,2.47,0.07,0.07,-0.04,487,450,445,333,375
4.24,-8.33,1.79,-0.09,0.19,0.05,488,450,445,333,375
4.69,-8.03,2.63,-0.04,0.09,0.01,487,450,445,333,375
4.80,-8.16,2.15,-0.05,0.11,0.02,488,450,445,333,375
4.04,-7.94,1.84,0.01,0.15,0.05,488,450,446,333,375
4.30,-7.93,2.62,0.03,0.12,0.04,488,450,446,333,374
3.79,-8.18,2.78,0.08,0.12,-0.05,489,450,446,332,374
4.03,-8.07,2.25,0.01,0.09,-0.04,489,450,445,332,373
3.19,-8.16,2.54,0.03,0.10,-0.11,490,450,446,333,373
2.88,-8.07,2.12,0.01,0.12,-0.11,490,450,446,332,373
3.57,-8.23,2.80,0.11,0.16,-0.16,490,450,445,332,373
3.72,-7.75,2.94,0.02,0.28,0.12,491,450,446,332,373
4.19,-7.98,3.02,-0.13,0.18,0.05,491,450,446,332,373
3.82,-8.07,2.94,-0.02,0.20,0.15,492,450,447,332,373
3.93,-8.41,2.93,-0.07,0.12,-0.03,492,450,448,332,373
3.66,-8.69,2.71,-0.12,0.07,0.01,492,449,448,332,372
3.29,-8.82,2.24,-0.05,0.11,0.06,493,449,447,332,372
END
2.47,-8.51,2.04,-0.02,0.04,0.00,486,448,446,333,378
5.03,-8.05,1.41,-0.03,0.02,0.01,486,448,446,333,378
4.66,-8.02,1.28,-0.01,0.02,-0.01,486,447,446,334,378
5.02,-7.66,1.46,-0.02,0.03,0.01,486,448,446,333,378
4.17,-7.97,1.51,-0.01,0.04,-0.00,485,448,446,333,378
4.75,-8.16,1.31,-0.02,0.03,-0.07,486,448,446,334,378
4.39,-8.33,0.96,-0.04,0.14,-0.06,486,448,446,333,378
4.85,-8.00,1.14,-0.14,0.09,-0.14,486,448,446,333,378
4.49,-7.72,0.42,-0.13,0.15,-0.10,485,447,446,333,378
5.35,-7.96,1.03,-0.03,0.15,-0.05,485,447,446,333,378
4.71,-7.62,0.20,-0.03,0.18,0.10,485,447,446,333,378
5.05,-8.13,1.35,0.14,0.03,0.01,485,447,446,333,378
4.01,-8.18,0.83,-0.02,0.27,0.28,486,448,446,333,379
3.83,-8.56,1.55,0.10,0.01,-0.13,486,448,445,333,378
4.93,-8.10,2.00,-0.10,0.02,-0.01,487,449,446,333,378
3.76,-7.77,1.08,0.07,0.02,-0.14,487,448,446,333,378
5.11,-8.18,1.84,0.08,-0.04,-0.15,487,449,445,333,378
3.51,-8.07,0.47,-0.01,0.11,-0.07,487,449,446,333,378
4.95,-7.93,2.05,0.09,-0.01,-0.19,487,448,445,333,378
5.18,-8.10,2.33,-0.02,0.15,0.01,487,448,445,333,378
3.80,-7.97,1.44,-0.13,-0.00,-0.04,487,448,445,333,377
4.61,-7.98,1.14,0.10,0.18,0.01,487,448,445,333,377
4.80,-8.28,1.28,0.04,0.04,0.02,487,448,445,333,376
4.67,-7.74,1.18,0.12,0.11,-0.12,487,448,445,333,377
4.32,-7.63,1.89,0.07,0.17,0.07,487,448,445,333,377
5.30,-7.43,2.08,0.13,0.14,-0.11,487,448,445,332,377
4.95,-7.64,2.61,0.03,0.11,-0.03,487,448,445,333,377
5.18,-7.87,2.54,-0.10,0.01,-0.01,487,448,445,333,376
4.41,-7.70,2.20,0.00,0.04,0.03,488,448,446,332,376
5.20,-7.77,2.28,0.06,0.08,0.01,487,447,447,333,376
4.46,-7.91,2.21,0.11,0.14,0.04,488,447,447,333,376
4.11,-8.18,2.51,0.09,0.11,-0.03,488,447,447,332,376
4.02,-7.64,2.35,0.09,0.15,0.07,488,447,447,332,376
3.29,-7.98,2.15,0.12,0.19,-0.12,489,447,447,332,376
3.85,-7.77,2.63,0.03,0.15,0.14,489,447,447,332,375
5.14,-7.27,4.41,0.12,0.27,-0.19,488,446,447,332,375
END
3.86,-7.96,2.86,0.03,0.16,0.01,484,447,447,334,379
4.90,-8.08,0.85,0.01,0.04,-0.00,484,447,447,334,379
5.32,-8.21,1.13,-0.01,0.05,-0.02,484,447,447,334,379
4.66,-8.05,0.62,-0.03,0.05,0.02,484,447,447,334,379
5.41,-7.87,1.31,0.01,0.02,-0.03,484,447,447,334,379
4.62,-7.78,0.34,-0.01,0.12,0.05,484,447,447,334,379
4.91,-7.72,1.01,0.04,0.09,0.03,484,447,447,333,379
4.62,-8.29,0.72,0.08,0.02,-0.00,484,447,447,334,379
4.28,-8.98,1.33,0.03,0.03,0.01,484,447,447,334,379
3.87,-8.69,0.83,-0.11,-0.01,-0.03,484,447,446,334,379
4.70,-7.95,0.72,-0.10,0.11,0.03,484,447,447,335,379
4.74,-7.99,1.25,0.03,0.06,-0.07,484,447,447,334,379
5.50,-8.16,1.54,0.02,0.02,-0.09,484,447,447,334,379
5.28,-8.36,1.49,-0.05,0.02,-0.03,484,447,446,334,379
4.27,-8.02,0.37,-0.03,0.07,-0.03,485,447,447,333,380
3.89,-8.08,0.45,-0.02,0.03,-0.03,485,447,447,334,379
4.72,-8.40,0.62,-0.10,-0.10,-0.16,485,447,446,333,379
4.16,-8.18,0.53,-0.22,0.20,0.16,485,447,446,333,378
5.98,-8.13,1.45,-0.06,0.03,-0.03,485,447,446,333,378
4.21,-8.13,0.58,-0.07,0.22,0.03,486,447,446,333,377
5.23,-8.42,1.84,0.13,0.10,-0.09,485,447,446,333,377
4.37,-8.44,0.47,-0.06,0.12,0.06,485,447,446,333,377
5.01,-8.19,1.16,-0.03,-0.05,-0.19,486,447,446,333,377
3.78,-8.21,0.14,-0.04,0.09,0.14,486,447,446,333,377
4.08,-8.39,0.90,0.02,0.15,0.02,486,447,446,333,376
3.96,-7.98,1.08,0.11,0.25,0.16,486,447,446,333,376
4.11,-8.51,1.57,-0.06,0.08,-0.02,486,447,446,333,376
3.48,-8.27,1.64,0.12,0.19,-0.00,486,446,446,333,374
4.21,-8.46,1.50,0.03,0.10,0.04,486,446,446,333,375
3.06,-8.51,1.35,0.19,0.22,-0.04,487,447,446,333,375
3.64,-8.79,1.56,0.08,0.12,-0.03,486,446,446,335,375
3.42,-8.59,2.02,0.11,0.25,-0.01,487,447,445,333,373
3.60,-8.11,2.10,-0.11,0.18,0.02,487,446,446,333,374
4.41,-8.23,2.89,0.02,0.22,0.03,487,446,446,333,374
4.06,-8.28,2.12,-0.01,0.11,0.05,487,446,446,333,374
3.85,-8.36,1.72,0.04,0.05,-0.05,488,446,446,333,374
END
2.76,-8.68,1.50,0.12,0.15,0.01,485,448,446,334,379
4.85,-8.20,0.52,0.03,-0.05,-0.05,485,447,445,335,379
4.55,-8.13,0.47,0.15,0.08,-0.06,485,448,445,334,379
4.81,-8.10,0.15,-0.08,0.04,-0.01,485,448,445,334,379
4.92,-8.04,0.51,0.02,-0.03,0.00,485,448,445,334,378
3.86,-7.95,-1.21,-0.04,0.05,0.09,485,448,445,334,378
4.50,-8.66,0.45,0.06,-0.04,-0.08,485,448,445,334,379
3.97,-8.76,-0.03,-0.04,0.09,0.09,485,448,445,334,378
4.57,-8.78,0.53,0.07,-0.13,-0.16,485,448,445,334,378
4.94,-8.44,0.55,-0.01,0.11,0.11,485,448,445,334,377
4.16,-8.48,-0.37,-0.02,0.00,-0.05,485,448,445,334,377
3.19,-8.28,-0.17,0.03,0.15,0.10,485,448,445,334,377
4.89,-8.48,-0.18,0.02,0.00,0.01,484,447,445,334,376
4.28,-8.56,-0.19,0.04,0.30,0.23,484,447,445,335,376
4.24,-8.53,0.47,0.10,0.08,-0.24,484,447,445,334,375
3.37,-8.31,1.44,0.15,0.21,0.11,485,447,445,334,375
4.90,-8.97,2.12,-0.11,-0.03,-0.28,484,447,445,334,373
3.83,-7.71,0.71,0.04,0.10,-0.12,484,447,445,334,373
4.67,-7.81,1.13,-0.07,-0.03,-0.03,484,447,445,334,373
4.34,-8.10,1.28,0.09,0.09,-0.03,484,446,445,334,373
4.38,-8.06,0.45,0.02,0.02,0.05,485,447,445,334,373
4.54,-8.70,1.26,0.19,0.11,-0.21,485,447,445,334,372
3.60,-8.54,1.23,0.14,0.28,0.12,485,447,445,333,372
4.84,-8.11,2.25,0.04,0.28,0.09,485,446,445,333,372
4.32,-8.11,2.23,0.24,0.31,-0.04,485,447,446,333,371
4.34,-8.24,1.65,-0.05,0.17,0.16,485,446,445,333,371
3.27,-7.91,2.08,0.11,0.20,0.07,486,446,445,333,371
2.87,-7.65,1.56,0.05,0.14,0.16,487,447,445,333,371
3.54,-7.77,2.27,0.19,0.18,-0.33,487,446,446,333,370
3.60,-8.74,3.46,0.03,0.08,-0.04,487,447,446,333,370
3.67,-8.39,2.50,0.11,0.11,-0.05,488,447,446,333,371
3.73,-8.56,3.14,0.09,0.12,0.01,489,447,446,332,370
4.01,-8.13,3.09,0.06,0.15,-0.12,489,447,446,333,371
3.10,-8.54,3.08,0.09,0.14,0.21,489,447,446,333,370
3.40,-7.47,2.89,-0.05,-0.10,-0.08,488,447,446,332,370
2.42,-8.68,3.37,0.02,-0.05,0.07,488,447,445,333,370
END
3.32,-8.08,2.38,-0.03,-0.19,-0.21,484,447,443,334,376
5.36,-8.66,-0.68,-0.02,0.05,0.06,483,447,443,334,376
4.99,-8.13,-1.72,-0.11,0.00,0.10,484,447,443,334,376
4.90,-8.26,-1.13,0.10,0.04,0.01,484,447,443,334,376
4.58,-7.90,-0.50,0.13,0.11,0.04,484,447,443,334,376
5.89,-7.92,1.27,0.12,-0.09,-0.20,484,447,443,334,376
4.85,-8.03,0.18,-0.12,0.12,0.15,484,447,443,334,377
4.41,-8.17,0.04,-0.05,0.07,-0.09,483,447,443,334,377
4.29,-8.23,-0.80,-0.04,0.09,-0.06,483,447,443,334,377
5.18,-8.51,0.32,0.05,0.08,-0.14,483,447,443,334,376
5.84,-8.05,-0.17,-0.03,0.01,-0.12,483,447,443,334,376
4.31,-7.72,-0.64,-0.01,0.13,-0.07,483,447,443,334,376
6.14,-7.67,0.76,-0.03,-0.01,-0.16,483,447,443,334,376
5.25,-7.59,0.04,0.10,0.17,-0.07,483,447,443,334,376
5.01,-7.65,-0.13,0.07,0.11,0.02,483,447,443,334,376
4.47,-8.08,0.28,0.10,0.22,0.01,483,447,443,334,376
5.84,-8.19,0.53,0.05,0.08,-0.04,483,447,443,334,375
5.20,-8.19,0.21,0.06,0.14,-0.03,483,447,443,334,375
5.26,-8.05,0.38,0.03,0.13,-0.02,483,446,443,334,375
5.15,-8.02,0.55,0.05,0.12,-0.06,483,447,443,334,375
5.68,-8.13,1.36,0.07,0.14,-0.08,483,446,443,334,374
4.46,-7.82,1.54,0.02,0.14,-0.01,483,446,443,333,374
4.34,-7.52,0.89,0.11,0.21,0.10,484,446,443,334,374
4.35,-7.73,1.32,0.11,0.23,0.10,483,446,442,334,374
4.62,-7.83,1.65,0.03,0.26,0.21,483,446,443,333,374
3.37,-8.37,1.82,0.16,0.35,-0.01,483,446,442,333,374
3.88,-8.30,1.96,0.12,0.22,0.09,483,446,443,333,374
4.74,-8.15,2.68,0.15,0.06,-0.19,484,446,442,332,374
4.96,-8.26,2.33,0.01,0.06,-0.05,484,446,442,333,374
4.78,-8.38,2.51,-0.03,0.06,0.02,484,446,442,333,374
4.29,-7.93,1.82,-0.06,0.05,-0.08,484,446,442,333,374
4.36,-7.94,2.43,0.06,0.04,-0.07,485,445,442,332,373
4.30,-7.06,1.08,0.16,-0.00,-0.18,486,446,442,332,373
3.57,-8.44,2.42,0.04,0.15,0.06,486,446,442,332,373
3.66,-8.12,1.92,0.15,0.23,-0.00,487,446,442,332,372
4.57,-8.23,3.43,-0.02,0.12,-0.15,487,446,442,332,372
END
4.22,-7.44,3.23,0.11,0.11,-0.27,480,445,441,335,375
4.86,-8.58,0.27,0.02,0.03,-0.02,480,445,441,335,375
3.91,-8.36,-0.57,0.01,-0.04,-0.09,480,445,441,335,375
4.41,-8.61,-0.05,0.02,0.05,0.01,480,445,441,335,375
4.58,-8.50,-0.44,-0.06,-0.01,-0.05,480,445,441,335,375
3.68,-8.48,-0.62,-0.00,0.07,-0.00,480,445,441,335,375
4.36,-8.34,-1.09,-0.06,0.08,-0.01,480,445,441,335,375
4.84,-8.35,-0.82,0.06,0.04,-0.06,480,445,441,335,375
3.47,-8.28,-0.58,0.05,0.27,0.16,481,445,441,335,376
4.36,-8.51,0.14,0.07,0.10,-0.01,480,445,441,335,376
4.06,-8.33,-0.51,-0.06,0.09,0.09,481,445,441,335,376
3.47,-8.32,-0.24,0.11,0.05,0.01,481,446,441,335,376
4.05,-8.42,-0.18,0.08,-0.05,-0.05,482,446,441,334,377
3.43,-8.51,0.55,0.20,0.09,-0.11,482,447,442,334,376
4.41,-8.81,1.08,0.08,0.09,-0.02,482,447,442,334,376
4.06,-8.55,0.18,-0.03,0.06,-0.00,482,447,442,334,375
4.05,-8.59,0.68,0.08,0.02,-0.16,482,447,442,334,375
3.55,-8.46,-0.53,-0.05,0.05,-0.00,483,447,441,334,375
4.74,-8.48,0.50,0.09,0.04,-0.11,483,447,442,334,375
4.27,-8.64,0.80,0.14,0.06,-0.13,483,447,442,334,374
4.52,-8.48,0.24,0.04,0.07,-0.03,483,447,441,334,374
4.70,-8.59,1.32,0.13,0.01,-0.18,483,447,442,334,374
4.46,-8.26,0.52,-0.05,0.01,0.01,483,447,442,334,374
4.09,-8.45,0.41,0.10,0.04,-0.19,483,447,442,334,374
4.05,-8.23,0.48,-0.04,0.11,0.02,483,446,442,334,374
4.47,-8.32,0.63,0.11,0.10,-0.06,483,446,441,334,374
4.18,-7.93,0.37,0.07,0.14,-0.01,483,446,441,334,374
4.40,-7.92,1.64,0.11,0.14,-0.08,483,446,442,334,374
4.26,-8.31,1.35,-0.01,0.15,0.07,483,446,441,334,374
3.68,-8.80,0.76,-0.10,0.07,0.01,483,446,441,333,373
2.53,-8.98,0.18,-0.06,0.19,0.03,484,445,441,334,372
4.59,-8.89,1.71,-0.02,0.20,-0.17,483,445,442,334,372
4.88,-8.50,2.05,-0.00,0.28,0.06,483,444,442,334,372
5.18,-8.41,2.26,-0.07,0.13,-0.03,483,444,442,334,372
4.27,-8.34,1.77,-0.05,0.16,-0.02,483,444,443,334,372
4.09,-8.37,1.35,-0.06,0.08,0.07,483,444,443,334,372
END
3.91,-8.32,1.14,-0.06,0.06,0.07,480,444,443,335,376
4.56,-8.15,-0.55,0.07,0.02,-0.00,480,444,443,334,377
4.45,-8.31,-0.41,0.10,0.06,0.04,480,444,442,335,377
4.78,-8.48,0.00,0.09,-0.10,-0.10,480,444,442,335,377
4.33,-8.59,-0.17,0.04,0.07,0.10,480,444,443,335,377
4.04,-8.50,-0.50,0.09,-0.06,-0.06,481,445,442,335,377
4.49,-8.77,0.05,0.00,0.05,0.03,481,445,443,335,378
4.90,-8.76,-0.27,-0.03,-0.01,0.03,481,445,442,335,378
3.38,-8.48,-1.40,-0.08,0.04,0.13,481,445,442,334,378
4.01,-8.74,-0.50,0.14,-0.06,-0.16,481,445,442,334,378
3.67,-7.99,-1.12,0.01,0.15,0.12,482,446,442,335,378
4.01,-7.95,-0.70,0.23,0.10,-0.12,483,446,442,335,379
4.13,-8.46,0.42,0.05,0.29,0.18,483,446,442,335,379
3.69,-8.73,0.49,0.08,0.13,-0.08,484,446,442,335,379
3.41,-8.61,0.83,0.04,0.20,0.07,483,446,442,334,379
3.91,-8.77,0.72,0.01,0.08,-0.03,483,446,442,334,378
4.72,-8.76,0.95,0.01,0.07,-0.01,483,446,442,334,378
5.26,-8.93,1.12,0.09,0.01,-0.25,483,446,442,335,377
4.01,-8.49,0.17,-0.20,0.01,0.23,483,446,442,334,377
3.12,-8.48,0.24,0.07,0.07,-0.04,484,445,442,335,376
3.48,-8.43,0.70,-0.03,0.06,0.02,483,445,442,335,376
3.71,-8.51,0.64,0.08,0.03,-0.00,483,445,442,334,376
3.54,-8.60,0.69,0.06,0.15,-0.01,484,445,441,334,376
3.63,-8.66,1.05,0.06,0.03,0.04,483,445,442,334,375
2.61,-8.84,1.57,0.15,0.17,-0.05,483,445,441,334,374
3.42,-8.54,1.16,0.01,0.06,-0.01,483,445,441,334,375
2.92,-8.82,1.34,0.09,0.11,0.01,483,445,441,335,374
2.58,-8.90,0.32,0.07,0.17,-0.02,484,445,441,334,374
3.07,-9.06,1.02,0.05,0.19,-0.06,484,445,442,334,374
3.67,-8.91,1.00,0.02,0.23,-0.12,484,444,442,334,374
3.18,-9.01,1.64,0.04,0.27,-0.02,484,444,442,334,374
4.35,-8.56,2.00,-0.18,0.05,-0.07,483,444,442,334,373
3.71,-8.48,2.21,0.13,0.26,-0.12,483,444,442,334,373
3.62,-8.45,1.99,-0.01,0.09,0.05,483,444,443,334,373
3.75,-8.76,1.22,0.03,0.10,0.01,483,444,442,335,373
2.41,-9.03,1.42,0.05,0.17,0.05,485,444,442,334,373
END
2.52,-9.66,2.08,0.05,-0.07,-0.26,507,462,455,335,368
4.47,-8.03,2.00,-0.09,-0.04,0.02,507,462,455,335,367
2.99,-8.41,1.14,0.03,-0.02,-0.06,506,462,455,335,367
4.26,-8.64,2.54,0.09,0.07,-0.03,506,462,455,336,367
3.81,-8.23,1.18,-0.08,-0.01,0.03,506,462,455,335,367
3.28,-8.08,0.75,0.07,0.07,-0.03,506,462,454,336,367
2.94,-8.28,1.13,0.04,0.20,0.01,506,462,454,335,367
3.88,-8.87,2.36,0.11,0.08,-0.14,505,462,455,335,367
3.32,-8.95,1.72,-0.09,0.09,-0.10,506,462,454,335,367
4.43,-8.84,2.10,-0.08,0.10,-0.09,506,462,454,336,367
3.65,-8.42,0.87,-0.19,0.02,-0.09,506,462,454,336,368
3.32,-8.31,1.07,0.01,0.13,-0.08,505,462,454,336,367
4.03,-8.66,1.37,0.04,0.04,-0.17,506,461,453,336,367
4.13,-8.15,1.17,-0.05,0.10,-0.02,506,462,453,335,367
3.64,-8.37,2.01,0.12,0.10,-0.19,505,461,453,335,367
3.11,-8.08,1.01,-0.13,0.05,0.03,505,461,453,335,367
3.47,-8.02,1.72,-0.03,0.09,-0.09,505,461,453,335,367
4.22,-8.24,1.09,-0.01,-0.05,-0.04,505,461,452,335,368
4.94,-8.73,2.12,0.08,0.01,-0.18,505,461,452,335,367
3.50,-8.55,1.41,0.08,0.11,-0.04,505,461,452,334,367
5.41,-8.55,3.59,-0.02,0.01,-0.12,505,460,452,335,368
3.78,-7.88,1.51,0.03,0.18,0.03,505,460,452,335,367
4.57,-7.64,1.95,0.09,0.10,0.01,505,460,451,335,367
3.79,-7.79,2.05,0.10,0.07,-0.06,505,460,452,335,367
3.37,-7.54,1.51,0.15,0.12,-0.01,505,460,451,335,368
3.43,-7.98,2.51,0.13,0.21,0.01,505,460,451,335,367
4.73,-7.59,2.15,0.15,0.09,-0.09,505,460,451,335,367
3.41,-7.72,2.16,0.15,0.20,-0.04,504,460,450,334,367
3.77,-7.53,2.65,0.15,0.20,-0.14,504,459,450,334,367
4.08,-7.77,3.75,0.17,0.24,-0.09,504,459,450,333,367
3.94,-8.18,4.49,0.11,0.25,-0.07,504,458,450,334,367
3.70,-8.61,4.48,0.06,0.22,-0.08,504,459,450,333,367
3.91,-8.33,3.81,0.06,0.29,-0.02,504,458,450,333,367
3.40,-8.77,3.70,0.05,0.24,-0.11,504,458,450,332,367
3.72,-7.83,4.63,0.06,0.25,-0.07,504,458,450,332,366
3.95,-6.50,4.72,0.16,0.26,0.01,504,458,450,331,366
END
3.22,-6.62,4.59,-0.01,0.26,0.02,499,458,448,332,373
5.06,-8.06,1.77,0.07,0.04,-0.04,499,458,448,332,373
4.70,-8.38,1.34,0.05,-0.07,-0.10,498,458,448,332,373
3.66,-8.56,0.57,-0.01,-0.00,-0.03,498,458,447,332,373
4.21,-8.59,1.47,0.01,0.01,-0.05,498,458,448,332,373
3.22,-8.15,-0.59,-0.16,0.16,0.11,499,458,448,332,373
4.52,-8.31,1.00,0.16,0.11,-0.18,498,458,447,332,373
4.50,-8.40,1.04,-0.07,0.16,0.11,498,459,447,332,373
5.13,-8.54,2.15,-0.01,0.04,-0.03,498,459,447,332,373
3.70,-8.50,0.97,-0.24,0.15,0.15,498,459,447,332,372
4.32,-8.46,1.55,0.08,-0.03,-0.10,498,459,447,332,372
2.70,-8.25,0.16,-0.07,0.13,0.11,498,458,447,332,373
3.63,-8.34,0.62,0.20,-0.02,-0.30,497,458,446,332,372
4.92,-8.43,2.01,0.01,0.05,0.03,498,458,447,331,372
4.64,-8.20,1.86,0.03,0.08,-0.13,498,458,446,332,372
4.66,-8.08,2.10,0.01,0.11,-0.07,498,458,446,332,372
4.35,-7.82,1.45,0.05,0.08,-0.16,497,458,446,332,372
3.80,-7.63,1.32,0.09,0.09,-0.17,497,458,446,332,372
4.69,-7.55,2.27,0.16,0.08,-0.08,498,458,446,332,372
4.87,-7.75,1.64,0.09,0.09,-0.06,497,458,446,332,372
4.70,-8.00,2.68,0.05,0.14,-0.01,498,457,446,331,371
5.31,-8.12,3.04,0.06,0.10,-0.14,497,457,445,331,371
5.05,-7.97,1.80,0.01,0.08,0.01,497,457,446,331,371
4.73,-8.12,1.52,0.16,0.13,-0.03,497,457,445,331,370
4.15,-8.13,2.15,0.12,0.15,0.01,497,457,445,331,371
4.05,-7.87,3.11,0.17,0.15,-0.12,497,456,445,330,370
5.00,-7.52,3.24,0.18,0.13,-0.17,497,456,445,331,370
4.08,-7.77,3.27,0.01,0.12,0.06,496,456,445,331,370
4.01,-7.65,3.29,0.01,0.16,-0.03,497,456,445,330,370
3.75,-7.94,3.31,0.01,0.20,0.00,497,456,446,330,370
3.77,-7.92,3.54,-0.04,0.16,-0.11,497,456,445,331,370
4.88,-8.00,3.30,-0.04,0.10,-0.14,497,455,445,330,370
4.64,-7.84,2.30,-0.08,0.17,-0.04,497,456,445,330,371
3.91,-8.11,4.11,-0.01,0.25,0.09,497,456,445,330,371
3.07,-7.72,3.52,0.06,0.24,-0.23,497,455,445,330,371
3.91,-7.16,3.30,0.10,0.23,-0.07,497,455,445,330,371
END
3.57,-7.04,4.67,0.02,0.25,-0.09,492,452,442,331,370
4.90,-8.03,0.60,0.02,0.10,-0.00,492,452,443,331,370
4.50,-8.30,0.25,-0.05,0.16,0.07,492,452,443,331,371
4.07,-8.03,0.30,0.02,0.06,-0.08,493,452,443,332,371
5.64,-7.94,1.63,0.06,0.22,-0.08,492,452,442,332,371
5.20,-7.98,0.66,-0.07,0.06,-0.07,492,452,442,332,371
4.79,-8.21,0.32,0.01,0.12,0.03,492,452,443,332,371
5.30,-8.58,0.10,-0.03,-0.02,-0.04,492,452,442,332,371
3.82,-8.46,-0.02,-0.05,0.22,0.13,492,452,442,331,370
4.89,-8.43,0.88,-0.08,-0.01,-0.12,492,452,442,331,371
4.16,-7.63,-0.05,-0.07,0.18,0.06,492,452,442,332,371
5.60,-7.41,0.81,0.02,-0.03,-0.11,492,452,442,332,371
4.93,-7.57,1.40,0.12,0.01,-0.10,492,452,442,331,371
4.63,-8.06,0.95,-0.00,0.09,0.03,492,452,442,332,372
4.20,-8.26,0.24,-0.00,0.11,-0.08,492,452,442,332,371
5.92,-8.29,1.73,0.08,0.01,-0.23,492,452,442,332,371
4.80,-7.55,1.03,0.02,0.08,-0.20,492,452,442,332,371
5.24,-7.72,1.58,0.08,0.11,-0.15,492,452,442,331,371
5.79,-7.60,1.51,0.09,0.10,-0.10,492,452,442,332,371
4.95,-7.76,0.97,0.10,0.14,0.03,492,452,442,331,371
5.86,-8.01,2.20,0.11,0.08,0.03,492,452,442,331,371
5.39,-8.76,1.75,0.09,0.17,0.18,492,452,442,331,371
3.82,-8.26,1.17,0.07,0.23,0.13,492,452,441,331,371
4.18,-7.72,1.67,0.21,0.10,-0.10,493,452,442,331,371
4.90,-7.44,2.76,0.14,0.14,-0.06,492,452,442,331,370
4.84,-7.37,2.49,0.13,0.24,-0.05,493,452,442,331,370
4.63,-7.62,2.76,-0.06,0.08,0.07,493,451,442,331,370
4.00,-7.73,2.20,0.19,0.14,-0.22,494,452,442,331,369
3.90,-7.90,2.20,0.12,0.14,0.10,494,452,442,331,369
4.39,-7.59,4.08,0.19,0.28,0.05,494,452,442,331,369
4.72,-7.49,4.39,0.13,0.27,0.01,494,452,442,331,369
4.16,-7.47,4.00,0.06,0.20,-0.00,493,452,442,331,368
3.02,-7.62,3.69,0.03,0.08,-0.26,493,451,442,330,368
3.61,-7.35,2.64,0.10,0.14,-0.11,493,451,442,330,367
3.14,-8.01,4.01,0.13,0.24,-0.26,494,451,442,330,368
4.54,-6.43,4.16,0.15,0.30,-0.20,495,452,442,330,369
END
4.32,-7.02,5.49,0.11,0.36,-0.20,488,452,440,331,373
4.43,-7.74,1.39,-0.12,0.07,0.05,488,452,440,331,373
4.44,-7.50,1.44,-0.04,0.07,0.02,488,452,440,331,373
4.27,-6.88,0.52,0.01,0.10,-0.00,488,451,440,331,373
4.85,-8.13,3.32,0.18,0.08,-0.10,488,452,440,331,373
5.35,-8.31,2.25,-0.12,0.05,0.04,488,452,440,331,373
4.26,-8.59,1.58,-0.00,-0.01,-0.03,488,452,440,331,373
3.38,-8.38,0.34,-0.06,0.14,0.08,488,452,440,331,373
4.59,-8.36,1.91,0.08,-0.23,-0.35,488,452,440,331,373
5.68,-7.96,2.33,0.06,-0.03,-0.13,487,452,440,331,374
4.80,-8.10,2.07,-0.14,0.07,-0.09,487,452,440,331,374
4.23,-7.91,2.17,0.06,0.05,-0.21,488,452,440,331,374
5.17,-7.74,1.11,-0.24,-0.14,-0.08,487,452,440,331,374
4.24,-7.77,1.51,0.04,0.16,-0.12,487,452,440,331,374
6.02,-7.57,2.86,-0.04,-0.04,-0.15,487,451,439,331,374
4.72,-7.49,1.77,-0.07,0.21,0.03,487,452,440,331,374
6.41,-7.42,2.43,0.13,-0.03,-0.21,487,452,439,331,374
4.88,-7.98,1.13,0.06,0.22,-0.01,487,452,440,331,375
4.80,-8.10,1.03,0.06,0.15,0.04,487,452,439,330,375
3.66,-8.54,1.59,0.10,0.29,0.13,488,451,440,331,375
5.48,-8.11,3.24,0.01,0.11,0.08,487,451,440,330,374
4.97,-7.86,2.51,0.11,0.24,0.06,487,451,440,330,374
5.17,-7.29,2.99,0.08,0.11,-0.19,488,451,440,331,373
4.50,-7.67,3.19,0.12,0.23,0.02,488,451,440,330,374
4.34,-7.82,3.47,0.00,0.17,0.10,488,451,440,330,374
3.78,-7.66,3.22,-0.04,0.19,-0.09,489,451,440,330,374
3.79,-7.52,2.82,-0.09,0.17,0.11,489,451,440,330,375
4.43,-7.35,3.23,0.00,0.13,-0.01,489,450,439,330,375
3.53,-7.24,2.86,0.11,0.16,0.09,489,450,439,330,374
3.84,-8.13,4.04,0.06,0.05,-0.02,490,450,439,330,374
3.41,-7.68,2.92,0.06,0.07,-0.00,490,450,438,330,375
3.59,-8.13,3.55,0.08,0.09,0.04,491,450,439,330,375
4.19,-7.90,3.51,-0.02,0.07,-0.04,491,450,438,330,375
3.03,-8.05,3.35,-0.05,0.01,0.02,491,450,438,330,376
2.13,-8.41,3.39,0.03,0.10,-0.05,491,450,438,330,376
2.61,-8.36,3.42,0.04,0.20,-0.08,491,449,438,330,376
END
3.42,-8.58,3.78,0.11,0.23,-0.06,486,449,439,331,373
4.49,-7.88,0.79,-0.05,0.00,0.02,486,449,439,331,373
5.42,-7.86,2.26,0.08,-0.16,-0.12,486,449,439,331,373
4.30,-7.82,0.46,-0.11,0.06,0.10,486,449,438,331,373
4.11,-7.92,0.83,0.06,-0.03,-0.08,486,449,439,331,373
4.17,-8.29,1.28,0.03,0.10,-0.02,486,449,438,331,373
4.56,-8.54,1.10,0.01,0.05,-0.10,486,449,439,331,373
3.35,-8.64,0.50,-0.02,0.17,-0.00,486,449,439,331,374
4.79,-8.22,1.71,0.05,0.03,-0.21,486,449,439,331,375
4.26,-7.57,0.60,-0.02,0.12,-0.09,486,449,439,331,375
4.92,-7.51,2.04,0.17,0.11,-0.16,486,449,439,331,375
5.04,-7.88,1.72,0.02,0.04,-0.06,487,449,439,331,375
4.49,-8.38,1.26,0.02,0.09,-0.05,488,450,438,331,375
4.08,-8.03,1.31,0.05,0.13,-0.10,488,450,438,331,375
4.77,-7.85,1.83,0.07,0.13,0.03,488,450,438,331,374
6.43,-7.93,3.13,0.16,0.09,-0.14,488,450,438,331,374
4.91,-7.53,2.61,0.21,0.19,0.01,488,450,438,331,373
5.13,-7.59,2.63,0.06,0.12,0.07,488,450,438,331,373
4.25,-7.80,1.99,0.05,0.15,-0.01,488,450,438,331,373
4.30,-7.89,2.41,0.18,0.04,-0.20,488,450,438,331,373
4.29,-8.08,2.94,-0.00,0.12,-0.06,488,449,438,331,373
3.97,-8.12,1.97,0.12,0.16,-0.20,488,449,438,331,373
4.69,-7.18,3.07,-0.05,0.19,0.09,488,449,439,331,373
5.34,-7.52,4.11,0.18,0.15,-0.10,488,449,438,330,372
3.93,-7.47,3.60,0.05,0.23,0.05,487,449,438,330,372
3.92,-7.44,3.88,0.03,0.07,-0.05,488,449,438,330,373
5.08,-7.31,3.53,0.12,0.11,-0.21,487,449,438,330,373
4.61,-7.40,3.65,0.02,0.14,0.07,487,449,438,330,372
4.80,-8.17,3.65,0.02,0.10,0.09,488,449,438,330,372
4.12,-8.18,3.13,-0.04,0.12,0.14,488,449,438,330,372
3.38,-7.90,3.27,-0.03,0.12,0.05,488,449,439,330,372
3.23,-7.49,3.56,0.05,0.23,0.05,489,449,439,330,372
3.22,-7.47,3.99,-0.02,0.17,-0.07,488,449,439,330,372
3.62,-7.66,4.13,-0.04,0.08,-0.03,488,449,439,330,372
3.85,-7.87,3.80,0.04,0.19,0.00,487,448,439,329,372
3.64,-7.52,3.24,-0.04,0.08,-0.02,487,448,439,329,372
END
2.58,-7.75,3.57,0.09,0.21,-0.01,484,446,438,332,373
6.42,-7.84,1.65,0.32,-0.34,-0.48,484,446,438,332,373
5.41,-7.25,1.27,-0.17,0.24,0.23,484,447,438,332,373
4.55,-7.52,0.82,0.12,0.00,-0.16,484,447,437,332,372
5.69,-7.57,1.55,0.01,0.13,-0.01,484,446,438,332,372
4.59,-7.76,0.28,0.04,0.08,-0.05,484,447,437,332,373
5.42,-7.98,1.00,0.08,0.05,-0.08,484,446,437,332,373
4.51,-8.09,0.33,0.02,0.04,-0.08,484,447,437,332,373
5.21,-8.08,0.48,-0.29,-0.03,-0.09,484,447,437,332,372
5.24,-8.05,0.00,0.06,0.11,0.03,484,447,437,332,372
5.40,-8.00,0.93,-0.04,0.13,0.07,484,447,437,332,372
4.99,-8.11,1.12,0.08,0.17,-0.02,484,447,437,331,372
5.38,-7.84,1.66,0.00,0.06,-0.04,484,447,437,332,372
3.96,-7.47,0.88,0.12,0.18,-0.02,484,447,437,331,372
5.68,-7.42,1.84,0.04,0.16,0.10,484,447,437,332,373
2.89,-7.85,0.73,0.04,0.32,0.05,485,447,438,332,373
5.54,-8.31,3.00,0.09,0.18,-0.05,484,447,437,332,373
5.14,-8.09,1.82,-0.00,0.14,-0.08,484,447,437,331,373
4.60,-7.59,1.31,0.09,0.11,-0.06,485,447,437,331,373
4.63,-8.08,1.62,0.10,0.02,-0.05,485,447,437,331,373
3.70,-7.94,2.27,0.14,-0.06,-0.27,486,447,437,331,373
4.69,-7.83,2.18,-0.10,-0.11,-0.04,485,447,437,331,373
5.02,-8.10,2.18,0.06,0.16,-0.08,486,447,438,331,373
6.06,-8.26,2.79,0.02,0.14,-0.01,486,447,438,331,374
4.55,-7.62,1.96,0.00,0.22,0.10,486,447,438,331,374
4.72,-7.63,2.27,0.05,0.11,-0.10,486,447,438,331,373
4.47,-7.42,2.08,0.03,0.15,-0.00,486,447,438,331,373
3.72,-7.44,1.64,0.11,0.11,-0.28,486,447,438,331,373
4.55,-7.78,3.24,0.02,0.24,0.09,486,447,438,331,374
4.53,-7.68,2.71,0.03,0.18,-0.03,486,447,439,331,374
4.19,-8.26,2.91,-0.07,0.13,0.06,485,447,439,331,373
4.23,-7.93,2.50,0.02,0.22,-0.01,486,447,438,331,374
4.57,-8.01,2.35,-0.04,0.18,-0.04,485,446,439,331,374
4.59,-7.82,2.65,-0.08,0.15,0.03,485,446,440,331,374
3.42,-7.75,3.32,0.08,0.33,0.04,485,446,440,330,374
4.72,-8.76,4.03,0.04,0.14,-0.07,485,446,440,331,374
END
2.75,-8.20,3.65,0.12,0.20,0.05,483,446,439,331,370
4.15,-8.51,1.16,0.05,-0.05,-0.06,482,446,439,331,370
3.68,-7.93,0.75,-0.06,0.12,0.05,483,446,438,331,370
4.25,-8.09,2.09,0.11,0.06,-0.12,483,446,438,331,371
4.54,-8.46,2.53,0.01,0.02,-0.09,483,446,438,331,370
4.23,-8.64,1.92,-0.01,0.01,-0.06,483,446,438,331,371
4.12,-8.26,0.75,-0.06,-0.05,-0.08,483,447,438,331,372
3.64,-8.26,0.71,-0.05,0.16,0.01,484,448,438,331,373
4.27,-8.11,0.95,0.04,0.07,-0.07,484,448,439,332,375
4.89,-8.25,1.82,0.05,0.07,0.01,485,449,439,331,375
4.19,-8.26,1.60,0.04,-0.00,-0.03,485,448,439,331,375
4.54,-8.21,2.44,0.03,0.15,0.05,485,448,439,331,375
3.70,-8.03,1.26,-0.03,0.11,-0.02,485,449,439,330,375
4.49,-7.82,1.91,0.02,0.11,0.00,485,449,439,331,375
3.79,-7.93,1.68,0.01,0.10,-0.06,486,449,439,330,376
4.06,-8.15,2.28,0.09,0.08,0.01,486,449,439,331,376
3.60,-8.36,2.48,-0.08,0.04,-0.05,486,448,439,330,376
3.05,-8.61,1.94,0.00,0.03,-0.12,486,448,439,331,375
4.57,-8.13,2.40,-0.03,0.03,-0.06,486,448,439,330,375
4.29,-8.10,2.10,-0.01,0.06,-0.11,486,448,439,330,374
3.93,-8.35,1.65,0.09,0.10,0.04,486,448,439,330,375
3.88,-8.65,2.11,0.10,0.16,0.09,487,448,439,330,375
3.56,-8.56,2.25,0.15,0.17,0.03,488,449,439,330,375
3.73,-8.25,2.79,0.11,0.14,0.13,488,448,439,330,375
3.24,-8.16,2.65,0.05,0.13,-0.04,488,448,440,330,375
3.48,-7.85,2.68,-0.14,0.01,-0.00,488,448,440,330,374
2.76,-7.61,2.04,0.22,0.24,-0.23,488,448,439,330,374
3.70,-7.75,3.16,0.08,0.15,-0.07,487,448,440,330,374
2.60,-7.60,2.73,0.22,0.31,-0.06,487,447,439,330,374
3.61,-8.42,3.20,0.11,0.23,-0.05,487,448,440,330,374
3.39,-8.43,3.67,0.07,0.22,-0.02,487,447,439,330,374
3.54,-8.41,4.08,-0.03,0.15,-0.07,486,447,439,330,373
3.60,-8.92,4.02,0.06,0.16,-0.10,486,447,439,330,374
3.42,-8.13,3.85,0.01,0.12,0.04,486,447,439,330,373
3.45,-8.54,3.99,0.02,0.03,-0.13,486,447,439,329,374
3.01,-7.98,3.48,-0.05,0.09,-0.09,486,447,439,329,374
END
2.80,-8.16,3.68,0.06,0.11,-0.09,482,445,438,333,376
5.43,-7.47,1.35,0.00,-0.03,0.05,482,445,438,333,375
4.76,-7.30,0.35,-0.01,-0.04,0.05,482,445,437,333,376
4.58,-7.70,1.08,0.14,-0.01,0.00,482,445,438,333,376
5.11,-7.94,1.84,0.13,-0.02,0.01,482,445,437,333,376
4.75,-8.00,1.25,0.05,-0.04,0.00,482,445,438,333,376
5.06,-8.09,1.78,0.11,-0.11,-0.15,482,445,438,333,376
4.19,-8.24,0.88,-0.07,0.05,0.07,482,445,438,333,376
4.89,-8.10,1.19,0.02,0.00,-0.11,482,445,438,333,376
4.16,-8.15,1.21,-0.05,0.24,-0.07,483,446,438,333,376
5.38,-7.74,2.15,0.00,0.08,-0.21,482,446,438,333,376
5.21,-7.39,1.48,-0.09,0.23,-0.00,483,445,438,333,376
5.48,-7.19,1.37,0.04,0.04,-0.10,482,445,438,333,376
4.54,-7.56,0.51,-0.00,0.17,0.09,483,445,438,333,375
4.87,-7.91,1.59,0.17,0.06,-0.11,482,445,438,333,375
4.91,-7.90,1.71,-0.02,0.21,0.11,482,445,438,333,375
5.32,-8.03,2.27,0.13,0.08,-0.12,482,445,438,333,375
5.26,-7.97,2.10,-0.03,0.11,0.02,482,445,438,333,375
4.85,-8.18,2.23,0.11,0.07,-0.06,483,445,438,333,374
4.26,-8.48,1.51,0.02,0.08,-0.02,483,445,438,333,374
4.67,-8.49,1.84,0.17,0.17,-0.09,483,445,438,332,374
4.52,-8.21,2.63,0.22,0.33,0.02,482,445,438,332,374
5.21,-7.65,3.88,0.14,0.24,0.02,483,445,438,332,373
4.24,-7.06,3.32,0.12,0.23,0.11,483,445,438,332,373
4.01,-7.03,2.64,0.03,0.07,-0.05,483,445,437,331,373
3.44,-7.28,2.68,0.21,0.19,-0.07,483,445,438,331,373
3.78,-7.71,3.19,0.06,0.25,0.08,484,445,437,331,373
3.02,-7.52,4.19,0.25,0.32,-0.21,484,445,438,331,373
4.59,-7.08,4.95,0.13,0.26,0.07,483,445,438,331,373
3.11,-7.03,4.56,0.03,0.17,-0.07,484,445,438,331,372
3.69,-7.41,4.62,0.02,0.08,-0.04,484,445,438,331,372
3.30,-7.94,4.02,-0.06,0.14,0.08,484,445,438,331,372
3.71,-8.07,4.19,0.12,0.18,-0.05,484,445,438,330,372
3.96,-7.53,4.20,0.06,0.29,0.18,483,444,438,330,372
3.39,-7.86,4.08,-0.02,0.20,0.22,483,445,438,330,372
2.39,-7.48,4.00,0.11,0.21,0.02,484,445,438,330,371
END
2.53,-7.18,4.97,0.11,0.17,-0.07,479,444,436,332,374
4.54,-8.03,1.97,-0.09,-0.03,-0.01,479,443,436,331,374
4.68,-8.00,1.54,-0.07,-0.01,-0.11,480,443,436,332,374
4.55,-7.95,1.21,-0.08,0.02,-0.05,479,444,436,331,374
4.58,-8.18,1.17,-0.02,-0.03,-0.12,479,444,436,331,374
4.03,-7.96,0.07,-0.04,0.10,-0.02,480,443,436,332,374
5.30,-7.72,0.52,0.11,-0.01,-0.13,480,444,436,332,374
4.79,-7.90,0.60,0.09,0.14,0.09,480,444,436,332,374
5.41,-7.85,1.15,0.23,-0.02,-0.15,480,444,436,331,375
4.73,-7.50,1.18,-0.01,0.24,0.09,480,444,436,332,375
4.74,-8.16,1.44,0.06,0.06,-0.12,480,444,436,332,375
4.05,-8.73,1.82,-0.03,0.22,0.02,480,444,436,332,374
4.62,-8.03,1.32,0.12,0.10,-0.23,480,444,436,332,374
4.75,-7.75,1.56,0.07,0.10,-0.01,480,444,436,332,374
4.50,-7.72,2.02,0.10,0.05,-0.11,480,444,436,332,374
4.85,-7.58,2.43,0.01,0.10,-0.00,480,444,436,331,374
4.51,-7.69,2.21,0.08,0.21,-0.00,480,444,436,332,374
5.46,-8.14,2.94,0.01,0.06,-0.02,480,444,436,332,373
4.72,-8.13,1.90,0.05,0.17,0.02,479,444,436,332,373
5.04,-8.26,2.18,-0.01,0.02,0.08,479,444,436,332,373
3.84,-8.08,1.85,0.07,0.14,-0.02,480,444,435,332,373
5.02,-7.76,3.17,-0.01,0.03,0.06,479,443,436,331,373
3.62,-7.81,1.94,0.08,0.16,-0.04,480,443,436,331,372
4.16,-7.60,2.42,0.15,0.02,-0.18,479,443,435,331,372
3.71,-8.20,2.63,0.07,0.08,-0.04,480,443,436,332,372
4.86,-7.77,2.76,0.07,0.10,-0.02,480,443,436,331,372
5.33,-7.75,3.46,-0.01,0.23,0.23,480,444,436,331,372
3.19,-7.69,2.90,0.05,0.22,0.10,481,444,436,331,372
4.09,-7.89,3.65,0.13,0.01,-0.11,481,443,436,331,371
2.83,-8.01,2.79,0.12,0.17,-0.12,481,444,436,331,371
4.04,-8.03,3.52,0.05,0.02,-0.23,481,444,435,331,371
3.83,-7.84,3.22,-0.14,0.22,0.17,481,444,435,331,371
4.25,-7.97,3.63,-0.06,0.08,0.00,482,443,435,330,371
3.21,-8.10,3.53,-0.03,0.13,0.21,482,443,436,331,371
3.62,-8.26,3.14,-0.03,0.02,-0.02,482,443,435,331,371
2.71,-8.08,3.42,0.05,0.10,0.04,482,444,436,331,371
END
3.42,-8.48,3.47,0.09,0.01,-0.13,480,443,436,334,371
5.88,-7.55,1.39,-0.01,0.12,-0.05,479,443,436,333,371
4.70,-8.03,0.17,-0.07,0.22,0.06,479,443,435,333,371
4.91,-7.77,0.66,-0.03,0.21,0.12,479,443,435,333,371
6.25,-7.53,1.40,0.03,-0.06,-0.03,479,443,435,335,371
4.97,-7.15,1.61,-0.04,-0.11,-0.02,479,443,435,333,371
5.54,-7.82,1.60,0.21,-0.04,-0.13,480,443,435,333,371
6.42,-7.26,1.26,-0.07,-0.06,0.00,480,443,435,333,371
5.94,-7.60,1.54,-0.03,0.05,0.03,479,443,435,333,371
5.64,-7.49,1.18,0.02,-0.01,-0.05,480,444,436,333,372
6.20,-7.68,2.26,0.02,-0.09,-0.11,480,444,435,333,372
5.76,-6.91,2.18,0.01,0.04,0.00,480,443,436,333,372
5.72,-6.84,1.56,0.08,-0.04,-0.11,480,443,435,333,372
4.39,-7.11,0.80,0.08,0.14,-0.05,480,444,435,333,372
5.71,-7.44,1.41,0.10,0.09,-0.12,480,443,435,333,372
5.47,-7.47,1.32,-0.03,0.28,0.15,480,443,435,332,372
5.22,-7.47,1.26,0.04,0.15,-0.12,480,443,435,333,373
6.27,-7.57,3.17,0.02,0.12,0.04,480,443,435,333,373
4.74,-7.80,2.12,0.04,0.04,-0.12,480,443,435,333,373
4.94,-7.84,1.79,-0.11,0.04,0.05,479,443,435,333,372
5.81,-7.95,2.25,0.04,0.07,-0.07,480,443,436,333,372
3.98,-8.51,1.18,-0.02,0.22,0.12,481,443,436,332,371
6.55,-8.06,2.71,0.00,0.08,-0.04,480,443,436,332,371
5.02,-7.81,2.41,-0.05,0.20,0.11,480,443,436,332,371
6.07,-7.70,2.38,-0.12,0.04,0.08,480,443,436,332,371
4.64,-7.27,2.47,0.09,0.22,-0.04,481,443,436,332,371
5.28,-7.01,2.86,-0.05,0.10,0.08,480,443,436,332,370
4.56,-7.83,2.58,0.07,0.05,-0.06,481,443,435,332,370
3.27,-7.48,1.72,0.06,0.27,0.11,481,443,436,332,370
4.76,-6.73,2.31,0.09,0.13,-0.06,481,443,436,332,370
3.93,-7.88,3.50,0.13,0.25,0.10,481,443,436,332,370
4.16,-8.10,3.54,0.03,0.18,0.03,481,443,436,332,370
4.34,-7.72,3.15,0.08,0.16,-0.01,481,443,436,332,370
3.29,-7.51,2.30,0.10,0.26,-0.00,482,443,436,331,369
2.71,-8.05,4.59,0.33,0.43,-0.09,481,443,436,331,368
3.19,-7.86,4.69,0.22,0.46,0.04,481,443,436,331,368
END
3.19,-7.95,4.96,0.18,0.29,-0.19,478,442,435,331,373
6.39,-7.75,0.90,0.03,-0.07,-0.06,478,442,435,332,373
4.97,-7.35,-0.79,-0.10,0.01,0.08,478,442,436,332,373
6.18,-7.75,0.93,0.14,-0.01,-0.13,478,442,435,332,373
4.97,-7.27,-0.39,-0.08,0.05,-0.05,478,442,435,332,373
6.27,-6.92,0.05,0.07,0.07,-0.16,478,442,436,332,373
6.27,-7.11,-0.09,-0.01,0.11,-0.05,478,442,436,332,373
6.58,-7.74,0.58,0.10,0.08,-0.03,478,442,435,332,373
5.70,-7.89,-0.47,0.01,0.10,0.05,479,443,436,332,373
6.15,-8.03,0.18,0.05,0.12,0.08,479,443,436,332,373
4.34,-7.42,-1.55,-0.02,0.07,-0.01,479,443,436,332,373
5.18,-7.21,0.32,0.17,0.05,-0.18,479,443,435,332,373
6.42,-7.02,2.08,0.13,0.25,-0.06,479,443,435,332,373
6.60,-6.87,1.21,-0.02,0.03,-0.12,479,443,436,332,374
5.38,-7.55,1.56,0.04,0.25,-0.02,479,443,435,332,372
6.70,-7.28,0.93,-0.28,-0.04,-0.16,478,443,435,332,371
5.29,-6.80,1.39,0.19,0.19,-0.33,479,443,435,332,370
6.12,-7.18,1.27,-0.02,0.09,0.10,478,442,435,332,370
6.57,-7.62,1.19,0.14,0.25,-0.02,478,442,435,332,370
6.58,-7.60,1.29,-0.01,0.21,0.14,478,442,435,332,370
6.07,-7.58,2.14,0.08,0.23,0.12,479,442,434,332,369
6.12,-6.45,1.70,-0.08,0.16,-0.01,478,442,434,332,369
5.38,-6.88,2.96,0.19,0.26,0.26,478,442,434,331,369
4.72,-7.44,1.85,0.03,0.09,-0.21,479,442,434,331,368
4.34,-7.16,2.43,0.12,0.15,0.01,479,441,434,331,368
4.79,-7.09,2.38,0.08,0.16,-0.11,479,441,434,331,368
5.51,-7.10,2.71,0.01,0.25,0.06,479,441,434,331,368
5.32,-7.17,3.55,0.06,0.22,-0.00,479,441,434,331,368
5.39,-7.34,2.76,-0.04,0.06,0.09,479,441,434,332,368
4.33,-7.39,2.68,-0.01,0.00,-0.09,479,441,434,331,368
4.74,-7.77,2.12,0.06,0.14,0.12,479,441,434,331,368
5.15,-7.40,2.74,-0.03,0.04,-0.07,479,441,434,331,368
4.72,-7.70,2.85,0.04,0.16,0.12,479,441,434,332,368
4.68,-7.78,2.96,0.03,0.18,0.16,480,441,434,331,368
4.23,-7.67,3.65,0.06,0.21,0.19,480,441,434,331,368
3.99,-7.00,3.02,0.02,0.19,0.08,480,441,434,331,368
END
3.29,-7.28,3.76,0.02,0.09,0.09,479,441,435,333,369
5.03,-8.05,0.82,0.04,0.04,-0.07,478,442,435,333,369
4.85,-7.83,0.42,-0.07,0.04,-0.02,478,442,435,333,369
4.76,-7.92,0.42,0.03,0.02,-0.04,478,442,434,333,369
4.74,-7.99,0.45,-0.02,0.10,0.03,478,442,434,333,368
4.40,-8.20,0.66,0.05,0.06,-0.02,478,442,435,333,369
4.68,-7.88,-0.05,0.03,0.01,-0.07,478,442,435,333,369
4.65,-8.07,0.47,0.11,0.09,-0.03,478,442,435,333,369
4.13,-7.54,-1.03,0.18,0.07,-0.04,478,442,435,333,370
5.31,-8.22,1.65,0.32,0.18,-0.06,478,442,434,333,369
4.07,-8.23,0.62,0.07,0.14,0.05,478,442,435,333,370
4.63,-8.55,1.58,0.20,0.09,-0.08,478,442,435,333,370
4.90,-8.48,2.11,0.01,0.10,-0.08,478,442,435,333,371
3.96,-8.35,1.35,0.03,0.10,-0.09,478,442,436,333,371
3.98,-7.85,2.00,0.09,0.45,0.12,478,442,436,333,372
4.62,-7.95,3.08,0.01,0.18,0.02,478,442,436,332,372
3.99,-8.05,1.54,0.05,0.11,0.05,478,442,436,332,371
4.21,-7.98,1.45,0.07,-0.04,-0.24,478,442,435,332,370
5.47,-8.56,2.98,0.04,-0.04,0.00,478,442,435,332,370
5.14,-8.40,2.00,-0.03,0.01,-0.08,478,442,435,332,371
4.03,-8.13,2.62,0.06,0.17,-0.05,478,442,435,332,371
3.45,-7.88,1.78,0.03,0.19,-0.03,479,441,436,332,371
3.82,-7.77,2.77,0.07,0.23,-0.15,479,441,436,332,370
3.64,-7.17,3.14,0.15,0.31,-0.06,479,441,436,332,370
4.61,-7.08,3.85,0.20,0.18,0.07,479,441,436,331,370
3.85,-7.84,3.72,0.13,0.24,-0.09,479,441,436,331,370
4.01,-7.99,3.56,0.06,0.24,0.10,479,441,436,331,370
3.69,-7.98,2.99,0.02,0.18,-0.07,479,441,436,331,370
4.74,-7.26,3.91,0.01,0.14,-0.06,479,441,436,331,370
3.62,-7.42,3.33,0.02,0.08,-0.02,479,441,436,331,370
3.46,-7.57,3.23,0.07,0.17,-0.05,479,441,436,330,370
3.78,-7.50,4.07,0.08,0.23,0.23,479,441,436,331,370
2.31,-7.87,3.78,0.06,0.15,0.01,479,440,436,331,370
2.74,-8.04,4.54,0.09,0.12,-0.14,479,440,436,331,370
2.38,-8.25,4.44,0.03,0.12,-0.02,479,441,436,330,370
2.88,-8.51,3.80,-0.05,0.09,-0.09,479,441,436,331,370
END
3.17,-7.87,4.65,0.04,0.22,0.03,478,441,436,333,375
4.33,-8.10,-0.28,0.05,-0.08,-0.07,478,441,436,333,374
4.78,-8.31,0.46,0.10,-0.07,-0.05,478,441,435,333,374
5.77,-8.11,1.68,0.08,-0.02,0.00,478,441,435,333,374
4.74,-7.95,0.78,0.01,-0.01,-0.02,477,441,435,333,374
4.72,-7.99,-0.18,-0.03,0.04,0.01,478,441,435,333,374
4.08,-7.93,-0.01,0.10,0.07,-0.14,478,441,435,333,374
5.71,-7.88,1.25,0.07,0.07,-0.10,478,441,435,333,374
6.12,-7.67,1.14,0.14,0.04,-0.13,478,441,435,333,374
4.74,-7.80,0.04,-0.01,0.06,-0.02,478,441,435,333,374
4.56,-7.80,0.95,0.16,0.14,-0.05,478,441,435,333,374
4.80,-8.08,0.54,0.04,0.12,-0.08,478,441,435,333,374
4.70,-7.62,1.12,0.18,0.22,-0.14,478,441,436,333,374
6.20,-7.31,2.80,0.12,0.14,-0.07,478,441,436,333,374
5.45,-7.56,2.02,0.15,0.19,0.02,478,441,435,333,375
5.36,-7.44,2.03,0.09,0.12,0.01,477,440,435,333,374
5.35,-7.60,1.52,0.06,0.06,0.01,478,441,435,333,374
3.77,-7.82,1.06,0.10,0.21,0.04,478,440,435,333,372
5.38,-8.09,2.12,-0.01,0.08,-0.02,478,441,436,333,374
4.48,-8.10,2.38,0.18,0.23,-0.11,478,441,436,333,373
5.33,-7.47,2.94,0.10,0.18,0.02,478,441,436,333,373
4.72,-7.73,2.75,0.10,0.16,-0.05,478,440,435,333,373
4.54,-7.70,2.63,0.05,0.19,0.08,478,440,436,333,373
4.24,-7.84,2.42,-0.05,0.11,0.06,479,441,436,334,373
3.72,-8.04,2.85,-0.02,0.17,0.08,479,440,436,333,373
4.39,-7.78,3.15,-0.00,0.17,-0.01,478,440,436,333,373
4.52,-7.71,3.56,0.09,0.25,0.03,479,440,436,333,373
4.29,-8.06,3.54,0.02,0.19,0.03,479,440,436,333,373
3.77,-8.07,3.34,-0.00,0.16,0.10,479,440,436,332,372
3.45,-8.46,3.26,-0.06,0.16,0.13,479,440,437,333,372
3.07,-8.30,3.19,-0.09,0.15,0.10,479,440,436,332,372
3.08,-7.82,2.61,-0.13,0.13,0.03,480,440,436,332,371
2.43,-7.31,4.23,0.19,0.19,-0.08,481,440,437,332,371
3.11,-7.82,3.55,-0.05,0.28,0.09,481,440,437,332,371
2.42,-8.28,4.31,0.06,0.19,0.03,481,440,437,332,371
2.35,-8.68,3.84,-0.02,0.09,-0.11,481,440,436,332,371
END
2.91,-8.19,3.90,-0.04,-0.04,-0.25,476,440,435,334,371
4.88,-7.64,-0.62,-0.04,0.08,0.04,476,440,435,333,371
5.28,-8.19,0.38,0.11,-0.00,-0.10,476,440,435,334,371
5.34,-7.82,-0.11,-0.02,-0.03,-0.02,476,440,435,334,371
4.40,-8.08,-0.22,0.07,-0.02,-0.07,476,440,435,334,371
4.82,-8.13,-0.57,0.02,0.01,-0.02,476,440,435,334,371
4.57,-8.20,-0.66,0.07,0.05,-0.05,476,440,435,334,371
5.15,-8.14,-0.07,0.04,0.13,0.06,476,440,435,334,371
4.94,-8.34,0.29,0.02,0.07,-0.02,476,440,435,334,371
4.41,-8.11,-0.25,-0.03,0.12,0.05,476,440,435,334,371
4.74,-8.17,-0.09,0.07,0.04,-0.11,476,440,435,333,371
4.64,-8.11,-0.25,0.05,0.12,-0.01,476,440,435,334,371
4.72,-8.23,-0.37,0.04,0.02,-0.08,476,440,435,334,371
4.49,-8.21,0.06,0.10,0.10,-0.03,476,440,435,334,372
5.69,-8.40,0.69,0.08,-0.00,-0.09,476,440,435,333,372
3.95,-8.29,-0.06,0.10,0.24,0.04,477,440,436,333,372
5.66,-8.25,1.00,0.08,0.06,-0.10,476,440,436,334,372
4.83,-8.12,0.75,0.04,0.12,-0.05,477,440,435,334,372
4.62,-7.80,0.34,0.05,0.04,-0.14,477,440,435,334,372
4.87,-7.96,0.72,0.13,0.11,-0.16,477,440,435,334,372
5.20,-7.72,0.94,0.06,0.01,-0.18,477,440,435,334,372
4.33,-7.59,1.06,0.12,0.19,-0.16,477,440,435,334,371
5.56,-7.74,1.42,0.08,0.14,-0.04,477,440,435,334,372
5.31,-7.93,1.26,0.10,0.19,0.00,477,440,435,334,371
5.12,-7.88,0.98,0.08,0.27,0.25,477,440,435,334,371
5.54,-7.91,2.17,0.14,0.07,-0.06,477,440,435,334,372
4.59,-7.95,2.00,0.07,0.19,0.07,477,440,435,333,372
4.55,-7.84,2.07,0.09,0.07,-0.04,477,440,435,334,372
4.32,-7.82,1.90,0.06,0.09,-0.04,478,440,436,334,371
4.16,-7.57,1.73,0.11,0.11,-0.13,477,440,435,333,371
4.36,-8.07,1.95,0.08,0.14,0.04,477,440,435,333,371
4.58,-8.05,2.99,0.05,0.19,-0.03,477,440,435,334,371
3.81,-7.85,2.53,-0.12,0.21,-0.03,477,440,434,333,370
3.95,-7.49,2.98,0.08,0.32,-0.08,477,440,435,333,370
4.90,-7.54,3.45,0.03,0.15,-0.04,476,439,435,332,370
4.41,-8.03,3.18,0.17,0.26,0.09,477,440,435,332,370
END
4.41,-8.34,3.27,0.03,0.17,0.15,473,440,434,335,373
5.64,-7.37,0.10,0.02,-0.05,-0.02,474,439,434,335,373
6.21,-7.11,0.01,0.01,-0.10,-0.05,473,439,434,335,373
5.18,-7.62,-0.47,0.01,0.09,0.08,474,439,433,335,373
5.92,-7.78,0.06,0.08,0.01,-0.02,473,439,434,335,373
5.21,-7.85,-0.45,0.04,0.10,0.07,474,439,433,335,373
5.99,-8.08,-0.09,0.07,0.07,0.02,473,439,433,335,373
4.83,-8.02,-0.71,-0.00,0.09,0.08,473,439,433,335,373
4.92,-8.10,0.14,0.09,0.09,0.01,474,438,434,335,374
5.35,-7.93,0.02,0.00,0.10,0.02,474,439,433,335,374
5.21,-7.72,0.02,0.03,0.11,-0.03,474,440,433,335,373
4.95,-7.99,0.14,0.02,0.13,-0.00,474,439,433,335,374
4.94,-7.94,0.01,0.02,0.15,0.00,475,439,434,335,374
5.16,-7.54,0.26,0.07,0.13,-0.05,475,439,433,335,374
5.23,-7.80,1.03,0.12,0.17,-0.01,475,439,434,335,374
6.13,-7.80,1.49,0.05,0.10,0.03,475,439,433,335,374
4.51,-7.89,0.68,0.11,0.19,0.03,475,439,433,335,373
5.52,-7.98,1.42,0.00,0.08,0.02,475,439,433,334,373
4.19,-8.20,0.50,0.08,0.12,-0.03,475,439,433,335,373
5.23,-8.36,1.34,0.03,0.09,-0.08,475,439,433,335,373
4.82,-7.87,0.57,0.05,0.10,-0.10,475,439,433,335,373
4.64,-7.89,1.59,0.12,0.15,-0.05,475,439,434,334,373
5.91,-8.14,2.27,0.06,0.03,-0.12,474,439,433,335,372
4.71,-8.08,1.37,0.06,0.13,-0.00,475,438,434,335,373
5.43,-7.76,1.53,0.10,-0.01,-0.13,475,439,434,335,373
4.49,-8.03,1.05,0.08,0.16,0.00,475,439,434,335,372
4.44,-8.12,1.33,0.10,0.15,-0.03,475,439,434,335,372
4.54,-7.87,2.20,0.15,0.23,-0.04,475,439,434,335,372
5.30,-7.76,3.14,0.09,0.20,-0.02,475,439,433,335,372
4.94,-7.21,2.37,0.09,0.25,0.03,475,439,433,335,372
4.34,-7.31,2.00,0.04,0.15,0.04,475,439,434,335,372
4.85,-7.59,1.73,0.08,0.13,-0.02,476,439,433,334,371
2.79,-7.73,2.08,0.20,0.25,-0.03,476,439,434,334,371
4.82,-7.24,4.28,0.22,0.29,0.05,475,438,433,334,371
4.40,-7.21,4.41,0.23,0.34,0.04,475,439,434,334,371
4.21,-7.87,4.26,0.04,0.18,0.13,475,438,434,334,370
END
3.75,-7.78,3.85,0.06,0.20,0.12,474,438,433,334,371
5.04,-7.72,-0.26,-0.05,0.03,-0.07,475,438,433,334,371
5.87,-7.78,0.50,-0.03,0.07,-0.05,474,438,433,334,371
5.46,-7.82,-0.58,-0.02,-0.01,-0.01,474,438,433,334,371
5.25,-7.67,-0.57,0.06,-0.05,-0.04,475,438,433,333,371
5.65,-7.47,-0.39,0.15,-0.03,-0.02,474,438,433,333,371
5.00,-7.26,-1.59,0.11,0.03,0.07,475,438,433,333,371
5.08,-8.38,-0.21,0.23,-0.04,-0.07,475,438,433,334,371
4.90,-8.48,-0.24,0.14,0.06,-0.07,475,439,434,333,371
5.32,-7.77,0.04,0.08,0.02,-0.20,475,438,433,334,371
5.49,-6.94,-0.01,0.20,0.07,-0.16,475,439,433,334,371
5.33,-7.85,0.69,0.11,0.08,-0.16,475,438,434,334,371
5.25,-7.31,1.34,0.01,0.25,-0.14,475,439,434,334,371
6.05,-8.18,2.10,0.03,0.15,-0.15,475,439,433,334,371
6.45,-8.22,1.74,0.02,0.12,-0.16,475,438,433,334,372
6.37,-7.72,1.14,-0.01,0.07,-0.00,475,438,433,334,372
5.97,-7.50,0.71,0.07,0.06,0.02,475,438,434,333,371
5.08,-7.52,0.27,0.15,0.16,0.05,475,438,433,333,371
5.52,-7.59,0.75,0.17,0.15,-0.01,475,438,433,333,371
5.08,-7.72,1.74,0.22,0.20,-0.02,475,438,434,333,371
5.64,-7.52,2.70,0.13,0.14,0.10,476,438,434,334,371
6.12,-7.48,2.82,-0.01,0.07,0.02,475,438,434,333,371
4.73,-7.29,1.70,0.04,0.06,-0.01,476,438,434,333,371
4.36,-7.38,1.51,0.09,0.08,-0.05,476,438,434,333,370
4.57,-7.42,2.18,0.08,0.14,-0.04,476,438,434,333,370
5.04,-7.39,2.94,0.03,0.15,0.05,477,438,433,333,370
4.36,-7.37,2.83,0.12,0.14,0.06,477,438,434,333,369
4.85,-7.46,2.73,0.05,0.14,-0.10,476,438,434,333,370
3.91,-7.49,2.72,0.14,0.23,-0.05,477,438,433,333,369
4.89,-8.05,3.20,0.05,0.17,-0.09,477,437,434,332,369
5.10,-8.46,3.18,0.01,0.15,0.03,477,437,434,332,370
4.78,-8.48,3.40,-0.03,0.16,-0.00,477,437,434,332,370
5.32,-8.13,3.15,0.03,0.14,-0.02,477,437,434,332,370
4.39,-7.80,3.42,-0.05,0.15,0.09,477,437,434,332,370
3.54,-7.24,3.14,0.04,0.17,0.17,477,437,434,332,370
2.18,-7.52,2.78,0.08,0.27,0.11,478,437,434,332,370
END
2.21,-7.40,3.64,0.13,0.33,-0.09,479,440,435,332,374
5.69,-7.79,1.27,0.15,-0.04,-0.05,479,440,434,333,374
3.84,-8.15,0.59,0.01,-0.00,0.06,479,440,435,333,374
4.70,-7.94,1.69,0.14,0.05,-0.05,479,440,435,333,374
5.48,-7.67,1.39,0.06,-0.04,-0.05,479,440,434,333,374
4.18,-7.90,0.58,0.03,0.05,0.00,479,440,435,333,374
4.82,-8.19,0.94,0.04,0.02,-0.09,479,440,435,333,374
4.43,-8.42,0.70,0.07,0.09,-0.03,479,440,435,333,374
4.74,-8.10,0.98,0.03,0.03,-0.11,479,440,435,333,374
4.64,-8.00,1.64,0.09,0.05,-0.16,479,440,435,333,374
5.64,-7.85,1.82,0.15,0.06,-0.22,479,441,435,333,373
5.21,-7.67,1.62,-0.03,0.10,-0.02,480,441,435,333,373
5.74,-8.02,1.99,0.07,0.07,-0.06,479,441,435,333,373
4.99,-8.14,1.12,-0.08,0.04,-0.05,479,440,435,333,373
4.60,-7.99,0.81,0.01,0.14,-0.10,479,440,435,333,373
4.64,-7.72,0.82,0.01,0.17,-0.00,479,441,435,333,373
5.01,-7.67,1.90,0.11,0.12,-0.11,479,441,435,332,373
5.24,-7.50,2.25,0.07,0.17,-0.01,479,440,435,333,373
5.31,-7.47,2.52,0.05,0.01,-0.08,479,441,435,333,373
4.82,-7.34,2.59,0.07,0.02,-0.11,479,441,435,333,373
4.67,-7.64,1.87,0.03,0.07,-0.04,479,441,435,333,373
4.79,-7.83,1.41,0.00,0.09,-0.06,479,440,434,333,372
4.83,-8.41,1.30,0.00,0.12,-0.10,479,440,434,333,372
5.26,-7.88,1.97,0.07,0.22,-0.15,479,440,434,332,372
5.31,-7.37,2.70,0.03,0.17,-0.03,479,440,435,332,372
5.61,-7.22,3.38,0.09,0.05,-0.10,478,440,434,332,372
5.32,-7.27,2.69,-0.00,0.11,-0.07,479,440,435,332,372
5.17,-7.18,2.46,0.02,0.10,0.01,479,440,435,332,372
4.25,-7.39,2.18,0.14,0.20,0.06,479,440,435,332,372
4.63,-7.47,2.64,0.09,0.15,0.03,480,440,435,333,372
3.91,-7.59,2.28,0.20,0.18,0.02,480,440,435,333,372
4.31,-7.59,1.88,0.07,0.20,-0.04,480,440,435,332,372
4.82,-7.03,3.69,0.11,0.21,0.11,480,440,435,332,371
4.53,-7.34,4.05,-0.08,0.20,0.11,480,439,435,332,372
5.09,-7.44,4.32,0.08,0.11,-0.09,480,439,435,332,372
4.30,-7.73,3.55,-0.01,0.14,0.00,481,439,435,332,372
END
4.05,-7.81,3.45,-0.08,0.05,0.02,476,439,435,334,372
4.79,-8.11,1.56,0.04,-0.03,-0.09,477,440,435,334,372
4.69,-8.17,1.42,0.03,0.03,0.01,477,439,435,334,372
4.24,-8.02,1.06,-0.01,-0.04,0.05,477,440,436,333,372
4.64,-8.37,1.84,0.09,-0.02,-0.01,477,439,435,334,372
3.74,-8.22,1.07,0.02,-0.00,0.02,477,439,436,333,372
3.76,-8.26,1.31,0.09,-0.01,-0.04,477,439,435,333,372
4.16,-8.49,1.62,0.10,-0.02,-0.13,477,439,435,333,372
4.54,-8.16,1.28,0.04,-0.02,-0.06,477,439,435,333,372
4.11,-8.27,1.35,0.10,0.08,-0.04,477,439,435,333,372
4.40,-8.14,1.30,0.04,-0.01,-0.06,477,439,436,333,372
4.43,-8.32,1.82,0.13,0.12,0.01,477,439,435,333,372
4.23,-8.43,1.72,0.06,0.02,-0.03,477,439,436,333,372
4.05,-8.15,1.45,0.06,0.02,-0.03,478,440,436,333,372
4.49,-8.31,2.47,0.09,0.02,-0.05,477,439,436,333,372
3.66,-8.17,1.63,-0.02,0.06,0.03,478,440,436,333,372
4.44,-8.31,2.01,0.08,0.04,-0.04,478,440,436,333,372
3.97,-8.33,1.59,0.02,0.04,-0.04,478,439,436,333,372
4.27,-8.06,1.79,0.10,0.04,-0.05,478,439,436,333,372
4.49,-8.00,2.22,0.08,0.05,-0.03,478,439,436,333,372
3.81,-7.88,1.70,0.08,0.03,-0.13,478,439,436,333,372
4.19,-7.80,2.46,0.15,0.12,-0.04,478,439,435,333,372
4.45,-7.85,2.46,0.11,0.03,-0.08,478,439,436,333,372
4.14,-8.33,2.70,0.14,0.12,-0.10,478,439,435,333,372
4.21,-8.07,2.34,0.08,0.05,-0.10,478,439,435,333,372
4.08,-7.82,2.62,0.10,0.12,-0.12,478,439,436,333,372
4.22,-7.66,2.38,0.07,0.11,-0.10,478,439,436,333,371
3.75,-7.94,2.27,0.17,0.19,-0.12,479,439,436,333,371
4.19,-8.08,3.14,0.14,0.20,-0.11,479,439,435,333,371
3.95,-7.84,3.51,0.10,0.25,-0.17,479,439,436,333,371
5.50,-6.96,3.93,0.10,0.31,-0.07,479,439,435,332,371
5.19,-7.49,4.44,-0.01,0.21,-0.02,479,439,435,332,371
4.40,-7.12,4.13,0.01,0.15,-0.02,479,439,435,332,371
4.54,-7.57,3.98,-0.03,0.04,0.06,479,439,435,332,371
3.45,-7.27,3.13,-0.02,0.10,0.03,480,439,436,332,371
3.28,-7.28,3.43,0.10,0.20,0.03,480,439,435,332,371
END
3.82,-7.52,4.29,0.12,0.25,-0.03,474,437,433,333,371
5.52,-8.17,1.28,0.07,0.10,0.04,474,437,433,333,372
4.26,-8.55,1.00,0.10,-0.05,-0.03,474,437,432,333,372
5.23,-8.66,2.12,0.12,-0.01,-0.05,474,437,432,333,372
4.26,-8.11,1.00,-0.07,-0.02,0.01,474,437,433,333,372
4.34,-8.13,1.14,0.03,-0.02,-0.07,474,437,433,333,372
4.16,-8.10,0.52,-0.01,0.04,0.00,474,437,433,333,372
4.35,-8.23,0.63,0.07,0.01,-0.10,474,437,433,333,372
5.08,-8.54,1.23,0.06,0.05,-0.05,474,437,433,333,372
4.27,-8.23,0.88,-0.01,0.02,-0.09,474,438,433,333,372
4.73,-8.46,1.54,0.01,0.11,-0.06,474,438,433,333,372
3.70,-7.87,0.25,-0.08,0.27,0.09,474,437,433,333,372
5.00,-7.44,1.07,0.09,0.21,-0.07,474,438,433,333,372
4.39,-7.91,1.06,0.12,0.28,0.07,474,437,433,333,372
4.83,-8.52,2.47,0.17,0.18,-0.04,474,437,433,333,372
3.71,-8.48,2.16,0.05,0.19,0.02,474,437,433,333,372
5.23,-8.09,1.97,0.13,0.13,-0.02,474,437,433,333,372
3.63,-8.14,2.74,0.05,0.11,0.17,474,437,433,332,372
4.29,-8.41,3.27,0.01,0.05,-0.05,474,437,433,332,372
3.19,-8.30,1.80,-0.06,0.12,-0.01,474,437,433,332,371
3.45,-8.26,2.29,0.10,0.08,-0.21,474,437,433,332,371
4.64,-8.40,2.87,0.05,0.09,-0.13,474,437,433,332,371
3.93,-8.00,2.24,0.07,0.12,-0.30,474,437,433,332,371
4.27,-7.37,2.78,0.01,0.19,-0.01,474,437,433,332,371
4.69,-7.70,3.64,0.12,0.12,-0.12,474,437,432,332,371
3.55,-7.38,2.96,0.10,0.16,-0.08,474,437,433,331,371
4.74,-7.69,3.57,0.04,0.05,-0.05,474,437,433,332,371
3.60,-7.84,3.17,0.15,0.16,0.05,474,437,434,332,371
3.73,-8.23,3.98,-0.04,0.08,-0.02,474,437,434,331,371
3.48,-7.66,3.03,0.05,0.11,0.01,474,437,434,331,371
4.06,-8.43,2.54,-0.07,0.07,0.04,474,436,434,331,371
2.74,-8.95,2.76,0.06,0.31,0.06,475,437,434,331,370
3.15,-8.36,3.84,0.06,0.37,-0.03,475,437,434,331,370
3.42,-7.50,4.26,0.25,0.32,0.11,476,437,434,332,370
2.02,-7.70,5.87,0.16,0.38,-0.09,476,437,434,331,369
3.66,-6.29,4.95,0.15,0.12,-0.21,476,437,434,331,369
END
2.65,-6.90,5.04,-0.05,-0.14,0.05,474,437,433,333,371
4.39,-8.07,0.42,-0.03,-0.08,-0.06,474,436,432,332,371
4.36,-7.95,0.52,0.10,0.03,-0.03,473,436,433,333,371
4.31,-8.25,0.11,0.05,0.05,0.02,473,436,433,332,372
4.54,-8.48,1.14,0.13,0.07,-0.02,474,437,433,333,372
4.78,-8.23,0.92,0.03,0.02,0.00,474,436,433,333,371
3.34,-8.31,-0.16,0.09,0.06,-0.02,474,436,433,333,371
4.05,-8.65,0.71,0.17,0.10,-0.05,474,436,433,333,372
4.28,-8.44,1.05,0.09,0.06,-0.06,474,437,433,333,371
4.01,-8.15,0.85,0.08,0.08,-0.07,474,436,433,333,371
3.47,-8.23,0.87,0.12,0.20,-0.08,474,436,433,333,371
5.25,-8.50,2.53,0.09,0.09,-0.15,474,436,433,333,371
4.28,-8.08,1.59,-0.01,0.17,0.01,474,436,433,333,371
5.25,-8.19,2.20,-0.03,0.04,-0.08,473,436,433,332,371
4.19,-8.41,1.92,0.07,0.15,0.01,473,436,433,332,371
4.31,-8.13,1.57,0.01,0.03,-0.04,473,436,432,332,371
4.12,-7.95,1.64,0.15,0.11,-0.04,473,436,432,333,371
3.91,-8.36,2.09,0.03,0.07,-0.00,473,436,433,332,371
3.88,-8.16,1.87,0.06,0.08,-0.09,473,436,433,332,370
4.20,-7.87,1.68,0.12,0.15,-0.03,474,436,432,332,370
3.92,-8.13,1.97,0.05,0.14,0.02,473,436,432,332,370
3.30,-8.24,1.96,0.15,0.20,-0.05,473,436,432,332,370
3.89,-8.33,2.43,0.11,0.17,-0.03,473,436,432,332,370
3.37,-8.55,2.76,0.05,0.31,0.06,474,435,432,332,370
4.03,-8.08,3.22,0.04,0.21,-0.01,473,435,432,332,370
4.15,-7.86,3.32,-0.04,0.17,0.03,474,436,432,332,369
3.05,-8.15,2.89,-0.08,0.17,0.13,474,436,433,332,369
3.15,-8.29,3.15,0.01,0.15,-0.01,474,436,432,332,368
3.03,-8.26,2.82,0.11,0.24,0.07,474,436,432,332,368
2.56,-8.20,2.98,0.04,0.29,0.29,474,436,432,332,368
1.16,-8.43,4.35,0.06,0.42,0.16,475,436,432,332,368
2.66,-7.70,4.01,0.06,0.30,0.06,475,436,432,332,367
1.79,-8.02,4.33,0.07,0.13,-0.10,475,436,432,332,367
2.84,-8.33,4.34,0.02,-0.08,-0.25,475,436,432,331,367
2.71,-8.56,4.36,-0.06,-0.21,-0.03,475,436,432,329,367
2.64,-8.92,4.25,0.00,-0.34,-0.27,475,436,432,331,367
END