7.54,2.12,-5.98,-0.01,-0.05,-0.01,322,297,294,336,313
7.38,1.41,-6.83,0.01,-0.01,-0.06,322,296,294,337,313
7.50,1.31,-6.73,0.03,0.01,-0.05,322,297,295,337,313
7.57,1.32,-6.79,0.03,0.01,-0.06,322,296,294,337,313
7.46,1.31,-6.54,0.03,0.02,-0.04,322,297,294,337,313
7.14,1.71,-6.83,0.05,0.01,-0.04,321,296,294,337,313
6.98,1.79,-6.69,0.09,0.01,-0.08,322,296,294,337,313
6.89,1.68,-6.44,0.11,0.02,-0.12,322,296,294,337,314
7.63,2.10,-6.63,0.11,0.06,-0.09,322,297,294,337,313
8.44,2.51,-7.34,0.20,0.10,0.04,322,297,295,337,313
7.40,1.10,-6.60,0.28,-0.04,0.03,322,296,294,337,313
7.23,0.29,-6.09,0.26,-0.22,-0.11,322,296,294,337,313
7.49,0.45,-6.55,0.19,-0.07,0.01,321,296,295,337,313
6.93,0.73,-7.19,0.16,0.07,0.11,322,296,295,337,313
7.27,0.64,-6.93,0.23,0.02,-0.06,322,296,294,337,313
7.54,-0.01,-6.43,0.25,0.06,-0.06,322,296,295,337,313
7.81,-0.32,-6.22,0.19,-0.03,-0.09,322,297,294,337,313
7.91,-0.34,-6.10,0.12,-0.04,-0.09,322,296,294,337,313
7.51,-0.50,-6.43,0.07,0.04,0.02,322,296,295,337,313
6.66,0.12,-7.17,0.07,0.07,0.02,322,296,294,337,313
6.98,0.11,-6.90,0.14,-0.05,-0.18,322,296,294,337,313
7.75,0.06,-7.02,0.18,0.06,-0.09,322,297,295,337,313
7.45,-0.37,-6.49,0.20,0.05,-0.09,322,297,294,338,313
8.03,-0.40,-6.50,0.21,0.02,-0.12,322,296,294,337,313
8.05,-0.52,-6.13,0.16,0.08,0.04,322,296,295,338,313
7.61,-0.51,-6.45,0.12,0.11,0.12,322,297,294,337,313
7.24,-0.60,-6.37,0.18,0.10,0.02,322,297,295,338,313
7.26,-0.89,-5.81,0.20,0.02,-0.08,322,297,294,338,313
7.11,-0.87,-6.32,0.18,-0.03,-0.15,322,297,295,338,313
7.36,-0.76,-6.33,0.19,-0.03,-0.20,322,296,295,338,313
8.08,-0.96,-5.96,0.13,-0.09,-0.20,322,297,295,338,313
7.01,-0.47,-6.65,0.17,-0.00,-0.18,320,297,295,338,313
8.82,-0.85,-5.62,0.12,0.03,-0.12,321,297,294,338,312
7.88,-0.88,-6.48,0.11,0.30,0.09,321,297,294,338,313
7.36,-1.07,-5.58,0.05,0.13,0.02,320,296,294,337,313
7.58,-1.14,-6.00,0.02,0.01,-0.07,320,296,294,337,312
END
8.17,-1.08,-5.67,0.03,-0.04,-0.06,324,297,297,340,314
7.59,1.36,-7.02,0.03,-0.01,-0.01,324,297,297,340,314
6.86,1.14,-6.72,0.03,0.02,0.01,324,297,297,340,314
7.21,1.18,-6.94,0.04,-0.04,-0.06,324,297,297,340,314
7.21,1.31,-6.76,0.05,-0.02,-0.05,324,297,297,340,314
7.23,1.96,-6.95,0.07,0.04,0.01,324,297,297,340,314
7.06,2.33,-7.34,0.18,0.09,0.04,324,297,296,340,314
7.07,1.15,-7.03,0.30,0.07,-0.04,324,297,296,340,314
7.31,0.32,-6.44,0.27,0.05,-0.03,324,297,297,340,314
7.31,0.14,-6.36,0.22,-0.00,-0.05,324,297,296,340,314
7.67,0.60,-6.82,0.13,-0.00,-0.00,323,297,297,340,313
7.24,0.62,-6.88,0.20,0.07,0.01,324,297,297,340,314
7.30,0.57,-6.87,0.22,-0.05,-0.14,323,297,296,340,314
7.50,0.32,-6.58,0.28,0.01,-0.08,323,297,296,340,314
7.01,0.06,-6.74,0.28,0.00,-0.18,323,297,296,340,314
7.27,-0.22,-6.65,0.29,0.09,-0.08,324,297,297,340,314
7.72,-0.33,-6.47,0.34,0.13,-0.21,324,297,296,340,314
7.83,-0.17,-6.60,0.36,0.16,-0.10,323,297,297,340,314
8.19,-0.96,-5.84,0.41,0.02,-0.19,323,297,296,340,314
7.93,-1.05,-6.36,0.34,-0.04,-0.11,324,298,297,340,314
7.72,-1.30,-5.84,0.30,0.00,-0.05,324,297,297,338,314
7.37,-1.41,-5.68,0.21,0.00,-0.02,323,297,296,339,314
7.43,-0.90,-6.33,0.21,-0.03,-0.13,324,297,297,340,314
7.39,-1.10,-6.21,0.31,0.03,-0.11,324,297,297,340,314
7.65,-1.52,-5.39,0.30,-0.02,-0.15,323,297,297,340,314
7.99,-1.83,-5.46,0.19,-0.10,-0.23,323,297,297,340,313
7.80,-1.08,-6.44,0.16,0.05,-0.08,324,297,297,340,313
7.56,-1.33,-5.94,0.18,0.06,-0.07,323,297,296,340,313
7.53,-1.39,-5.43,0.11,-0.10,-0.22,323,297,296,340,313
7.69,-0.97,-6.19,0.09,0.05,-0.10,322,297,296,339,313
8.74,-1.48,-6.22,0.10,-0.02,-0.20,321,297,295,339,313
8.36,-1.56,-5.69,0.04,0.12,0.02,322,296,295,338,313
7.37,-1.41,-5.75,0.07,0.06,-0.08,321,296,295,337,312
7.64,-1.19,-6.12,0.03,-0.06,-0.12,321,296,295,337,313
8.18,-1.02,-6.12,0.04,-0.06,-0.09,320,296,295,337,313
7.94,-1.03,-6.04,0.04,0.01,-0.06,321,296,295,337,313
END
8.00,-0.93,-5.94,0.05,0.02,-0.04,322,297,296,339,314
6.98,1.26,-7.03,0.16,0.02,0.00,322,297,297,338,314
7.16,0.68,-6.84,0.16,-0.06,-0.07,321,297,297,339,314
7.18,0.39,-6.87,0.13,-0.05,-0.06,322,296,297,339,314
6.82,0.56,-6.48,0.05,0.00,-0.02,322,297,297,339,314
6.95,1.42,-7.34,0.07,0.00,-0.04,322,297,297,339,314
6.63,1.95,-7.95,0.16,0.02,-0.03,322,296,297,339,314
6.96,1.28,-6.90,0.26,-0.04,-0.13,322,297,297,339,314
6.93,0.94,-7.29,0.23,0.04,-0.01,322,296,297,339,314
7.32,0.32,-7.38,0.31,-0.08,-0.15,322,296,296,339,314
7.47,0.03,-7.01,0.27,-0.09,-0.10,322,296,297,339,314
6.70,-0.38,-6.93,0.27,0.01,0.01,322,296,297,339,314
6.90,-0.68,-6.65,0.23,-0.02,-0.06,322,296,297,339,314
6.33,-0.39,-7.42,0.18,0.08,-0.01,322,297,296,339,314
6.69,-0.33,-6.78,0.19,0.02,-0.12,321,297,296,339,313
7.05,-0.58,-7.26,0.22,0.02,-0.21,321,296,296,339,314
7.06,-0.70,-7.11,0.19,0.03,-0.08,321,296,296,339,314
7.19,-0.79,-7.05,0.23,0.00,-0.13,321,296,296,339,314
6.52,-0.87,-7.05,0.22,0.02,-0.11,321,297,296,339,314
6.79,-0.73,-6.91,0.23,0.02,-0.15,321,296,296,339,314
7.03,-0.95,-6.89,0.21,-0.02,-0.20,321,296,296,339,314
7.58,-0.83,-6.95,0.19,0.02,-0.11,321,297,296,339,314
7.11,-0.98,-6.93,0.21,0.03,-0.05,321,296,296,339,314
7.39,-1.24,-6.38,0.19,-0.03,-0.09,321,296,296,339,314
7.09,-1.34,-6.69,0.16,0.03,-0.01,321,296,296,339,314
6.94,-1.39,-6.62,0.13,0.02,-0.06,321,296,296,339,314
7.07,-1.32,-6.56,0.06,0.03,-0.04,321,296,296,339,313
7.07,-0.93,-7.19,0.10,0.07,-0.03,321,296,296,339,313
6.81,-1.45,-6.53,0.12,0.04,-0.08,321,296,296,339,313
6.68,-1.36,-6.25,0.10,-0.01,-0.15,321,297,296,339,313
7.00,-1.16,-6.40,0.08,-0.03,-0.17,321,297,296,338,314
8.27,-1.50,-6.49,0.07,-0.04,-0.13,321,296,296,339,314
7.15,-1.10,-7.00,0.06,0.12,0.06,321,296,296,339,314
7.21,-1.18,-6.90,0.08,0.10,0.03,321,296,296,338,313
7.34,-1.44,-6.36,0.02,-0.02,-0.08,321,296,296,338,313
7.75,-1.53,-6.56,0.04,0.10,0.06,320,296,296,338,312
END
7.16,-1.53,-6.53,0.04,0.09,0.05,321,296,296,339,314
7.35,1.41,-7.31,0.08,-0.01,-0.06,321,296,297,339,314
6.80,1.13,-6.86,0.10,0.02,-0.04,321,296,296,339,314
7.24,1.00,-6.66,0.09,-0.01,-0.08,322,296,296,339,314
7.10,1.46,-6.91,0.11,0.02,-0.04,322,296,296,339,314
7.09,1.28,-6.94,0.11,-0.03,-0.08,321,296,296,339,314
7.21,1.64,-7.57,0.19,0.00,-0.06,321,296,296,339,314
6.91,1.21,-7.08,0.24,-0.05,-0.09,322,296,297,339,314
6.90,0.62,-6.64,0.26,-0.09,-0.11,322,296,297,339,314
7.09,0.58,-6.93,0.23,-0.01,-0.01,321,296,297,339,314
6.96,0.57,-7.12,0.22,-0.01,-0.10,321,297,296,339,316
6.81,0.83,-7.28,0.16,0.10,-0.01,321,296,296,339,314
6.92,0.25,-6.77,0.27,0.08,-0.09,321,296,296,339,313
7.01,-0.25,-6.83,0.20,0.03,-0.15,321,296,296,339,314
7.37,-0.14,-6.70,0.19,0.06,-0.09,321,296,296,339,314
6.86,-0.06,-7.10,0.19,0.01,-0.12,321,296,296,339,314
7.29,-0.08,-7.03,0.21,-0.02,-0.07,321,296,296,339,314
7.15,-0.17,-7.05,0.24,0.00,-0.09,321,296,296,339,314
7.03,-0.34,-6.45,0.24,-0.00,-0.11,321,296,296,339,314
7.19,-0.53,-6.65,0.23,0.04,-0.12,321,296,296,339,313
7.48,-0.66,-6.67,0.22,0.11,-0.10,321,296,296,339,314
7.19,-0.78,-6.67,0.14,0.05,-0.06,321,296,296,339,314
7.29,-0.67,-6.46,0.14,-0.01,-0.09,321,296,296,339,314
7.24,-0.65,-6.43,0.12,0.03,-0.02,321,296,296,340,314
7.40,-0.57,-6.70,0.14,-0.05,-0.06,321,296,296,339,314
7.25,-0.58,-6.91,0.14,0.00,-0.03,321,296,296,339,314
7.06,-0.83,-6.44,0.16,-0.02,-0.08,321,296,296,339,314
7.13,-1.06,-6.42,0.14,-0.00,-0.11,321,296,296,339,314
7.32,-0.65,-7.00,0.14,0.06,-0.09,321,296,296,339,314
7.34,-0.67,-6.69,0.15,0.04,-0.15,320,296,296,339,314
7.71,-1.06,-6.39,0.15,0.09,-0.07,320,296,296,339,313
7.77,-1.03,-6.27,0.08,0.07,-0.01,320,296,297,339,313
7.57,-1.03,-6.34,0.06,0.13,0.08,320,296,296,339,313
7.38,-1.05,-6.57,0.05,0.09,0.08,320,296,296,339,313
7.75,-1.43,-6.11,0.04,0.06,0.05,320,296,297,340,313
7.34,-1.36,-6.12,0.05,0.08,0.04,320,296,297,339,312
END
7.65,-1.52,-6.02,0.04,0.00,-0.05,321,296,297,339,312
7.24,1.59,-7.10,0.09,-0.01,-0.07,321,296,297,339,312
7.04,1.48,-6.85,0.09,0.02,-0.03,321,296,297,339,312
7.10,1.67,-6.77,0.08,-0.00,-0.05,321,296,297,339,312
7.15,1.46,-7.06,0.08,0.02,-0.02,321,296,297,339,312
7.26,2.17,-7.49,0.13,0.01,0.01,321,296,297,339,313
6.57,2.01,-7.62,0.25,-0.03,-0.01,321,297,297,339,312
6.13,1.11,-7.13,0.30,-0.06,-0.05,320,296,297,339,312
6.09,0.57,-7.05,0.31,0.02,-0.13,321,296,297,338,312
6.93,0.16,-6.54,0.27,0.16,-0.05,321,296,297,339,312
6.76,0.26,-6.63,0.25,0.20,-0.03,321,296,297,339,312
7.39,0.42,-6.95,0.26,-0.03,-0.22,321,296,297,339,312
8.07,0.66,-6.96,0.28,0.03,-0.13,321,296,297,339,312
7.97,0.45,-6.77,0.29,-0.00,-0.12,321,296,298,339,312
7.72,0.11,-6.48,0.28,-0.07,-0.12,321,296,297,339,312
7.34,-0.35,-6.56,0.23,-0.02,-0.06,321,296,297,339,312
6.57,-0.37,-6.88,0.17,0.01,-0.06,320,297,297,339,312
7.23,0.01,-7.53,0.20,-0.00,-0.17,321,296,298,339,312
7.47,-0.38,-6.90,0.24,0.03,-0.13,320,296,297,339,312
6.88,-0.59,-7.12,0.21,0.01,-0.12,321,296,297,339,311
6.32,-0.89,-6.76,0.23,-0.03,-0.21,320,296,297,339,312
7.21,-1.00,-6.17,0.22,0.03,-0.18,321,296,297,340,312
8.03,-0.73,-6.64,0.17,0.01,-0.11,321,296,297,339,312
7.56,-0.52,-6.59,0.12,0.02,-0.02,321,296,297,339,312
7.31,-0.57,-6.46,0.10,0.05,-0.01,321,296,297,340,312
7.24,-0.43,-6.70,0.10,0.01,-0.05,321,296,297,339,312
6.87,-0.69,-6.71,0.14,0.09,-0.07,320,296,297,340,312
7.34,-0.79,-6.40,0.09,0.01,-0.13,320,296,297,340,312
7.66,-0.70,-6.40,0.07,-0.07,-0.13,320,296,297,340,312
7.46,-0.49,-6.67,0.03,0.01,-0.03,320,296,298,340,313
7.69,-0.45,-6.94,0.06,-0.01,-0.05,319,296,297,340,313
7.73,-0.62,-6.96,0.06,0.06,0.07,319,296,297,340,313
7.12,-0.71,-6.46,0.07,0.07,0.04,319,296,297,339,313
7.19,-0.91,-6.40,0.05,0.04,-0.05,319,296,297,339,313
7.82,-0.87,-6.52,0.01,0.03,-0.03,319,296,297,339,312
7.61,-0.93,-6.82,0.02,0.07,0.01,319,296,297,339,313
END
6.93,-1.05,-6.30,0.04,0.04,-0.01,320,296,297,339,313
6.60,1.77,-7.39,0.11,0.01,-0.06,320,298,297,340,313
7.02,1.58,-7.31,0.09,0.01,-0.04,320,296,297,339,313
6.48,1.57,-7.42,0.10,0.01,-0.05,320,296,297,339,313
6.63,1.31,-7.35,0.11,-0.01,-0.09,320,294,297,339,313
6.70,1.36,-7.26,0.12,0.07,-0.03,322,296,297,339,313
6.80,1.90,-7.92,0.16,0.05,-0.03,320,296,297,339,313
6.78,1.81,-7.85,0.29,0.02,-0.08,320,296,297,339,313
6.91,1.05,-7.33,0.32,-0.04,-0.15,320,296,297,339,313
7.05,0.20,-6.89,0.30,-0.02,-0.07,320,296,297,339,313
6.67,0.39,-6.92,0.27,0.05,-0.06,320,296,297,339,313
6.76,0.34,-6.96,0.27,0.05,-0.05,320,296,297,339,313
6.88,-0.14,-7.03,0.25,0.03,-0.10,320,296,297,339,313
6.65,0.26,-6.96,0.21,0.10,-0.02,320,296,297,339,313
6.72,0.24,-7.11,0.23,-0.00,-0.13,320,296,297,339,313
7.40,0.22,-7.21,0.23,-0.00,-0.11,320,296,298,339,313
6.49,-0.33,-7.24,0.28,0.09,-0.07,320,296,297,339,313
7.02,-0.42,-6.78,0.30,-0.05,-0.20,320,296,297,339,313
7.16,-0.83,-6.47,0.29,0.04,-0.15,320,296,297,339,313
6.44,-0.83,-6.71,0.26,0.02,-0.15,320,296,297,339,313
7.41,-1.05,-6.71,0.27,-0.03,-0.23,320,296,297,339,313
6.74,-0.61,-7.11,0.22,0.02,-0.14,320,296,297,339,313
7.23,-0.71,-7.06,0.26,-0.06,-0.24,320,296,297,340,313
7.24,-0.93,-6.83,0.26,0.02,-0.15,320,296,297,340,313
7.48,-1.12,-6.25,0.23,0.06,-0.12,320,296,297,340,313
7.55,-1.05,-6.63,0.14,-0.07,-0.12,320,296,297,340,313
6.83,-0.99,-6.66,0.14,0.04,-0.08,320,296,297,340,313
7.08,-1.16,-6.39,0.10,-0.01,-0.12,320,296,297,340,312
6.88,-1.13,-6.55,0.05,0.03,-0.07,319,296,297,340,312
7.34,-0.73,-6.98,0.06,0.02,-0.11,319,296,297,340,313
7.57,-0.87,-6.83,0.05,0.05,-0.03,319,296,297,339,313
7.61,-1.01,-6.59,0.00,0.13,0.08,319,296,297,339,313
6.80,-1.18,-6.30,0.04,0.07,0.00,319,296,297,339,312
7.28,-1.03,-6.63,0.03,0.01,-0.05,318,296,297,339,313
7.88,-1.07,-6.72,0.03,0.02,-0.02,318,296,297,340,312
7.31,-1.18,-6.34,0.02,0.00,-0.03,319,296,297,339,313
END
7.49,-0.99,-6.47,0.02,0.02,-0.01,320,297,298,340,313
6.81,2.06,-7.34,0.03,-0.02,-0.02,320,296,298,340,313
6.47,1.58,-7.28,0.07,-0.04,-0.06,320,296,298,340,313
6.75,1.56,-7.14,0.04,0.00,-0.02,320,296,298,340,313
6.63,1.82,-7.29,0.06,0.02,-0.03,320,296,298,340,313
6.77,1.92,-7.45,0.07,-0.01,-0.07,320,296,298,340,313
6.61,1.89,-7.42,0.11,0.02,-0.06,320,296,298,341,313
6.55,1.59,-7.09,0.15,0.03,-0.04,320,296,298,340,313
6.95,1.59,-7.49,0.18,0.07,-0.04,320,296,298,340,313
6.81,1.49,-7.36,0.20,0.02,-0.07,320,296,298,340,313
6.86,1.44,-7.39,0.25,0.02,-0.07,320,296,298,340,313
6.70,0.82,-7.08,0.26,0.00,-0.06,320,296,297,340,313
6.80,0.57,-6.76,0.22,-0.03,-0.09,320,296,298,340,313
6.55,0.63,-6.91,0.21,-0.01,-0.13,320,296,299,340,313
6.96,0.84,-7.25,0.18,0.03,-0.10,320,296,298,340,313
6.53,0.86,-7.41,0.21,0.06,-0.12,320,296,298,340,313
7.10,0.84,-7.02,0.25,0.07,-0.13,320,296,298,340,313
7.01,0.57,-7.26,0.25,0.05,-0.11,320,296,298,340,313
7.01,0.49,-7.20,0.26,-0.03,-0.20,320,296,298,340,313
7.44,0.11,-6.83,0.22,0.01,-0.09,320,296,298,340,313
7.04,-0.02,-6.72,0.19,0.02,-0.09,320,296,298,340,313
7.05,0.14,-6.94,0.19,0.01,-0.08,320,296,298,340,313
6.82,0.27,-7.20,0.19,0.10,-0.06,320,296,298,340,313
6.65,-0.06,-7.04,0.22,0.03,-0.10,320,296,298,340,313
7.21,-0.22,-6.97,0.23,-0.01,-0.14,320,296,298,340,313
6.80,-0.24,-6.62,0.22,0.04,-0.11,320,296,298,340,312
7.05,-0.37,-6.83,0.20,0.07,-0.08,320,296,298,340,313
7.37,-0.40,-6.56,0.19,0.02,-0.14,320,296,298,340,313
7.47,-0.50,-6.68,0.15,0.04,-0.05,320,296,298,340,313
7.31,-0.55,-6.78,0.16,0.04,-0.06,320,296,298,340,313
7.39,-0.78,-6.54,0.10,0.01,-0.03,320,296,298,341,313
7.20,-0.90,-6.19,0.05,0.00,-0.03,320,296,298,341,313
7.03,-0.45,-7.03,0.03,0.04,0.00,320,296,298,340,313
7.44,-0.34,-6.91,0.09,0.03,-0.03,320,296,298,340,313
7.06,-0.62,-6.55,0.11,0.05,-0.08,320,296,299,341,313
7.32,-0.81,-6.42,0.07,0.02,-0.04,320,296,298,340,313
END
7.16,-0.65,-6.56,0.05,0.01,-0.05,320,296,299,340,313
6.53,1.95,-7.22,0.12,0.02,-0.13,320,296,299,341,313
6.49,1.76,-7.32,0.14,0.09,-0.09,320,296,299,341,313
6.81,1.57,-7.45,0.15,0.03,-0.14,320,297,299,341,313
6.49,1.77,-7.65,0.17,0.14,-0.06,320,297,298,340,313
6.65,1.90,-7.81,0.18,0.10,-0.06,320,296,299,341,313
6.65,2.00,-7.88,0.28,0.12,-0.11,320,296,298,340,313
6.60,1.34,-7.27,0.32,0.14,-0.09,320,296,299,341,313
7.00,0.78,-6.83,0.34,0.07,-0.16,320,297,298,341,313
7.14,1.06,-7.14,0.29,0.07,-0.06,320,296,299,341,313
6.87,0.95,-6.96,0.31,0.03,-0.07,320,296,298,341,313
6.96,0.47,-6.69,0.28,-0.03,-0.11,320,296,298,341,313
6.65,0.05,-6.50,0.28,0.11,-0.04,320,296,298,341,313
6.89,0.20,-6.78,0.22,0.04,-0.13,320,296,298,341,312
6.91,0.25,-7.03,0.24,0.10,-0.14,320,296,298,341,313
7.26,-0.25,-6.50,0.25,0.03,-0.24,320,296,297,340,313
7.31,-0.09,-6.53,0.23,0.05,-0.20,320,296,298,341,312
7.14,0.20,-6.95,0.22,0.05,-0.20,320,296,298,341,312
7.63,-0.15,-6.72,0.25,0.05,-0.14,320,296,298,341,313
7.28,-0.06,-6.69,0.24,-0.04,-0.22,320,296,298,341,313
7.87,0.39,-6.93,0.27,0.03,-0.12,320,296,298,341,313
7.03,0.09,-6.88,0.33,0.02,-0.11,320,296,298,340,313
7.73,-0.67,-6.34,0.36,-0.06,-0.12,320,296,298,340,313
7.44,-0.80,-6.24,0.26,-0.04,-0.05,320,296,298,341,312
7.11,-0.90,-6.48,0.22,0.05,0.05,320,296,298,340,313
7.26,-1.23,-6.17,0.18,0.05,0.02,320,296,298,340,313
7.33,-1.49,-5.81,0.15,0.01,-0.04,320,296,298,340,313
7.05,-1.21,-6.55,0.14,-0.04,-0.07,320,296,298,341,312
7.49,-0.78,-7.31,0.09,-0.05,-0.10,320,296,299,340,313
7.47,-0.98,-6.52,0.16,0.13,0.01,319,296,299,341,312
7.90,-1.42,-6.01,0.06,-0.06,-0.13,319,296,299,341,312
7.39,-0.85,-6.95,0.04,0.17,0.05,319,296,299,341,312
7.56,-1.48,-6.18,0.04,0.04,-0.07,318,296,299,341,312
7.16,-1.19,-6.45,0.03,0.09,-0.01,319,296,299,340,312
7.42,-1.18,-6.30,0.02,-0.01,-0.10,318,296,298,340,312
7.91,-1.00,-6.50,0.03,0.00,-0.03,318,296,298,340,312
END
7.52,-1.24,-6.12,0.02,0.03,-0.00,319,296,298,340,312
6.81,1.39,-6.66,-0.01,0.02,0.01,319,296,298,340,313
6.86,1.66,-7.05,0.02,0.03,-0.03,319,296,297,340,312
6.91,1.56,-6.99,0.04,0.00,-0.07,319,296,298,340,312
7.21,1.43,-6.93,0.05,0.01,-0.06,319,296,298,340,312
7.51,1.41,-6.87,0.08,-0.01,-0.07,319,296,298,339,312
6.75,2.44,-7.63,0.15,0.07,0.04,319,296,298,340,312
6.22,2.46,-7.25,0.28,0.04,-0.14,319,295,298,340,313
6.89,1.18,-6.47,0.35,0.17,-0.15,319,296,298,340,312
6.55,1.07,-6.49,0.35,0.12,-0.26,319,296,298,340,313
7.25,1.21,-6.73,0.33,0.06,-0.30,319,296,298,340,313
8.13,0.49,-6.47,0.35,0.01,-0.30,319,296,298,340,312
7.84,0.24,-6.60,0.31,-0.06,-0.28,318,296,298,340,312
7.40,0.39,-6.27,0.27,-0.08,-0.21,319,296,298,340,312
7.67,0.50,-6.78,0.24,0.01,-0.18,319,296,296,340,312
7.86,0.38,-6.43,0.27,0.03,-0.15,319,297,298,340,313
8.05,0.26,-6.33,0.22,0.03,-0.12,319,296,298,340,312
7.25,0.41,-6.36,0.18,0.07,-0.04,319,296,298,340,312
7.21,0.16,-6.25,0.19,0.14,-0.01,319,296,298,340,312
7.56,0.66,-7.03,0.20,0.05,-0.09,319,296,298,340,312
7.03,-0.14,-6.12,0.20,0.04,-0.12,319,296,298,340,312
7.89,-0.41,-5.69,0.08,-0.09,-0.22,319,296,298,340,312
7.82,0.31,-6.34,0.02,-0.02,-0.10,319,296,298,340,312
7.69,0.56,-6.90,0.04,0.05,0.02,319,296,298,340,312
7.49,0.47,-6.54,0.07,0.01,-0.03,319,296,298,340,312
7.47,0.37,-6.42,0.07,0.01,-0.04,319,296,298,340,312
7.62,0.37,-6.39,0.04,0.01,-0.05,318,296,298,340,312
7.26,0.36,-6.59,0.06,0.07,-0.00,318,295,298,340,312
8.08,0.15,-6.41,0.03,0.02,-0.05,318,296,297,340,312
7.34,0.32,-6.38,0.07,0.11,0.02,317,296,297,340,312
7.71,0.09,-6.07,0.04,0.04,-0.04,317,295,297,340,312
7.69,0.31,-6.46,0.06,0.07,0.00,317,295,297,340,312
7.62,0.04,-6.03,0.04,0.04,-0.02,316,295,297,339,312
7.37,-0.06,-6.04,0.05,0.04,-0.03,316,295,297,339,312
8.02,-0.11,-5.94,0.03,-0.01,-0.07,316,295,296,339,312
7.49,0.07,-6.27,0.03,-0.00,-0.06,316,295,297,338,312
END
7.70,0.24,-6.07,0.03,-0.00,-0.06,318,296,298,340,312
7.01,1.26,-6.64,0.14,-0.01,-0.07,318,296,298,340,312
7.24,1.39,-6.78,0.11,0.00,-0.03,318,296,298,341,312
6.90,1.51,-6.88,0.08,0.01,-0.00,318,295,298,340,312
7.26,1.86,-7.12,0.11,-0.02,-0.04,318,296,298,340,313
6.62,1.62,-7.12,0.14,0.05,-0.03,318,296,298,340,313
7.00,1.46,-6.87,0.16,0.04,-0.05,318,296,298,340,312
7.13,1.66,-7.27,0.17,0.02,-0.04,318,296,298,341,313
7.28,1.53,-7.07,0.22,0.03,-0.02,318,293,298,341,312
7.01,1.08,-7.19,0.24,0.01,-0.07,318,296,298,340,312
6.83,1.02,-7.01,0.26,0.05,-0.03,318,295,298,341,312
7.22,0.80,-6.64,0.29,0.02,-0.10,319,296,298,341,312
6.89,0.41,-6.74,0.24,-0.01,-0.09,317,296,298,340,312
7.11,0.17,-6.78,0.22,-0.04,-0.10,318,296,298,340,312
6.65,0.09,-6.86,0.20,-0.01,-0.07,318,296,297,340,312
6.82,0.09,-6.72,0.17,-0.05,-0.15,318,295,298,340,312
6.86,0.34,-7.19,0.17,0.01,-0.16,318,295,298,340,312
6.88,0.34,-7.22,0.18,-0.02,-0.23,318,296,297,340,312
7.69,-0.19,-6.73,0.21,0.03,-0.12,318,296,297,340,312
7.34,0.09,-6.74,0.16,0.06,-0.09,317,295,298,340,312
7.62,0.11,-6.72,0.15,0.14,-0.02,318,295,297,339,312
7.06,-0.33,-6.70,0.15,0.17,-0.04,318,296,297,340,313
7.25,-0.16,-6.83,0.12,-0.04,-0.19,318,296,297,340,312
6.96,-0.32,-6.51,0.10,0.05,-0.12,318,296,298,340,312
7.63,-0.15,-6.53,0.08,-0.04,-0.17,318,296,297,340,312
7.26,0.39,-7.06,0.08,0.04,-0.06,318,295,298,340,312
7.39,0.15,-6.73,0.09,0.02,-0.08,318,296,297,340,312
7.55,0.29,-6.40,0.09,0.03,-0.09,318,295,297,340,312
7.55,0.24,-6.41,0.06,0.02,-0.09,318,296,297,340,312
7.39,0.32,-6.65,0.04,0.05,-0.02,318,296,297,340,312
6.58,0.35,-6.69,0.06,0.00,-0.07,317,295,297,340,312
7.69,0.07,-6.35,0.06,-0.08,-0.14,316,295,297,340,312
7.54,0.22,-6.63,0.00,-0.02,-0.03,316,295,297,340,312
7.58,0.07,-6.55,0.03,0.04,-0.05,316,295,297,340,312
7.51,0.34,-6.96,-0.01,0.05,0.01,316,295,297,340,312
7.45,0.09,-6.42,0.00,0.06,-0.00,316,295,298,340,312
END
7.23,0.04,-6.42,0.05,0.01,-0.05,318,296,298,341,313
6.91,1.81,-7.24,0.15,0.00,-0.05,318,296,298,341,313
6.83,1.58,-7.11,0.15,-0.02,-0.04,318,296,298,341,313
6.79,1.53,-7.02,0.18,-0.01,-0.06,318,296,298,341,313
7.19,1.18,-7.10,0.17,-0.04,-0.06,318,295,298,340,313
6.93,1.30,-7.24,0.18,-0.03,-0.02,319,296,298,340,313
6.81,1.56,-7.44,0.22,-0.02,-0.00,318,295,298,341,313
6.50,0.98,-7.39,0.27,-0.03,-0.07,318,296,298,341,313
6.80,0.42,-6.95,0.28,-0.08,-0.17,318,295,298,341,313
6.17,0.50,-6.93,0.24,0.03,-0.09,318,296,298,340,313
6.42,0.60,-6.75,0.22,0.05,-0.15,318,296,298,341,313
6.88,0.57,-7.44,0.21,0.06,-0.22,318,296,298,341,313
6.49,0.58,-7.42,0.27,0.11,-0.16,318,296,298,341,313
7.33,-0.13,-6.72,0.30,0.07,-0.29,318,296,298,341,313
7.21,-0.52,-6.72,0.19,0.05,-0.20,318,296,298,341,312
7.57,-0.07,-6.92,0.14,-0.03,-0.20,318,296,298,341,312
6.84,0.01,-7.01,0.14,0.04,-0.12,317,296,298,340,312
6.81,0.47,-7.41,0.14,0.03,-0.12,317,295,298,340,312
6.81,0.39,-7.19,0.20,-0.01,-0.22,318,295,298,340,312
7.86,0.11,-6.74,0.19,-0.03,-0.17,318,296,298,340,313
7.14,-0.19,-6.65,0.18,-0.02,-0.13,317,296,298,340,312
7.25,-0.12,-6.47,0.12,-0.01,-0.10,318,296,298,340,312
6.96,0.34,-7.18,0.11,0.08,-0.03,318,296,298,340,312
7.00,0.49,-7.29,0.13,0.01,-0.13,317,296,298,340,312
6.85,0.24,-7.06,0.16,0.06,-0.09,318,296,298,340,312
7.47,-0.11,-6.75,0.14,-0.03,-0.18,317,296,298,340,312
7.37,0.10,-6.97,0.12,0.04,-0.09,318,296,298,340,312
7.44,-0.09,-6.64,0.12,0.04,-0.05,317,295,298,340,312
7.38,-0.19,-6.67,0.07,0.07,0.02,318,295,297,340,312
7.10,0.34,-7.26,0.09,0.11,0.06,317,296,298,340,312
7.02,-0.24,-6.59,0.11,0.04,-0.04,318,296,298,340,312
7.04,-0.27,-6.43,0.06,0.04,-0.05,317,295,298,339,311
7.38,-0.10,-6.84,0.03,-0.02,-0.08,316,295,298,340,312
7.65,-0.32,-6.58,0.05,0.04,-0.03,316,295,298,340,312
7.79,-0.22,-6.60,0.03,0.05,-0.01,316,295,298,340,312
7.23,-0.23,-6.73,0.05,0.09,0.02,316,296,298,340,312
END
6.94,-0.34,-6.12,0.04,0.02,-0.05,317,296,298,341,312
6.89,1.42,-6.78,0.06,0.05,0.04,318,296,298,341,312
7.13,1.65,-6.81,0.06,-0.04,-0.08,318,296,298,341,312
6.90,1.75,-6.90,0.07,-0.01,-0.04,318,296,298,341,312
7.02,1.59,-6.73,0.10,-0.02,-0.08,318,296,298,341,312
7.09,1.97,-7.08,0.12,0.05,-0.01,318,296,298,341,311
7.11,2.18,-7.27,0.18,-0.01,-0.09,318,296,298,341,312
7.24,1.95,-7.22,0.22,-0.06,-0.11,316,296,298,341,312
6.98,0.96,-6.96,0.23,-0.02,-0.11,318,296,298,341,312
7.11,1.00,-6.88,0.21,0.04,-0.04,318,296,298,341,312
6.60,1.16,-7.21,0.21,-0.03,-0.17,318,296,298,341,312
6.04,1.26,-7.28,0.23,0.07,-0.14,317,296,298,341,312
7.34,1.01,-7.21,0.28,0.09,-0.18,318,296,298,341,312
6.94,0.54,-7.08,0.29,0.07,-0.23,318,296,298,341,312
7.53,0.55,-6.82,0.30,0.02,-0.26,318,296,298,340,312
7.04,0.75,-6.91,0.30,0.14,-0.16,317,296,298,341,312
7.16,0.50,-6.65,0.31,0.06,-0.25,317,295,298,341,312
7.62,0.42,-6.45,0.29,0.05,-0.25,318,296,298,341,312
7.64,0.71,-6.49,0.21,0.05,-0.18,317,296,298,341,312
7.41,0.64,-6.65,0.20,0.07,-0.15,317,296,298,341,312
7.07,0.82,-6.92,0.19,0.05,-0.15,317,296,298,341,312
7.74,0.53,-6.49,0.23,0.08,-0.12,317,296,298,341,312
7.29,0.34,-6.50,0.19,0.06,-0.08,317,296,298,341,312
7.19,0.55,-6.49,0.17,-0.01,-0.12,317,296,297,341,312
7.33,0.74,-6.50,0.20,-0.09,-0.22,317,296,297,341,312
8.00,0.13,-6.22,0.14,-0.01,-0.11,317,296,298,341,312
7.86,-0.05,-6.07,0.06,0.00,-0.07,317,296,298,341,312
7.53,0.55,-6.86,0.02,0.08,0.06,317,296,297,341,311
7.22,0.61,-6.78,0.07,0.10,0.03,317,296,298,341,312
7.40,0.24,-6.29,0.09,0.10,0.00,317,296,298,341,312
7.52,0.25,-6.47,0.01,0.09,0.06,317,296,297,341,312
6.58,0.24,-6.67,0.07,0.05,-0.07,316,295,297,340,312
8.72,0.29,-6.47,-0.00,-0.07,-0.10,316,296,297,340,312
7.49,0.19,-6.40,0.07,0.13,0.09,316,296,297,339,312
7.59,0.03,-6.12,0.05,0.05,0.00,316,295,296,339,311
7.42,0.11,-6.25,0.02,0.04,-0.01,316,295,295,339,311
END
7.52,-0.12,-6.39,0.03,-0.00,-0.03,318,296,298,342,312
7.18,1.23,-6.58,0.08,0.02,-0.01,318,296,298,341,312
7.18,1.35,-6.42,0.08,-0.04,-0.08,318,296,298,342,312
7.27,1.44,-6.53,0.07,-0.01,-0.06,318,296,298,342,312
7.22,1.49,-6.91,0.08,0.02,-0.05,318,296,298,342,312
7.44,1.54,-6.73,0.10,-0.01,-0.07,318,296,298,342,312
7.24,1.90,-7.04,0.12,0.03,-0.01,318,296,298,342,312
6.96,1.34,-6.83,0.19,-0.01,-0.10,317,296,298,342,312
7.44,0.98,-6.31,0.17,0.00,-0.11,318,296,297,342,312
7.76,1.39,-6.70,0.14,0.02,-0.06,317,296,297,342,312
7.34,1.61,-6.93,0.17,0.02,-0.03,317,296,298,341,312
7.21,1.28,-6.81,0.22,0.01,-0.06,317,296,297,341,312
7.18,0.52,-6.31,0.23,0.06,-0.05,317,296,296,341,312
7.13,0.41,-6.20,0.17,0.07,-0.10,317,296,297,341,312
7.34,0.68,-6.61,0.14,0.04,-0.11,317,296,297,340,312
7.48,0.68,-6.95,0.12,0.03,-0.08,317,296,297,340,312
7.56,0.67,-6.83,0.18,-0.02,-0.14,317,296,297,340,312
7.41,0.72,-6.83,0.20,-0.02,-0.16,317,296,297,340,312
7.90,0.47,-6.52,0.24,0.01,-0.16,317,296,297,340,312
7.55,0.47,-6.60,0.25,0.02,-0.16,317,295,297,340,311
7.41,0.26,-6.09,0.29,0.04,-0.26,317,296,297,340,311
7.63,0.04,-6.35,0.23,0.09,-0.26,317,295,297,340,312
8.02,0.16,-5.97,0.21,0.10,-0.18,316,295,297,340,312
7.80,0.58,-6.46,0.16,0.00,-0.16,317,296,296,339,312
7.42,0.70,-6.69,0.17,-0.02,-0.14,317,296,296,340,312
7.68,0.17,-5.95,0.18,-0.04,-0.15,317,296,296,340,312
7.66,0.20,-6.07,0.13,-0.05,-0.12,317,296,296,339,312
7.98,0.42,-6.27,0.05,-0.01,-0.05,317,296,297,339,311
7.60,0.64,-6.54,0.05,0.02,-0.01,317,296,296,340,312
7.49,0.53,-6.50,0.05,0.04,0.02,317,295,296,340,311
7.62,0.42,-6.37,0.04,0.06,-0.01,316,296,296,340,312
7.58,0.42,-6.44,0.01,0.06,0.02,316,295,296,339,311
7.47,0.35,-6.40,0.02,0.02,-0.02,316,295,296,339,311
7.54,0.15,-6.04,0.01,-0.02,-0.06,315,295,295,339,311
8.14,0.44,-6.75,0.02,0.03,0.03,315,295,295,339,312
6.90,0.16,-5.86,0.02,0.04,0.05,315,295,295,338,311
END
7.80,0.09,-5.96,0.00,-0.04,-0.05,317,295,297,340,312
7.05,2.30,-6.78,0.06,0.01,-0.03,317,295,297,340,312
7.03,2.19,-6.71,0.05,0.01,-0.03,317,295,297,340,312
7.00,2.50,-6.99,0.07,-0.02,-0.05,317,295,296,340,312
6.96,2.47,-7.02,0.09,0.02,-0.02,317,295,296,340,311
6.96,2.67,-7.06,0.11,-0.00,-0.03,317,295,297,340,312
6.79,2.71,-7.26,0.18,0.01,-0.01,317,295,296,340,312
6.75,2.23,-6.93,0.23,-0.01,-0.05,317,296,296,340,312
6.60,2.00,-6.61,0.21,-0.04,-0.05,317,295,296,340,312
6.68,2.00,-6.89,0.23,-0.03,-0.08,317,296,297,340,312
6.90,1.50,-7.04,0.22,-0.09,-0.10,317,296,296,340,312
7.10,1.31,-7.01,0.20,-0.01,-0.05,317,296,296,340,312
6.55,0.98,-6.80,0.19,0.04,-0.03,317,296,296,340,312
6.45,1.19,-6.81,0.16,-0.02,-0.11,317,296,296,340,312
7.17,1.11,-7.12,0.16,-0.01,-0.15,317,296,297,340,312
7.13,0.91,-7.01,0.14,0.02,-0.10,317,295,297,340,312
6.65,1.12,-7.30,0.13,0.01,-0.06,317,295,296,340,312
6.81,1.42,-7.47,0.16,-0.00,-0.08,317,296,296,340,312
6.53,1.37,-7.43,0.16,0.02,-0.06,317,296,296,340,312
6.91,1.24,-7.25,0.22,-0.04,-0.13,317,296,296,340,312
6.82,0.78,-6.93,0.20,-0.00,-0.12,317,296,296,340,312
7.01,0.75,-7.03,0.17,-0.02,-0.14,317,296,296,340,312
6.92,0.69,-7.35,0.17,0.02,-0.11,317,296,296,340,312
7.08,0.83,-7.39,0.18,0.01,-0.13,317,296,296,340,312
6.42,0.54,-7.20,0.21,0.05,-0.06,317,296,296,340,312
6.69,0.57,-7.43,0.23,0.02,-0.16,317,295,296,340,312
6.74,0.25,-7.28,0.21,0.04,-0.12,317,296,296,339,312
7.01,0.39,-7.06,0.22,0.05,-0.15,317,295,297,339,312
7.10,0.62,-7.21,0.22,0.10,-0.10,317,295,296,339,312
7.05,0.13,-6.93,0.28,0.06,-0.13,317,295,296,339,312
7.31,-0.32,-6.26,0.19,0.03,-0.12,316,295,296,339,312
7.14,-0.04,-6.87,0.15,0.06,-0.07,317,296,296,339,312
6.94,0.14,-7.07,0.09,0.12,-0.01,317,295,296,339,311
7.55,-0.06,-6.45,0.13,0.01,-0.12,316,296,296,339,312
7.98,0.12,-6.98,0.07,0.12,0.07,316,296,296,339,312
7.16,-0.07,-6.86,0.13,0.15,0.05,316,296,296,339,312
END
7.01,-0.54,-6.30,0.11,0.09,-0.00,319,296,299,341,312
7.05,1.86,-7.16,0.12,0.03,-0.03,318,296,299,341,312
7.29,1.59,-6.90,0.13,-0.04,-0.09,319,296,299,341,312
6.91,1.54,-7.01,0.12,0.04,0.04,319,296,299,341,312
7.16,1.71,-7.24,0.12,-0.05,-0.07,319,296,300,341,312
6.82,2.07,-7.47,0.15,-0.01,-0.02,318,296,299,341,312
6.64,1.85,-7.24,0.20,-0.04,-0.09,318,296,299,341,312
6.82,1.32,-7.01,0.23,-0.01,-0.07,318,296,299,341,312
6.92,1.13,-7.19,0.22,0.05,-0.02,319,296,299,341,312
6.96,0.93,-7.22,0.20,-0.00,-0.05,318,296,299,341,311
6.52,0.85,-6.76,0.19,0.02,-0.05,318,296,299,340,312
6.70,1.07,-7.04,0.18,0.02,-0.11,318,296,299,341,312
6.78,0.71,-6.74,0.16,0.10,-0.06,318,296,298,341,311
6.95,0.59,-6.88,0.18,0.01,-0.18,318,296,299,341,311
7.29,0.98,-7.31,0.15,0.05,-0.08,318,296,299,341,312
7.03,0.93,-7.58,0.21,0.06,-0.06,318,296,298,341,311
7.61,0.18,-6.88,0.24,-0.07,-0.16,318,296,299,340,312
7.02,0.17,-6.75,0.21,0.02,-0.09,318,295,299,340,312
6.98,0.42,-7.01,0.20,-0.03,-0.10,318,296,298,341,311
7.10,0.44,-6.97,0.21,-0.06,-0.15,318,296,298,340,312
6.51,0.12,-6.58,0.25,0.03,-0.11,318,296,298,340,312
7.39,-0.20,-6.75,0.23,0.00,-0.14,318,296,298,340,312
6.66,0.21,-7.47,0.22,0.01,-0.14,318,296,298,340,312
7.45,-0.12,-7.05,0.28,0.03,-0.15,318,296,298,341,311
6.89,-0.37,-6.73,0.23,-0.02,-0.19,318,296,298,340,311
7.09,-0.27,-6.63,0.20,-0.03,-0.18,318,296,298,340,311
7.54,-0.32,-6.88,0.17,0.04,-0.13,318,296,298,340,311
7.16,-0.31,-6.78,0.13,0.01,-0.13,318,296,298,340,311
7.51,-0.14,-6.88,0.13,0.02,-0.09,318,296,298,340,312
7.22,-0.43,-6.87,0.11,0.06,-0.01,318,296,298,340,312
7.30,-0.60,-6.65,0.11,0.01,-0.07,318,296,298,340,312
6.98,-0.31,-7.03,0.09,0.07,-0.02,317,296,298,340,311
6.93,-0.20,-6.74,0.09,0.06,-0.05,318,296,298,340,311
7.53,-0.44,-6.44,0.07,0.02,-0.11,317,296,298,339,311
7.87,-0.27,-7.14,0.05,0.08,0.01,317,296,298,339,311
7.39,-0.43,-6.70,0.08,0.12,0.04,316,296,298,340,311
END
7.06,-0.73,-6.42,0.08,0.09,0.02,318,296,298,341,312
7.24,1.42,-6.42,0.05,-0.04,-0.09,318,296,298,340,312
7.06,1.34,-6.53,0.03,-0.01,-0.04,318,296,298,340,312
7.21,1.54,-6.98,0.04,0.01,-0.04,318,296,298,341,312
7.23,1.93,-7.01,0.08,-0.01,-0.05,318,296,298,341,312
7.09,1.64,-6.93,0.12,-0.00,-0.06,318,296,298,341,312
6.86,0.81,-6.20,0.11,0.02,-0.06,318,296,297,341,311
6.88,1.76,-6.73,0.05,0.05,-0.04,318,296,298,340,312
6.81,2.38,-7.29,0.11,-0.01,-0.11,318,296,299,340,311
7.05,1.74,-7.33,0.19,0.01,-0.11,318,296,298,340,312
7.23,1.16,-6.53,0.21,-0.04,-0.14,318,296,298,340,312
7.46,0.95,-6.58,0.16,-0.07,-0.10,318,296,297,340,312
7.08,1.18,-7.11,0.15,0.03,-0.03,318,296,297,340,312
6.69,1.11,-6.98,0.18,0.04,-0.07,318,296,298,340,312
7.17,1.27,-7.27,0.22,-0.03,-0.23,318,296,297,339,312
7.31,0.69,-6.94,0.21,0.07,-0.11,318,296,298,339,312
7.34,0.75,-6.63,0.20,-0.03,-0.15,318,296,297,340,312
7.21,0.66,-6.68,0.18,-0.04,-0.12,318,296,297,339,312
7.40,0.75,-7.24,0.18,-0.06,-0.14,318,296,297,339,312
6.98,1.03,-7.13,0.19,-0.01,-0.12,318,296,297,339,311
6.75,0.78,-6.95,0.19,0.02,-0.08,317,296,297,339,311
7.16,0.74,-6.97,0.21,-0.03,-0.22,318,296,297,340,311
6.58,0.29,-6.78,0.22,0.10,-0.12,317,296,297,339,312
7.83,0.50,-6.77,0.23,0.09,-0.20,317,296,297,340,312
7.47,0.65,-6.93,0.19,0.11,-0.07,318,296,297,339,312
7.41,0.52,-6.92,0.22,-0.01,-0.17,318,296,297,340,312
7.21,0.36,-6.57,0.18,0.07,-0.09,318,296,297,340,312
6.97,0.51,-6.78,0.17,0.08,-0.08,317,296,297,339,311
7.34,0.60,-6.91,0.19,-0.00,-0.15,318,296,297,339,312
7.53,0.42,-6.83,0.22,0.11,-0.05,317,296,297,339,311
7.89,-0.82,-5.44,0.20,0.02,-0.16,317,296,297,339,311
8.18,-0.18,-6.03,0.01,0.05,0.03,317,293,297,339,311
7.62,0.55,-7.14,0.05,0.18,0.14,317,296,297,339,312
7.19,-0.09,-6.27,0.09,0.15,0.09,317,296,297,338,311
8.00,-0.18,-6.04,0.04,0.06,-0.01,317,296,297,339,312
7.31,-0.18,-6.45,0.01,0.08,0.04,316,296,296,339,313
END
7.34,-0.27,-6.34,0.01,-0.05,-0.11,317,296,296,339,312
6.83,2.13,-7.49,0.05,-0.06,-0.11,317,296,297,339,312
6.80,1.89,-7.01,0.06,0.01,-0.05,317,296,297,339,312
6.79,2.17,-7.31,0.05,0.03,0.01,317,295,296,339,312
6.64,2.50,-7.49,0.11,0.02,0.01,317,296,296,339,312
6.23,2.55,-8.09,0.21,0.01,-0.01,317,295,296,339,312
6.51,1.90,-7.20,0.28,0.04,-0.04,317,296,297,339,312
6.30,1.82,-6.98,0.30,0.02,-0.11,317,296,296,339,312
6.77,1.32,-7.21,0.33,-0.01,-0.22,317,296,297,339,312
6.47,0.99,-7.16,0.31,0.18,-0.06,316,296,296,339,312
6.72,1.00,-6.99,0.32,0.03,-0.24,317,296,296,339,312
7.38,0.89,-7.04,0.31,0.04,-0.23,317,296,296,339,312
6.75,0.82,-6.93,0.32,0.11,-0.15,317,296,297,339,312
7.78,0.52,-6.77,0.32,-0.06,-0.33,317,296,296,339,312
7.56,0.24,-6.37,0.31,0.09,-0.16,317,296,296,338,312
7.49,-0.01,-6.35,0.25,0.01,-0.17,317,295,296,338,312
7.00,0.50,-6.97,0.17,0.06,-0.11,317,295,296,339,312
6.18,0.66,-7.30,0.17,0.01,-0.18,317,296,296,338,312
6.98,0.65,-6.94,0.20,0.06,-0.19,316,296,296,338,312
7.52,0.37,-6.91,0.24,0.03,-0.18,317,295,296,338,313
7.35,0.29,-6.86,0.22,0.04,-0.14,317,296,296,338,312
7.29,0.14,-6.34,0.22,-0.00,-0.14,317,296,296,338,312
7.47,0.12,-6.25,0.21,0.06,-0.10,317,296,296,338,312
7.80,-0.06,-6.37,0.10,-0.03,-0.14,316,296,296,338,312
7.48,0.47,-6.96,0.06,0.12,0.06,316,296,296,338,311
7.14,0.18,-6.88,0.03,0.04,0.01,315,295,296,338,312
7.56,0.52,-6.68,0.04,0.13,0.14,316,295,295,337,312
7.75,-0.27,-5.86,0.04,0.03,0.02,316,296,295,338,312
6.89,-0.11,-6.60,0.04,0.13,0.06,316,296,295,338,312
7.86,-0.20,-6.33,0.03,-0.00,-0.06,315,295,295,337,312
6.98,-0.26,-6.67,0.08,0.07,0.02,315,295,295,338,312
8.30,-0.19,-6.37,0.04,0.01,-0.02,315,295,295,338,312
7.42,-0.37,-6.42,0.08,0.09,0.03,315,296,295,338,312
7.59,-0.51,-6.00,0.07,0.04,-0.03,315,295,295,337,312
7.42,-0.33,-6.16,0.06,0.02,-0.04,315,295,295,338,312
7.75,-0.42,-6.23,0.04,-0.00,-0.04,315,296,295,337,312
END
7.11,-0.42,-6.32,0.02,-0.03,-0.04,318,296,297,339,313
6.78,1.94,-7.17,0.15,0.01,-0.09,318,296,297,339,312
6.53,1.45,-6.81,0.18,0.00,-0.10,318,296,297,339,312
6.91,1.41,-6.80,0.12,-0.03,-0.19,318,295,297,339,312
6.75,1.71,-7.17,0.14,0.06,-0.07,318,296,297,339,312
6.86,2.01,-7.53,0.14,-0.02,-0.16,318,296,297,339,312
6.80,1.93,-7.48,0.20,0.06,-0.08,317,296,297,339,312
7.16,1.75,-6.97,0.24,0.00,-0.17,317,296,297,339,312
7.57,1.48,-6.70,0.21,0.03,-0.05,317,296,297,338,312
7.03,1.22,-7.09,0.21,-0.01,-0.07,317,296,297,338,312
6.83,0.87,-6.91,0.19,-0.03,-0.06,317,296,297,339,312
6.54,1.20,-7.52,0.21,0.07,-0.01,317,296,297,338,312
6.60,0.98,-7.31,0.24,0.01,-0.14,317,296,297,338,312
6.63,0.57,-6.88,0.26,0.04,-0.16,317,296,297,338,312
7.19,0.33,-6.74,0.24,0.00,-0.18,317,295,297,338,312
6.60,0.71,-7.01,0.20,0.06,-0.10,317,296,296,338,312
6.85,0.73,-7.39,0.22,0.02,-0.23,317,296,296,338,312
7.32,0.39,-6.62,0.20,0.06,-0.17,317,295,296,338,312
7.43,0.19,-6.47,0.16,-0.00,-0.16,317,296,296,338,313
7.14,0.89,-7.35,0.13,0.06,-0.05,317,296,296,338,312
7.30,0.85,-7.12,0.17,0.01,-0.10,317,296,296,338,312
6.93,0.60,-7.10,0.21,0.03,-0.07,317,296,296,338,312
7.08,0.34,-7.04,0.21,-0.03,-0.16,317,296,296,338,312
7.09,0.22,-6.65,0.21,0.06,-0.11,317,295,297,338,312
7.17,0.27,-6.88,0.19,0.08,-0.06,317,296,296,338,312
7.54,0.13,-6.81,0.19,0.02,-0.10,317,296,296,339,312
7.12,0.13,-6.70,0.18,0.13,-0.00,317,296,296,338,312
7.05,-0.23,-6.27,0.17,0.02,-0.11,317,296,296,339,312
7.28,-0.12,-6.86,0.11,0.02,-0.09,317,296,296,339,312
7.47,-0.13,-6.59,0.08,0.03,-0.06,317,296,296,338,312
7.67,-0.47,-6.37,0.06,-0.01,-0.05,317,296,296,339,312
7.77,0.06,-7.11,0.03,0.10,0.05,317,296,296,339,311
7.26,-0.04,-6.73,0.05,0.05,0.01,316,296,296,338,312
7.38,-0.08,-6.65,0.04,0.07,0.03,317,296,296,338,312
6.96,-0.04,-6.53,0.05,0.02,-0.08,316,296,296,339,312
7.28,-0.21,-6.35,0.06,-0.04,-0.17,316,296,296,338,312
END
8.47,0.01,-6.86,0.05,0.02,-0.11,317,296,296,339,312
6.37,2.70,-7.61,-0.00,-0.02,-0.02,317,296,296,339,312
6.30,2.66,-7.26,0.04,0.05,0.02,317,296,296,339,312
6.17,2.94,-7.75,0.07,0.00,-0.03,317,296,296,339,312
5.95,2.79,-7.70,0.14,0.02,-0.05,317,296,296,339,312
6.27,2.46,-7.36,0.16,0.09,0.00,317,296,296,339,312
5.92,2.76,-7.75,0.21,0.09,-0.05,317,296,296,339,312
5.78,2.93,-7.39,0.24,0.07,-0.12,317,296,296,339,311
6.48,1.81,-7.21,0.30,0.14,-0.12,316,296,296,338,312
6.96,1.30,-6.93,0.27,0.08,-0.17,317,296,296,339,312
6.93,1.34,-6.92,0.26,0.08,-0.12,317,295,296,338,311
7.14,1.52,-7.37,0.24,0.02,-0.18,317,296,296,339,311
6.70,1.68,-7.33,0.24,0.06,-0.08,317,296,296,339,312
7.00,1.29,-7.26,0.27,-0.05,-0.18,317,296,296,339,312
6.93,1.21,-7.43,0.28,0.01,-0.10,317,296,296,339,312
6.42,0.82,-6.98,0.28,0.01,-0.15,317,296,296,339,312
6.88,0.67,-6.68,0.27,0.07,-0.17,317,296,296,339,312
6.93,0.47,-6.85,0.21,0.09,-0.16,317,296,296,338,311
6.65,0.57,-6.96,0.15,0.02,-0.18,317,296,296,339,312
6.75,0.98,-7.15,0.18,0.05,-0.29,317,296,296,338,312
7.28,1.01,-7.06,0.21,0.12,-0.19,317,296,296,338,312
7.51,1.06,-7.02,0.20,0.09,-0.11,317,296,296,338,312
7.28,0.88,-6.91,0.20,0.05,-0.09,316,295,296,339,311
7.11,0.69,-6.63,0.16,0.02,-0.06,317,296,296,339,312
7.16,0.70,-6.83,0.14,0.00,-0.08,317,296,296,339,312
7.09,0.37,-6.64,0.12,0.03,-0.03,317,295,296,339,312
7.31,0.70,-7.26,0.07,0.03,-0.02,317,296,296,339,312
7.00,0.51,-7.15,0.10,0.07,-0.01,317,296,296,339,312
7.18,0.47,-7.33,0.12,0.09,-0.01,317,296,296,338,312
6.93,0.29,-6.64,0.10,0.09,-0.00,316,296,296,338,312
7.56,0.47,-6.84,0.11,-0.00,-0.08,316,296,297,339,312
7.11,0.38,-6.84,0.09,0.04,-0.03,316,296,296,339,312
6.92,0.29,-6.60,0.08,0.05,-0.05,315,295,296,339,313
8.13,0.48,-6.43,0.03,0.01,-0.05,315,296,296,339,313
7.19,0.09,-6.78,0.05,0.13,0.03,315,295,296,339,313
6.91,0.11,-6.11,0.05,0.06,-0.03,315,295,296,338,313
END
7.57,0.12,-6.17,0.03,0.03,-0.02,317,296,298,340,313
7.03,1.60,-7.52,0.16,0.05,-0.05,317,296,297,340,313
6.41,1.23,-7.14,0.16,0.05,-0.02,318,296,298,340,313
7.10,1.08,-7.14,0.17,-0.05,-0.12,317,296,298,339,313
6.55,0.96,-6.86,0.11,0.02,-0.01,318,296,298,340,313
6.42,1.16,-7.52,0.11,0.01,-0.07,317,296,297,340,313
6.53,1.23,-7.33,0.12,0.00,-0.09,317,296,299,340,312
6.22,1.08,-7.42,0.16,0.03,-0.10,317,296,297,340,313
6.60,0.99,-7.30,0.14,-0.02,-0.15,317,296,297,340,313
6.87,0.85,-7.47,0.15,0.06,-0.03,317,296,297,340,312
6.73,0.81,-7.11,0.14,-0.06,-0.13,317,296,297,340,313
6.96,1.08,-7.42,0.15,-0.01,-0.09,318,296,297,340,312
6.50,0.70,-7.36,0.16,0.01,-0.08,318,296,298,340,313
6.54,0.51,-7.09,0.16,0.01,-0.11,317,296,298,340,312
6.45,0.86,-7.49,0.11,0.02,-0.09,317,296,297,340,312
6.73,0.80,-7.37,0.14,-0.02,-0.12,317,296,297,340,312
6.81,0.66,-7.42,0.13,0.03,-0.05,317,296,297,340,312
6.94,0.88,-7.66,0.17,0.01,-0.11,317,296,297,340,312
6.98,0.50,-7.48,0.23,0.03,-0.09,317,296,297,340,312
6.77,0.14,-6.92,0.20,0.02,-0.09,318,296,297,340,312
7.02,0.22,-7.52,0.18,0.03,-0.06,318,296,297,340,312
6.70,-0.04,-7.33,0.18,0.05,-0.07,317,296,297,340,313
6.56,-0.11,-7.11,0.16,0.02,-0.09,317,296,297,340,312
6.46,0.04,-7.11,0.13,0.00,-0.11,317,296,297,340,312
6.84,0.04,-7.29,0.14,0.03,-0.12,317,296,297,340,312
6.71,0.04,-7.31,0.15,0.05,-0.09,317,296,298,340,312
7.15,0.24,-7.29,0.24,0.03,-0.18,317,296,297,340,312
7.14,-0.29,-6.92,0.21,0.11,-0.09,317,296,297,339,312
7.02,-0.41,-7.16,0.17,0.04,-0.10,316,296,297,340,312
7.42,-0.28,-7.01,0.13,0.03,-0.06,317,296,297,340,312
6.86,-0.44,-6.75,0.14,0.05,-0.03,317,296,297,340,312
6.73,-0.52,-6.54,0.15,0.05,-0.06,317,296,297,340,312
7.03,-0.48,-6.90,0.12,0.04,-0.06,317,296,296,340,312
7.08,-0.34,-6.98,0.14,0.03,-0.08,317,296,296,340,312
6.86,-0.47,-6.42,0.14,-0.04,-0.20,316,296,296,339,312
8.10,-0.37,-6.94,0.07,-0.08,-0.20,316,296,296,339,312
END
6.93,1.63,-6.99,0.04,0.03,-0.04,320,297,295,336,313
7.19,0.94,-6.82,0.06,0.00,-0.04,320,297,295,336,312
7.28,0.72,-6.57,0.03,0.00,-0.02,320,296,295,336,312
7.17,1.04,-6.95,0.01,-0.01,-0.01,320,297,295,336,312
7.19,0.98,-6.96,0.04,-0.03,-0.06,320,297,295,336,312
7.07,1.10,-6.97,0.04,-0.01,-0.05,320,297,295,336,312
6.91,1.71,-7.45,0.08,-0.00,-0.05,320,297,295,336,312
6.59,2.43,-7.93,0.23,0.04,-0.07,320,297,295,336,312
7.00,0.78,-6.64,0.33,0.05,-0.15,320,296,295,336,313
7.76,0.51,-6.47,0.27,0.07,-0.12,320,297,295,336,312
7.06,0.88,-6.96,0.28,0.13,-0.04,320,297,295,336,312
7.13,0.65,-6.58,0.32,0.00,-0.19,319,297,295,336,312
7.90,-0.11,-6.19,0.30,0.03,-0.15,320,297,295,336,312
7.50,-0.48,-6.02,0.24,0.13,-0.03,320,297,295,336,312
7.80,-0.31,-5.99,0.20,0.03,-0.08,320,297,295,336,312
7.73,-0.34,-6.15,0.16,0.03,-0.06,320,297,294,336,312
7.19,-0.15,-6.31,0.13,0.04,-0.02,320,297,294,336,312
7.41,-0.32,-6.26,0.15,-0.06,-0.16,319,297,294,335,312
7.78,-0.39,-6.23,0.14,0.04,-0.07,320,297,295,336,312
7.53,-0.11,-6.65,0.15,0.00,-0.12,320,297,294,336,312
7.82,-0.12,-6.45,0.22,-0.02,-0.15,319,297,295,336,312
7.72,-0.60,-5.99,0.22,0.05,-0.09,320,297,294,335,312
7.80,-0.66,-6.00,0.15,0.09,-0.06,320,297,294,336,311
7.72,-0.50,-5.76,0.08,-0.03,-0.08,319,297,295,336,312
7.77,-0.32,-6.39,0.02,0.02,-0.02,320,297,294,336,312
7.64,-0.32,-6.64,0.06,0.04,-0.03,320,297,294,336,312
7.59,-0.45,-5.99,0.08,0.05,-0.03,319,296,295,336,312
7.76,-0.52,-6.00,0.07,0.05,-0.07,319,297,295,335,312
8.35,-0.32,-6.27,0.03,0.07,-0.01,320,297,294,335,312
8.00,-0.51,-6.02,0.05,0.10,0.05,319,297,294,335,312
7.65,-0.55,-6.02,0.04,0.14,0.11,319,297,294,335,312
6.54,-0.65,-5.62,0.08,0.03,-0.13,318,296,294,334,312
8.26,-0.39,-5.52,-0.06,-0.18,-0.22,317,296,294,335,312
8.10,-0.22,-6.43,-0.00,-0.02,-0.09,318,296,295,335,312
7.95,-0.24,-5.81,0.01,-0.04,-0.09,317,297,294,335,312
7.86,0.04,-6.16,-0.00,0.01,-0.07,317,296,294,334,312
END
8.20,-0.22,-5.66,0.00,-0.08,-0.15,321,297,297,340,313
7.33,1.21,-6.82,0.03,-0.03,-0.08,321,297,297,340,313
7.28,1.34,-6.77,0.00,0.00,-0.03,321,297,296,340,313
7.21,1.46,-6.90,-0.00,0.02,0.03,320,297,297,340,313
6.90,1.55,-6.98,0.03,-0.03,-0.04,321,296,296,340,313
7.06,1.61,-7.03,0.03,-0.01,-0.02,320,297,297,340,313
7.03,2.30,-7.40,0.09,-0.01,-0.03,321,297,296,340,313
6.72,1.90,-7.41,0.18,0.01,-0.04,321,297,296,340,313
6.94,1.01,-6.67,0.21,0.05,-0.07,321,297,296,340,313
7.00,0.90,-6.65,0.17,0.08,-0.08,320,297,296,340,313
7.45,1.30,-6.98,0.18,0.10,-0.04,320,297,296,340,313
7.17,1.07,-7.03,0.20,0.02,-0.07,320,297,296,340,313
7.20,0.58,-6.46,0.22,0.03,-0.07,320,297,296,340,313
7.32,0.76,-6.63,0.19,0.02,-0.05,320,297,296,340,313
7.33,0.65,-6.60,0.20,0.01,-0.06,320,297,296,339,313
7.34,0.36,-6.56,0.18,-0.05,-0.11,320,297,297,339,313
7.65,0.42,-6.27,0.13,0.03,-0.02,320,297,296,339,314
7.19,0.36,-6.62,0.10,0.02,-0.04,320,297,296,339,313
7.27,0.42,-6.84,0.09,-0.01,-0.08,320,297,296,339,313
7.22,0.42,-6.98,0.12,0.03,-0.05,320,297,296,339,313
7.37,0.01,-6.57,0.13,0.03,-0.08,320,297,296,339,313
7.14,0.05,-6.53,0.10,0.01,-0.09,320,297,296,338,313
6.91,0.47,-7.00,0.13,0.00,-0.16,320,297,296,338,313
7.40,0.40,-6.98,0.18,0.01,-0.17,320,297,296,338,313
7.70,-0.27,-6.27,0.23,0.04,-0.16,320,297,296,339,313
7.98,-0.54,-5.93,0.15,0.03,-0.11,320,297,296,338,313
7.45,-0.29,-6.08,0.10,0.05,-0.08,320,297,296,338,313
7.47,0.09,-6.62,0.07,0.04,-0.05,320,297,296,338,313
7.50,0.63,-6.81,0.08,0.04,-0.07,320,297,296,339,313
7.31,0.32,-6.42,0.12,0.01,-0.11,320,297,295,338,313
7.28,0.42,-6.85,0.12,-0.00,-0.10,320,297,296,338,312
7.49,0.33,-6.75,0.17,0.03,-0.09,320,296,296,338,313
7.72,0.08,-6.33,0.16,-0.04,-0.14,320,297,296,338,313
7.57,-0.11,-6.14,0.14,-0.00,-0.10,320,297,296,338,313
7.56,0.02,-5.94,0.03,0.03,-0.03,320,297,296,338,313
7.75,0.25,-6.50,0.04,0.02,-0.06,320,297,296,338,313
END
7.37,0.29,-6.62,0.07,0.05,-0.04,320,297,297,340,313
7.28,1.97,-6.58,0.09,-0.01,-0.06,319,297,297,340,313
7.39,1.68,-6.40,0.10,0.02,-0.02,319,297,296,340,313
7.27,1.73,-6.25,0.09,-0.00,-0.06,320,297,297,341,313
7.90,1.90,-6.53,0.09,-0.03,-0.06,320,297,297,340,313
7.44,1.74,-6.50,0.10,0.03,0.00,320,297,296,341,313
7.15,1.77,-6.45,0.10,-0.02,-0.07,320,297,296,340,313
7.67,2.11,-6.86,0.14,0.04,0.00,320,297,297,341,313
7.53,1.85,-6.86,0.17,0.00,0.01,320,297,297,341,313
7.37,1.64,-6.89,0.20,0.07,0.11,319,297,297,340,313
7.02,0.80,-6.39,0.25,-0.01,0.02,319,297,297,340,313
7.55,0.70,-6.45,0.20,-0.05,-0.03,319,297,296,340,313
6.79,0.65,-6.41,0.22,0.10,0.07,319,297,296,340,313
7.16,0.32,-6.21,0.20,-0.03,-0.13,319,297,296,340,313
7.58,0.55,-6.58,0.19,0.05,-0.05,319,297,296,340,313
7.10,0.47,-6.47,0.18,0.04,-0.05,319,297,296,339,313
7.34,0.35,-6.50,0.19,-0.02,-0.13,319,297,296,340,313
7.60,-0.08,-6.41,0.19,0.02,-0.13,319,297,296,340,313
7.74,0.19,-6.35,0.16,0.03,-0.11,319,297,296,339,313
7.65,0.27,-6.46,0.12,0.07,-0.02,319,297,296,340,313
7.50,0.19,-6.53,0.17,0.01,-0.15,319,297,296,339,313
7.78,-0.16,-6.04,0.11,0.05,-0.07,319,297,296,339,313
6.60,0.67,-6.76,0.18,0.06,-0.09,319,297,296,339,313
7.49,0.14,-6.26,0.21,-0.08,-0.29,319,297,296,339,313
7.73,-0.05,-6.07,0.23,0.03,-0.23,319,297,296,339,313
7.93,-0.09,-6.29,0.18,0.03,-0.19,319,297,296,339,313
8.15,-0.07,-6.14,0.17,-0.02,-0.24,319,297,296,339,313
7.62,-0.02,-6.22,0.15,0.07,-0.09,319,297,296,339,313
7.82,0.27,-6.22,0.16,-0.02,-0.18,319,297,296,339,313
7.33,0.29,-6.35,0.15,0.03,-0.11,319,297,296,339,313
8.31,0.48,-6.37,0.20,-0.04,-0.24,319,297,296,339,313
8.07,0.23,-6.32,0.20,0.07,-0.03,319,297,296,339,313
7.80,-0.24,-5.65,0.20,-0.07,-0.23,319,297,296,339,313
7.98,-0.09,-5.84,0.10,0.03,-0.09,319,297,296,339,313
7.87,0.47,-6.29,0.06,0.05,-0.08,319,297,296,339,312
7.70,0.37,-6.29,0.11,0.01,-0.11,319,296,295,338,313
END
8.18,0.24,-5.79,0.02,0.03,-0.03,321,297,298,342,314
7.10,2.18,-6.42,0.08,0.08,-0.01,321,297,298,342,314
7.39,2.04,-6.32,0.07,0.02,-0.08,321,297,298,342,314
7.53,2.40,-6.87,0.10,0.04,-0.05,320,297,298,342,314
7.16,2.24,-6.60,0.14,0.08,-0.05,320,297,298,342,314
7.72,2.48,-6.61,0.15,0.01,-0.10,321,297,298,342,314
7.29,2.90,-7.14,0.25,0.01,-0.08,320,297,298,342,314
7.59,2.27,-6.83,0.35,0.00,-0.10,320,297,298,341,313
7.11,0.91,-6.04,0.34,0.06,-0.02,320,297,298,341,314
6.96,0.83,-5.89,0.23,-0.08,-0.12,320,297,298,342,314
7.38,1.59,-6.48,0.23,0.03,-0.05,320,297,298,342,314
7.25,1.51,-6.50,0.22,-0.01,-0.09,320,297,298,341,313
7.81,1.26,-6.60,0.22,-0.09,-0.15,320,297,298,341,313
7.77,0.97,-6.31,0.25,0.07,0.02,320,297,298,341,314
7.39,0.44,-6.35,0.20,0.01,-0.04,320,297,298,341,314
6.98,0.55,-6.43,0.13,0.06,0.02,320,297,298,341,314
7.09,0.67,-6.56,0.10,0.00,-0.09,320,297,298,341,314
7.19,1.14,-6.97,0.19,0.10,-0.01,320,297,298,341,314
7.53,1.11,-6.83,0.25,-0.03,-0.21,320,297,298,341,314
7.62,0.14,-6.48,0.31,-0.05,-0.21,320,297,297,340,314
7.77,-0.27,-5.94,0.25,0.00,-0.13,320,297,297,339,314
7.47,0.10,-6.27,0.18,0.04,-0.07,320,296,297,340,314
7.29,0.46,-6.55,0.16,-0.02,-0.10,320,297,297,340,314
7.65,0.71,-6.67,0.17,-0.01,-0.11,320,297,299,340,313
7.18,0.26,-6.63,0.25,0.07,-0.09,320,297,297,340,314
7.30,0.09,-6.12,0.21,-0.03,-0.22,320,297,297,340,314
7.60,-0.01,-6.22,0.20,0.02,-0.21,320,296,297,340,314
7.80,0.20,-6.59,0.17,0.03,-0.17,320,297,297,340,313
7.54,0.06,-6.17,0.19,0.04,-0.15,320,297,297,340,314
7.68,0.14,-6.22,0.18,0.01,-0.11,320,297,297,340,314
7.82,-0.01,-6.22,0.15,0.05,-0.07,320,297,297,340,313
7.49,-0.17,-6.12,0.29,0.21,-0.10,320,297,296,339,313
7.45,-0.12,-6.47,0.23,0.22,-0.09,320,297,296,339,313
7.95,-0.37,-5.66,0.13,0.03,-0.18,319,297,296,339,313
7.79,0.13,-6.27,0.05,-0.02,-0.10,319,297,296,339,313
7.75,0.22,-5.95,0.05,-0.03,-0.12,318,297,296,339,313
END
7.36,0.48,-6.19,0.01,-0.06,-0.23,319,297,297,340,313
6.95,2.19,-6.97,0.12,-0.00,-0.05,320,297,297,340,312
6.85,2.07,-6.88,0.14,-0.01,-0.05,320,297,297,340,313
6.89,1.82,-6.96,0.14,0.01,-0.03,319,297,297,340,313
7.09,1.73,-6.98,0.14,0.00,-0.04,319,296,297,341,313
6.81,2.06,-7.25,0.17,0.01,-0.06,320,297,297,340,314
6.58,1.90,-7.04,0.20,0.01,-0.07,319,297,297,340,313
6.96,1.59,-6.85,0.21,0.01,-0.09,319,297,297,340,313
7.31,1.51,-7.16,0.21,0.01,-0.07,319,297,296,340,313
7.28,1.13,-6.54,0.22,0.10,0.04,320,297,297,340,313
6.63,1.10,-6.73,0.22,0.10,-0.04,319,297,297,341,313
7.24,1.10,-6.93,0.19,-0.01,-0.11,319,297,297,341,314
6.81,1.23,-7.29,0.23,0.06,-0.06,319,297,297,341,313
6.96,0.83,-6.96,0.23,-0.05,-0.15,319,297,297,340,313
7.27,0.71,-6.81,0.25,0.01,-0.08,318,296,297,340,313
6.78,0.47,-6.52,0.20,-0.02,-0.09,319,297,297,340,313
7.47,0.74,-6.81,0.19,-0.04,-0.08,319,296,297,340,313
7.17,0.65,-7.33,0.20,0.02,-0.04,319,294,297,340,313
6.78,0.32,-7.11,0.21,-0.04,-0.09,319,296,297,340,313
7.00,0.19,-7.29,0.27,0.01,-0.08,319,296,297,340,313
6.76,0.12,-7.34,0.29,0.01,-0.12,319,297,297,339,313
7.01,-0.22,-7.34,0.31,-0.04,-0.16,319,297,297,340,313
7.13,-0.37,-7.11,0.32,0.01,-0.10,319,297,297,340,313
6.72,-0.45,-7.14,0.32,-0.04,-0.13,319,297,297,340,313
7.00,-0.32,-6.76,0.31,-0.07,-0.21,319,297,297,340,313
6.59,-0.67,-6.53,0.29,0.01,-0.16,319,297,297,340,313
7.09,-0.83,-6.58,0.22,-0.07,-0.26,319,297,297,340,314
6.73,-1.06,-6.70,0.16,-0.03,-0.21,319,296,297,340,313
7.75,-0.71,-6.94,0.13,0.01,-0.16,319,297,297,340,313
7.28,-0.60,-7.21,0.11,-0.01,-0.07,319,297,297,340,313
7.14,-0.47,-7.20,0.13,0.01,-0.02,319,297,297,340,313
6.65,-0.50,-6.97,0.11,0.02,0.00,319,296,297,340,313
6.91,-0.62,-7.15,0.08,0.00,-0.02,319,297,297,340,313
6.91,-0.83,-6.95,0.07,0.03,-0.02,319,296,297,340,313
7.24,-1.01,-6.64,0.02,0.03,0.01,319,297,297,340,313
6.88,-0.81,-7.11,0.02,0.01,-0.01,319,297,297,340,313
END
6.63,-0.76,-7.26,0.04,0.03,-0.03,320,297,299,342,313
6.35,2.27,-7.36,0.07,-0.08,-0.01,320,297,299,342,313
6.20,2.40,-7.34,0.07,-0.03,-0.00,320,297,300,342,313
6.30,2.33,-7.54,0.08,-0.01,-0.04,320,297,299,342,313
6.01,2.25,-7.49,0.08,0.03,-0.02,320,297,299,341,313
6.22,2.41,-7.59,0.08,0.01,-0.02,320,297,299,342,313
6.29,2.51,-7.92,0.14,0.02,-0.07,320,297,299,342,313
6.07,2.46,-7.80,0.21,0.08,-0.06,320,297,299,342,313
6.43,2.00,-7.61,0.27,0.13,-0.03,320,297,299,341,313
6.60,1.54,-7.31,0.24,0.01,-0.09,320,297,298,341,313
6.40,1.51,-7.23,0.23,0.01,-0.06,320,297,298,341,313
5.80,1.63,-7.52,0.21,0.00,-0.10,319,297,298,341,313
5.97,1.44,-7.37,0.20,0.04,-0.08,319,297,298,341,313
6.49,1.02,-7.45,0.25,0.03,-0.15,319,297,298,341,312
6.90,0.96,-7.33,0.17,0.04,-0.06,319,297,298,341,313
6.67,1.51,-7.24,0.17,0.05,-0.05,319,297,298,341,313
6.45,1.24,-7.13,0.17,0.00,-0.10,320,297,298,341,313
6.73,0.52,-7.03,0.14,-0.01,-0.13,319,297,298,341,313
6.28,0.56,-7.59,0.15,0.03,-0.16,319,297,298,341,313
7.14,0.94,-7.75,0.15,0.03,-0.15,319,297,298,340,313
6.73,0.92,-7.71,0.21,0.13,-0.09,319,297,298,340,313
6.87,0.71,-7.42,0.23,0.06,-0.08,319,297,298,341,313
7.17,0.01,-6.65,0.24,0.05,-0.14,319,297,298,340,313
7.35,0.06,-6.86,0.18,0.04,-0.04,319,296,298,340,313
6.67,0.27,-7.25,0.13,-0.01,-0.07,319,297,298,341,313
6.78,0.25,-6.92,0.15,0.03,-0.06,319,297,298,340,313
6.72,0.01,-7.19,0.14,-0.01,-0.12,319,297,298,340,313
6.98,-0.28,-7.34,0.16,0.04,-0.07,319,297,298,340,313
6.65,0.04,-7.24,0.14,0.10,-0.01,319,297,298,340,313
6.85,0.11,-7.07,0.15,-0.00,-0.14,319,297,298,340,313
7.27,-0.09,-6.89,0.13,0.01,-0.11,319,297,298,340,313
7.03,0.22,-7.01,0.11,0.04,-0.06,319,297,298,340,313
7.06,0.04,-7.34,0.12,-0.00,-0.08,319,297,298,340,313
6.93,0.08,-7.08,0.14,0.06,-0.05,319,297,297,339,313
6.93,-0.21,-6.75,0.13,0.01,-0.13,319,297,297,340,313
7.21,-0.30,-6.60,0.08,0.04,-0.11,318,297,297,340,313
END
7.95,0.11,-7.14,0.03,0.09,-0.01,320,297,300,343,312
6.61,2.43,-7.04,0.07,-0.04,-0.09,320,297,300,342,313
6.33,2.67,-7.38,0.08,-0.01,-0.05,320,297,300,343,313
6.29,2.49,-7.21,0.09,-0.00,-0.04,320,297,300,343,313
6.21,2.63,-7.52,0.08,-0.01,-0.05,320,297,300,343,313
6.20,2.87,-7.65,0.10,0.01,-0.05,320,297,300,343,313
6.10,2.76,-7.69,0.16,0.04,-0.07,320,297,299,342,313
6.33,2.44,-7.48,0.17,0.04,-0.08,320,297,300,342,313
6.02,2.43,-7.69,0.19,0.07,-0.07,320,297,300,342,313
6.07,2.69,-7.87,0.22,0.01,-0.11,320,297,300,342,313
6.58,2.23,-7.49,0.29,0.02,-0.20,320,297,299,342,313
6.71,1.39,-6.92,0.27,0.10,-0.07,320,297,299,342,314
6.88,1.23,-6.90,0.20,0.00,-0.11,320,297,300,343,313
6.52,1.28,-7.06,0.14,0.04,-0.06,320,296,300,343,313
6.36,1.84,-7.38,0.14,0.03,-0.15,320,297,299,342,313
6.42,1.91,-7.65,0.16,0.10,-0.04,320,297,299,342,313
6.14,1.47,-7.20,0.17,0.08,-0.12,319,297,299,342,313
6.36,1.55,-7.11,0.13,0.08,-0.09,320,297,299,342,313
6.63,1.47,-6.97,0.16,0.10,-0.17,319,297,299,342,313
7.00,1.32,-7.19,0.11,0.05,-0.15,319,297,299,342,313
7.15,1.84,-7.55,0.16,0.02,-0.14,319,297,299,342,313
7.26,1.22,-7.18,0.22,0.02,-0.12,319,297,299,342,313
7.42,1.46,-6.93,0.16,0.10,-0.01,319,297,299,342,313
6.41,1.46,-7.26,0.21,0.14,-0.01,320,297,299,341,313
7.18,0.85,-7.05,0.22,-0.02,-0.17,319,297,299,341,313
7.52,0.89,-7.06,0.23,0.04,-0.13,319,297,299,341,313
7.14,0.49,-6.75,0.22,0.10,0.02,319,297,298,341,313
7.19,0.40,-6.94,0.20,-0.02,-0.13,319,297,298,341,313
7.24,0.34,-6.53,0.13,0.09,0.07,319,297,298,341,313
7.08,0.36,-6.77,0.14,0.10,0.03,319,297,298,340,313
7.22,0.45,-7.09,0.14,0.03,-0.01,319,297,298,339,313
7.11,-0.55,-5.97,0.13,0.09,0.01,319,297,298,340,313
7.14,-0.23,-6.57,0.07,0.03,-0.08,318,296,297,340,314
6.86,0.44,-7.07,0.05,0.02,-0.06,318,297,299,340,313
7.56,0.17,-6.40,0.05,-0.06,-0.18,318,297,297,340,313
7.88,0.11,-6.50,-0.00,0.00,0.02,318,297,297,339,313
END
6.96,0.42,-6.94,0.04,0.04,0.01,319,297,298,341,313
6.83,1.07,-7.20,0.21,0.06,-0.10,319,297,298,341,313
7.30,0.77,-6.95,0.19,0.05,-0.11,319,297,298,341,313
7.01,1.08,-7.19,0.22,0.11,-0.08,319,297,298,341,313
7.29,0.76,-6.83,0.24,0.09,-0.15,319,297,298,341,313
7.10,0.71,-6.98,0.24,0.14,-0.07,319,296,298,341,313
7.69,1.08,-7.14,0.29,0.06,-0.19,319,296,297,341,313
6.85,0.95,-7.26,0.35,0.17,-0.04,318,296,298,341,313
7.39,0.27,-6.31,0.42,0.00,-0.27,319,297,298,341,313
7.75,-0.37,-5.94,0.41,0.07,-0.19,318,297,298,341,313
7.52,-0.74,-5.75,0.33,0.13,-0.13,318,297,297,341,313
7.86,-0.44,-5.74,0.22,0.09,-0.20,318,297,298,341,313
7.45,-0.39,-6.07,0.19,0.14,-0.10,318,297,298,340,313
7.76,-0.32,-6.14,0.16,-0.03,-0.26,319,297,298,341,313
7.57,-0.22,-6.03,0.16,0.04,-0.15,318,297,298,341,313
7.82,-0.28,-5.92,0.16,-0.04,-0.24,318,297,297,340,312
8.33,-0.42,-5.92,0.10,-0.03,-0.18,318,297,297,340,313
8.03,0.05,-6.07,0.11,0.03,-0.10,318,296,297,341,313
7.60,0.27,-6.35,0.14,0.03,-0.08,318,296,297,340,313
8.48,-0.72,-5.14,0.08,0.01,-0.07,317,296,297,340,313
8.02,0.10,-5.94,0.00,-0.03,-0.04,317,296,297,340,313
7.26,0.12,-6.53,0.02,0.07,0.09,317,296,297,340,313
7.37,-0.19,-5.84,-0.01,-0.06,-0.11,317,296,297,340,313
8.28,-0.02,-6.08,0.02,-0.01,-0.08,317,297,297,340,313
7.40,-0.01,-6.25,-0.01,0.00,0.01,317,296,297,341,313
7.62,0.14,-5.98,-0.01,-0.04,-0.11,316,296,297,340,312
8.19,0.30,-6.42,-0.02,-0.02,-0.08,316,296,296,340,313
7.88,0.13,-6.39,0.02,0.07,0.05,316,294,296,340,313
7.57,0.11,-5.86,0.01,-0.02,-0.07,316,296,296,339,313
8.00,0.39,-6.35,0.01,-0.05,-0.06,316,296,296,339,313
7.81,0.09,-6.10,0.03,0.01,-0.01,317,296,296,339,312
7.51,-0.08,-6.24,0.03,-0.00,-0.03,316,296,296,339,313
7.55,-0.42,-5.84,0.04,-0.09,-0.12,316,296,296,339,313
8.66,0.14,-7.00,-0.01,-0.08,0.17,316,296,297,340,313
7.57,-0.54,-5.80,0.03,-0.08,0.32,317,297,297,341,313
7.50,0.53,-6.65,-0.12,-0.33,0.31,318,297,297,341,313
END
6.80,-0.53,-6.30,0.04,0.01,0.27,320,297,299,344,313
7.11,1.39,-6.74,0.12,-0.00,-0.03,320,297,300,344,313
6.93,1.38,-6.47,0.13,0.03,0.00,319,297,299,344,312
7.24,1.28,-6.84,0.12,-0.00,-0.01,320,297,299,345,313
7.03,1.21,-6.70,0.12,0.01,-0.01,320,297,300,344,313
7.03,0.87,-6.60,0.14,0.00,-0.03,320,297,300,344,313
7.26,1.00,-6.71,0.13,0.04,0.01,320,297,299,344,313
6.93,0.98,-6.91,0.15,0.05,0.01,320,297,300,344,313
7.23,0.98,-6.97,0.20,-0.00,-0.06,320,297,300,344,313
7.38,0.82,-6.91,0.19,0.04,0.02,320,297,299,344,313
7.46,0.27,-6.39,0.22,-0.01,-0.04,320,297,299,344,313
7.49,-0.22,-6.17,0.16,-0.06,-0.07,320,297,299,344,313
6.93,0.30,-6.76,0.12,0.03,0.07,320,297,299,343,313
7.07,0.29,-6.74,0.13,0.02,0.01,320,298,299,343,313
7.30,0.24,-6.83,0.11,-0.05,-0.08,320,297,299,343,313
7.03,0.09,-6.91,0.17,0.02,-0.01,319,297,299,343,313
7.06,-0.19,-6.75,0.15,-0.02,-0.04,319,297,299,343,313
6.97,-0.23,-6.20,0.18,-0.04,-0.11,320,297,299,343,313
6.82,-0.75,-6.80,0.19,-0.01,-0.18,320,297,299,343,313
7.78,-0.62,-6.73,0.16,-0.02,-0.18,320,297,299,343,313
6.92,-0.17,-6.93,0.17,0.07,-0.15,319,297,299,343,313
7.62,-0.43,-6.90,0.18,0.02,-0.15,319,297,299,343,313
7.08,-0.09,-6.83,0.19,0.02,-0.17,319,297,299,343,313
6.18,-0.09,-6.66,0.21,0.02,-0.23,319,297,298,342,312
7.06,-0.13,-6.48,0.22,0.00,-0.42,319,297,299,342,313
7.96,-0.42,-6.59,0.29,0.04,-0.40,319,297,298,342,313
8.06,-0.17,-6.38,0.29,-0.02,-0.33,319,297,298,342,313
8.48,-0.17,-6.33,0.16,-0.06,-0.28,319,297,298,341,313
7.95,-0.06,-6.07,0.11,0.02,-0.10,319,297,298,341,313
7.60,0.24,-6.29,0.03,0.03,-0.05,319,297,297,341,313
7.78,0.40,-6.63,0.04,0.08,0.01,318,297,297,341,313
6.90,0.13,-6.54,0.04,0.07,-0.00,318,297,297,341,313
7.62,0.32,-6.53,0.02,0.01,-0.06,317,297,297,340,313
7.34,0.30,-6.55,0.06,0.00,-0.07,317,296,297,340,313
7.53,0.05,-6.63,0.07,-0.05,-0.07,317,296,296,340,313
7.58,0.50,-6.64,0.04,0.04,-0.03,316,296,296,340,313
END
7.78,0.39,-6.53,0.04,-0.01,-0.11,320,297,298,343,313
7.55,1.87,-6.55,0.06,0.01,-0.01,320,297,298,343,313
7.65,1.90,-6.49,0.10,0.01,-0.02,320,297,298,343,313
7.40,1.26,-6.20,0.10,0.04,0.02,320,297,298,343,313
7.37,1.37,-6.14,0.09,-0.02,-0.05,320,297,298,343,313
7.67,1.43,-6.31,0.05,0.01,-0.00,320,297,298,343,313
7.37,2.46,-7.12,0.12,0.03,0.01,319,298,298,342,313
7.48,2.09,-7.19,0.26,0.00,-0.06,319,297,298,343,313
7.51,0.58,-6.26,0.33,0.00,-0.10,320,297,297,342,313
7.45,0.47,-6.37,0.25,-0.08,-0.09,319,297,297,342,313
7.83,0.50,-6.30,0.20,-0.11,-0.09,319,297,298,342,313
6.73,0.47,-6.50,0.22,0.06,0.02,319,297,297,343,313
7.20,0.34,-6.32,0.19,0.02,-0.07,319,297,297,342,313
7.62,0.57,-6.63,0.21,0.10,-0.07,319,297,297,342,313
7.74,1.11,-7.21,0.27,0.08,-0.09,319,297,297,341,313
7.99,0.33,-6.78,0.34,-0.07,-0.17,319,297,297,342,313
7.75,-0.73,-5.94,0.37,-0.05,-0.09,319,297,297,341,313
7.01,-1.16,-5.76,0.36,0.01,-0.06,319,297,297,341,313
6.93,-0.43,-6.13,0.28,0.02,-0.07,319,297,297,341,313
7.06,-0.50,-5.99,0.28,-0.01,-0.16,319,297,297,341,313
8.03,-1.03,-5.81,0.21,-0.05,-0.26,319,297,297,341,313
7.78,-1.03,-5.91,0.19,0.03,-0.16,319,297,297,341,313
8.26,-1.18,-5.86,0.12,-0.04,-0.19,319,297,297,341,313
7.04,-0.62,-6.39,0.09,0.08,-0.06,319,297,297,341,313
7.53,-0.36,-6.57,0.13,-0.03,-0.18,319,297,297,341,313
7.73,-0.59,-6.22,0.17,-0.04,-0.21,319,297,297,341,313
7.14,-0.67,-6.11,0.12,-0.03,-0.13,319,297,298,341,313
7.14,-0.55,-6.57,0.14,-0.25,-0.44,319,297,297,341,313
7.96,0.19,-6.83,0.06,-0.09,-0.16,318,297,297,340,313
7.60,-0.11,-6.70,0.14,0.18,-0.01,319,297,297,341,313
7.61,-0.27,-6.40,0.10,0.05,-0.09,319,297,297,340,313
7.64,-0.06,-6.73,0.14,0.19,0.02,319,297,297,340,312
7.21,-0.45,-6.44,0.15,0.10,-0.08,318,297,297,340,313
7.60,-0.29,-5.99,0.12,-0.07,-0.21,318,297,296,340,313
8.08,0.01,-6.00,0.09,0.03,-0.15,318,297,296,340,313
7.54,-0.07,-6.40,0.03,-0.01,-0.08,317,297,296,340,313
END
8.01,0.24,-6.37,0.02,-0.02,-0.13,319,297,297,342,313
7.47,1.21,-6.35,0.05,0.13,0.10,319,297,297,342,313
6.61,0.95,-6.38,0.08,0.11,0.02,319,297,297,342,313
7.49,1.08,-6.65,0.05,-0.01,-0.08,319,297,297,342,313
7.19,0.89,-6.38,0.07,0.05,-0.06,319,297,297,342,313
7.59,1.69,-6.81,0.09,-0.02,-0.13,319,297,297,342,312
7.31,1.95,-7.04,0.16,0.07,-0.05,319,297,297,342,315
7.57,2.27,-6.97,0.23,0.04,-0.07,319,297,297,342,313
7.25,2.04,-7.25,0.35,0.09,-0.14,319,297,297,341,313
7.45,1.11,-6.07,0.41,0.14,-0.09,319,297,297,342,313
8.09,0.60,-5.99,0.42,0.03,-0.22,319,297,297,341,313
7.93,0.24,-6.01,0.42,0.01,-0.13,319,297,297,341,313
8.13,-0.11,-5.92,0.40,-0.06,-0.14,319,297,297,341,313
6.92,0.29,-6.32,0.36,-0.03,-0.10,319,297,297,341,313
7.56,-0.19,-5.81,0.39,0.05,-0.09,319,297,298,341,313
7.13,-0.17,-6.12,0.29,0.00,-0.19,318,297,297,341,313
8.11,-0.50,-5.89,0.35,0.09,-0.21,319,297,297,341,313
8.43,-0.74,-5.35,0.30,0.06,-0.21,318,297,297,341,313
8.45,-0.68,-5.66,0.20,0.02,-0.19,319,297,297,340,313
7.77,-0.41,-5.86,0.22,0.13,-0.09,319,298,297,341,313
7.75,-0.35,-6.08,0.20,0.01,-0.19,319,297,297,341,313
7.98,-0.27,-6.02,0.26,0.08,-0.15,319,297,297,340,313
7.96,-0.60,-5.52,0.24,0.00,-0.14,319,297,297,341,313
8.45,-0.62,-5.50,0.20,0.01,-0.11,319,297,297,341,313
7.60,-0.52,-5.66,0.18,0.06,-0.03,319,297,297,341,313
8.13,-1.01,-5.00,0.05,-0.08,-0.14,319,297,297,340,313
7.68,-0.49,-5.94,0.02,0.01,-0.10,318,297,297,340,313
8.07,-0.23,-6.08,0.04,-0.03,-0.16,319,296,297,341,313
8.05,-0.32,-5.54,0.06,-0.03,-0.16,318,297,296,341,313
8.41,0.00,-5.95,0.01,-0.03,-0.11,318,296,297,340,313
8.36,0.20,-5.94,0.03,0.02,-0.01,318,297,296,340,313
7.63,-0.03,-5.85,0.05,0.01,-0.05,317,296,296,340,313
7.95,0.17,-5.92,0.02,-0.02,-0.09,317,296,296,339,313
8.41,0.24,-5.82,0.01,-0.04,-0.12,317,297,296,339,313
7.99,-0.01,-6.00,0.01,0.01,0.01,317,296,296,339,313
7.29,-0.06,-5.85,0.02,-0.02,0.02,317,296,296,339,313
END
8.97,-0.31,-5.85,0.01,-0.11,-0.03,320,297,299,343,313
7.44,0.07,-6.24,0.12,0.00,-0.05,320,297,298,343,313
7.50,0.42,-6.49,0.11,0.01,-0.05,320,298,298,342,313
7.44,0.32,-6.71,0.15,0.03,-0.06,320,297,299,342,313
7.66,0.17,-6.50,0.18,0.04,-0.11,320,297,298,343,313
7.18,0.06,-6.57,0.19,0.09,-0.08,320,297,298,342,313
7.14,-0.16,-6.17,0.18,0.03,-0.12,320,297,298,342,313
7.62,0.30,-6.48,0.19,0.01,-0.18,320,297,298,342,313
7.93,-0.17,-6.20,0.22,0.02,-0.12,320,297,298,342,313
7.83,-0.23,-6.24,0.20,-0.01,-0.09,320,297,298,342,313
7.96,0.08,-6.39,0.19,-0.02,-0.12,320,297,298,342,313
7.70,-0.24,-6.13,0.20,-0.01,-0.10,319,297,297,342,313
7.87,-0.31,-6.05,0.18,0.01,-0.09,319,297,298,341,313
7.75,-0.70,-6.01,0.15,0.00,-0.07,320,297,297,342,313
7.61,-0.42,-6.30,0.14,0.00,-0.08,319,297,298,341,313
7.49,-0.57,-6.21,0.16,0.03,-0.04,320,297,296,341,313
7.67,-0.50,-6.22,0.15,0.00,-0.08,320,297,297,341,313
7.70,-0.52,-6.17,0.15,-0.02,-0.10,319,297,297,341,313
7.52,-0.58,-6.10,0.14,0.01,-0.04,319,297,297,341,313
7.68,-0.65,-6.28,0.12,-0.03,-0.03,319,297,297,341,313
7.70,-0.65,-6.24,0.09,-0.05,-0.04,319,297,297,341,313
7.69,-0.86,-6.30,0.10,-0.02,-0.06,319,297,297,341,313
7.57,-0.78,-6.54,0.12,0.02,-0.05,319,297,297,341,313
7.29,-0.59,-6.61,0.12,-0.01,-0.11,319,297,297,340,313
7.88,-0.94,-6.13,0.14,0.01,-0.12,319,297,297,341,313
8.10,-0.98,-6.03,0.12,0.01,-0.08,319,297,297,340,313
8.07,-1.01,-5.97,0.09,-0.01,-0.08,319,297,297,340,313
7.81,-1.14,-6.03,0.06,-0.02,-0.05,319,297,297,341,313
7.28,-0.71,-6.21,0.05,0.03,0.00,319,297,297,341,313
7.38,-0.59,-6.50,0.08,0.01,-0.07,319,297,297,341,313
7.76,-0.63,-6.41,0.12,0.03,-0.08,319,297,297,340,313
7.60,-0.79,-6.20,0.14,0.03,-0.07,319,297,297,340,313
7.40,-0.76,-6.09,0.14,-0.00,-0.12,319,297,297,340,313
7.25,-0.73,-5.93,0.13,0.02,-0.13,319,297,296,340,312
7.60,-0.81,-5.76,0.11,0.02,-0.13,319,297,297,340,313
7.58,-0.81,-5.71,0.06,0.01,-0.13,319,297,297,341,313
END
8.24,-0.67,-6.04,0.01,0.00,-0.14,320,297,298,343,313
7.11,1.65,-7.40,-0.15,-0.07,-0.12,320,297,298,343,313
7.20,1.99,-7.46,-0.04,-0.07,-0.11,320,297,298,343,313
7.04,1.49,-7.59,-0.01,-0.01,-0.08,320,297,299,343,313
6.97,1.52,-7.51,0.04,0.04,-0.05,320,297,299,343,313
7.19,1.69,-7.12,0.06,0.01,-0.07,320,297,298,343,313
6.54,1.77,-7.20,0.09,0.03,-0.04,320,297,298,343,313
6.35,1.78,-7.28,0.11,0.02,-0.09,320,298,298,343,312
6.70,2.18,-7.23,0.19,0.15,-0.06,320,297,298,343,313
7.23,1.72,-6.98,0.27,0.15,-0.11,320,297,298,342,313
7.16,1.20,-6.79,0.25,0.14,-0.08,320,297,298,342,312
7.10,0.81,-6.55,0.26,0.11,-0.12,320,297,298,342,312
7.59,0.80,-6.68,0.25,0.07,-0.14,319,297,298,342,313
7.52,0.67,-6.92,0.26,0.08,-0.13,320,297,298,342,313
7.48,0.60,-6.50,0.27,0.04,-0.13,320,297,298,342,312
7.37,0.60,-6.25,0.26,0.08,-0.07,319,297,298,342,312
7.42,0.50,-6.32,0.23,0.01,-0.13,319,297,297,342,312
7.27,0.25,-6.12,0.19,0.07,-0.08,319,296,298,342,312
7.57,0.22,-6.37,0.17,0.02,-0.13,319,297,298,342,312
8.03,0.17,-6.28,0.15,0.01,-0.14,320,297,298,342,312
8.36,0.05,-6.13,0.13,0.04,-0.05,319,297,298,341,312
7.64,0.25,-6.51,0.11,0.07,0.03,319,296,297,341,312
7.80,0.52,-6.89,0.17,0.02,-0.03,319,297,298,341,312
7.17,0.31,-6.53,0.23,0.06,-0.02,319,297,297,341,312
7.64,0.18,-6.37,0.25,0.01,-0.11,319,297,297,341,312
7.70,-0.88,-5.79,0.28,-0.06,-0.16,319,297,297,341,312
7.42,-0.47,-5.81,0.22,0.00,-0.06,319,297,297,341,312
7.37,-0.30,-5.81,0.21,-0.01,-0.12,319,297,297,340,312
8.18,-0.37,-6.01,0.17,-0.07,-0.14,319,297,297,340,312
8.13,-0.12,-6.63,0.17,0.06,0.05,319,297,297,340,312
8.31,-0.76,-5.99,0.18,-0.09,-0.20,319,297,296,340,312
8.33,-0.89,-6.14,0.17,0.07,0.07,319,297,297,339,312
6.90,-1.00,-6.40,0.22,0.14,0.05,319,297,297,339,312
7.18,-1.23,-6.25,0.23,-0.11,-0.15,319,296,297,339,311
7.33,-1.06,-5.91,0.26,-0.01,-0.10,318,297,297,340,312
7.24,-1.39,-5.63,0.20,-0.14,-0.27,318,297,296,339,312
END
8.64,-1.20,-5.59,0.00,-0.23,-0.24,319,297,299,342,312
7.39,0.47,-6.87,0.08,-0.04,-0.06,319,297,299,342,312
7.05,0.57,-7.35,0.07,0.03,0.05,319,297,298,342,312
6.80,0.85,-7.25,0.12,-0.01,-0.02,319,297,299,342,311
6.68,0.60,-7.20,0.16,0.02,-0.03,319,297,298,342,312
6.88,0.67,-6.78,0.16,0.03,-0.04,319,297,299,342,311
7.32,0.67,-6.86,0.17,0.09,-0.03,319,297,299,342,312
6.97,0.53,-7.07,0.21,0.05,-0.11,319,297,298,342,312
6.97,0.47,-6.86,0.23,0.09,-0.07,319,297,299,341,312
7.18,0.04,-6.45,0.25,0.10,-0.11,319,297,298,341,312
7.49,-0.50,-6.22,0.21,0.06,-0.13,319,297,298,341,312
7.78,-0.43,-6.40,0.17,0.01,-0.14,319,297,298,341,312
7.47,-0.01,-6.71,0.16,0.07,-0.09,319,297,298,341,312
7.37,0.17,-6.63,0.21,0.07,-0.11,319,297,297,340,312
7.05,0.12,-6.35,0.24,0.07,-0.15,319,297,298,340,311
7.82,-0.38,-6.12,0.26,0.14,-0.11,319,297,298,341,311
7.92,-0.90,-5.77,0.23,0.05,-0.21,319,297,297,341,311
8.23,-0.99,-5.69,0.16,0.07,-0.07,319,297,297,340,312
7.85,-0.57,-6.20,0.16,0.07,-0.07,319,297,298,340,311
8.07,-0.58,-6.04,0.14,-0.01,-0.11,319,297,298,340,313
7.71,-0.33,-5.95,0.16,0.04,-0.07,319,297,297,340,312
7.67,-0.27,-6.14,0.17,-0.02,-0.14,319,297,297,340,312
7.59,-0.24,-6.09,0.20,0.00,-0.15,319,297,297,340,312
7.82,-0.51,-5.86,0.21,-0.02,-0.17,319,297,297,340,312
8.23,-0.70,-5.46,0.18,-0.03,-0.18,318,297,298,340,312
7.92,-0.39,-5.82,0.11,-0.04,-0.16,318,297,297,340,311
7.80,-0.05,-6.08,0.12,0.02,-0.13,319,297,297,339,311
8.04,-0.28,-5.97,0.11,-0.04,-0.19,318,296,297,340,311
8.08,-0.41,-6.15,0.12,0.05,-0.08,318,297,297,339,312
7.75,-0.22,-6.18,0.11,-0.04,-0.12,318,297,297,339,312
8.03,-0.24,-5.84,0.13,0.01,-0.09,318,297,297,339,312
7.81,-0.39,-5.87,0.11,0.03,-0.04,318,297,297,339,312
8.20,-0.42,-5.80,0.09,-0.05,-0.05,318,297,297,339,312
7.80,-0.17,-6.23,0.08,-0.00,0.00,318,297,297,339,312
7.82,-0.62,-5.74,0.09,-0.01,-0.05,317,297,296,339,312
8.03,-0.32,-5.93,0.03,0.01,0.05,317,296,296,339,312
END
7.85,-0.58,-6.03,0.05,0.02,0.01,321,297,299,342,313
7.13,1.01,-6.83,0.05,0.01,-0.10,320,298,299,342,312
7.24,1.31,-6.83,0.06,0.08,-0.07,321,298,299,342,312
7.21,1.18,-6.71,0.04,0.04,-0.05,321,297,299,343,312
7.32,1.11,-6.88,0.07,0.06,-0.06,320,297,299,343,312
7.57,0.81,-6.45,0.06,0.06,-0.02,320,297,299,342,312
7.59,1.19,-6.60,0.03,0.02,-0.01,320,297,299,342,312
7.62,1.49,-6.83,0.05,0.00,-0.01,320,297,298,342,312
7.26,2.15,-7.35,0.12,0.02,0.05,320,297,298,342,312
7.03,1.62,-7.12,0.25,0.04,0.00,320,297,299,342,312
6.40,1.28,-7.07,0.34,0.11,-0.04,320,297,298,341,312
7.29,-0.29,-5.56,0.42,0.13,-0.23,320,297,297,341,312
7.44,-0.65,-5.86,0.25,0.16,-0.11,320,297,296,341,311
7.47,-0.44,-5.65,0.19,0.13,-0.10,320,297,300,341,312
7.90,-0.19,-5.73,0.14,0.07,-0.09,320,297,298,341,312
8.18,0.21,-6.09,0.12,0.02,-0.09,320,297,298,341,312
7.93,0.27,-6.34,0.14,0.00,-0.09,320,297,298,341,312
8.45,0.14,-6.10,0.13,-0.04,-0.09,320,297,298,341,312
8.01,0.01,-6.16,0.14,-0.01,-0.07,320,297,298,341,311
7.76,-0.22,-6.06,0.14,-0.00,-0.04,320,297,298,341,312
7.57,-0.24,-6.41,0.13,-0.02,-0.02,320,297,298,341,311
7.48,-0.14,-6.38,0.13,-0.03,-0.07,320,297,298,341,312
7.43,0.45,-6.42,0.18,0.03,-0.07,320,297,298,341,312
7.88,0.17,-6.33,0.24,0.00,-0.13,319,297,297,340,311
7.46,0.02,-6.35,0.29,0.01,-0.16,320,297,297,339,312
8.02,-0.52,-5.58,0.33,0.06,-0.13,319,297,297,339,311
8.73,-1.11,-5.33,0.23,-0.09,-0.17,319,297,297,339,312
8.15,-0.80,-5.78,0.12,-0.03,0.03,319,297,297,339,312
7.63,-0.75,-6.14,0.13,-0.06,0.00,319,297,297,339,312
7.49,-0.99,-6.17,0.09,-0.07,-0.08,319,297,297,339,312
7.73,-1.06,-5.97,0.11,-0.01,-0.11,319,297,296,339,312
7.81,-0.74,-5.99,0.07,0.03,-0.05,318,297,296,338,311
8.03,-0.58,-6.15,0.08,0.04,-0.04,319,297,297,339,312
7.74,-0.57,-6.27,0.10,-0.01,-0.07,319,297,296,338,312
7.54,-1.16,-6.07,0.09,-0.03,-0.12,319,297,297,338,311
7.52,-0.49,-6.25,0.06,-0.04,-0.11,318,297,297,338,312
END
7.10,-0.45,-5.97,0.10,0.01,-0.15,323,298,301,344,312
6.74,1.12,-7.26,0.01,0.07,-0.06,323,298,301,343,312
6.70,1.11,-7.24,0.04,0.09,-0.07,324,298,300,344,312
6.94,1.06,-7.16,0.03,0.07,-0.04,324,298,301,344,312
7.11,1.23,-7.07,0.05,0.07,-0.00,323,298,301,343,312
7.15,1.41,-7.19,0.06,0.01,-0.02,323,298,301,343,312
7.03,1.93,-7.30,0.11,0.01,0.03,324,298,300,344,312
6.62,1.84,-7.67,0.20,0.01,0.00,323,298,301,343,312
6.51,0.75,-6.96,0.26,-0.03,-0.03,322,298,300,343,312
6.99,0.31,-6.86,0.25,-0.04,-0.08,323,298,301,343,312
6.93,0.02,-7.11,0.23,0.04,0.03,323,298,300,343,312
6.50,0.08,-7.19,0.20,0.01,-0.02,322,298,300,342,312
6.54,-0.09,-7.26,0.20,-0.03,-0.10,322,298,300,342,311
7.11,0.19,-6.95,0.20,0.05,-0.11,322,298,299,342,312
5.97,0.36,-7.28,0.21,0.10,-0.05,322,298,299,342,312
7.01,-0.06,-6.96,0.25,-0.05,-0.21,322,298,299,341,312
7.40,-0.70,-6.98,0.22,0.02,-0.08,322,297,299,341,312
7.25,-1.19,-6.77,0.22,0.03,-0.05,321,298,299,341,312
7.82,-0.95,-7.03,0.15,-0.05,-0.12,322,297,299,341,312
6.90,-0.24,-7.26,0.21,0.13,0.10,321,298,299,341,312
6.63,-0.91,-7.08,0.21,-0.03,-0.13,322,297,299,341,313
6.99,-1.19,-6.85,0.20,0.01,-0.11,321,297,299,341,312
6.68,-1.39,-6.96,0.19,-0.03,-0.22,321,297,299,341,312
7.79,-0.99,-6.58,0.16,0.03,-0.16,321,298,299,341,312
6.34,-0.53,-6.83,0.20,0.23,0.02,321,298,299,341,312
7.24,-0.82,-6.47,0.17,-0.04,-0.26,321,297,299,341,312
7.33,-0.60,-6.58,0.19,0.09,-0.15,321,298,299,340,312
7.19,-0.78,-6.60,0.16,0.00,-0.21,321,297,299,340,312
7.75,-0.57,-6.43,0.20,0.02,-0.25,321,297,299,340,312
7.35,-0.94,-6.33,0.18,-0.01,-0.26,321,297,299,340,312
8.46,-0.84,-6.37,0.15,-0.03,-0.22,321,297,299,340,312
7.48,-0.75,-6.02,0.15,-0.00,-0.13,321,297,299,340,312
7.87,-0.93,-5.98,0.10,-0.03,-0.09,321,297,299,340,312
7.03,-0.66,-6.25,0.07,0.03,-0.03,321,297,299,340,312
7.63,-0.37,-6.36,0.07,0.01,-0.05,321,297,299,340,312
7.52,-0.47,-6.26,0.08,0.02,-0.02,321,298,298,340,312
END
7.10,-0.72,-6.20,0.04,-0.02,-0.11,321,297,300,341,312
7.14,1.75,-7.08,0.05,0.01,-0.06,321,297,300,341,312
7.45,1.03,-6.94,0.08,0.02,-0.05,321,297,300,341,312
7.37,1.10,-6.98,0.09,0.02,-0.06,320,298,300,341,312
7.31,0.88,-7.01,0.10,-0.01,-0.05,320,297,300,341,312
6.91,1.00,-7.29,0.12,0.04,-0.02,320,297,300,341,311
7.12,0.80,-7.17,0.15,-0.00,-0.05,321,297,300,341,312
6.99,0.81,-7.20,0.14,-0.01,-0.06,321,297,300,341,312
6.79,1.48,-7.74,0.19,0.05,-0.05,320,297,300,341,312
7.34,1.28,-7.22,0.32,0.03,-0.13,320,297,300,341,311
6.85,0.79,-6.76,0.37,0.02,-0.14,320,297,300,341,311
6.90,0.36,-6.28,0.36,0.00,-0.12,320,297,300,341,312
7.79,0.45,-6.58,0.32,-0.01,-0.11,320,297,300,341,312
6.95,-0.32,-6.37,0.30,0.07,0.01,320,297,299,340,311
7.26,-0.76,-6.46,0.27,-0.05,-0.15,320,297,299,341,311
7.78,-1.39,-6.30,0.22,0.02,-0.07,320,298,299,341,311
7.37,-1.22,-6.40,0.20,0.12,0.00,320,297,299,340,311
7.63,-1.44,-6.27,0.15,0.00,-0.07,320,297,298,340,311
6.87,-0.92,-6.43,0.14,0.03,-0.05,320,297,299,340,311
7.29,-0.90,-6.72,0.14,0.01,-0.09,320,297,299,340,311
7.67,-0.99,-6.32,0.15,0.05,-0.05,320,297,299,340,312
7.58,-1.30,-6.09,0.13,-0.09,-0.13,320,297,299,340,312
7.37,-1.16,-6.35,0.12,-0.00,-0.06,320,297,299,340,312
7.54,-0.81,-6.48,0.10,-0.05,-0.11,320,297,298,340,311
7.75,-1.03,-6.32,0.09,-0.04,-0.08,320,297,299,340,311
7.60,-0.95,-6.45,0.08,-0.04,-0.09,320,297,299,341,311
7.50,-0.90,-6.63,0.08,-0.00,-0.03,320,297,299,340,311
7.25,-1.03,-6.45,0.11,0.09,0.10,320,297,298,340,311
7.29,-1.34,-6.26,0.08,-0.01,-0.02,320,297,298,340,311
7.23,-1.21,-6.49,0.08,0.04,-0.02,320,297,299,340,311
7.22,-1.31,-6.18,0.08,-0.03,-0.13,320,297,299,340,312
7.72,-1.21,-6.34,0.08,-0.01,-0.11,320,297,299,340,311
7.06,-1.06,-6.50,0.09,-0.02,-0.13,320,297,299,340,312
7.20,-0.78,-6.65,0.08,-0.08,-0.17,320,297,299,340,311
7.28,-0.97,-6.24,0.06,-0.16,-0.27,320,297,298,340,311
7.99,-0.96,-6.27,0.01,-0.20,-0.22,319,297,298,340,311
END
7.73,-0.64,-6.73,-0.04,-0.12,-0.05,320,297,300,343,312
6.68,0.95,-7.29,0.02,-0.06,-0.01,320,297,299,343,311
7.23,0.61,-7.26,0.02,-0.07,-0.01,320,297,300,343,311
6.72,0.74,-7.31,0.03,-0.04,0.02,320,297,300,343,311
6.96,1.13,-7.57,0.04,-0.04,-0.02,320,297,300,343,311
6.63,1.95,-8.32,0.15,0.01,-0.02,320,297,300,343,312
6.31,1.79,-8.13,0.26,0.03,-0.07,320,297,300,343,312
6.39,0.45,-7.24,0.33,0.04,-0.15,320,298,300,343,312
7.28,-0.46,-6.46,0.33,0.10,-0.19,320,298,300,343,311
7.68,-0.04,-7.03,0.23,0.17,-0.05,320,297,300,343,311
6.71,0.27,-7.22,0.23,0.14,-0.00,320,297,299,342,311
6.96,-0.05,-6.66,0.25,0.08,-0.08,320,297,299,342,311
7.01,-0.05,-6.62,0.23,0.14,-0.03,320,297,299,342,311
6.98,-0.32,-6.04,0.22,0.11,-0.13,320,297,299,341,311
7.47,-0.43,-6.05,0.17,0.00,-0.17,320,297,299,341,311
7.89,-0.75,-6.56,0.13,0.02,-0.15,320,297,298,341,311
7.98,-1.05,-6.40,0.10,-0.00,-0.06,320,297,298,340,311
7.49,-0.52,-6.37,0.09,-0.01,-0.10,320,297,298,340,311
7.02,-0.38,-6.86,0.07,0.03,-0.03,320,297,298,340,311
7.58,0.00,-6.81,0.13,-0.03,-0.17,320,296,298,340,311
7.46,-0.37,-6.63,0.18,-0.07,-0.18,319,297,298,340,311
6.82,-0.50,-6.60,0.19,-0.01,-0.15,319,297,298,339,311
6.68,0.05,-6.95,0.26,0.02,-0.29,319,296,298,339,311
7.73,-0.69,-6.32,0.24,0.00,-0.29,319,297,298,339,311
8.06,-0.70,-6.08,0.20,0.04,-0.26,319,297,298,339,311
7.74,-0.33,-6.47,0.15,0.10,-0.10,319,297,298,339,311
7.82,-0.23,-6.22,0.16,0.07,-0.13,319,297,297,339,311
8.25,-0.39,-5.89,0.11,-0.01,-0.14,319,297,298,339,311
7.94,-0.45,-6.17,0.06,-0.03,-0.07,319,297,297,339,311
7.41,-0.03,-6.49,0.05,0.01,-0.03,319,297,297,339,311
7.63,-0.14,-6.50,0.06,-0.01,-0.07,319,297,297,339,311
7.57,0.06,-6.49,0.07,-0.03,-0.13,319,297,297,338,311
6.88,0.28,-6.55,0.10,0.10,-0.04,319,297,297,338,311
7.49,0.03,-6.15,0.09,-0.23,-0.40,319,297,297,338,311
8.85,-0.44,-5.80,-0.04,-0.22,-0.26,319,297,297,338,311
7.11,0.53,-7.13,0.02,0.06,0.08,319,297,297,338,311
END
7.06,0.38,-6.53,0.06,-0.03,-0.19,319,297,298,342,312
6.27,0.73,-7.30,0.05,0.04,-0.01,319,297,298,342,312
6.78,0.86,-7.42,0.06,0.00,-0.07,319,297,298,342,312
6.88,0.81,-7.35,0.11,0.05,-0.03,319,297,298,342,311
6.80,0.42,-7.21,0.10,-0.01,-0.10,319,297,298,342,311
6.86,0.97,-7.47,0.11,0.09,0.01,319,297,298,341,311
6.56,0.99,-7.49,0.19,0.09,-0.06,319,297,298,341,312
6.70,0.61,-7.28,0.22,0.06,-0.14,319,297,298,342,311
6.59,0.45,-7.19,0.27,0.18,-0.13,319,297,298,341,312
7.70,-0.11,-6.47,0.28,0.06,-0.30,318,297,298,341,312
6.88,-0.26,-6.36,0.25,0.14,-0.18,319,297,298,341,311
7.65,-0.09,-6.62,0.17,0.09,-0.14,319,297,298,341,312
7.28,0.17,-6.67,0.17,0.04,-0.18,319,297,298,341,311
7.80,0.70,-6.83,0.16,-0.03,-0.14,319,297,298,341,311
7.04,0.47,-6.62,0.20,0.01,-0.05,319,297,298,341,311
7.52,-0.11,-6.25,0.18,-0.14,-0.24,319,297,297,341,311
7.16,-0.38,-6.32,0.15,0.01,-0.04,317,297,297,340,311
7.50,-0.38,-6.26,0.14,-0.05,-0.16,319,297,297,340,312
7.24,-0.25,-6.66,0.10,0.05,-0.02,319,297,297,340,311
7.08,0.23,-6.91,0.10,-0.08,-0.14,319,297,298,340,311
7.13,0.18,-6.86,0.12,-0.01,-0.06,317,296,297,340,311
7.31,0.10,-6.90,0.13,-0.07,-0.13,319,297,297,340,311
7.06,0.13,-6.93,0.16,-0.02,-0.08,319,297,297,340,312
7.26,-0.08,-6.81,0.19,0.03,-0.08,318,297,297,340,311
7.29,-0.39,-6.53,0.14,-0.06,-0.13,319,297,297,340,311
7.46,-0.43,-6.56,0.11,-0.07,-0.10,319,297,297,340,311
7.29,-0.41,-6.87,0.08,-0.06,-0.10,319,296,297,340,311
7.30,-0.17,-7.11,0.10,-0.06,-0.08,319,297,297,340,311
6.82,0.04,-7.27,0.14,0.01,-0.08,318,297,297,340,311
7.09,-0.18,-6.98,0.15,-0.04,-0.14,319,297,297,340,312
6.97,-0.27,-6.95,0.10,-0.07,-0.13,319,296,297,340,311
7.18,-0.29,-6.78,0.09,-0.06,-0.11,319,296,297,340,311
6.98,-0.32,-6.86,0.06,-0.04,-0.07,318,297,297,341,311
6.84,-0.04,-7.53,0.03,-0.02,-0.03,318,297,297,340,311
6.68,-0.37,-7.14,0.08,0.03,-0.00,318,297,297,340,312
6.78,-0.26,-7.24,0.05,-0.03,-0.03,318,297,297,340,311
END
6.77,-0.40,-7.03,0.05,-0.03,-0.01,319,297,299,342,312
6.70,0.75,-7.05,0.03,0.02,-0.05,319,297,299,343,312
6.70,0.98,-7.37,0.01,0.06,-0.03,319,297,299,343,311
7.03,1.28,-7.70,0.03,0.01,-0.06,319,297,299,343,312
6.65,1.53,-7.87,0.07,0.02,-0.01,319,297,299,343,311
6.65,1.86,-8.14,0.15,-0.02,-0.05,319,297,299,342,311
6.22,2.29,-8.15,0.26,0.13,0.05,320,297,299,343,312
6.19,1.34,-7.19,0.37,0.13,-0.10,319,297,299,342,311
6.33,0.32,-6.55,0.35,0.17,-0.10,319,297,299,342,312
6.92,0.11,-6.58,0.26,0.08,-0.25,319,297,299,342,311
7.60,0.23,-6.55,0.22,0.14,-0.18,319,297,299,341,311
7.12,-0.67,-6.05,0.16,0.15,-0.15,319,297,298,341,311
8.19,-0.30,-6.34,0.10,0.07,-0.14,319,297,298,341,311
7.81,-0.03,-6.51,0.11,0.15,-0.02,319,297,298,341,311
7.82,0.45,-6.39,0.08,0.01,-0.06,319,297,299,341,311
7.62,0.77,-6.88,0.12,-0.01,-0.06,319,297,298,341,312
7.24,0.44,-6.91,0.17,-0.00,-0.04,319,297,298,341,311
7.71,0.16,-6.55,0.18,-0.03,-0.11,319,297,298,341,311
7.38,-0.03,-6.71,0.20,0.03,-0.05,319,297,298,341,311
7.62,-0.32,-6.58,0.22,-0.04,-0.17,319,297,298,341,311
7.93,-0.42,-6.22,0.21,0.01,-0.08,319,297,298,341,311
6.84,-0.01,-6.29,0.18,-0.06,-0.15,319,297,298,341,311
6.68,-0.18,-6.28,0.17,0.00,-0.08,319,297,298,340,311
7.60,-0.32,-6.14,0.14,-0.05,-0.18,319,297,298,340,311
7.47,-0.27,-6.30,0.08,-0.04,-0.16,319,297,298,341,311
7.75,-0.24,-6.55,0.06,-0.05,-0.10,319,297,298,340,311
7.75,0.04,-6.93,0.10,-0.04,-0.09,318,297,298,340,311
7.54,-0.33,-6.59,0.12,-0.03,-0.03,319,297,298,341,311
7.82,-0.39,-6.34,0.09,-0.05,-0.04,319,297,298,340,311
6.97,-0.17,-6.70,0.06,-0.00,0.04,319,297,298,340,311
6.82,-0.22,-7.06,0.07,0.03,-0.00,319,297,298,340,311
7.23,-0.46,-6.78,0.09,-0.01,-0.07,319,297,298,340,311
7.47,-0.45,-6.73,0.08,-0.01,-0.07,319,297,298,340,311
7.34,-0.40,-7.03,0.10,-0.01,-0.06,319,297,298,340,311
7.06,-0.48,-6.63,0.10,-0.03,-0.04,319,297,298,340,311
7.13,-0.55,-6.91,0.08,-0.06,-0.06,318,297,298,341,311
END