1.72,-3.04,-8.66,0.38,-0.48,-0.64,483,439,442,329,363
1.72,-2.36,-9.66,0.04,-0.01,-0.04,483,439,442,329,362
1.73,-2.46,-9.56,0.03,-0.02,-0.02,483,439,442,329,362
1.85,-2.34,-9.58,0.04,0.00,-0.01,483,439,442,329,362
1.59,-2.28,-9.59,0.02,-0.02,-0.04,483,439,442,329,362
1.81,-2.33,-9.32,0.07,0.06,-0.03,483,439,442,329,362
1.78,-2.56,-9.53,0.01,-0.04,-0.06,483,439,443,329,362
1.82,-2.24,-9.88,0.01,-0.01,-0.00,483,439,442,329,362
1.84,-2.21,-9.78,0.05,-0.00,-0.04,483,439,442,329,362
1.72,-2.47,-9.61,0.03,-0.00,-0.00,483,439,442,329,362
1.95,-2.35,-9.75,0.03,-0.03,-0.02,483,439,442,329,362
1.70,-2.30,-9.66,0.01,-0.01,-0.03,483,439,442,329,362
1.79,-2.38,-9.77,0.02,0.02,-0.01,483,439,442,330,362
1.60,-2.36,-9.60,0.03,-0.03,-0.05,482,438,442,329,362
1.56,-2.43,-9.49,0.02,0.01,-0.01,483,438,442,329,362
1.71,-2.33,-9.49,0.01,0.03,-0.02,483,436,442,329,362
1.55,-2.40,-9.52,0.03,-0.02,-0.06,482,436,442,329,362
1.81,-2.22,-9.53,0.04,0.01,-0.03,483,436,442,329,362
1.70,-2.29,-9.55,0.05,-0.01,-0.06,483,436,442,329,362
1.79,-2.30,-9.51,0.02,0.01,-0.00,483,436,442,329,362
1.78,-2.33,-9.73,0.03,-0.00,-0.05,482,436,442,329,362
1.77,-2.34,-9.57,0.01,0.00,-0.03,483,435,442,329,362
2.10,-2.36,-9.66,0.04,0.02,-0.03,482,435,441,329,362
1.94,-2.20,-9.76,0.03,-0.02,-0.02,482,435,442,329,362
1.58,-2.42,-9.48,0.03,0.00,-0.02,482,424,442,329,362
1.78,-2.23,-9.68,0.03,0.02,-0.02,482,435,442,329,362
2.04,-2.37,-9.76,0.05,-0.03,-0.06,482,435,442,329,362
1.43,-2.41,-9.43,0.03,0.01,0.01,482,434,442,329,362
1.89,-2.31,-9.75,0.04,0.00,-0.01,482,435,442,329,362
1.75,-2.40,-9.56,0.05,-0.00,-0.04,482,435,442,329,362
1.80,-2.48,-9.55,0.04,0.00,-0.02,482,435,442,330,362
1.64,-2.49,-9.48,0.02,0.01,-0.01,482,435,442,330,362
1.68,-2.40,-9.55,0.03,0.00,-0.03,482,435,442,330,362
1.86,-2.53,-9.55,0.05,0.00,-0.04,482,435,442,329,362
1.59,-2.35,-9.60,0.02,0.01,-0.03,482,435,442,329,362
2.00,-2.25,-9.63,0.05,0.01,-0.04,482,435,442,330,362
END
1.67,-2.63,-9.45,0.05,-0.00,-0.02,483,437,441,330,362
1.79,-2.54,-9.57,0.02,0.01,-0.03,483,437,441,331,362
1.83,-2.40,-9.61,0.03,0.00,-0.04,483,437,441,331,362
1.75,-2.48,-9.55,0.03,-0.02,-0.06,483,437,441,330,362
1.70,-2.61,-9.63,0.04,0.00,-0.03,483,437,441,331,362
1.88,-2.51,-9.78,0.02,0.01,-0.05,482,437,441,331,362
1.93,-2.30,-9.50,0.03,0.01,-0.04,482,437,441,331,362
1.83,-2.48,-9.73,0.03,0.01,-0.03,482,437,441,331,362
1.70,-2.56,-9.14,0.02,-0.01,-0.03,482,437,441,330,362
1.62,-2.45,-9.26,0.05,0.02,-0.04,482,437,441,331,362
1.99,-2.47,-9.55,0.02,-0.01,-0.02,482,437,441,331,362
1.87,-2.41,-9.60,0.04,0.01,-0.03,482,437,441,331,362
1.83,-2.43,-9.58,0.03,0.00,-0.03,482,437,441,331,362
1.76,-2.46,-9.63,0.02,-0.01,-0.03,482,437,441,331,363
1.93,-2.48,-9.62,0.05,0.02,-0.02,482,437,441,331,362
1.82,-2.59,-9.74,0.02,-0.02,-0.04,482,437,441,331,362
1.72,-2.48,-9.50,0.03,0.02,-0.02,482,437,441,331,362
1.87,-2.51,-9.66,0.04,-0.01,-0.05,482,437,441,331,362
1.92,-2.43,-9.68,0.03,-0.00,-0.02,482,437,441,331,362
1.56,-2.69,-9.43,0.05,0.01,-0.04,482,387,441,331,362
1.81,-2.45,-9.48,0.03,0.01,-0.04,482,436,441,331,362
1.79,-2.54,-9.63,0.04,0.00,-0.02,482,436,441,331,362
1.80,-2.58,-9.63,0.04,0.00,-0.01,482,435,441,331,362
1.59,-2.57,-9.12,0.05,0.01,-0.04,482,433,441,331,362
1.67,-2.66,-9.18,0.03,-0.00,-0.04,482,432,441,331,362
1.91,-2.53,-9.40,0.03,-0.02,-0.04,482,433,441,331,362
1.69,-2.56,-9.45,0.03,0.01,-0.02,482,434,441,331,362
1.84,-2.58,-9.45,0.03,0.01,-0.03,482,433,441,331,362
1.83,-2.58,-9.38,0.03,-0.00,-0.03,482,433,441,331,362
1.90,-2.43,-9.60,0.03,-0.01,-0.05,482,433,441,331,362
1.69,-2.51,-9.42,0.00,0.01,-0.02,482,433,442,331,362
1.88,-2.61,-9.31,0.04,0.01,-0.04,482,433,441,331,362
2.11,-2.48,-9.71,0.03,-0.02,-0.03,482,433,441,331,362
1.85,-2.36,-9.54,0.05,0.01,-0.03,482,434,440,331,362
1.82,-2.74,-9.57,0.01,-0.00,-0.03,482,433,441,331,362
2.15,-2.27,-9.88,0.03,0.01,-0.03,482,432,441,331,362
END
1.99,-2.67,-9.45,0.03,-0.01,-0.02,482,431,441,331,362
2.24,-2.62,-9.50,0.08,0.01,-0.03,482,432,441,331,362
2.09,-3.01,-9.25,0.03,0.00,0.03,482,432,440,331,362
2.03,-2.68,-9.55,0.02,-0.00,0.01,482,431,441,331,363
1.85,-2.62,-9.40,-0.01,0.02,-0.00,482,431,441,331,362
2.07,-2.83,-9.48,0.03,0.05,-0.06,482,430,441,331,362
2.34,-2.51,-9.55,0.05,0.08,-0.02,482,430,441,331,363
2.38,-3.08,-9.25,0.05,0.03,-0.04,482,432,440,332,362
1.87,-2.78,-9.04,-0.00,0.03,-0.00,481,432,441,331,362
2.25,-2.76,-9.40,-0.01,-0.00,-0.04,482,433,441,332,362
2.33,-2.64,-9.43,0.02,-0.01,-0.06,482,433,441,331,362
2.48,-2.72,-9.53,0.05,-0.00,-0.04,481,427,441,331,362
2.41,-2.73,-9.22,0.04,-0.02,-0.02,482,427,441,331,362
2.07,-2.77,-9.06,0.01,-0.01,-0.00,482,426,441,332,362
2.14,-2.65,-9.10,-0.02,0.01,-0.01,482,427,441,331,362
2.12,-2.23,-9.50,0.03,0.00,-0.06,481,426,441,332,362
2.26,-2.76,-9.60,0.05,0.01,-0.06,481,427,441,331,362
2.32,-2.94,-9.63,0.07,-0.00,-0.06,481,427,441,332,362
2.39,-2.86,-9.23,0.06,-0.02,-0.03,482,427,440,332,362
2.35,-2.46,-9.39,0.10,0.01,-0.07,481,419,441,332,362
2.34,-2.63,-9.17,0.07,-0.02,-0.06,482,418,441,332,362
2.41,-2.65,-9.05,0.06,-0.01,-0.05,482,419,441,332,363
2.28,-3.00,-9.15,0.02,-0.05,-0.06,482,420,441,332,362
2.42,-2.73,-9.84,0.04,-0.01,-0.00,482,418,441,332,362
2.20,-2.89,-9.40,0.06,-0.06,-0.03,482,415,441,332,362
2.05,-2.99,-9.29,0.06,-0.05,-0.01,482,417,441,332,362
2.11,-2.91,-9.30,0.02,-0.06,-0.00,482,418,441,332,362
1.87,-3.01,-9.31,-0.00,-0.05,-0.02,482,414,440,332,362
1.96,-2.81,-9.55,-0.01,-0.03,-0.03,481,416,441,332,362
2.07,-2.84,-9.35,0.01,-0.04,-0.05,481,412,440,332,362
1.72,-2.81,-9.58,0.01,-0.01,-0.04,481,416,441,331,362
1.97,-2.72,-9.68,0.01,-0.03,-0.07,481,436,441,332,362
2.03,-2.62,-9.81,0.03,0.00,-0.05,481,371,441,331,362
1.72,-2.73,-9.39,0.03,0.00,-0.01,481,434,441,332,362
1.81,-2.70,-9.49,0.03,-0.03,-0.05,481,380,441,332,362
1.86,-2.72,-9.40,0.02,0.01,-0.02,481,432,441,332,362
END
2.04,-2.65,-9.66,0.01,-0.00,-0.02,481,381,441,332,362
1.85,-2.75,-9.30,0.04,0.01,-0.01,480,378,441,332,362
1.95,-2.88,-9.45,0.02,-0.01,-0.04,481,380,440,332,362
1.92,-2.78,-9.43,0.05,0.02,-0.04,481,380,440,332,362
2.26,-2.94,-9.21,0.04,0.00,-0.03,481,381,440,332,362
1.74,-2.73,-9.20,0.03,0.00,-0.02,481,390,441,333,362
2.07,-2.79,-9.78,0.03,0.00,-0.04,481,388,440,333,362
1.97,-2.80,-9.65,0.03,-0.00,-0.04,481,386,441,333,362
2.05,-2.87,-9.48,0.02,-0.01,-0.03,481,386,441,333,362
1.87,-2.76,-9.39,0.03,0.00,-0.02,481,384,440,333,362
1.85,-2.85,-9.27,0.04,0.01,-0.03,481,384,441,333,362
2.12,-2.72,-9.39,0.03,-0.01,-0.03,481,382,440,333,362
1.93,-2.88,-9.29,0.03,-0.00,-0.02,481,383,440,332,362
1.84,-2.86,-9.22,0.03,0.01,-0.03,481,385,440,333,362
2.14,-2.76,-9.74,0.03,-0.01,-0.05,481,380,440,333,362
2.05,-2.86,-9.44,0.03,0.00,-0.02,481,385,440,333,362
1.97,-2.99,-9.21,0.03,-0.01,-0.02,481,386,441,333,362
1.90,-2.94,-9.56,0.02,0.01,-0.02,481,387,441,333,362
2.02,-2.73,-9.43,0.02,-0.02,-0.05,481,379,441,333,362
1.90,-2.84,-9.12,0.04,0.01,-0.03,481,389,441,333,362
1.87,-3.11,-9.27,0.03,-0.01,-0.03,481,386,441,333,362
1.72,-2.66,-9.60,0.04,0.00,-0.05,481,386,441,333,362
2.16,-2.91,-9.68,0.03,-0.02,-0.04,480,386,441,333,362
2.01,-2.71,-9.48,0.04,0.01,-0.03,480,371,440,333,362
1.97,-2.73,-9.44,0.04,-0.01,-0.03,480,377,440,333,362
1.97,-2.89,-9.56,0.03,0.00,-0.02,480,378,441,333,362
1.84,-2.86,-8.99,0.04,-0.01,-0.04,481,384,441,333,361
1.82,-2.87,-9.45,0.02,0.00,-0.02,481,385,441,333,362
1.84,-2.79,-9.62,0.04,0.01,-0.04,481,387,440,333,361
2.01,-2.92,-9.43,0.04,-0.00,-0.04,481,387,441,333,362
1.88,-2.89,-9.25,0.04,-0.00,-0.03,480,388,441,333,362
1.95,-2.81,-9.53,0.02,-0.01,-0.04,481,389,441,333,362
2.10,-2.81,-9.42,0.03,0.00,-0.03,481,387,441,333,362
1.95,-2.94,-9.27,0.03,-0.00,-0.03,480,382,441,333,361
1.85,-2.84,-9.53,0.02,-0.01,-0.04,480,432,440,333,362
2.07,-2.72,-9.44,0.04,0.00,-0.02,480,431,440,333,362
END
1.77,-2.92,-9.27,0.03,-0.01,-0.03,480,393,440,333,362
1.73,-2.76,-9.48,0.03,-0.02,-0.03,480,396,440,333,362
2.08,-2.80,-9.57,0.04,0.01,-0.02,479,396,440,333,362
2.05,-2.84,-9.42,0.02,-0.00,-0.03,480,396,441,333,362
1.77,-2.75,-9.34,0.04,-0.00,-0.03,480,394,440,334,362
1.78,-2.84,-9.40,0.03,-0.00,-0.03,480,382,440,333,362
1.92,-2.83,-9.40,0.04,0.00,-0.04,480,389,440,333,362
1.93,-2.94,-9.41,0.02,0.00,-0.03,480,384,440,333,362
1.95,-2.77,-9.42,0.04,0.00,-0.02,479,392,440,333,362
1.72,-3.07,-8.89,0.03,-0.00,-0.03,480,428,440,333,362
1.91,-2.78,-9.38,0.02,0.01,-0.04,479,428,440,333,361
2.07,-2.67,-9.46,0.04,0.00,-0.04,480,386,440,333,362
2.07,-2.86,-9.37,0.04,-0.00,-0.03,480,391,440,333,362
2.07,-2.76,-9.36,0.04,-0.00,-0.02,480,389,440,333,362
1.72,-3.07,-8.97,0.04,-0.01,-0.06,480,387,440,333,362
1.86,-2.84,-9.37,0.03,0.01,-0.02,479,388,440,333,362
2.11,-2.67,-9.60,0.04,-0.01,-0.04,479,389,440,334,362
1.82,-3.01,-9.21,0.03,-0.00,-0.03,480,389,440,334,362
1.97,-2.79,-9.47,0.02,0.01,-0.02,480,389,440,333,362
1.90,-2.76,-9.41,0.02,-0.02,-0.04,479,389,440,333,362
1.73,-2.94,-9.35,0.03,0.03,-0.02,480,386,440,333,362
2.22,-2.91,-9.45,0.02,-0.02,-0.05,480,384,440,334,362
1.85,-2.77,-9.53,0.02,-0.00,-0.03,479,382,440,333,362
1.92,-2.77,-9.57,0.04,0.03,-0.02,479,381,440,333,362
2.03,-2.95,-9.38,0.03,-0.01,-0.04,480,383,440,334,362
1.75,-2.89,-9.38,0.02,0.00,-0.02,480,390,440,334,362
2.00,-2.74,-9.34,0.04,0.01,-0.03,479,389,440,333,362
1.97,-2.89,-9.18,0.04,-0.01,-0.04,480,395,440,333,362
1.91,-2.86,-9.49,0.03,0.00,-0.02,479,389,440,333,362
1.92,-2.76,-9.45,0.02,-0.00,-0.02,479,391,440,334,361
2.20,-2.76,-9.81,0.04,0.00,-0.04,479,391,440,333,362
2.13,-2.94,-9.58,0.03,-0.01,-0.02,479,394,440,333,362
1.92,-2.76,-9.51,0.05,0.00,-0.03,479,395,440,334,362
1.92,-2.90,-9.34,0.06,-0.00,-0.04,479,393,440,333,361
1.83,-2.99,-9.16,0.02,-0.00,-0.02,479,391,440,333,361
1.84,-2.79,-9.31,0.03,-0.00,-0.03,480,389,440,334,362
END
2.00,-2.87,-9.39,0.02,-0.02,-0.05,479,432,440,333,362
1.82,-3.01,-9.19,0.02,-0.02,-0.03,479,432,440,334,362
1.92,-2.79,-9.69,0.02,0.02,-0.02,479,432,440,334,362
2.18,-2.89,-9.45,0.03,-0.01,-0.05,479,435,440,333,362
1.96,-2.76,-9.51,0.02,-0.01,-0.03,479,435,440,333,362
2.08,-2.88,-9.57,0.04,0.00,-0.02,479,435,440,333,362
1.83,-2.92,-9.44,0.03,-0.01,-0.03,479,435,440,333,361
2.07,-2.85,-9.49,0.04,0.00,-0.02,479,435,440,334,362
1.95,-2.94,-9.44,0.03,-0.02,-0.03,479,435,440,333,362
1.86,-2.92,-9.40,0.02,0.01,-0.02,479,435,440,334,362
2.05,-2.94,-9.41,0.02,-0.00,-0.04,479,435,440,334,362
2.06,-2.75,-9.46,0.02,-0.01,-0.03,479,435,440,334,362
1.63,-2.99,-9.27,0.03,0.01,-0.03,479,435,439,334,362
2.04,-2.91,-9.45,0.01,-0.01,-0.04,479,435,440,334,362
1.98,-2.76,-9.43,0.02,0.00,-0.02,479,435,439,333,361
2.02,-2.80,-9.53,0.04,0.00,-0.03,479,403,440,334,361
1.83,-2.94,-9.43,0.01,-0.02,-0.03,479,405,439,333,362
2.02,-2.82,-9.32,0.03,0.01,-0.03,479,402,439,333,361
2.02,-2.76,-9.27,0.03,-0.01,-0.03,479,402,439,333,362
2.04,-2.81,-9.39,0.05,-0.01,-0.04,479,406,439,333,361
2.05,-2.96,-9.43,0.02,0.00,-0.02,479,406,439,333,362
1.89,-2.71,-9.32,0.02,0.00,-0.02,479,410,439,333,362
1.91,-2.86,-9.60,0.03,-0.01,-0.03,479,406,440,333,362
2.20,-2.86,-9.70,0.03,-0.01,-0.04,479,404,439,333,362
1.98,-2.82,-9.45,0.02,-0.01,-0.03,479,406,439,333,362
1.76,-2.79,-9.33,0.03,-0.01,-0.03,479,409,439,334,361
2.02,-2.97,-9.38,0.02,-0.00,-0.04,479,403,439,333,362
1.97,-2.67,-9.52,0.03,-0.01,-0.06,479,404,439,333,362
2.00,-2.84,-9.35,0.02,-0.01,-0.03,479,402,440,333,362
1.79,-2.78,-9.43,0.01,-0.01,-0.02,479,400,439,333,362
1.95,-2.71,-9.52,0.02,-0.01,-0.03,479,402,439,333,362
1.86,-2.85,-9.40,0.03,-0.00,-0.05,479,434,439,333,362
1.90,-2.66,-9.54,0.04,0.01,-0.04,479,434,439,333,362
1.95,-2.87,-9.52,0.02,-0.02,-0.04,479,431,439,333,362
1.90,-2.68,-9.44,0.03,0.00,-0.03,479,429,439,333,362
1.98,-2.73,-9.40,0.02,-0.01,-0.03,479,431,439,333,361
END
1.82,-2.67,-9.53,0.00,-0.01,-0.03,478,422,439,332,361
1.46,-2.88,-9.29,-0.03,-0.00,-0.13,478,421,439,332,362
1.64,-2.68,-9.39,-0.10,0.09,0.04,478,424,439,332,361
1.93,-1.89,-9.76,-0.10,0.03,-0.10,479,418,439,332,361
2.43,-0.71,-10.72,-0.00,0.01,-0.01,478,421,439,333,362
2.15,-1.64,-10.05,0.11,-0.03,-0.03,478,421,439,332,362
2.01,-2.62,-9.22,0.09,-0.01,0.03,478,422,439,333,362
1.96,-2.16,-9.57,0.06,-0.02,-0.01,479,420,439,332,361
1.63,-2.26,-9.82,0.03,0.01,0.02,479,421,439,333,361
1.79,-2.52,-9.38,0.02,0.01,-0.00,479,421,439,333,362
1.74,-2.23,-9.76,0.02,-0.00,-0.01,478,421,439,333,362
1.94,-2.30,-9.89,0.05,0.01,0.01,479,421,439,332,361
1.92,-2.58,-9.66,0.04,-0.01,-0.01,478,421,439,333,362
1.54,-2.40,-9.34,0.04,0.01,0.01,478,422,439,332,362
1.56,-2.26,-9.71,0.03,-0.02,-0.02,479,421,439,333,362
1.82,-2.45,-9.45,0.03,0.00,0.01,478,422,439,333,361
1.75,-2.67,-9.61,0.01,-0.01,-0.01,479,423,439,333,362
1.47,-2.39,-9.45,-0.01,-0.01,0.01,479,423,439,333,362
1.81,-2.05,-9.86,0.02,0.00,0.00,479,422,439,333,361
1.84,-2.47,-9.78,0.00,-0.03,-0.02,479,422,439,333,361
1.29,-2.47,-9.52,0.01,0.00,0.00,479,424,439,333,362
1.46,-2.40,-9.43,0.02,-0.03,-0.08,478,425,439,333,361
1.67,-2.28,-9.75,0.03,-0.00,-0.07,479,424,439,333,361
1.69,-2.18,-9.85,0.04,-0.00,-0.08,479,421,439,333,362
1.56,-2.17,-9.54,0.04,-0.01,-0.03,478,423,439,333,361
1.48,-2.30,-9.38,0.04,-0.01,-0.04,478,423,438,333,362
1.37,-2.15,-9.40,0.03,-0.02,-0.02,478,420,439,333,361
1.27,-2.02,-9.63,0.02,-0.03,-0.05,479,419,439,333,362
1.44,-2.24,-9.81,0.01,-0.01,-0.03,478,421,439,333,362
1.53,-2.43,-9.96,0.02,0.01,-0.04,479,421,439,333,362
1.90,-2.12,-9.77,0.03,0.02,-0.01,478,421,439,333,362
1.64,-2.43,-9.84,0.04,0.00,-0.03,478,422,439,333,362
1.43,-1.99,-9.68,0.04,0.01,-0.02,478,421,439,333,361
1.62,-2.32,-9.54,0.05,-0.00,-0.05,478,431,439,333,362
1.65,-2.44,-9.42,0.02,0.01,-0.02,478,430,439,332,361
1.22,-2.25,-9.54,0.02,0.02,0.00,478,430,439,333,361
END
1.38,-2.19,-9.73,0.01,0.01,-0.02,478,425,439,333,361
1.73,-2.30,-9.60,0.04,-0.00,-0.03,478,425,439,333,361
1.69,-2.38,-9.53,0.04,0.00,-0.03,478,423,439,333,362
1.84,-2.37,-9.49,0.03,-0.00,-0.04,478,416,439,333,361
1.90,-2.40,-9.63,0.03,-0.00,-0.03,478,420,439,333,361
1.71,-2.28,-9.68,0.02,-0.01,-0.04,478,419,439,333,361
1.87,-2.21,-9.66,0.03,0.02,-0.03,478,422,439,333,361
2.02,-2.46,-9.53,0.04,-0.01,-0.03,478,424,439,333,361
1.63,-2.27,-9.80,0.03,-0.01,-0.02,478,424,439,333,361
1.74,-2.41,-9.54,0.04,0.02,-0.03,478,425,439,333,361
2.00,-2.43,-9.47,0.02,-0.01,-0.04,478,425,439,333,362
1.69,-2.44,-9.40,0.03,0.00,-0.02,478,425,439,333,361
1.87,-2.36,-9.76,0.03,0.00,-0.03,478,411,439,333,361
1.72,-2.48,-9.32,0.03,-0.01,-0.04,478,410,439,333,361
1.87,-2.44,-9.52,0.04,0.01,-0.02,478,414,439,333,361
1.93,-2.28,-9.54,0.04,-0.02,-0.06,478,413,439,333,361
1.78,-2.51,-9.32,0.03,-0.00,-0.03,478,415,439,333,361
1.81,-2.30,-9.65,0.03,0.00,-0.03,478,417,439,333,361
1.80,-2.40,-9.46,0.03,0.00,-0.04,478,417,439,333,362
1.90,-2.27,-9.81,0.02,-0.01,-0.04,478,417,438,333,361
1.74,-2.30,-9.40,0.03,-0.01,-0.04,478,417,439,333,361
1.87,-2.30,-9.54,0.03,0.01,-0.02,478,431,439,333,361
1.85,-2.38,-9.60,0.03,-0.00,-0.02,478,428,439,333,362
1.80,-2.42,-9.61,0.02,-0.01,-0.03,478,426,439,333,361
1.64,-2.27,-9.35,0.03,0.01,-0.04,478,426,439,333,361
2.01,-2.23,-9.59,0.04,-0.01,-0.05,478,434,439,333,361
1.76,-2.35,-9.51,0.03,-0.01,-0.03,478,434,439,333,361
1.67,-2.40,-9.55,0.04,0.01,-0.03,478,433,438,333,361
1.93,-2.36,-9.50,0.03,-0.00,-0.03,478,433,438,333,361
1.88,-2.37,-9.60,0.03,-0.00,-0.03,478,434,439,333,361
1.69,-2.41,-9.67,0.03,0.01,-0.02,478,433,439,333,361
1.96,-2.31,-9.73,0.03,-0.01,-0.04,478,432,439,333,361
1.70,-2.28,-9.42,0.04,0.01,-0.02,478,430,439,333,362
1.73,-2.42,-9.53,0.05,-0.02,-0.06,478,431,439,333,361
1.59,-2.43,-9.30,0.03,0.01,0.00,478,431,438,333,361
1.69,-2.42,-9.81,0.03,-0.00,-0.05,478,428,438,334,361
END
1.97,-2.37,-9.65,0.02,0.02,-0.03,478,431,438,333,361
1.77,-2.40,-9.43,0.04,-0.00,-0.03,478,432,438,333,361
1.84,-2.38,-9.48,0.04,0.01,-0.03,478,433,438,333,361
1.86,-2.36,-9.68,0.02,-0.01,-0.03,478,433,438,333,361
1.82,-2.30,-9.63,0.03,0.01,-0.03,478,432,438,333,361
1.92,-2.29,-9.75,0.03,-0.01,-0.04,477,432,438,333,361
1.84,-2.50,-9.53,0.03,0.01,-0.02,477,432,438,333,361
1.83,-2.32,-9.65,0.03,-0.01,-0.03,477,432,438,333,361
1.80,-2.30,-9.58,0.03,0.01,-0.01,478,432,438,333,361
1.74,-2.50,-9.73,0.02,-0.00,-0.05,478,432,438,333,361
1.79,-2.22,-9.60,0.04,0.01,-0.03,477,432,438,333,362
2.00,-2.47,-9.42,0.04,0.00,-0.03,478,433,438,333,361
1.67,-2.27,-9.63,0.03,-0.00,-0.03,477,433,438,333,362
1.88,-2.46,-9.54,0.04,0.01,-0.05,477,433,438,333,361
2.00,-2.46,-9.59,0.03,-0.01,-0.04,477,433,438,333,362
1.80,-2.15,-9.68,0.04,0.01,-0.01,477,433,438,333,361
1.92,-2.30,-9.86,0.04,-0.02,-0.04,477,433,438,333,361
1.69,-2.48,-9.43,0.03,0.00,-0.01,477,433,438,333,361
1.81,-2.43,-9.53,0.03,0.00,-0.02,477,433,438,333,361
1.57,-2.33,-9.43,0.04,-0.01,-0.04,477,433,438,333,361
1.87,-2.48,-9.40,0.03,0.01,-0.02,477,433,438,333,361
1.96,-2.46,-9.74,0.05,-0.02,-0.04,477,433,438,333,361
1.71,-2.35,-9.49,0.05,-0.00,-0.03,477,432,438,333,361
2.02,-2.45,-9.48,0.03,-0.00,-0.02,477,432,438,333,361
1.72,-2.43,-9.56,0.04,0.00,-0.04,477,431,438,333,361
1.87,-2.56,-9.53,0.05,0.01,-0.04,477,432,438,333,361
1.88,-2.43,-9.53,0.04,-0.01,-0.04,477,432,437,333,361
1.92,-2.44,-9.53,0.04,0.00,-0.04,477,432,438,333,361
1.80,-2.59,-9.50,0.03,-0.00,-0.05,477,432,438,333,361
1.92,-2.53,-9.55,0.02,0.00,-0.02,477,396,438,333,361
1.92,-2.48,-9.61,0.01,-0.02,-0.01,477,386,438,333,361
1.75,-2.43,-9.55,0.03,0.00,-0.02,477,383,438,333,361
1.91,-2.57,-9.41,0.03,-0.01,-0.05,477,387,438,333,361
1.77,-2.44,-9.68,0.01,-0.01,-0.02,477,386,438,333,361
1.79,-2.36,-9.70,0.03,0.01,-0.02,477,369,438,333,361
1.95,-2.53,-9.32,0.02,-0.02,-0.05,477,359,438,333,361
END
1.79,-2.40,-9.59,0.02,-0.00,-0.01,477,371,438,334,362
1.62,-2.43,-9.28,0.04,0.01,-0.03,477,375,438,333,361
2.07,-2.50,-9.41,0.04,-0.01,-0.05,477,374,438,334,361
1.85,-2.48,-9.66,0.03,-0.00,-0.02,477,376,437,333,361
1.74,-2.40,-9.60,0.02,0.00,-0.02,477,367,438,334,361
1.79,-2.35,-9.58,0.03,0.00,-0.04,477,375,438,334,361
1.98,-2.56,-9.64,0.04,0.00,-0.03,477,377,438,334,361
1.86,-2.47,-9.55,0.03,-0.01,-0.03,477,381,438,334,361
1.77,-2.43,-9.66,0.05,0.01,-0.03,477,381,438,334,361
1.86,-2.49,-9.46,0.04,-0.00,-0.05,477,377,438,334,361
1.82,-2.47,-9.44,0.05,-0.01,-0.04,477,378,438,334,361
1.68,-2.60,-9.55,0.03,-0.00,-0.03,477,375,438,334,361
1.82,-2.35,-9.63,0.04,0.00,-0.04,477,386,438,334,361
2.00,-2.42,-9.67,0.06,0.01,-0.04,477,380,438,334,362
1.84,-2.58,-9.29,0.03,-0.00,-0.02,477,376,438,334,361
1.81,-2.42,-9.59,0.02,-0.01,-0.03,477,379,438,334,361
1.77,-2.56,-9.54,0.04,-0.00,-0.06,477,369,438,334,361
1.95,-2.62,-9.89,0.02,-0.00,-0.03,477,378,438,334,361
1.66,-2.38,-9.57,0.02,-0.00,-0.02,477,380,438,334,361
1.73,-2.48,-9.51,0.03,0.01,-0.04,477,383,438,334,361
1.95,-2.38,-9.88,0.02,0.00,-0.03,477,390,438,334,361
1.82,-2.38,-9.61,0.04,-0.00,-0.03,477,390,438,334,362
1.59,-2.42,-9.45,0.03,0.00,-0.02,477,391,438,334,361
1.79,-2.49,-9.39,0.03,-0.00,-0.04,477,391,438,334,361
1.92,-2.43,-9.59,0.03,-0.01,-0.04,477,403,438,334,362
1.84,-2.48,-9.51,0.04,0.00,-0.03,477,387,438,334,361
1.61,-2.55,-9.60,0.01,0.01,-0.02,477,379,438,334,362
1.97,-2.20,-9.75,0.04,0.01,-0.04,477,381,437,334,361
1.77,-2.56,-9.55,0.04,0.00,-0.03,477,382,438,334,362
1.79,-2.38,-9.48,0.03,-0.01,-0.04,477,385,438,334,361
1.82,-2.42,-9.54,0.04,0.02,-0.03,477,394,438,334,361
1.94,-2.57,-9.37,0.02,-0.00,-0.02,477,385,438,334,361
1.84,-2.32,-9.72,0.04,-0.00,-0.03,476,390,438,334,361
1.84,-2.61,-9.48,0.03,0.01,-0.02,477,393,438,334,361
1.97,-2.35,-9.68,0.04,-0.00,-0.02,477,388,438,333,361
1.81,-2.51,-9.36,0.04,0.01,-0.02,476,383,438,334,361
END
1.84,-2.51,-9.43,0.04,-0.00,-0.04,477,393,438,334,361
1.88,-2.40,-9.61,0.03,0.00,-0.02,477,394,438,334,361
1.79,-2.42,-9.54,0.05,0.00,-0.03,477,394,438,335,361
1.82,-2.61,-9.45,0.04,-0.00,-0.02,476,394,438,334,361
1.82,-2.43,-9.62,0.05,0.01,-0.04,476,393,438,334,361
1.89,-2.52,-9.43,0.04,-0.00,-0.03,477,398,438,334,361
1.87,-2.58,-9.60,0.04,0.00,-0.03,476,396,438,334,361
1.85,-2.55,-9.55,0.04,0.00,-0.02,476,400,438,334,361
1.80,-2.58,-9.48,0.04,0.00,-0.03,476,401,438,334,361
1.90,-2.57,-9.44,0.05,0.00,-0.03,476,400,437,334,361
1.85,-2.64,-9.54,0.03,-0.01,-0.02,476,396,438,334,361
2.05,-2.48,-9.70,0.05,0.01,-0.04,476,399,438,335,361
1.74,-2.78,-9.47,0.03,-0.00,-0.04,476,402,438,335,362
1.86,-2.48,-9.35,0.02,0.00,-0.02,477,401,438,335,361
1.98,-2.53,-9.56,0.03,0.01,-0.03,477,398,438,334,361
2.07,-2.55,-9.68,0.03,-0.02,-0.04,477,391,438,334,362
1.78,-2.54,-9.47,0.03,0.00,-0.03,477,403,438,335,362
2.05,-2.69,-9.35,0.03,-0.01,-0.03,476,398,437,334,361
1.89,-2.43,-9.67,0.01,-0.01,-0.02,476,394,438,334,361
1.77,-2.61,-9.48,0.02,0.01,-0.03,476,394,438,335,361
1.99,-2.46,-9.62,0.02,0.01,-0.02,476,409,438,334,361
1.96,-2.43,-9.83,0.04,-0.00,-0.03,476,389,438,335,361
1.98,-2.59,-9.55,0.03,-0.00,-0.03,476,389,437,335,361
1.90,-2.56,-9.34,0.04,0.00,-0.03,476,391,438,335,361
1.85,-2.62,-9.48,0.03,-0.00,-0.03,477,398,438,335,362
1.97,-2.60,-9.45,0.02,0.00,-0.03,477,395,438,335,362
1.76,-2.48,-9.65,0.02,-0.01,-0.03,476,393,438,335,362
2.00,-2.43,-9.61,0.03,0.01,-0.04,477,387,438,334,362
2.00,-2.44,-9.57,0.05,0.01,-0.03,476,394,438,335,362
1.74,-2.81,-9.11,0.03,-0.01,-0.02,476,395,438,335,362
1.76,-2.51,-9.36,0.03,0.01,-0.04,476,392,438,335,361
1.92,-2.44,-9.65,0.02,0.00,-0.04,476,389,438,335,360
1.98,-2.62,-9.48,0.03,-0.00,-0.03,476,395,438,335,362
2.00,-2.45,-9.70,0.03,-0.00,-0.03,477,403,438,335,362
1.89,-2.42,-9.63,0.04,0.01,-0.02,476,395,438,335,361
1.93,-2.63,-9.32,0.03,-0.02,-0.05,477,393,438,335,362
END
1.82,-2.55,-9.52,0.02,-0.00,-0.03,476,374,437,335,361
2.05,-2.40,-9.67,0.02,-0.02,-0.05,476,373,437,335,362
1.99,-2.48,-9.48,0.03,0.01,-0.03,476,370,437,335,361
2.00,-2.57,-9.50,0.02,-0.01,-0.03,476,376,437,334,361
1.79,-2.30,-9.52,0.03,0.01,-0.03,476,378,437,335,361
2.07,-2.50,-9.50,0.02,0.01,-0.04,476,378,437,335,361
2.06,-2.37,-9.46,0.02,-0.01,-0.03,476,368,437,335,362
1.98,-2.50,-9.62,0.04,-0.01,-0.02,476,373,437,335,362
1.98,-2.52,-9.58,0.04,-0.00,-0.03,476,359,438,335,361
1.86,-2.48,-9.37,0.03,0.00,-0.03,476,368,438,335,361
1.95,-2.46,-9.57,0.02,0.01,-0.04,476,365,437,335,361
1.97,-2.43,-9.52,0.03,0.00,-0.05,476,367,437,335,361
2.02,-2.58,-9.40,0.03,0.00,-0.03,476,344,437,335,361
2.14,-2.41,-9.58,0.04,0.01,-0.02,476,339,437,335,361
1.98,-2.48,-9.40,0.02,-0.02,-0.02,476,335,437,335,361
1.86,-2.48,-9.48,0.04,0.02,-0.01,476,342,437,335,361
2.03,-2.41,-9.56,0.01,-0.02,-0.05,475,357,437,335,361
2.12,-2.33,-9.67,0.04,0.01,-0.03,476,348,437,335,361
2.18,-2.55,-9.40,0.03,-0.00,-0.02,476,344,438,335,362
1.87,-2.40,-9.45,0.02,-0.00,-0.02,476,352,437,335,361
2.16,-2.44,-9.68,0.04,-0.00,-0.04,476,338,437,335,361
2.02,-2.49,-9.51,0.03,-0.00,-0.02,476,341,437,335,362
1.97,-2.34,-9.68,0.04,0.00,-0.02,476,336,437,335,361
1.97,-2.51,-9.53,0.04,-0.00,-0.03,476,337,437,335,361
1.92,-2.54,-9.44,0.02,0.00,-0.03,475,338,437,334,361
1.97,-2.37,-9.69,0.03,0.01,-0.02,476,342,437,334,361
2.03,-2.61,-9.49,0.03,-0.01,-0.03,476,335,438,335,361
1.97,-2.49,-9.44,0.03,0.00,-0.02,476,337,437,335,361
2.02,-2.41,-9.56,0.03,0.00,-0.02,476,335,437,334,361
1.94,-2.47,-9.47,0.02,-0.02,-0.03,475,338,437,335,361
1.91,-2.61,-9.48,0.04,0.01,-0.02,476,410,437,335,361
1.87,-2.60,-9.43,0.03,-0.00,-0.03,475,383,437,335,361
2.10,-2.27,-9.50,0.03,0.01,-0.03,475,356,437,335,361
2.01,-2.54,-9.32,0.04,-0.00,-0.04,476,354,437,335,362
1.89,-2.44,-9.56,0.02,-0.00,-0.03,475,351,437,335,361
1.91,-2.40,-9.67,0.04,0.02,-0.02,476,352,437,335,361
END
2.12,-2.60,-9.51,0.03,-0.02,-0.05,475,326,437,335,361
1.87,-2.57,-9.52,0.03,-0.00,-0.02,476,326,437,335,362
2.05,-2.54,-9.59,0.03,-0.00,-0.02,475,334,437,335,361
1.91,-2.38,-9.50,0.04,-0.01,-0.02,475,431,437,335,361
1.86,-2.46,-9.60,0.03,0.00,-0.03,476,432,437,335,361
2.09,-2.47,-9.53,0.03,0.01,-0.04,475,432,437,335,362
2.15,-2.52,-9.49,0.04,0.00,-0.03,476,432,437,335,362
1.74,-2.54,-9.45,0.03,0.00,-0.02,475,432,437,335,361
2.00,-2.61,-9.39,0.04,0.01,-0.04,476,432,437,335,362
2.08,-2.60,-9.53,0.03,-0.00,-0.03,475,431,437,335,361
1.88,-2.43,-9.63,0.04,-0.00,-0.02,475,432,437,334,361
1.86,-2.63,-9.45,0.04,0.00,-0.03,475,432,437,335,361
2.12,-2.65,-9.33,0.03,0.01,-0.03,475,431,437,335,361
1.98,-2.61,-9.53,0.04,-0.01,-0.03,475,431,437,335,361
1.92,-2.54,-9.58,0.04,0.00,-0.03,475,432,437,335,361
1.92,-2.63,-9.32,0.03,-0.00,-0.04,476,432,437,335,361
1.87,-2.58,-9.39,0.03,-0.00,-0.03,475,432,437,335,361
1.94,-2.69,-9.40,0.02,0.00,-0.02,475,432,437,335,361
2.02,-2.54,-9.45,0.03,-0.00,-0.03,476,432,437,335,362
2.00,-2.58,-9.77,0.02,-0.01,-0.04,475,349,437,335,362
1.92,-2.54,-9.40,0.04,0.01,-0.02,475,346,437,335,361
2.08,-2.53,-9.40,0.03,-0.01,-0.04,475,350,437,334,361
1.86,-2.47,-9.58,0.04,-0.00,-0.03,475,355,437,335,361
2.04,-2.81,-9.36,0.03,0.00,-0.04,475,352,437,335,362
2.00,-2.46,-9.51,0.03,0.00,-0.04,475,357,437,335,361
2.10,-2.53,-9.53,0.03,-0.01,-0.03,475,351,437,335,361
1.99,-2.58,-9.38,0.03,-0.00,-0.03,475,350,437,335,361
1.98,-2.54,-9.37,0.02,-0.00,-0.02,475,343,437,335,361
1.90,-2.52,-9.47,0.04,-0.00,-0.03,475,347,437,335,361
1.91,-2.60,-9.48,0.04,-0.00,-0.05,475,355,437,335,361
1.98,-2.56,-9.73,0.03,0.00,-0.04,475,342,437,335,361
2.10,-2.62,-9.53,0.03,-0.00,-0.04,475,349,437,335,361
2.00,-2.47,-9.56,0.05,0.01,-0.04,475,350,437,334,361
2.07,-2.69,-9.38,0.02,-0.01,-0.02,475,353,437,335,361
1.95,-2.45,-9.63,0.03,0.01,-0.03,475,345,437,335,361
2.18,-2.56,-9.53,0.03,-0.01,-0.03,475,345,437,335,361
END
1.92,-2.60,-9.43,0.03,0.01,-0.01,475,350,437,335,361
2.06,-2.66,-9.35,0.03,-0.00,-0.04,475,344,437,335,361
2.02,-2.46,-9.28,0.03,0.01,-0.03,475,348,437,335,362
2.15,-2.66,-9.52,0.03,-0.01,-0.04,475,346,437,335,362
2.02,-2.58,-9.53,0.02,-0.01,-0.02,475,344,437,335,361
1.97,-2.71,-9.48,0.03,0.00,-0.03,475,347,437,335,361
2.12,-2.61,-9.45,0.01,-0.01,-0.03,475,348,437,335,361
1.91,-2.53,-9.65,0.03,-0.00,-0.03,475,351,437,335,361
1.96,-2.53,-9.60,0.02,-0.00,-0.03,475,346,437,335,361
2.19,-2.53,-9.40,0.04,0.00,-0.03,475,348,437,335,361
1.99,-2.61,-9.43,0.03,-0.01,-0.03,475,345,437,335,361
1.89,-2.47,-9.50,0.04,-0.01,-0.03,475,340,437,335,361
2.07,-2.66,-9.31,0.03,-0.00,-0.04,475,344,437,335,362
2.05,-2.48,-9.51,0.02,0.01,-0.02,475,342,437,335,362
2.04,-2.56,-9.67,0.03,-0.01,-0.03,475,344,437,335,361
2.06,-2.58,-9.46,0.03,0.00,-0.03,475,345,437,335,362
2.12,-2.54,-9.48,0.03,0.00,-0.03,475,346,437,335,361
1.89,-2.57,-9.28,0.03,0.01,-0.03,475,341,437,335,361
2.02,-2.58,-9.52,0.02,0.00,-0.03,475,344,437,335,362
1.92,-2.55,-9.40,0.02,-0.01,-0.04,475,353,437,335,361
2.28,-2.54,-9.57,0.03,-0.00,-0.03,475,343,437,335,361
2.02,-2.63,-9.50,0.03,-0.02,-0.04,475,345,437,335,361
1.92,-2.63,-9.55,0.05,-0.00,-0.04,475,342,437,335,361
2.14,-2.46,-9.61,0.05,-0.00,-0.05,475,347,437,335,361
2.22,-2.61,-9.37,0.04,0.00,-0.02,475,431,437,335,361
2.15,-2.51,-9.66,0.05,0.01,-0.02,475,431,437,335,362
2.10,-2.63,-9.39,0.03,-0.01,-0.04,475,431,437,335,362
2.07,-2.62,-9.43,0.03,0.01,-0.03,475,430,437,335,362
1.94,-2.51,-9.47,0.02,0.01,-0.02,475,430,437,335,361
2.10,-2.62,-9.52,0.04,0.01,-0.03,475,431,436,335,361
2.07,-2.61,-9.50,0.03,-0.00,-0.03,475,431,436,335,361
2.12,-2.63,-9.41,0.04,0.00,-0.03,475,430,436,335,362
1.87,-2.68,-9.37,0.03,-0.01,-0.03,475,429,437,335,361
2.10,-2.42,-9.56,0.04,0.00,-0.04,475,428,437,335,362
2.18,-2.71,-9.31,0.03,-0.01,-0.04,475,429,437,335,362
2.00,-2.43,-9.44,0.04,0.00,-0.03,475,409,437,335,362
END
1.79,-2.82,-9.28,0.03,-0.00,-0.03,475,431,437,335,361
2.25,-2.54,-9.56,0.04,-0.00,-0.04,475,431,437,335,361
2.16,-2.57,-9.54,0.03,0.01,-0.03,474,431,436,335,361
2.02,-2.51,-9.40,0.04,0.00,-0.03,475,431,436,335,360
1.87,-2.59,-9.38,0.04,-0.00,-0.03,475,431,436,335,361
2.15,-2.59,-9.51,0.03,-0.01,-0.03,474,430,436,335,361
2.24,-2.43,-9.64,0.03,0.01,-0.01,475,430,436,335,361
2.13,-2.67,-9.20,0.05,-0.01,-0.03,475,430,437,335,361
1.79,-2.76,-9.36,0.03,0.01,-0.02,475,429,436,335,361
2.15,-2.40,-9.53,0.04,0.01,-0.03,475,406,437,335,361
2.16,-2.63,-9.36,0.03,-0.01,-0.05,475,401,437,335,361
1.88,-2.53,-9.53,0.03,0.01,-0.01,475,402,437,335,361
2.05,-2.61,-9.27,0.03,-0.01,-0.04,475,406,437,335,361
1.92,-2.65,-9.17,0.03,0.00,-0.03,475,409,436,335,361
2.28,-2.40,-9.89,0.04,-0.01,-0.02,475,405,436,336,361
2.02,-2.73,-9.25,0.04,0.00,-0.02,475,410,437,335,361
2.06,-2.56,-9.49,0.02,-0.01,-0.03,474,406,436,336,361
2.00,-2.66,-9.45,0.03,0.00,-0.02,475,404,436,335,361
2.18,-2.71,-9.55,0.03,-0.01,-0.03,475,403,437,336,361
2.03,-2.50,-9.35,0.03,-0.00,-0.03,475,403,437,335,361
1.93,-2.63,-9.28,0.04,0.00,-0.03,475,402,437,336,361
2.22,-2.71,-9.42,0.03,-0.01,-0.03,475,406,437,336,361
1.89,-2.65,-9.58,0.02,0.00,-0.03,475,405,437,335,361
2.04,-2.53,-9.36,0.02,-0.00,-0.03,475,406,437,335,361
2.06,-2.63,-9.32,0.04,0.01,-0.02,475,402,437,335,361
2.11,-2.66,-9.49,0.03,-0.01,-0.03,475,404,436,335,361
1.95,-2.61,-9.45,0.03,0.01,-0.03,475,407,436,335,362
2.20,-2.62,-9.53,0.02,0.01,-0.02,474,405,436,336,361
2.12,-2.68,-9.49,0.03,-0.02,-0.04,474,408,436,336,361
1.88,-2.67,-9.37,0.03,0.00,-0.03,475,404,437,336,361
2.09,-2.55,-9.55,0.03,-0.00,-0.03,475,407,437,336,361
2.18,-2.61,-9.58,0.03,0.00,-0.01,475,406,436,335,361
2.10,-2.56,-9.64,0.03,-0.00,-0.03,475,402,437,335,361
2.03,-2.56,-9.35,0.05,0.01,-0.02,475,404,437,336,361
2.25,-2.76,-9.48,0.03,-0.01,-0.04,475,402,436,336,361
1.87,-2.46,-9.44,0.02,-0.00,-0.03,475,407,436,335,362
END
2.12,-2.71,-9.35,0.03,0.01,-0.03,474,324,436,336,361
2.10,-2.56,-9.34,0.04,0.01,-0.02,474,325,436,336,361
2.00,-2.62,-9.20,0.03,-0.00,-0.04,474,330,436,336,361
2.15,-2.51,-9.48,0.04,0.01,-0.02,475,326,437,336,361
2.24,-2.80,-9.30,0.03,-0.02,-0.03,474,330,436,336,361
2.15,-2.58,-9.57,0.03,0.00,-0.03,475,333,437,336,361
2.12,-2.60,-9.56,0.02,-0.01,-0.03,474,335,436,336,362
2.30,-2.57,-9.57,0.02,0.00,-0.03,474,327,437,336,361
2.33,-2.44,-9.73,0.04,-0.01,-0.05,474,330,437,336,361
2.14,-2.58,-9.50,0.02,0.01,-0.02,474,327,436,336,361
2.47,-2.45,-9.64,0.02,-0.01,-0.05,474,381,436,336,361
2.15,-2.53,-9.54,0.02,-0.01,-0.04,474,322,436,336,361
2.02,-2.56,-9.32,0.03,0.01,-0.01,474,323,436,336,361
2.10,-2.50,-9.56,0.02,-0.01,-0.03,474,319,437,336,361
2.13,-2.53,-9.43,0.02,-0.00,-0.03,474,363,437,336,361
2.15,-2.63,-9.27,0.04,-0.00,-0.04,474,364,437,336,362
1.95,-2.56,-9.42,0.02,-0.00,-0.02,474,356,437,336,361
1.95,-2.61,-9.16,0.03,-0.00,-0.03,474,359,436,336,361
2.20,-2.58,-9.22,0.03,-0.00,-0.03,474,368,437,336,362
2.07,-2.51,-9.55,0.04,-0.01,-0.04,474,356,437,336,362
1.99,-2.58,-9.37,0.02,0.00,-0.02,474,359,436,336,361
2.25,-2.51,-9.62,0.03,-0.00,-0.04,474,364,436,336,361
1.95,-2.75,-9.12,0.01,-0.02,-0.02,474,359,436,336,361
2.09,-2.56,-9.43,0.02,-0.01,-0.02,474,362,436,336,361
1.93,-2.59,-9.50,0.02,-0.01,-0.04,474,366,436,336,362
1.93,-2.56,-9.48,0.00,0.00,-0.02,474,373,436,336,361
2.22,-2.38,-9.66,0.04,0.01,-0.04,474,430,437,336,362
2.07,-2.66,-9.29,0.03,-0.01,-0.03,474,430,436,336,361
2.00,-2.50,-9.52,0.04,0.00,-0.03,474,430,437,336,362
2.06,-2.40,-9.27,0.01,0.00,-0.03,474,430,436,336,361
2.18,-2.51,-9.32,0.02,-0.01,-0.05,474,430,436,336,362
2.14,-2.25,-9.91,0.03,-0.01,-0.03,474,430,436,336,361
2.00,-2.51,-9.38,0.04,-0.01,-0.01,474,430,437,336,361
2.18,-2.34,-9.55,0.03,-0.00,-0.02,474,430,436,336,361
1.89,-2.34,-9.52,0.04,-0.00,-0.03,474,431,436,336,361
1.97,-2.60,-9.35,0.03,0.00,-0.01,474,431,437,336,361
END
2.08,-2.53,-9.39,0.02,-0.01,-0.03,474,373,437,335,362
1.76,-2.40,-9.64,0.02,0.02,-0.03,474,378,437,335,362
2.14,-2.33,-9.66,0.02,-0.01,-0.03,474,375,436,335,362
2.00,-2.37,-9.66,0.02,-0.01,-0.02,474,377,436,335,362
1.92,-2.20,-9.62,0.03,-0.01,-0.02,474,375,436,335,361
1.86,-2.35,-9.55,0.05,-0.01,-0.04,474,378,436,335,361
1.84,-2.44,-9.63,0.04,-0.00,-0.04,474,374,436,335,361
1.79,-2.37,-9.50,0.05,0.01,-0.05,474,376,436,335,362
1.93,-2.41,-9.63,0.05,0.01,-0.04,474,376,436,335,361
2.00,-2.48,-9.48,0.04,-0.00,-0.04,473,374,436,335,362
1.93,-2.27,-9.58,0.04,0.00,-0.03,474,373,437,335,362
1.98,-2.38,-9.34,0.04,-0.01,-0.02,474,371,436,335,362
1.81,-2.56,-9.50,0.02,-0.00,-0.01,474,371,436,335,361
2.01,-2.29,-9.57,0.03,0.01,-0.02,474,370,436,335,362
1.92,-2.52,-9.43,0.04,-0.02,-0.04,474,374,436,335,361
1.87,-2.40,-9.58,0.03,0.00,-0.02,474,376,436,335,362
1.91,-2.35,-9.40,0.04,-0.00,-0.03,474,368,437,335,361
1.93,-2.51,-9.41,0.03,-0.01,-0.04,474,378,437,335,361
2.00,-2.36,-9.60,0.03,0.00,-0.02,474,373,436,335,362
1.90,-2.48,-9.49,0.02,-0.01,-0.02,474,369,436,335,361
1.90,-2.46,-9.43,0.04,0.01,-0.02,474,371,436,335,361
1.90,-2.41,-9.51,0.02,-0.01,-0.03,474,370,437,335,361
1.74,-2.35,-9.60,0.03,0.00,-0.03,474,373,436,335,362
1.90,-2.46,-9.45,0.03,-0.01,-0.02,474,375,437,335,361
1.89,-2.43,-9.51,0.01,-0.02,-0.03,474,373,436,335,361
1.93,-2.29,-9.60,0.03,0.00,-0.02,474,371,436,335,361
1.95,-2.48,-9.50,0.01,-0.00,-0.02,474,370,437,335,361
1.83,-2.21,-9.53,-0.00,-0.00,-0.01,474,377,436,335,361
1.80,-2.15,-9.66,0.01,0.01,-0.00,474,372,436,335,361
1.72,-2.37,-9.55,0.02,-0.00,-0.01,473,370,436,334,362
1.87,-2.23,-9.71,0.03,-0.00,-0.04,473,369,436,335,361
1.91,-2.44,-9.57,0.02,-0.00,-0.03,474,368,436,335,361
1.88,-2.29,-9.60,0.03,0.02,-0.01,474,368,436,335,361
1.95,-2.40,-9.59,0.02,0.02,-0.03,474,368,436,335,361
2.05,-2.22,-9.70,0.01,0.03,-0.05,473,369,437,335,361
2.12,-2.28,-9.55,0.04,0.03,-0.04,473,373,437,335,361
END
2.05,-2.56,-9.38,0.02,0.00,-0.04,473,368,437,335,362
2.05,-2.38,-9.47,0.03,0.00,-0.05,473,378,436,335,361
2.09,-2.29,-9.62,0.03,-0.00,-0.04,473,379,436,335,362
2.17,-2.24,-9.66,0.03,-0.00,-0.03,473,373,436,335,361
1.87,-2.35,-9.48,0.04,-0.00,-0.03,473,377,436,335,361
2.00,-2.33,-9.52,0.03,0.01,-0.01,473,376,436,335,361
1.91,-2.26,-9.40,0.02,-0.01,-0.02,473,375,436,335,361
2.00,-2.35,-9.78,0.03,-0.01,-0.03,473,430,436,336,362
1.93,-2.24,-9.70,0.03,-0.00,-0.04,473,369,436,335,361
2.15,-2.37,-9.50,0.04,-0.01,-0.03,473,363,436,335,361
2.00,-2.40,-9.40,0.04,0.01,-0.02,473,368,436,335,362
1.85,-2.36,-9.66,0.02,-0.01,-0.05,473,362,436,335,361
2.09,-2.20,-9.70,0.04,0.02,-0.03,473,369,436,336,361
2.15,-2.38,-9.45,0.04,-0.01,-0.03,473,372,436,335,360
1.84,-2.30,-9.57,0.02,-0.00,-0.03,473,366,436,335,361
1.94,-2.30,-9.55,0.04,0.02,-0.02,473,368,436,335,361
2.19,-2.39,-9.49,0.02,-0.01,-0.03,473,364,436,337,361
1.90,-2.24,-9.58,0.02,-0.01,-0.02,473,367,436,335,361
1.92,-2.37,-9.62,0.04,-0.00,-0.04,473,369,436,335,361
2.00,-2.45,-9.51,0.03,-0.00,-0.04,473,361,436,335,362
1.99,-2.23,-9.48,0.03,-0.01,-0.04,473,363,436,335,361
1.99,-2.29,-9.63,0.04,0.01,-0.03,473,363,436,335,361
2.07,-2.34,-9.40,0.02,0.00,-0.03,473,371,436,335,362
2.12,-2.15,-9.62,0.03,0.00,-0.03,473,369,436,336,361
1.96,-2.36,-9.68,0.04,0.01,-0.03,473,365,436,335,361
1.90,-2.43,-9.66,0.03,-0.01,-0.03,473,367,436,335,361
1.93,-2.12,-9.70,0.04,-0.02,-0.06,473,368,436,335,361
2.16,-2.24,-9.55,0.04,-0.00,-0.02,473,368,436,336,362
2.07,-2.41,-9.53,0.03,0.00,-0.02,473,366,436,335,361
2.00,-2.28,-9.60,0.02,0.00,-0.02,473,369,436,335,362
1.95,-2.40,-9.35,0.04,0.01,-0.02,473,366,436,335,361
2.06,-2.30,-9.70,0.03,-0.00,-0.03,473,372,436,336,361
1.97,-2.40,-9.53,0.02,0.00,-0.01,473,369,436,335,361
1.92,-2.35,-9.43,0.03,0.00,-0.03,473,369,436,335,361
1.92,-2.28,-9.54,0.03,-0.01,-0.03,473,368,436,335,361
1.99,-2.34,-9.42,0.04,0.00,-0.04,473,366,436,336,361
END
1.92,-2.29,-9.46,0.01,-0.01,-0.04,473,430,436,335,361
2.10,-2.35,-9.52,0.02,-0.01,-0.04,473,430,436,335,362
1.99,-2.27,-9.66,0.02,0.00,-0.02,473,430,436,335,361
1.95,-2.39,-9.60,0.03,0.00,-0.03,473,430,436,335,361
2.08,-2.35,-9.43,0.03,0.00,-0.02,473,430,436,336,362
2.08,-2.40,-9.57,0.02,-0.00,-0.03,473,422,436,336,362
1.92,-2.34,-9.50,0.03,-0.01,-0.04,473,402,436,335,361
2.11,-2.23,-9.56,0.04,-0.01,-0.04,473,429,436,335,362
2.14,-2.49,-9.48,0.02,-0.00,-0.03,473,430,436,335,361
2.10,-2.24,-9.58,0.03,-0.01,-0.02,473,430,436,335,361
1.82,-2.47,-9.52,0.01,-0.00,-0.02,473,411,436,335,361
2.10,-2.23,-9.60,0.03,-0.00,-0.04,472,408,435,336,361
2.20,-2.23,-9.58,0.05,-0.01,-0.03,473,430,435,335,361
1.82,-2.46,-9.46,0.04,0.01,-0.02,473,429,436,335,361
2.05,-2.28,-9.46,0.04,0.02,-0.03,473,429,436,336,362
2.12,-2.40,-9.56,0.03,-0.01,-0.04,473,429,436,335,361
2.07,-2.30,-9.56,0.04,0.00,-0.02,473,428,436,336,362
2.04,-2.44,-9.45,0.04,0.01,-0.03,473,429,436,335,361
2.05,-2.28,-9.59,0.04,-0.01,-0.03,473,429,436,336,361
2.10,-2.33,-9.37,0.04,-0.01,-0.03,473,430,436,336,361
1.98,-2.38,-9.50,0.02,0.01,-0.02,473,430,436,335,361
2.07,-2.28,-9.68,0.03,0.01,-0.02,473,429,436,335,361
2.07,-2.44,-9.47,0.04,-0.01,-0.03,473,430,436,335,361
1.96,-2.33,-9.32,0.03,0.01,-0.03,473,430,436,335,361
2.02,-2.47,-9.52,0.03,0.01,-0.04,473,430,436,335,361
2.07,-2.36,-9.48,0.03,0.00,-0.04,473,429,436,335,361
2.07,-2.30,-9.58,0.04,0.00,-0.04,473,429,436,336,361
2.12,-2.41,-9.53,0.03,-0.00,-0.03,473,430,436,335,362
2.02,-2.52,-9.40,0.04,-0.00,-0.04,473,430,436,336,361
2.12,-2.41,-9.48,0.02,0.00,-0.01,472,430,436,336,362
2.07,-2.31,-9.58,0.04,-0.01,-0.04,473,430,436,336,361
2.03,-2.55,-9.32,0.02,0.00,-0.02,473,430,436,335,361
2.10,-2.23,-9.49,0.02,-0.01,-0.03,473,430,436,335,361
1.99,-2.33,-9.53,0.03,0.01,-0.02,473,430,436,335,361
2.23,-2.51,-9.40,0.04,-0.01,-0.04,473,430,436,335,362
2.05,-2.40,-9.59,0.03,0.00,-0.02,473,430,436,335,361
END
2.08,-2.36,-9.62,0.04,-0.00,-0.03,473,430,436,336,361
2.15,-2.49,-9.53,0.03,-0.00,-0.05,473,430,435,335,361
2.21,-2.27,-9.51,0.03,-0.01,-0.03,473,430,436,336,361
2.05,-2.32,-9.51,0.05,0.01,-0.02,473,430,436,336,361
2.02,-2.45,-9.36,0.04,0.00,-0.03,473,430,436,336,361
2.05,-2.33,-9.37,0.03,0.01,-0.02,473,430,436,336,361
2.09,-2.37,-9.46,0.03,-0.01,-0.03,473,430,436,335,361
2.02,-2.34,-9.50,0.04,0.01,-0.03,473,430,436,336,361
2.10,-2.46,-9.58,0.03,-0.01,-0.03,473,430,435,336,362
1.92,-2.37,-9.52,0.04,0.02,-0.02,473,430,436,335,361
2.20,-2.41,-9.45,0.04,-0.01,-0.03,473,430,436,336,361
2.03,-2.40,-9.45,0.04,-0.00,-0.02,473,430,436,336,362
1.97,-2.35,-9.56,0.02,-0.00,-0.03,473,430,436,336,362
2.13,-2.38,-9.54,0.03,0.01,-0.02,473,429,436,336,362
2.11,-2.35,-9.48,0.03,-0.01,-0.02,473,429,436,336,361
2.00,-2.40,-9.48,0.03,-0.01,-0.04,472,429,436,336,361
2.17,-2.52,-9.45,0.03,0.01,-0.03,473,429,436,335,361
2.07,-2.32,-9.46,0.02,-0.02,-0.02,473,429,436,336,361
1.81,-2.32,-9.51,0.04,0.00,-0.02,473,430,436,336,361
2.20,-2.51,-9.36,0.02,-0.00,-0.03,472,430,436,336,362
2.20,-2.27,-9.58,0.02,-0.00,-0.03,473,430,435,336,361
1.93,-2.32,-9.48,0.02,0.01,-0.01,473,430,436,336,361
2.13,-2.34,-9.50,0.02,0.01,-0.05,473,430,436,335,361
2.16,-2.30,-9.59,0.02,0.00,-0.04,473,430,436,336,361
2.15,-2.26,-9.56,0.03,0.00,-0.02,473,430,436,336,361
2.02,-2.33,-9.51,0.03,-0.01,-0.03,473,430,436,336,361
2.01,-2.51,-9.45,0.03,0.01,-0.03,473,430,436,336,361
2.18,-2.20,-9.65,0.03,-0.00,-0.03,473,430,435,336,361
2.07,-2.37,-9.54,0.03,-0.00,-0.03,473,429,436,335,361
2.18,-2.38,-9.53,0.03,0.00,-0.03,473,430,435,336,361
2.02,-2.35,-9.61,0.03,-0.00,-0.03,472,430,436,335,361
2.25,-2.29,-9.58,0.03,0.00,-0.03,472,430,436,336,361
2.15,-2.33,-9.57,0.03,-0.00,-0.03,473,430,436,336,361
2.15,-2.46,-9.58,0.03,-0.01,-0.02,473,430,436,336,361
2.05,-2.45,-9.35,0.03,0.00,-0.02,473,429,436,336,361
2.07,-2.34,-9.51,0.02,-0.01,-0.03,473,430,436,336,361
END
2.50,-1.15,-9.60,0.01,0.06,-0.09,507,449,451,332,375
2.92,-1.13,-9.60,0.04,0.00,-0.03,506,449,451,332,375
2.75,-1.25,-9.45,0.03,-0.01,-0.02,506,448,451,332,375
3.00,-1.24,-9.60,0.03,-0.01,-0.02,506,449,451,332,375
2.58,-1.24,-9.12,0.03,-0.02,-0.02,506,449,451,332,375
2.80,-1.21,-9.73,0.02,-0.01,-0.02,506,449,451,332,375
2.71,-1.16,-9.78,0.02,-0.01,-0.03,506,448,451,332,375
2.79,-1.13,-9.65,0.01,0.03,-0.00,506,448,451,332,375
2.99,-1.11,-9.62,0.02,0.01,-0.02,506,448,451,332,375
2.76,-1.15,-9.68,0.03,0.02,0.02,506,448,451,332,374
2.68,-1.16,-9.68,0.04,0.00,0.01,506,448,451,332,373
2.65,-1.04,-9.75,0.06,-0.02,-0.01,505,448,450,332,374
2.80,-1.21,-9.55,0.08,-0.04,-0.01,505,448,451,332,374
2.94,-1.46,-9.45,0.08,-0.05,0.01,505,448,451,333,374
2.84,-1.43,-9.55,0.06,-0.05,0.05,505,448,451,332,374
2.42,-1.38,-9.63,0.05,-0.05,0.02,505,448,450,333,375
2.18,-1.47,-9.71,0.05,-0.01,0.01,505,448,450,333,374
2.14,-1.68,-9.34,0.05,-0.03,-0.06,505,448,450,333,374
2.40,-1.57,-9.57,0.03,0.01,-0.05,505,448,450,333,374
2.74,-1.51,-9.75,0.05,-0.01,-0.08,505,448,450,333,374
2.64,-1.67,-9.53,0.06,0.01,-0.06,505,447,450,333,374
2.77,-1.65,-9.75,0.07,0.01,-0.03,505,447,450,333,374
2.55,-1.67,-9.51,0.03,0.01,-0.01,505,447,450,333,374
2.30,-1.53,-9.35,0.01,-0.00,-0.01,505,447,450,333,374
2.64,-1.40,-9.99,0.01,-0.01,-0.03,505,447,450,333,374
2.51,-1.46,-9.60,0.01,-0.00,-0.01,505,447,450,333,374
2.64,-1.53,-9.54,0.03,-0.01,-0.02,505,447,450,333,374
2.65,-1.47,-9.69,0.03,0.01,-0.01,505,447,450,333,374
2.41,-1.71,-9.52,0.03,0.01,-0.02,505,447,450,333,374
2.31,-1.54,-9.38,0.03,0.00,-0.04,504,447,449,333,374
2.51,-1.59,-9.54,0.04,0.00,-0.05,504,447,450,333,374
2.68,-1.56,-9.78,0.02,-0.01,-0.05,504,447,450,333,374
2.66,-1.38,-9.32,0.04,-0.00,-0.03,504,447,449,333,373
2.56,-1.61,-9.66,0.04,-0.02,-0.03,504,447,449,332,374
2.42,-1.49,-9.32,0.02,0.00,-0.01,504,447,449,333,374
2.49,-1.43,-9.63,0.02,-0.02,-0.03,504,446,449,333,373
END
2.49,-1.51,-9.73,0.02,0.01,-0.02,502,445,448,334,372
2.55,-1.54,-9.39,0.02,-0.01,-0.04,502,445,448,333,373
2.52,-1.64,-9.57,0.04,-0.01,-0.03,502,445,447,333,373
2.51,-1.61,-9.32,0.04,0.01,-0.03,502,445,447,333,372
2.53,-1.59,-9.81,0.05,0.01,-0.04,501,445,447,333,373
2.71,-1.38,-9.61,0.05,-0.00,-0.05,501,445,447,334,372
2.69,-1.35,-9.58,0.04,0.00,-0.04,501,445,447,334,373
2.77,-1.49,-9.69,0.03,0.01,-0.02,501,445,447,334,372
2.65,-1.46,-9.50,0.03,-0.01,-0.03,501,444,446,334,372
2.44,-1.50,-9.54,0.02,0.01,-0.02,501,445,447,333,372
2.63,-1.46,-9.54,0.04,0.00,-0.03,501,445,447,334,373
2.78,-1.46,-9.84,0.04,0.00,-0.01,501,445,447,334,372
2.58,-1.69,-9.45,0.04,-0.02,-0.02,501,445,446,334,373
2.49,-1.68,-9.36,0.03,0.01,-0.02,501,445,447,334,372
2.62,-1.61,-9.58,0.03,-0.00,-0.05,501,445,446,334,373
2.73,-1.42,-9.57,0.03,0.01,-0.03,501,445,446,334,373
2.56,-1.55,-9.51,0.04,-0.00,-0.04,501,444,446,333,372
2.44,-1.69,-9.42,0.01,0.00,-0.04,501,444,446,334,373
2.68,-1.42,-9.58,0.00,0.01,-0.06,501,444,446,334,373
2.91,-1.31,-9.65,0.01,0.02,-0.03,501,444,446,333,372
2.98,-1.44,-9.75,0.02,-0.01,-0.00,501,444,446,333,373
2.48,-1.39,-9.38,0.04,0.01,0.04,500,444,446,334,372
2.56,-1.56,-9.38,0.04,-0.02,-0.01,501,444,446,334,373
2.61,-1.67,-9.48,0.02,-0.02,-0.03,500,444,446,334,373
2.62,-1.64,-9.55,0.02,-0.03,-0.04,500,444,446,334,373
2.71,-1.45,-9.81,0.03,-0.01,-0.03,500,444,446,333,373
2.69,-1.57,-9.81,0.04,-0.00,-0.06,500,444,446,334,372
2.46,-1.51,-9.47,0.04,-0.00,-0.05,500,444,446,334,372
2.86,-1.44,-9.91,0.05,0.00,-0.03,500,444,446,334,372
2.79,-1.44,-9.72,0.03,-0.01,-0.02,500,444,446,334,372
2.53,-1.38,-9.68,0.03,0.01,-0.01,500,444,446,334,372
2.66,-1.67,-9.65,0.02,-0.00,-0.01,500,444,446,333,372
2.63,-1.60,-9.66,0.01,-0.00,-0.01,500,444,446,334,372
2.53,-1.60,-9.64,0.03,-0.01,-0.02,500,444,445,334,372
2.51,-1.54,-9.60,0.03,-0.01,-0.03,500,444,446,334,372
2.52,-1.66,-9.45,0.04,0.01,-0.03,500,444,446,334,372
END
2.61,-1.61,-9.55,0.02,-0.02,-0.05,498,443,444,334,372
2.45,-1.49,-9.57,0.03,-0.02,-0.04,498,443,444,334,372
2.25,-1.44,-9.60,0.04,0.00,-0.01,498,442,444,334,372
2.48,-1.41,-9.66,0.05,-0.01,-0.05,498,442,444,335,372
2.61,-1.47,-9.61,0.03,0.01,-0.01,497,442,444,334,372
2.46,-1.49,-9.63,0.04,0.00,-0.01,498,442,444,334,372
2.17,-1.51,-9.61,0.04,0.00,-0.01,498,443,444,335,372
2.44,-1.59,-9.60,0.03,0.01,-0.03,498,442,444,334,372
2.51,-1.48,-9.59,0.03,0.00,-0.04,498,442,444,334,372
2.35,-1.52,-9.62,0.03,0.00,-0.03,498,442,444,334,372
2.38,-1.46,-9.69,0.04,0.01,-0.02,498,442,444,334,372
2.40,-1.62,-9.39,0.04,0.00,-0.03,498,442,443,334,372
2.30,-1.59,-9.53,0.03,0.01,-0.03,497,442,444,334,372
2.55,-1.39,-9.81,0.03,0.00,-0.04,498,442,443,334,372
2.55,-1.47,-9.65,0.05,0.00,-0.03,497,442,443,334,372
2.51,-1.49,-9.61,0.04,0.00,-0.02,497,442,443,334,372
2.53,-1.52,-9.78,0.04,-0.01,-0.03,497,442,443,334,372
2.61,-1.46,-9.85,0.04,-0.00,-0.04,497,442,443,334,372
2.45,-1.61,-9.58,0.02,0.01,-0.02,497,442,443,334,372
2.62,-1.44,-9.78,0.04,0.00,-0.03,497,442,444,335,372
2.30,-1.61,-9.51,0.04,-0.00,-0.03,497,442,443,334,372
2.46,-1.50,-9.61,0.04,0.01,-0.04,497,442,443,334,372
2.40,-1.72,-9.40,0.03,-0.00,-0.05,497,442,443,335,372
2.63,-1.28,-9.95,0.03,0.00,-0.04,497,442,443,335,372
2.46,-1.51,-9.60,0.05,-0.00,-0.06,497,442,443,334,372
2.51,-1.62,-9.33,0.04,-0.01,-0.05,497,442,443,335,372
2.43,-1.72,-9.74,0.02,0.01,-0.02,497,442,443,335,372
2.48,-1.44,-9.60,0.02,-0.01,-0.04,497,442,443,334,371
2.46,-1.63,-9.37,0.04,0.01,-0.03,497,442,443,335,372
2.72,-1.54,-9.84,0.03,0.02,-0.01,497,442,443,334,372
2.61,-1.45,-9.83,0.03,-0.03,-0.03,497,442,443,335,372
2.52,-1.62,-9.51,0.02,0.01,-0.01,497,442,443,335,372
2.63,-1.47,-9.79,0.02,-0.02,-0.04,497,441,443,335,372
2.53,-1.52,-9.73,0.02,-0.00,-0.01,497,442,443,335,372
2.58,-1.53,-9.55,0.02,-0.03,-0.02,496,441,443,335,372
2.38,-1.63,-9.43,0.03,0.00,-0.03,497,441,443,334,372
END
2.30,-1.49,-9.43,0.03,-0.00,-0.03,495,440,441,335,371
2.51,-1.62,-9.52,0.05,0.01,-0.02,495,440,442,335,371
2.48,-1.40,-9.51,0.02,0.01,-0.01,495,440,442,335,371
2.48,-1.51,-9.58,0.04,-0.01,-0.05,495,441,442,335,371
2.38,-1.56,-9.60,0.03,0.00,-0.04,496,440,441,335,371
2.43,-1.53,-9.45,0.03,0.01,-0.03,495,441,442,335,371
2.41,-1.59,-9.78,0.03,-0.01,-0.02,495,440,442,335,371
2.34,-1.57,-9.57,0.04,-0.00,-0.03,495,440,442,335,371
2.62,-1.46,-9.76,0.04,0.00,-0.04,495,440,441,336,371
2.45,-1.60,-9.32,0.03,-0.01,-0.03,495,440,442,335,371
2.46,-1.54,-9.64,0.02,0.00,-0.04,495,440,442,335,371
2.56,-1.59,-9.54,0.03,-0.01,-0.06,495,440,441,335,371
2.46,-1.47,-9.58,0.02,-0.00,-0.05,495,440,441,335,371
2.73,-1.38,-9.61,0.04,0.01,-0.03,495,440,441,335,371
2.47,-1.79,-9.41,0.03,-0.03,-0.04,495,440,441,335,371
2.34,-1.37,-9.61,0.02,0.01,-0.02,495,440,441,335,371
2.53,-1.48,-9.68,0.03,-0.00,-0.05,495,440,441,334,371
2.49,-1.86,-9.38,0.01,0.01,-0.02,495,440,441,335,371
2.70,-1.19,-9.88,0.01,0.01,-0.02,495,440,441,335,371
2.26,-1.51,-9.50,0.03,-0.02,-0.03,495,440,441,335,371
2.25,-1.62,-9.55,0.02,-0.01,-0.02,495,440,441,335,371
2.52,-1.47,-9.74,0.03,0.00,-0.04,495,440,441,335,372
2.72,-1.39,-9.76,0.05,0.01,-0.02,495,440,441,335,371
2.46,-1.62,-9.35,0.04,0.00,-0.00,495,440,441,335,370
2.07,-1.36,-9.47,0.03,0.01,-0.05,495,440,441,335,371
2.49,-1.54,-9.63,0.04,0.04,-0.05,495,440,441,335,371
2.99,-1.82,-9.36,0.02,0.01,-0.02,495,440,441,335,371
2.55,-1.23,-9.68,0.02,-0.03,0.00,495,440,441,335,371
2.01,-1.49,-9.47,0.04,-0.02,-0.02,495,440,441,335,371
2.46,-1.64,-9.73,0.03,0.02,-0.03,495,440,441,335,371
2.66,-1.39,-9.45,0.03,-0.01,-0.07,495,440,441,335,371
2.48,-1.52,-9.60,0.04,0.01,-0.04,495,440,441,335,371
2.56,-1.48,-9.67,0.05,-0.01,-0.03,495,439,440,335,371
2.39,-1.55,-9.44,0.03,-0.02,-0.05,494,440,441,335,371
2.66,-1.45,-9.55,0.04,0.02,-0.03,494,439,441,335,371
2.52,-1.48,-9.61,0.03,-0.02,-0.04,494,440,441,335,371
END
2.25,-1.51,-9.66,0.04,-0.00,-0.02,494,439,440,335,371
2.45,-1.53,-9.50,0.02,0.01,-0.01,494,439,440,335,371
2.50,-1.62,-9.44,0.05,0.00,-0.03,494,439,440,335,371
2.38,-1.75,-9.34,0.01,-0.00,-0.02,494,439,440,335,371
2.21,-1.60,-9.35,0.02,0.01,-0.02,493,439,440,335,371
2.47,-1.57,-9.56,0.03,-0.00,-0.03,494,439,440,336,370
2.52,-1.58,-9.47,0.04,-0.00,-0.03,493,439,440,335,371
2.40,-1.62,-9.59,0.03,-0.02,-0.04,493,439,440,335,371
2.52,-1.63,-9.49,0.03,0.00,-0.03,493,439,440,335,371
2.71,-1.58,-9.75,0.03,-0.00,-0.02,493,439,440,335,371
2.42,-1.59,-9.70,0.01,-0.01,-0.03,493,439,440,335,371
2.55,-1.45,-9.99,0.03,0.01,-0.05,493,439,440,335,371
2.62,-1.77,-9.32,0.02,0.01,-0.02,493,439,440,336,371
2.48,-1.71,-9.42,0.04,-0.00,-0.02,494,439,439,336,371
2.32,-1.62,-9.47,0.02,-0.00,-0.02,493,439,440,336,371
2.42,-1.67,-9.55,0.02,-0.01,-0.04,493,439,440,335,371
2.53,-1.50,-9.71,0.03,0.00,-0.03,493,439,440,335,370
2.57,-1.70,-9.60,0.05,-0.01,-0.04,493,439,440,336,370
2.32,-1.75,-9.53,0.03,-0.00,-0.03,493,439,439,335,370
2.57,-1.56,-9.51,0.04,0.01,-0.04,493,439,440,335,370
2.46,-1.64,-9.41,0.02,-0.00,-0.04,493,439,439,336,370
2.50,-1.42,-9.58,0.03,0.01,-0.03,493,439,440,335,371
2.59,-1.64,-9.44,0.03,-0.01,-0.04,493,439,440,336,371
2.57,-1.54,-9.66,0.02,0.00,-0.04,493,439,440,335,371
2.58,-1.56,-9.78,0.03,0.01,-0.02,493,439,440,336,371
2.46,-1.56,-9.58,0.03,-0.01,-0.02,493,439,440,336,371
2.56,-1.58,-9.55,0.03,-0.00,-0.02,493,439,440,336,371
2.45,-1.59,-9.49,0.02,0.01,-0.03,493,438,439,336,370
2.56,-1.48,-9.57,0.02,-0.00,-0.04,493,439,440,335,371
2.35,-1.63,-9.60,0.03,0.00,-0.05,493,439,439,336,370
2.48,-1.64,-9.32,0.03,0.01,-0.04,493,439,440,336,371
2.58,-1.59,-9.42,0.04,-0.01,-0.03,493,439,439,336,370
2.60,-1.48,-9.50,0.04,-0.00,-0.03,493,438,440,336,370
2.42,-1.60,-9.53,0.02,-0.01,-0.02,493,439,440,336,371
2.51,-1.58,-9.68,0.03,-0.00,-0.04,493,439,440,336,371
2.76,-1.49,-9.56,0.03,-0.02,-0.05,493,439,440,336,371
END
2.77,-1.49,-9.55,0.03,0.01,-0.03,492,438,439,336,370
2.33,-1.55,-9.53,0.03,0.00,-0.03,492,438,439,336,370
2.61,-1.56,-9.63,0.05,0.01,-0.04,492,438,439,336,370
2.46,-1.60,-9.30,0.04,-0.00,-0.03,492,438,439,336,370
2.49,-1.42,-9.71,0.03,0.02,-0.01,492,438,439,336,370
2.62,-1.46,-9.67,0.04,-0.01,-0.04,492,438,439,336,370
2.68,-1.72,-9.49,0.04,-0.00,-0.04,492,438,439,336,370
2.56,-1.60,-9.65,0.02,0.00,-0.03,492,438,439,336,370
2.72,-1.44,-9.78,0.05,0.01,-0.03,492,438,439,336,370
2.61,-1.56,-9.59,0.05,0.00,-0.03,492,438,439,336,370
2.48,-1.58,-9.56,0.04,0.00,-0.03,492,438,439,336,370
2.48,-1.54,-9.40,0.03,0.00,-0.04,492,438,439,336,370
2.78,-1.59,-9.73,0.03,0.01,-0.03,492,438,439,336,370
2.61,-1.44,-9.60,0.03,0.01,-0.02,491,438,439,336,370
2.56,-1.43,-9.65,0.04,-0.01,-0.02,492,438,439,336,370
2.59,-1.70,-9.61,0.04,0.00,-0.02,492,438,439,336,370
2.62,-1.59,-9.50,0.04,-0.00,-0.03,492,438,439,336,370
2.52,-1.54,-9.60,0.04,0.00,-0.03,492,438,439,336,370
2.67,-1.60,-9.81,0.03,0.00,-0.03,492,438,439,336,370
2.62,-1.46,-9.67,0.04,-0.01,-0.04,492,438,439,336,370
2.56,-1.79,-9.54,0.03,-0.01,-0.04,492,438,439,336,370
2.56,-1.44,-9.39,0.02,0.01,-0.03,492,438,439,336,370
2.53,-1.66,-9.46,0.04,-0.01,-0.04,492,437,439,336,370
2.66,-1.50,-9.76,0.02,0.01,-0.01,492,438,438,336,370
2.53,-1.65,-9.38,0.03,-0.02,-0.04,492,438,438,336,370
2.49,-1.65,-9.45,0.02,0.01,-0.02,491,438,439,336,370
2.62,-1.46,-9.76,0.02,-0.00,-0.03,491,438,438,337,370
2.48,-1.51,-9.63,0.03,-0.00,-0.03,492,438,438,336,370
2.63,-1.59,-9.73,0.04,0.01,-0.03,492,438,439,336,370
2.59,-1.57,-9.94,0.03,0.00,-0.04,492,438,439,336,370
2.33,-1.66,-9.31,0.03,0.01,-0.03,492,438,439,336,370
2.57,-1.64,-9.41,0.02,-0.00,-0.05,491,438,439,336,370
2.76,-1.51,-9.76,0.03,0.00,-0.03,492,438,439,336,370
2.48,-1.56,-9.38,0.03,-0.01,-0.04,492,438,439,336,370
2.67,-1.46,-9.67,0.03,0.01,-0.02,491,437,439,336,369
2.64,-1.56,-9.41,0.03,0.00,-0.03,491,437,439,336,369
END
2.69,-1.38,-9.63,0.03,0.00,-0.03,491,437,438,336,370
2.58,-1.57,-9.45,0.02,-0.01,-0.04,491,437,438,336,370
2.43,-1.56,-9.39,0.02,0.01,-0.03,491,437,438,337,370
2.57,-1.49,-9.54,0.03,-0.00,-0.04,491,437,438,337,370
2.63,-1.64,-9.40,0.03,0.00,-0.04,491,437,438,337,370
2.51,-1.54,-9.62,0.03,-0.00,-0.02,491,437,438,336,370
2.61,-1.52,-9.46,0.04,0.00,-0.03,491,437,438,337,370
2.70,-1.61,-9.55,0.03,-0.01,-0.04,491,437,438,337,370
2.58,-1.46,-9.68,0.02,0.01,-0.03,491,437,438,336,370
2.56,-1.51,-9.47,0.03,-0.01,-0.04,491,437,438,337,369
2.47,-1.69,-9.32,0.03,0.01,-0.02,491,437,438,336,370
2.73,-1.55,-9.81,0.04,0.01,-0.02,491,437,438,336,369
2.71,-1.47,-9.55,0.05,-0.00,-0.01,491,437,438,336,370
2.39,-1.56,-9.34,0.05,-0.01,-0.01,491,437,438,337,370
2.25,-1.64,-9.30,0.03,-0.01,-0.03,491,437,438,337,370
2.44,-1.63,-9.55,0.03,-0.01,-0.07,491,437,438,337,370
2.91,-1.59,-9.80,0.03,0.01,-0.04,491,437,438,337,370
2.54,-1.62,-9.55,0.03,-0.01,-0.02,491,437,438,337,370
2.44,-1.56,-9.59,0.03,0.00,-0.05,490,437,438,337,370
2.66,-1.44,-9.47,0.04,0.01,-0.05,490,437,438,336,370
2.81,-1.56,-9.63,0.03,0.01,-0.03,491,437,438,337,370
2.62,-1.51,-9.53,0.03,-0.02,-0.03,490,437,438,337,370
2.48,-1.67,-9.34,0.02,0.02,-0.01,490,437,438,337,370
2.60,-1.61,-9.49,0.03,-0.02,-0.03,490,437,438,336,370
2.42,-1.63,-9.60,0.03,-0.02,-0.02,490,437,438,337,370
2.43,-1.57,-9.41,0.04,0.00,-0.04,491,437,438,337,370
2.58,-1.59,-9.63,0.02,0.00,-0.04,491,437,438,337,370
2.66,-1.58,-9.96,0.03,0.02,-0.03,490,437,438,337,370
2.40,-1.62,-9.45,0.03,-0.01,-0.06,490,437,437,337,369
2.68,-1.51,-9.65,0.03,0.00,-0.04,491,437,437,337,370
2.68,-1.51,-9.30,0.04,-0.01,-0.04,490,437,438,337,368
2.61,-1.39,-9.28,0.04,0.02,-0.02,490,437,437,337,370
2.57,-1.52,-9.33,0.04,-0.01,-0.02,490,437,438,336,369
2.52,-1.62,-9.39,0.01,0.01,-0.02,490,437,438,339,370
2.86,-1.26,-9.99,0.01,0.00,-0.03,490,437,438,337,369
2.79,-1.51,-9.80,0.04,-0.00,-0.02,490,437,438,337,370
END
2.74,-1.59,-9.76,0.03,0.00,-0.01,490,437,437,337,369
2.49,-1.50,-9.54,0.03,0.00,-0.03,490,437,438,337,369
2.59,-1.58,-9.58,0.04,-0.01,-0.06,490,437,437,337,369
2.71,-1.55,-9.53,0.03,0.00,-0.02,490,437,437,337,369
2.95,-1.47,-10.04,0.03,0.00,-0.01,489,437,437,337,369
2.53,-1.64,-9.34,0.03,-0.00,-0.01,489,437,437,337,369
2.86,-1.49,-9.88,0.01,0.00,-0.02,489,436,437,337,369
2.63,-1.50,-9.65,0.03,0.01,-0.03,489,436,437,337,369
2.20,-1.82,-9.31,0.02,-0.00,-0.04,489,436,437,337,369
2.28,-1.49,-9.37,0.03,0.01,-0.05,489,437,437,337,369
3.14,-1.56,-9.69,0.03,-0.02,-0.04,490,437,437,337,369
2.56,-1.39,-9.25,0.02,0.00,-0.01,490,437,437,337,369
2.49,-1.39,-9.36,0.02,0.01,-0.02,490,437,437,338,369
2.69,-1.34,-9.68,0.02,-0.00,-0.02,490,437,437,337,369
2.65,-1.42,-9.68,0.01,-0.01,-0.02,489,437,437,337,369
2.56,-1.65,-9.44,0.00,0.01,-0.02,489,436,437,337,369
2.53,-1.53,-9.28,0.01,0.01,-0.04,489,436,437,337,369
2.73,-1.34,-9.71,0.03,0.01,-0.03,489,436,437,337,369
2.86,-1.57,-9.55,0.03,0.00,-0.03,489,436,437,337,369
2.56,-1.46,-9.30,0.01,-0.00,-0.02,489,436,437,337,369
2.53,-1.44,-9.87,0.02,0.01,-0.03,489,436,437,337,369
2.91,-1.51,-9.79,0.02,-0.01,-0.05,489,436,437,337,369
2.66,-1.28,-9.55,0.02,-0.01,-0.05,489,436,437,337,369
2.73,-1.40,-9.54,0.03,-0.01,-0.02,489,437,437,337,369
2.40,-1.41,-9.73,0.04,0.01,-0.02,489,436,437,337,369
2.53,-1.53,-9.10,0.03,-0.00,-0.02,489,436,437,337,369
2.52,-1.46,-9.40,0.03,-0.03,-0.04,489,436,437,337,369
2.37,-1.54,-9.48,0.03,-0.01,-0.02,489,436,436,337,369
2.79,-1.32,-9.67,0.04,-0.02,-0.05,489,436,437,337,369
2.85,-1.47,-9.60,0.04,0.00,-0.01,489,436,437,337,369
2.58,-1.40,-9.61,0.02,0.01,-0.02,489,437,437,337,369
2.57,-1.41,-9.65,0.04,0.01,-0.03,489,436,437,336,368
2.51,-1.63,-9.31,0.02,0.00,-0.03,489,436,437,337,369
2.75,-1.34,-9.86,0.04,-0.01,-0.03,489,436,437,337,369
2.61,-1.46,-9.50,0.04,0.00,-0.03,489,436,437,337,369
2.59,-1.61,-9.18,0.02,0.01,-0.02,489,436,437,337,369
END
2.58,-1.38,-9.67,0.02,-0.00,-0.04,488,436,436,337,369
2.63,-1.32,-9.66,0.03,0.02,-0.02,488,436,437,337,368
2.62,-1.35,-9.71,0.03,-0.01,-0.03,488,436,437,337,368
2.58,-1.41,-9.50,0.03,0.00,-0.03,488,436,436,337,369
2.63,-1.31,-9.63,0.03,0.01,-0.02,488,435,436,337,368
2.43,-1.38,-9.50,0.03,-0.00,-0.04,488,436,437,337,369
2.45,-1.44,-9.37,0.02,0.00,-0.03,488,436,437,337,369
2.81,-1.34,-9.87,0.04,-0.00,-0.03,488,436,437,337,368
2.53,-1.31,-9.55,0.03,0.01,-0.01,488,436,437,337,369
2.58,-1.53,-9.44,0.02,0.00,-0.02,488,436,437,337,369
2.69,-1.35,-9.39,0.02,0.01,-0.01,488,436,437,337,368
2.68,-1.36,-9.53,0.03,-0.01,-0.04,488,435,436,337,368
2.44,-1.44,-9.34,0.03,0.01,-0.02,488,435,436,337,368
2.66,-1.32,-9.58,0.02,-0.00,-0.03,488,436,436,337,368
2.79,-1.31,-9.76,0.03,0.00,-0.02,488,435,436,337,368
2.87,-1.34,-9.88,0.04,-0.01,-0.03,488,436,436,337,368
2.38,-1.59,-9.24,0.03,-0.00,-0.03,488,436,436,338,368
2.77,-1.39,-9.71,0.03,0.01,-0.04,488,436,436,337,368
2.84,-1.45,-9.68,0.02,0.00,-0.04,488,435,436,337,368
2.58,-1.42,-9.58,0.03,-0.00,-0.02,488,435,436,337,368
2.66,-1.33,-9.88,0.05,0.01,-0.03,488,436,436,337,368
2.70,-1.49,-9.57,0.05,0.00,-0.04,488,436,437,337,368
2.70,-1.39,-9.33,0.02,-0.00,-0.02,488,435,436,337,368
2.45,-1.46,-9.43,0.02,-0.01,-0.03,488,435,436,337,368
2.51,-1.34,-9.38,0.03,0.01,-0.02,488,435,436,337,368
2.79,-1.36,-9.76,0.04,0.00,-0.03,488,435,436,337,369
2.54,-1.39,-9.50,0.03,-0.01,-0.02,488,436,436,337,368
2.68,-1.39,-9.60,0.04,0.01,-0.04,488,435,436,337,368
2.79,-1.57,-9.39,0.03,-0.01,-0.05,488,435,436,337,368
2.58,-1.40,-9.46,0.03,0.01,-0.02,488,435,436,337,368
2.59,-1.44,-9.40,0.04,-0.00,-0.03,488,435,436,337,368
2.71,-1.44,-9.60,0.03,-0.01,-0.04,488,435,436,337,368
2.61,-1.44,-9.43,0.02,-0.00,-0.03,488,435,436,337,368
2.72,-1.33,-9.68,0.02,0.01,-0.03,488,435,436,338,368
2.69,-1.45,-9.52,0.03,-0.00,-0.04,488,435,436,337,368
2.72,-1.41,-9.64,0.03,-0.00,-0.03,488,435,436,337,368
END
2.63,-1.39,-9.38,0.03,0.01,-0.03,487,434,436,337,368
2.73,-1.43,-9.60,0.04,0.00,-0.05,487,435,436,337,368
2.53,-1.37,-9.66,0.05,0.01,-0.03,487,435,436,337,368
2.69,-1.34,-9.71,0.06,-0.00,-0.04,487,435,436,338,368
2.68,-1.37,-9.60,0.05,-0.01,-0.05,487,435,436,338,368
2.78,-1.34,-9.50,0.04,-0.01,-0.04,487,435,436,338,368
2.71,-1.26,-9.73,0.01,0.00,-0.02,487,435,436,337,368
2.81,-1.23,-10.04,0.02,-0.00,-0.03,487,434,436,337,368
2.53,-1.42,-9.48,0.02,0.01,-0.03,486,435,436,337,368
2.61,-1.38,-9.35,0.04,-0.02,-0.04,487,434,436,337,368
2.35,-1.46,-9.52,0.03,0.00,-0.03,487,435,436,337,368
2.76,-1.24,-9.73,0.03,0.01,-0.04,486,434,435,337,368
2.71,-1.25,-9.48,0.03,-0.00,-0.03,487,434,436,337,368
2.55,-1.38,-9.50,0.03,0.00,-0.02,487,434,436,337,368
2.70,-1.34,-9.68,0.03,0.01,-0.01,487,434,436,337,368
2.71,-1.41,-9.55,0.03,0.00,-0.04,487,435,436,338,368
2.68,-1.33,-9.53,0.03,0.01,-0.02,487,435,436,338,368
2.68,-1.39,-9.58,0.03,0.00,-0.03,486,434,436,338,368
2.66,-1.30,-9.57,0.04,0.00,-0.03,487,435,436,338,368
2.61,-1.47,-9.43,0.04,0.01,-0.02,487,434,436,337,368
2.76,-1.26,-9.72,0.02,-0.01,-0.04,487,434,435,337,368
2.69,-1.39,-9.58,0.04,0.01,-0.03,486,434,436,337,368
2.73,-1.34,-9.48,0.03,-0.00,-0.03,487,434,436,337,368
2.53,-1.40,-9.39,0.03,0.01,-0.03,486,434,436,338,368
2.62,-1.48,-9.32,0.03,0.01,-0.04,487,434,436,338,368
2.71,-1.33,-9.65,0.01,0.00,-0.03,487,435,436,338,368
2.52,-1.36,-9.33,0.05,0.01,-0.03,487,435,436,337,368
2.61,-1.45,-9.38,0.04,0.01,-0.03,487,435,436,338,368
2.68,-1.30,-9.42,0.03,0.00,-0.03,487,434,436,337,368
2.84,-1.34,-9.81,0.03,-0.01,-0.05,486,434,435,337,368
2.65,-1.46,-9.45,0.03,0.01,-0.03,486,435,435,338,368
2.68,-1.26,-9.81,0.03,-0.00,-0.04,486,434,436,338,368
2.46,-1.48,-9.33,0.04,0.00,-0.03,486,434,435,338,368
2.71,-1.44,-9.38,0.03,-0.00,-0.03,486,434,435,338,368
2.72,-1.31,-9.57,0.03,0.00,-0.03,486,434,435,337,368
2.67,-1.35,-9.66,0.03,-0.00,-0.03,487,434,436,337,368
END
2.66,-1.46,-9.44,0.03,0.00,-0.03,486,434,435,338,368
2.87,-1.27,-9.60,0.03,-0.00,-0.05,486,434,435,338,368
2.66,-1.40,-9.50,0.02,0.01,-0.03,486,434,436,338,368
2.90,-1.30,-9.69,0.03,0.01,-0.04,486,434,435,338,368
2.76,-1.30,-9.59,0.03,0.01,-0.03,486,434,435,338,368
2.79,-1.29,-9.59,0.03,0.00,-0.03,486,434,435,338,369
2.79,-1.36,-9.26,0.03,0.01,-0.02,486,434,435,338,368
2.61,-1.42,-9.30,0.03,0.00,-0.04,486,434,435,337,368
3.00,-1.25,-9.68,0.02,0.00,-0.03,486,433,435,338,368
3.06,-1.27,-9.71,0.04,-0.02,-0.03,486,434,435,338,368
2.79,-1.49,-9.65,0.03,-0.00,-0.02,486,434,435,338,368
2.78,-1.29,-9.52,0.03,-0.00,-0.03,486,434,435,338,368
2.76,-1.54,-9.29,0.04,-0.00,-0.03,486,434,435,338,368
2.86,-1.44,-9.54,0.02,0.00,-0.02,486,434,435,338,368
2.97,-1.22,-9.86,0.03,-0.00,-0.03,486,434,435,338,368
2.62,-1.41,-9.25,0.04,-0.00,-0.03,486,434,435,338,368
2.81,-1.36,-9.50,0.03,0.00,-0.03,486,434,435,338,368
2.83,-1.34,-9.79,0.03,-0.01,-0.03,486,434,435,338,368
2.84,-1.33,-9.76,0.02,0.00,-0.03,486,434,435,338,368
3.07,-1.23,-9.72,0.03,-0.00,-0.04,486,434,435,338,368
2.81,-1.36,-9.68,0.03,-0.01,-0.03,486,434,435,338,368
3.10,-1.24,-9.92,0.03,0.00,-0.01,486,434,435,338,368
2.92,-1.18,-9.64,0.03,-0.01,-0.03,486,434,435,338,368
2.63,-1.30,-9.65,0.03,-0.00,-0.03,486,434,435,338,368
2.81,-1.37,-9.49,0.03,-0.00,-0.03,486,434,435,338,368
2.72,-1.34,-9.43,0.04,-0.01,-0.04,486,434,435,338,368
2.66,-1.32,-9.51,0.03,0.00,-0.02,486,434,435,338,368
2.65,-1.39,-9.27,0.03,-0.01,-0.03,486,434,435,338,368
2.80,-1.31,-9.63,0.04,0.01,-0.02,486,434,435,339,368
2.80,-1.41,-9.35,0.03,-0.01,-0.02,486,434,435,338,368
2.61,-1.21,-9.69,0.02,0.00,-0.01,486,434,435,338,368
2.80,-1.36,-9.55,0.02,-0.00,-0.04,486,433,435,338,368
2.66,-1.36,-9.56,0.02,0.00,-0.02,486,434,435,338,368
2.73,-1.39,-9.60,0.03,-0.01,-0.03,486,434,435,338,368
2.68,-1.28,-9.50,0.02,-0.00,-0.03,486,434,435,338,368
2.87,-1.29,-9.68,0.03,-0.00,-0.03,486,434,435,338,368
END
2.79,-1.36,-9.71,0.03,-0.01,-0.03,486,433,435,338,368
2.43,-1.02,-9.60,0.02,0.00,-0.05,486,433,435,338,368
2.56,-0.98,-9.73,0.03,0.02,-0.03,485,433,435,338,368
2.75,-1.21,-9.73,0.02,0.01,-0.03,486,433,435,337,368
2.57,-1.04,-9.73,0.03,-0.01,-0.04,485,433,435,338,368
2.38,-1.11,-9.50,0.04,0.02,-0.03,486,433,435,338,368
2.67,-1.06,-9.49,0.03,0.00,-0.05,486,433,435,338,368
2.52,-0.96,-9.60,0.02,0.00,-0.04,486,433,435,338,368
2.61,-1.00,-9.86,0.04,0.00,-0.04,486,433,435,339,368
2.58,-1.19,-9.47,0.03,0.01,-0.02,486,433,435,338,368
2.57,-1.08,-9.48,0.02,-0.00,-0.03,486,433,435,338,368
2.35,-1.08,-9.63,0.03,0.01,-0.02,485,433,434,338,368
2.65,-1.07,-9.57,0.03,-0.01,-0.04,485,433,435,339,368
2.72,-1.08,-9.75,0.03,-0.00,-0.03,486,433,434,338,368
2.63,-1.05,-9.54,0.04,-0.02,-0.03,486,433,435,339,368
2.33,-1.17,-9.61,0.02,0.00,-0.02,485,433,434,339,368
2.79,-0.98,-9.74,0.03,0.00,-0.04,486,433,435,338,368
2.58,-1.02,-9.78,0.04,0.01,-0.03,486,433,435,338,368
2.55,-1.08,-9.66,0.02,-0.01,-0.02,486,433,435,339,368
2.46,-1.08,-9.65,0.04,0.01,-0.03,486,433,435,339,368
2.68,-1.13,-9.63,0.02,-0.00,-0.06,486,433,435,339,368
2.53,-1.00,-9.95,0.04,0.02,-0.02,486,433,435,338,368
2.63,-1.15,-9.75,0.03,-0.00,-0.03,485,433,434,338,368
2.52,-1.16,-9.60,0.03,0.01,-0.03,486,433,435,338,368
2.65,-1.03,-9.64,0.02,-0.00,-0.02,485,433,435,338,368
2.55,-1.06,-9.64,0.04,-0.00,-0.03,485,433,435,339,368
2.61,-1.08,-9.53,0.03,-0.00,-0.03,485,433,434,339,368
2.48,-1.13,-9.52,0.03,0.01,-0.03,486,433,435,338,368
2.62,-0.93,-9.75,0.03,-0.00,-0.03,486,433,435,339,368
2.76,-1.15,-9.55,0.03,0.01,-0.02,485,433,435,339,368
2.63,-1.07,-9.78,0.02,-0.00,-0.03,485,433,435,340,368
2.63,-0.87,-9.78,0.04,0.01,-0.02,485,433,434,339,368
2.79,-1.06,-9.63,0.03,0.01,-0.03,485,433,435,338,368
2.68,-0.94,-9.85,0.02,-0.00,-0.03,485,433,434,339,368
2.51,-0.99,-9.72,0.04,-0.01,-0.04,485,433,435,339,368
2.74,-1.13,-9.57,0.02,0.01,-0.02,485,433,434,338,368
END
2.80,-0.88,-9.93,0.04,-0.01,-0.04,485,433,434,338,368
2.76,-1.14,-9.65,0.03,-0.00,-0.04,485,433,434,339,368
2.45,-0.96,-9.66,0.02,0.00,-0.03,485,433,435,339,368
2.66,-1.08,-9.55,0.02,0.00,-0.03,485,433,434,339,368
2.68,-1.09,-9.73,0.02,0.00,-0.03,485,433,434,339,368
2.63,-0.98,-9.77,0.02,-0.00,-0.04,485,433,435,339,368
2.59,-0.99,-9.43,0.03,-0.00,-0.04,485,433,434,338,368
2.55,-1.05,-9.56,0.04,0.01,-0.02,485,432,434,339,368
2.53,-1.00,-9.78,0.04,0.01,-0.04,485,433,434,339,368
2.71,-1.15,-9.37,0.04,0.01,-0.05,485,433,434,339,368
3.01,-1.13,-9.51,0.03,0.00,-0.03,485,433,434,339,368
2.62,-1.03,-9.75,0.02,-0.01,-0.02,484,433,434,339,368
2.57,-1.07,-9.59,0.04,0.01,-0.02,485,433,435,339,368
2.68,-1.01,-9.59,0.03,-0.00,-0.02,485,433,434,339,368
2.86,-1.13,-9.83,0.03,-0.00,-0.03,485,433,434,339,368
2.56,-1.00,-9.71,0.02,-0.00,-0.02,485,433,434,338,368
2.72,-0.97,-9.65,0.04,0.00,-0.03,485,433,434,339,368
2.91,-1.00,-9.73,0.04,-0.00,-0.05,485,433,434,339,368
2.71,-0.95,-9.79,0.01,-0.02,-0.02,484,432,434,339,368
2.51,-0.90,-9.40,0.04,0.00,-0.04,484,432,434,339,367
2.75,-1.19,-9.39,0.02,-0.01,-0.03,484,432,434,339,368
2.62,-0.93,-9.81,0.03,-0.01,-0.03,484,432,434,339,368
2.83,-1.07,-9.58,0.04,-0.01,-0.05,484,432,434,339,368
2.51,-1.08,-9.59,0.02,-0.01,-0.03,485,433,434,339,368
2.42,-1.21,-9.26,0.04,0.01,-0.03,484,433,434,339,368
2.72,-0.99,-9.77,0.03,-0.00,-0.03,484,433,434,339,368
2.60,-1.00,-9.66,0.03,0.01,-0.01,484,433,434,339,368
2.77,-1.06,-9.78,0.04,-0.01,-0.04,484,433,434,339,368
2.64,-1.08,-9.60,0.03,0.01,-0.02,484,432,434,339,368
2.68,-0.98,-9.69,0.04,-0.00,-0.04,484,432,434,339,367
2.71,-1.10,-9.50,0.03,-0.00,-0.02,484,432,434,339,368
2.65,-1.00,-9.75,0.04,0.01,-0.03,484,432,434,339,368
2.66,-1.16,-9.58,0.04,0.01,-0.05,484,432,434,339,368
2.73,-1.14,-9.60,0.04,0.01,-0.04,484,432,434,339,368
2.86,-1.18,-9.52,0.02,-0.00,-0.03,484,432,434,339,368
2.51,-1.07,-9.73,0.02,0.01,-0.03,484,432,434,339,368
END
2.77,-1.03,-9.63,0.04,0.00,-0.04,484,432,434,339,368
2.48,-1.21,-9.30,0.03,-0.01,-0.03,484,432,434,339,368
2.73,-1.09,-9.63,0.03,0.00,-0.03,484,432,434,339,368
2.80,-1.13,-9.61,0.02,-0.01,-0.02,484,432,434,339,367
2.58,-1.15,-9.60,0.04,0.00,-0.03,484,432,434,338,367
2.62,-1.24,-9.60,0.03,-0.00,-0.04,484,432,434,339,368
2.68,-1.23,-9.45,0.03,0.00,-0.03,484,432,434,339,367
2.64,-1.06,-9.55,0.03,0.00,-0.03,484,432,434,339,367
2.71,-1.08,-9.53,0.05,0.00,-0.03,484,432,434,339,367
2.63,-1.11,-9.76,0.03,0.00,-0.03,484,432,434,339,368
2.71,-0.85,-9.66,0.04,0.01,-0.03,484,432,434,339,368
2.58,-1.36,-9.17,0.04,-0.00,-0.03,484,432,434,339,368
2.68,-1.11,-9.68,0.04,0.00,-0.03,484,432,434,338,367
2.85,-1.21,-10.04,0.04,0.01,-0.04,484,432,434,338,367
2.79,-1.15,-9.68,0.04,0.01,-0.03,483,432,434,339,368
2.73,-1.00,-9.87,0.04,-0.01,-0.03,484,432,434,339,366
2.38,-1.28,-9.38,0.04,0.00,-0.02,484,432,433,338,368
2.67,-1.14,-9.27,0.03,0.00,-0.03,484,432,434,339,367
2.82,-1.11,-9.78,0.02,-0.01,-0.03,484,432,434,339,367
2.56,-1.16,-9.67,0.03,0.00,-0.02,484,432,434,338,368
2.80,-1.30,-9.53,0.03,-0.00,-0.02,484,432,434,339,368
2.63,-1.11,-9.71,0.03,0.00,-0.03,484,432,434,339,368
2.76,-1.08,-9.69,0.03,-0.00,-0.03,484,432,434,339,367
2.88,-1.20,-9.86,0.03,-0.01,-0.02,483,432,434,338,367
2.66,-1.03,-9.65,0.02,0.00,-0.02,483,432,434,339,368
2.66,-1.04,-9.63,0.04,-0.01,-0.04,483,432,434,339,368
2.61,-1.23,-9.72,0.03,-0.00,-0.02,483,432,434,339,367
2.73,-1.12,-9.54,0.02,-0.00,-0.03,483,432,434,339,367
2.67,-1.13,-9.60,0.03,-0.02,-0.04,483,432,434,339,367
2.66,-1.18,-9.58,0.03,-0.00,-0.03,483,432,433,339,368
2.53,-1.09,-9.69,0.02,-0.01,-0.02,483,431,434,339,367
2.72,-1.12,-9.78,0.04,-0.01,-0.04,484,432,434,339,368
2.55,-1.24,-9.33,0.03,-0.00,-0.02,484,432,434,339,368
2.58,-1.02,-9.55,0.03,-0.00,-0.03,483,432,434,339,368
2.53,-1.16,-9.32,0.03,-0.01,-0.03,484,432,434,339,368
2.59,-1.06,-9.52,0.03,-0.01,-0.03,483,432,434,339,368
END
2.49,-1.18,-9.53,0.03,-0.01,-0.02,483,432,433,339,367
2.78,-0.93,-9.99,0.03,-0.01,-0.03,483,432,433,339,367
2.53,-1.11,-9.53,0.03,-0.01,-0.02,483,432,433,339,367
2.91,-1.11,-9.68,0.03,0.01,-0.03,483,431,433,339,367
2.47,-1.21,-9.58,0.03,-0.02,-0.04,483,432,433,339,367
2.42,-1.13,-9.51,0.03,0.02,-0.02,483,432,433,339,367
2.69,-1.09,-9.60,0.03,0.01,-0.03,483,432,433,339,367
2.73,-1.08,-9.64,0.03,-0.00,-0.03,483,432,433,339,367
2.58,-1.06,-9.52,0.04,-0.00,-0.03,483,432,433,339,367
2.53,-1.21,-9.54,0.02,-0.00,-0.03,483,432,434,339,367
2.73,-1.00,-9.78,0.04,-0.00,-0.04,483,432,433,339,367
2.70,-1.08,-9.47,0.04,0.00,-0.03,483,432,433,339,367
2.71,-1.16,-9.61,0.03,-0.01,-0.03,483,431,433,339,367
2.56,-1.08,-9.52,0.03,0.02,-0.03,483,432,433,339,367
2.71,-1.21,-9.56,0.03,0.01,-0.05,483,431,433,339,367
2.73,-1.13,-9.55,0.02,0.01,-0.03,483,432,433,339,367
2.64,-1.06,-9.65,0.04,-0.01,-0.02,483,431,433,339,367
2.66,-1.23,-9.48,0.04,0.00,-0.02,483,432,433,339,367
2.89,-1.19,-9.55,0.02,-0.02,-0.04,483,432,433,339,367
2.60,-0.97,-9.76,0.03,0.01,-0.02,483,431,434,339,367
2.53,-1.30,-9.43,0.04,-0.01,-0.04,483,431,433,339,367
2.61,-1.21,-9.48,0.02,-0.01,-0.02,483,431,433,339,367
2.73,-1.11,-9.68,0.04,-0.01,-0.03,483,431,433,339,367
2.68,-1.03,-9.78,0.03,-0.01,-0.05,483,431,433,339,367
2.68,-1.16,-9.78,0.03,0.01,-0.03,483,431,433,338,367
2.84,-1.04,-9.87,0.02,-0.01,-0.03,483,431,433,339,367
2.61,-1.07,-9.60,0.03,0.00,-0.02,482,431,433,339,367
2.71,-1.08,-9.83,0.03,0.01,-0.03,483,431,433,339,367
2.68,-1.07,-9.68,0.04,-0.01,-0.04,483,431,433,339,367
2.61,-1.23,-9.44,0.03,0.00,-0.02,483,432,433,339,367
2.65,-1.12,-9.62,0.03,0.00,-0.03,483,432,433,339,367
2.65,-1.22,-9.58,0.04,0.00,-0.03,483,432,433,339,367
2.66,-1.23,-9.50,0.03,-0.00,-0.03,483,431,433,339,367
2.64,-1.05,-9.66,0.03,0.00,-0.02,483,431,433,339,367
2.67,-1.26,-9.64,0.03,0.00,-0.03,482,431,433,339,367
2.74,-1.19,-9.83,0.03,0.00,-0.04,482,431,433,339,367
END
2.75,-1.19,-9.68,0.03,-0.00,-0.04,483,431,433,339,367
2.48,-1.26,-9.57,0.03,-0.00,-0.03,483,431,433,339,367
2.56,-0.99,-9.70,0.02,0.00,-0.04,483,431,433,339,367
2.71,-1.18,-9.46,0.03,0.01,-0.04,483,431,432,339,367
2.84,-1.08,-9.80,0.03,0.00,-0.03,483,431,433,339,367
2.74,-1.03,-9.72,0.05,-0.02,-0.04,483,431,433,339,367
2.58,-1.26,-9.47,0.03,-0.01,-0.02,482,431,433,339,367
2.59,-1.06,-9.73,0.03,-0.01,-0.03,482,431,433,339,367
2.62,-1.15,-9.54,0.03,-0.01,-0.02,482,431,433,339,367
2.57,-1.26,-9.60,0.04,-0.01,-0.02,482,431,433,339,367
2.67,-1.17,-9.59,0.04,-0.01,-0.02,483,431,433,340,367
2.61,-1.23,-9.60,0.03,0.01,-0.00,483,431,433,339,367
2.60,-1.19,-9.55,0.03,-0.00,-0.03,483,431,433,339,367
2.54,-1.21,-9.60,0.03,-0.00,-0.03,483,431,433,339,367
2.63,-1.06,-9.66,0.02,0.01,-0.03,483,431,433,339,367
2.75,-1.18,-9.49,0.04,0.00,-0.04,482,431,433,339,367
2.65,-1.08,-9.73,0.04,-0.00,-0.03,482,431,433,339,367
2.46,-1.30,-9.47,0.04,-0.02,-0.04,482,431,433,339,367
2.51,-1.22,-9.47,0.04,0.01,-0.04,482,431,433,339,367
2.77,-1.14,-9.72,0.02,0.01,-0.02,482,431,433,339,367
2.68,-1.08,-9.67,0.04,0.00,-0.03,482,431,433,339,366
2.55,-1.18,-9.59,0.03,0.01,-0.03,482,431,433,339,367
2.71,-1.18,-9.66,0.03,-0.01,-0.03,482,431,432,339,367
2.61,-1.13,-9.63,0.03,0.01,-0.02,482,431,433,339,367
2.64,-1.13,-9.58,0.03,0.00,-0.03,482,431,433,339,367
2.43,-1.27,-9.23,0.03,0.01,-0.03,482,431,433,339,367
2.73,-1.16,-9.66,0.03,-0.01,-0.04,482,431,433,339,367
2.63,-1.16,-9.40,0.03,0.01,-0.02,482,431,433,339,367
2.63,-1.29,-9.68,0.03,-0.01,-0.04,482,431,433,339,367
2.74,-1.03,-10.02,0.02,0.01,-0.02,482,431,433,339,367
2.66,-1.21,-9.37,0.04,0.01,-0.02,482,431,432,339,367
2.66,-1.30,-9.63,0.02,-0.01,-0.03,482,431,433,339,367
2.59,-1.16,-9.65,0.04,0.01,-0.04,482,431,433,339,367
2.70,-1.38,-9.23,0.02,-0.00,-0.02,482,431,433,339,367
2.55,-1.13,-9.57,0.02,-0.00,-0.01,482,431,433,339,367
2.69,-1.18,-9.70,0.04,-0.00,-0.04,482,431,433,339,367
END
2.57,-1.35,-9.33,0.02,-0.01,-0.03,482,431,433,339,367
2.68,-1.16,-9.88,0.02,0.00,-0.03,482,431,432,339,367
2.53,-1.06,-9.40,0.02,-0.00,-0.04,482,431,433,339,367
2.63,-1.06,-9.59,0.05,0.01,-0.04,481,431,432,339,367
2.73,-1.20,-9.48,0.03,0.01,-0.02,481,431,433,339,366
2.71,-1.00,-9.80,0.04,-0.01,-0.04,482,431,432,339,367
2.67,-1.26,-9.53,0.04,0.00,-0.03,481,431,432,339,367
2.58,-1.20,-9.53,0.03,-0.00,-0.03,481,431,432,339,366
2.73,-1.00,-9.73,0.03,-0.00,-0.03,482,431,432,339,367
2.70,-1.11,-9.56,0.03,-0.01,-0.03,482,431,433,339,367
2.66,-1.13,-9.73,0.03,-0.00,-0.03,482,431,432,339,367
2.57,-1.06,-9.60,0.02,0.01,-0.02,482,431,432,339,367
2.71,-1.23,-9.64,0.03,0.00,-0.04,482,431,432,339,367
2.72,-1.08,-9.91,0.02,-0.00,-0.04,482,431,433,339,367
2.68,-1.06,-9.56,0.03,0.01,-0.03,481,431,432,339,367
2.56,-1.13,-9.54,0.03,0.01,-0.03,481,431,433,339,367
2.73,-1.01,-9.62,0.03,0.01,-0.04,481,431,432,339,367
2.73,-1.14,-9.59,0.04,-0.01,-0.05,481,430,432,339,367
2.63,-1.06,-9.77,0.03,-0.00,-0.03,481,431,432,339,367
2.74,-1.11,-9.69,0.04,-0.03,-0.05,482,431,432,339,367
2.56,-1.10,-9.63,0.04,0.01,-0.03,482,431,432,339,367
2.73,-1.15,-9.67,0.04,-0.01,-0.04,482,430,432,339,366
2.68,-1.10,-9.78,0.03,-0.00,-0.03,482,431,432,339,367
2.62,-1.21,-9.73,0.04,0.01,-0.03,482,431,432,339,367
2.80,-1.08,-9.54,0.02,-0.00,-0.03,481,431,432,339,366
2.50,-1.12,-9.69,0.03,0.01,-0.03,481,431,432,340,367
2.66,-1.15,-9.48,0.02,-0.01,-0.03,481,430,432,339,366
2.68,-1.19,-9.60,0.03,-0.00,-0.04,481,431,432,338,367
2.59,-1.06,-9.56,0.03,-0.01,-0.03,481,430,432,339,366
2.56,-1.24,-9.59,0.04,-0.00,-0.03,481,430,432,340,367
2.48,-1.03,-9.38,0.02,0.00,-0.03,482,431,432,339,367
2.81,-0.93,-9.72,0.03,0.00,-0.03,481,431,433,339,367
2.67,-1.11,-9.63,0.03,-0.01,-0.04,481,430,433,339,367
2.60,-1.07,-9.80,0.03,0.01,-0.03,481,431,432,339,367
2.73,-1.23,-9.68,0.02,-0.00,-0.03,481,431,432,339,367
2.78,-1.03,-9.63,0.03,-0.00,-0.03,481,430,432,339,367
END
2.48,-1.11,-9.70,0.03,-0.00,-0.03,481,430,432,339,367
2.71,-1.08,-9.61,0.04,0.00,-0.03,481,430,432,339,366
2.60,-1.20,-9.50,0.02,-0.00,-0.04,481,430,432,339,366
2.72,-0.89,-9.66,0.03,0.00,-0.04,481,430,432,339,367
2.66,-1.17,-9.54,0.04,0.01,-0.02,481,430,432,339,367
2.71,-0.98,-9.78,0.03,-0.01,-0.03,481,431,432,339,367
2.64,-1.03,-9.61,0.03,0.01,-0.03,481,430,432,339,367
2.71,-1.16,-9.48,0.03,-0.00,-0.04,481,430,432,339,367
2.67,-0.98,-9.69,0.02,-0.00,-0.02,481,430,432,339,366
2.64,-0.99,-9.65,0.04,0.00,-0.03,481,430,431,339,367
2.76,-1.15,-9.58,0.03,-0.00,-0.03,481,430,432,339,366
2.61,-1.13,-9.53,0.02,0.00,-0.03,481,430,432,339,367
2.58,-1.03,-9.74,0.03,-0.00,-0.03,481,430,432,339,367
2.79,-1.11,-9.58,0.03,-0.00,-0.03,481,430,432,339,367
2.73,-1.14,-9.63,0.03,-0.00,-0.03,481,430,432,339,366
2.66,-0.97,-9.69,0.04,0.01,-0.02,481,430,432,339,367
2.64,-1.21,-9.52,0.02,-0.01,-0.03,481,431,432,339,367
2.63,-0.98,-9.81,0.03,-0.01,-0.04,481,430,432,339,367
2.80,-1.03,-9.51,0.05,-0.00,-0.03,481,430,432,339,367
2.63,-1.16,-9.70,0.04,0.02,-0.02,481,430,432,339,367
2.72,-1.03,-9.73,0.04,-0.00,-0.03,481,430,432,339,366
2.67,-1.24,-9.35,0.04,0.00,-0.03,481,430,432,339,366
2.74,-1.02,-9.60,0.03,-0.01,-0.03,481,431,432,339,367
2.69,-1.03,-9.68,0.04,-0.00,-0.02,480,430,432,339,366
2.74,-1.21,-9.55,0.03,-0.01,-0.03,481,430,432,339,366
2.73,-1.11,-9.48,0.04,0.01,-0.03,481,430,432,339,367
2.63,-1.24,-9.48,0.03,-0.00,-0.03,481,430,432,339,366
2.81,-1.13,-9.82,0.02,-0.00,-0.02,481,430,432,339,366
2.73,-1.06,-9.59,0.03,0.01,-0.04,481,430,432,339,367
2.84,-1.11,-9.78,0.04,-0.01,-0.05,481,430,432,339,366
2.57,-1.08,-9.59,0.03,0.01,-0.02,481,430,432,339,367
2.63,-1.14,-9.71,0.02,-0.01,-0.03,481,430,432,339,367
2.68,-1.18,-9.53,0.03,0.01,-0.03,480,430,432,339,366
2.85,-0.98,-9.80,0.04,-0.01,-0.05,481,430,432,339,366
2.66,-1.12,-9.68,0.02,0.00,-0.02,480,430,432,339,366
2.73,-1.10,-9.43,0.03,-0.00,-0.03,481,430,432,339,367
END
3.07,-1.24,-9.82,0.03,-0.01,-0.04,480,430,432,339,367
2.65,-1.18,-9.48,0.04,0.00,-0.03,481,430,432,339,367
2.81,-0.99,-9.73,0.03,-0.00,-0.03,481,430,432,339,366
2.75,-1.31,-9.50,0.03,0.00,-0.02,480,430,432,339,367
2.86,-1.02,-9.73,0.03,0.00,-0.03,481,430,432,339,366
2.66,-1.08,-9.75,0.04,0.00,-0.03,480,430,432,339,366
2.64,-1.18,-9.55,0.03,0.01,-0.03,480,430,432,339,367
2.82,-1.20,-9.60,0.04,0.01,-0.05,480,430,432,339,366
2.91,-1.18,-9.59,0.04,-0.01,-0.04,480,430,432,339,367
2.63,-1.01,-9.70,0.03,0.01,-0.03,480,430,432,339,366
2.68,-1.20,-9.61,0.03,-0.00,-0.03,480,430,432,339,366
2.73,-1.26,-9.23,0.04,-0.01,-0.05,481,430,432,339,367
2.72,-1.32,-9.54,0.02,-0.00,-0.02,480,430,432,339,367
2.67,-1.00,-9.57,0.03,0.01,-0.03,481,430,432,339,366
2.89,-1.13,-10.00,0.04,-0.01,-0.04,480,430,432,339,366
2.57,-1.29,-9.17,0.02,-0.00,-0.02,480,430,432,339,366
2.85,-1.06,-9.68,0.03,0.00,-0.03,480,430,432,339,366
2.84,-1.19,-9.60,0.03,-0.00,-0.03,480,430,432,339,366
2.73,-1.13,-9.58,0.03,-0.00,-0.03,480,430,432,339,366
2.80,-1.12,-9.66,0.04,0.00,-0.03,480,430,432,339,366
2.77,-1.12,-9.57,0.03,-0.01,-0.03,480,430,432,339,366
2.67,-1.23,-9.53,0.04,-0.00,-0.03,481,430,432,339,366
2.83,-1.20,-9.69,0.02,-0.00,-0.03,481,430,432,339,366
2.78,-1.03,-9.66,0.03,0.00,-0.03,481,430,431,339,367
2.79,-1.13,-9.70,0.03,-0.01,-0.02,480,430,432,339,366
2.64,-1.23,-9.52,0.03,-0.00,-0.02,481,430,432,339,366
2.71,-1.21,-9.50,0.02,0.00,-0.03,481,430,432,339,366
2.74,-1.10,-9.66,0.03,-0.00,-0.04,481,430,432,339,366
2.67,-1.25,-9.48,0.03,-0.01,-0.03,480,430,431,339,366
2.74,-1.13,-9.52,0.03,-0.00,-0.04,480,430,432,339,367
2.70,-1.11,-9.40,0.03,0.00,-0.03,480,430,432,339,366
2.70,-1.12,-9.66,0.03,0.00,-0.02,480,430,432,339,366
2.79,-1.18,-9.53,0.02,0.01,-0.04,480,430,432,339,366
2.82,-1.00,-9.52,0.03,-0.01,-0.04,480,429,432,339,366
2.76,-1.19,-9.69,0.02,0.01,-0.02,480,430,431,339,367
2.75,-1.05,-9.71,0.03,0.00,-0.04,480,430,432,339,366
END
3.04,-1.11,-9.87,0.03,0.00,-0.04,480,430,431,339,366
2.78,-1.34,-9.45,0.03,-0.00,-0.04,480,429,432,339,366
2.83,-1.09,-9.66,0.03,0.00,-0.03,480,429,431,339,366
2.58,-1.15,-9.64,0.02,-0.00,-0.04,480,429,431,339,366
3.01,-0.99,-9.71,0.04,-0.00,-0.03,480,429,431,339,366
2.81,-1.08,-9.39,0.04,-0.02,-0.02,480,429,432,339,366
2.65,-1.08,-9.69,0.02,-0.00,-0.01,480,429,431,339,366
2.74,-1.20,-9.54,0.03,0.01,-0.03,480,429,432,339,366
2.85,-1.13,-9.61,0.01,-0.01,-0.02,480,430,431,339,366
2.74,-1.07,-9.63,0.05,-0.00,-0.03,480,430,431,339,366
2.76,-1.16,-9.52,0.05,-0.00,-0.03,480,430,431,339,367
2.80,-1.11,-9.45,0.03,-0.00,-0.03,480,430,431,339,366
2.85,-1.21,-9.56,0.03,-0.00,-0.02,480,429,432,339,366
2.66,-1.11,-9.71,0.03,-0.01,-0.02,480,429,431,339,366
2.77,-1.08,-9.52,0.03,-0.00,-0.04,480,429,431,339,366
2.76,-1.09,-9.44,0.03,0.01,-0.02,480,429,431,339,366
2.77,-1.27,-9.40,0.03,-0.01,-0.03,480,429,432,339,367
2.63,-1.21,-9.53,0.02,-0.01,-0.04,480,429,431,339,366
2.76,-1.05,-9.73,0.03,0.02,-0.02,480,430,431,339,366
2.89,-1.22,-9.58,0.03,-0.01,-0.03,480,429,431,339,366
2.66,-1.17,-9.61,0.03,-0.00,-0.03,480,429,432,339,366
2.64,-1.11,-9.58,0.03,-0.00,-0.03,480,430,432,339,366
2.69,-1.20,-9.52,0.04,-0.00,-0.03,480,429,431,339,367
2.76,-1.24,-9.65,0.03,-0.01,-0.02,480,429,431,339,366
2.62,-1.13,-9.57,0.04,-0.00,-0.02,480,429,431,339,366
2.77,-1.19,-9.61,0.03,-0.00,-0.03,480,429,431,339,366
2.75,-1.16,-9.60,0.02,-0.00,-0.02,480,429,431,339,366
2.73,-1.26,-9.55,0.03,0.01,-0.03,480,429,431,339,366
2.76,-1.15,-9.59,0.03,-0.00,-0.03,479,429,431,339,367
2.74,-1.21,-9.69,0.03,0.01,-0.02,480,429,432,339,366
2.74,-1.11,-9.50,0.03,-0.00,-0.04,480,429,432,339,366
2.70,-1.13,-9.63,0.03,0.01,-0.04,480,429,431,339,366
2.76,-1.14,-9.55,0.03,0.00,-0.03,480,429,431,339,366
2.81,-1.26,-9.55,0.05,0.01,-0.03,480,429,431,339,366
2.82,-1.07,-9.50,0.03,-0.02,-0.04,480,429,431,339,366
2.46,-1.14,-9.37,0.03,0.01,-0.03,480,429,431,339,366
END