5.25,-8.06,-8.06,0.06,0.06,0.06,339,348,401,429,315
4.96,-8.15,-8.15,0.05,0.05,0.05,339,359,401,429,315
5.83,-8.42,-8.42,-0.01,-0.01,-0.01,339,355,400,429,316
3.40,-8.55,-8.55,-0.83,-0.83,-0.83,341,395,403,428,317
1.87,-6.67,-6.67,-0.81,-0.81,-0.81,347,326,401,423,320
-2.94,-3.05,-3.05,0.27,0.27,0.27,342,392,400,418,322
-0.38,-6.67,-6.67,2.08,2.08,2.08,340,396,411,450,318
6.46,-3.48,-3.48,2.50,2.50,2.50,347,388,409,459,319
8.42,-1.90,-1.90,0.07,0.07,0.07,352,387,410,460,319
6.55,-2.28,-2.28,0.06,0.06,0.06,349,388,410,457,319
5.75,-2.68,-2.68,0.06,0.06,0.06,348,389,410,455,319
END
6.15,-2.81,-2.81,0.01,0.01,0.01,340,393,407,440,318
3.97,-8.47,-8.47,0.03,0.03,0.03,340,401,417,451,318
3.89,-8.38,-8.38,0.01,0.01,0.01,343,419,437,476,318
4.42,-9.43,-9.43,-0.97,-0.97,-0.97,347,424,441,479,319
1.39,-6.74,-6.74,-0.74,-0.74,-0.74,346,419,441,474,320
-3.40,-3.29,-3.29,-1.04,-1.04,-1.04,349,400,439,464,325
-0.94,-4.63,-4.63,1.18,1.18,1.18,344,359,440,473,321
-0.66,-6.93,-6.93,2.07,2.07,2.07,344,412,436,481,318
5.74,-2.43,-2.43,1.55,1.55,1.55,351,405,428,479,318
8.22,-1.28,-1.28,0.15,0.15,0.15,349,403,427,478,321
5.57,-1.38,-1.38,-0.03,-0.03,-0.03,349,403,426,475,321
END
6.02,-1.58,-1.58,0.02,0.02,0.02,345,372,437,481,319
3.76,-8.93,-8.93,0.06,0.06,0.06,345,377,437,480,319
4.86,-10.68,-10.68,-1.55,-1.55,-1.55,347,355,437,477,319
-0.21,-4.71,-4.71,-1.36,-1.36,-1.36,346,412,436,470,322
-4.84,-1.49,-1.49,0.79,0.79,0.79,346,404,433,463,324
4.14,-7.67,-7.67,1.67,1.67,1.67,343,409,434,483,319
3.53,-5.48,-5.48,2.27,2.27,2.27,342,404,431,482,318
5.87,-3.38,-3.38,0.06,0.06,0.06,343,400,428,481,322
5.76,-3.71,-3.71,0.08,0.08,0.08,344,400,427,478,322
5.97,-3.78,-3.78,-0.05,-0.05,-0.05,342,398,427,477,322
5.74,-3.71,-3.71,0.05,0.05,0.05,341,395,426,476,322
END
5.92,-3.57,-3.57,0.05,0.05,0.05,341,399,420,459,322
4.60,-8.51,-8.51,0.14,0.14,0.14,341,400,420,460,323
6.23,-9.93,-9.93,-0.55,-0.55,-0.55,345,403,421,460,323
1.49,-6.17,-6.17,-2.17,-2.17,-2.17,350,401,424,456,328
-5.74,1.27,1.27,0.89,0.89,0.89,351,397,420,448,336
0.65,-5.87,-5.87,2.09,2.09,2.09,341,394,423,470,324
3.22,-6.23,-6.23,1.31,1.31,1.31,346,390,418,469,320
4.85,-4.31,-4.31,0.29,0.29,0.29,346,389,419,472,320
6.14,-2.38,-2.38,0.01,0.01,0.01,341,388,418,468,322
5.97,-2.23,-2.23,0.01,0.01,0.01,341,389,418,466,323
5.99,-2.38,-2.38,0.04,0.04,0.04,340,389,417,464,323
END
6.26,-2.42,-2.42,-0.00,-0.00,-0.00,340,389,403,435,324
2.81,-8.70,-8.70,0.14,0.14,0.14,340,388,403,436,323
3.28,-9.56,-9.56,-1.37,-1.37,-1.37,341,392,406,435,324
-2.82,-1.45,-1.45,-1.72,-1.72,-1.72,347,394,413,436,347
-1.53,-5.66,-5.66,2.50,2.50,2.50,336,392,419,449,331
-0.06,-7.05,-7.05,2.23,2.23,2.23,354,396,420,467,321
4.62,-6.34,-6.34,1.33,1.33,1.33,357,390,414,467,321
4.96,-4.26,-4.26,-0.04,-0.04,-0.04,358,391,413,464,323
5.99,-3.14,-3.14,0.35,0.35,0.35,355,390,413,462,323
6.55,-2.25,-2.25,0.07,0.07,0.07,351,391,413,458,325
6.25,-2.02,-2.02,0.01,0.01,0.01,349,389,413,457,324
END
6.19,-2.07,-2.07,0.01,0.01,0.01,353,388,406,440,322
3.12,-8.91,-8.91,0.07,0.07,0.07,357,401,422,459,323
2.38,-9.50,-9.50,-0.01,-0.01,-0.01,364,417,441,481,323
2.23,-9.04,-9.04,-1.16,-1.16,-1.16,353,412,440,478,324
-1.82,-4.21,-4.21,-1.62,-1.62,-1.62,352,411,441,470,328
-2.38,-3.39,-3.39,1.61,1.61,1.61,351,411,443,471,327
8.35,-7.21,-7.21,2.07,2.07,2.07,354,413,438,479,322
5.82,-6.20,-6.20,1.22,1.22,1.22,353,411,437,478,321
6.18,-3.42,-3.42,0.64,0.64,0.64,353,409,434,479,318
7.29,-1.96,-1.96,0.01,0.01,0.01,351,408,433,476,318
6.51,-2.00,-2.00,-0.02,-0.02,-0.02,350,407,432,474,318
END
7.24,-2.02,-2.02,-0.03,-0.03,-0.03,350,388,426,462,321
2.81,-8.98,-8.98,0.00,0.00,0.00,350,398,426,462,321
2.15,-9.19,-9.19,-1.93,-1.93,-1.93,349,354,427,458,322
-2.96,-2.87,-2.87,-1.38,-1.38,-1.38,349,407,429,454,331
-6.69,-0.38,-0.38,1.82,1.82,1.82,347,406,428,451,330
1.18,-5.61,-5.61,2.50,2.50,2.50,348,412,433,476,318
4.13,-6.93,-6.93,0.92,0.92,0.92,351,408,429,476,316
4.87,-4.95,-4.95,0.62,0.62,0.62,348,401,427,474,316
6.95,-2.88,-2.88,0.24,0.24,0.24,346,400,425,470,316
6.63,-2.47,-2.47,0.02,0.02,0.02,344,396,424,469,316
6.60,-2.33,-2.33,0.05,0.05,0.05,343,398,423,467,316
END
6.45,-2.37,-2.37,0.06,0.06,0.06,341,408,425,460,318
4.17,-9.18,-9.18,-0.30,-0.30,-0.30,343,409,424,460,318
0.81,-6.39,-6.39,-1.95,-1.95,-1.95,346,405,423,452,319
-3.68,-0.34,-0.34,-0.83,-0.83,-0.83,345,399,423,447,326
-1.92,-4.07,-4.07,2.50,2.50,2.50,345,403,429,455,319
-2.86,-6.09,-6.09,2.50,2.50,2.50,353,400,425,469,315
4.69,-5.99,-5.99,1.09,1.09,1.09,364,391,413,467,312
5.51,-3.93,-3.93,0.70,0.70,0.70,359,395,417,467,312
6.25,-2.00,-2.00,0.43,0.43,0.43,355,393,417,466,312
6.04,-1.82,-1.82,-0.03,-0.03,-0.03,353,395,417,462,312
5.66,-1.67,-1.67,0.03,0.03,0.03,351,394,416,460,312
END
5.84,-2.07,-2.07,-0.02,-0.02,-0.02,341,401,423,455,318
3.63,-8.90,-8.90,-0.02,-0.02,-0.02,341,401,422,455,318
2.32,-9.11,-9.11,-1.50,-1.50,-1.50,343,400,422,453,320
-3.51,-0.24,-0.24,-1.32,-1.32,-1.32,346,399,425,448,324
-2.58,-1.06,-1.06,1.24,1.24,1.24,351,399,427,450,320
0.17,-5.92,-5.92,1.21,1.21,1.21,344,403,431,465,315
2.48,-6.87,-6.87,2.16,2.16,2.16,347,400,427,471,314
7.10,-5.15,-5.15,1.24,1.24,1.24,348,396,423,470,312
5.34,-4.67,-4.67,-0.04,-0.04,-0.04,345,395,422,468,312
4.57,-4.67,-4.67,0.00,0.00,0.00,344,395,422,465,312
5.09,-4.68,-4.68,-0.05,-0.05,-0.05,343,393,421,463,312
END
4.66,-4.69,-4.69,0.09,0.09,0.09,340,397,417,449,317
4.70,-9.58,-9.58,-1.13,-1.13,-1.13,344,399,419,448,317
2.32,-6.69,-6.69,-2.51,-2.51,-2.51,345,396,418,442,322
-5.55,1.54,1.54,-0.67,-0.67,-0.67,345,388,415,434,339
-3.64,0.00,0.00,1.90,1.90,1.90,348,391,418,440,326
2.43,-7.39,-7.39,0.94,0.94,0.94,354,399,426,462,317
3.87,-7.46,-7.46,1.30,1.30,1.30,357,394,421,461,314
4.68,-8.15,-8.15,0.87,0.87,0.87,356,388,420,461,314
3.75,-5.94,-5.94,1.23,1.23,1.23,354,390,419,462,313
6.00,-3.66,-3.66,-0.05,-0.05,-0.05,352,387,415,460,313
4.92,-3.98,-3.98,-0.10,-0.10,-0.10,351,388,415,457,313
END
5.67,-4.27,-4.27,0.09,0.09,0.09,355,388,413,445,319
3.89,-8.49,-8.49,0.07,0.07,0.07,355,390,413,444,319
6.27,-10.48,-10.48,-0.93,-0.93,-0.93,347,392,413,442,319
-2.18,-2.23,-2.23,-1.95,-1.95,-1.95,349,393,419,439,329
-5.41,1.44,1.44,0.53,0.53,0.53,353,393,422,438,329
-1.92,-5.72,-5.72,2.22,2.22,2.22,353,399,430,466,315
3.78,-7.66,-7.66,2.17,2.17,2.17,358,386,415,462,312
2.64,-6.28,-6.28,0.74,0.74,0.74,355,390,417,466,311
3.04,-5.39,-5.39,0.52,0.52,0.52,353,390,417,466,311
5.01,-3.89,-3.89,0.68,0.68,0.68,349,388,416,465,311
4.70,-2.64,-2.64,0.18,0.18,0.18,346,386,413,461,311
END
5.18,-2.32,-2.32,-0.13,-0.13,-0.13,342,400,415,442,318
5.15,-9.38,-9.38,-0.67,-0.67,-0.67,342,400,416,442,318
0.82,-5.79,-5.79,-2.51,-2.51,-2.51,345,397,418,437,326
-6.35,1.52,1.52,0.39,0.39,0.39,347,397,419,433,328
-0.97,-5.48,-5.48,1.69,1.69,1.69,348,399,427,455,315
1.06,-7.95,-7.95,1.47,1.47,1.47,353,399,423,458,314
5.06,-8.32,-8.32,0.57,0.57,0.57,367,387,407,448,312
3.80,-6.43,-6.43,0.70,0.70,0.70,365,387,409,451,311
4.95,-3.83,-3.83,0.20,0.20,0.20,355,387,409,449,311
4.93,-3.52,-3.52,0.26,0.26,0.26,350,389,408,445,312
4.32,-3.12,-3.12,-0.06,-0.06,-0.06,348,388,408,443,311
END
4.25,-3.28,-3.28,0.04,0.04,0.04,349,393,415,438,319
3.14,-8.97,-8.97,0.11,0.11,0.11,348,393,415,438,318
3.49,-9.75,-9.75,-1.43,-1.43,-1.43,347,398,415,437,318
-0.32,-3.83,-3.83,-2.11,-2.11,-2.11,349,386,415,434,325
-2.32,1.34,1.34,0.02,0.02,0.02,349,380,411,429,327
4.13,-6.55,-6.55,0.95,0.95,0.95,355,392,422,455,316
2.95,-7.34,-7.34,1.51,1.51,1.51,359,387,416,456,314
4.44,-5.65,-5.65,0.99,0.99,0.99,362,385,409,454,312
4.09,-3.75,-3.75,0.40,0.40,0.40,356,384,413,462,312
4.89,-2.66,-2.66,0.35,0.35,0.35,353,382,412,459,312
4.82,-2.56,-2.56,-0.04,-0.04,-0.04,350,381,410,456,312
END
5.12,-2.72,-2.72,-0.04,-0.04,-0.04,357,403,435,471,320
4.19,-8.56,-8.56,-1.11,-1.11,-1.11,353,400,431,465,319
4.87,-8.82,-8.82,-2.00,-2.00,-2.00,351,395,428,458,319
-2.46,-1.61,-1.61,-0.48,-0.48,-0.48,350,391,427,451,324
-3.29,-1.64,-1.64,2.50,2.50,2.50,353,397,431,458,318
5.23,-7.60,-7.60,1.58,1.58,1.58,353,404,436,480,313
6.53,-5.94,-5.94,1.48,1.48,1.48,350,394,427,472,312
5.72,-2.95,-2.95,0.46,0.46,0.46,346,391,427,475,312
5.67,-1.43,-1.43,0.22,0.22,0.22,340,385,422,469,312
6.04,-1.85,-1.85,-0.71,-0.71,-0.71,339,384,419,460,313
5.71,-3.78,-3.78,-0.34,-0.34,-0.34,339,385,418,458,313
END
6.25,-6.45,-6.45,-2.45,-2.45,-2.45,342,390,416,438,326
-3.27,-1.63,-1.63,-0.85,-0.85,-0.85,344,389,414,434,334
-4.04,0.52,0.52,-0.16,-0.16,-0.16,346,387,415,433,335
-4.16,0.75,0.75,0.01,0.01,0.01,346,386,414,433,332
-1.28,-0.93,-0.93,0.85,0.85,0.85,346,389,418,442,323
4.03,-5.92,-5.92,0.67,0.67,0.67,353,392,422,456,317
4.80,-7.39,-7.39,1.30,1.30,1.30,354,390,417,457,314
4.85,-5.53,-5.53,0.38,0.38,0.38,353,390,419,460,314
5.26,-5.95,-5.95,0.80,0.80,0.80,357,389,417,460,313
5.30,-4.16,-4.16,0.70,0.70,0.70,356,386,416,462,314
6.30,-2.26,-2.26,0.31,0.31,0.31,352,385,416,462,314
END
5.76,-1.98,-1.98,-0.06,-0.06,-0.06,344,394,418,445,321
4.47,-8.74,-8.74,0.05,0.05,0.05,343,393,417,445,320
6.00,-9.17,-9.17,-0.91,-0.91,-0.91,344,393,417,444,321
-0.42,-4.64,-4.64,-1.55,-1.55,-1.55,343,397,418,441,325
-4.60,0.00,0.00,-0.62,-0.62,-0.62,344,393,414,433,332
-5.33,0.75,0.75,1.77,1.77,1.77,344,392,415,436,323
3.98,-6.76,-6.76,1.19,1.19,1.19,351,397,423,458,316
1.00,-6.38,-6.38,1.78,1.78,1.78,356,398,422,464,315
5.78,-4.53,-4.53,1.08,1.08,1.08,363,390,415,459,313
6.68,-1.76,-1.76,0.41,0.41,0.41,356,388,413,457,314
5.42,-1.33,-1.33,-0.07,-0.07,-0.07,350,387,411,453,315
END
5.31,-1.32,-1.32,0.05,0.05,0.05,340,384,404,430,314
5.72,-8.38,-8.38,-0.52,-0.52,-0.52,341,383,404,431,314
4.56,-9.24,-9.24,-0.83,-0.83,-0.83,342,386,404,429,315
1.72,-6.07,-6.07,-1.93,-1.93,-1.93,346,389,405,423,320
-2.92,-2.07,-2.07,0.20,0.20,0.20,347,390,405,420,326
2.33,-7.32,-7.32,1.35,1.35,1.35,352,399,414,438,316
4.58,-7.77,-7.77,1.21,1.21,1.21,350,400,419,454,314
5.26,-7.50,-7.50,1.21,1.21,1.21,354,394,412,450,312
4.03,-5.64,-5.64,1.36,1.36,1.36,352,391,412,453,312
6.26,-2.13,-2.13,0.79,0.79,0.79,347,387,408,452,312
4.63,-1.98,-1.98,-0.15,-0.15,-0.15,345,385,406,447,312
END
4.59,-2.05,-2.05,-0.05,-0.05,-0.05,345,398,409,425,319
2.43,-7.58,-7.58,-0.03,-0.03,-0.03,344,396,408,424,319
-0.21,-5.05,-5.05,-1.23,-1.23,-1.23,345,394,408,422,322
-2.49,-1.79,-1.79,-0.29,-0.29,-0.29,345,390,406,418,326
0.63,-5.71,-5.71,2.41,2.41,2.41,347,397,413,430,318
3.89,-8.32,-8.32,1.13,1.13,1.13,349,400,417,445,316
5.51,-8.23,-8.23,0.72,0.72,0.72,348,397,412,443,315
4.78,-7.37,-7.37,0.64,0.64,0.64,346,395,413,442,316
6.02,-5.07,-5.07,0.53,0.53,0.53,341,393,413,445,315
6.00,-4.15,-4.15,0.23,0.23,0.23,338,392,413,447,315
5.53,-4.28,-4.28,-0.24,-0.24,-0.24,338,391,410,442,315
END
5.62,-4.82,-4.82,-0.07,-0.07,-0.07,341,383,407,409,319
3.85,-7.98,-7.98,-0.20,-0.20,-0.20,340,383,409,410,319
4.02,-8.65,-8.65,-0.93,-0.93,-0.93,341,385,409,408,320
-2.01,-2.72,-2.72,-1.14,-1.14,-1.14,344,381,410,409,323
-7.01,1.18,1.18,1.12,1.12,1.12,344,379,415,416,324
4.50,-7.80,-7.80,0.92,0.92,0.92,350,389,423,442,316
2.94,-8.16,-8.16,0.57,0.57,0.57,348,388,422,442,315
4.93,-6.83,-6.83,0.41,0.41,0.41,345,385,421,441,315
7.52,-4.72,-4.72,0.66,0.66,0.66,336,380,421,447,314
6.28,-3.93,-3.93,0.43,0.43,0.43,332,374,419,448,314
6.05,-3.11,-3.11,0.06,0.06,0.06,329,371,416,444,314
END
3.80,-8.50,-8.50,0.06,0.06,0.06,339,428,434,481,323
3.54,-8.64,-8.64,-0.09,-0.09,-0.09,339,424,434,481,323
3.50,-8.71,-8.71,-1.89,-1.89,-1.89,337,424,430,471,328
-3.40,-1.51,-1.51,-0.75,-0.75,-0.75,336,421,427,465,339
-6.88,2.01,2.01,2.50,2.50,2.50,336,422,429,469,331
2.28,-7.84,-7.84,1.25,1.25,1.25,339,422,433,486,322
4.80,-5.54,-5.54,2.04,2.04,2.04,344,412,423,482,319
6.26,-2.60,-2.60,0.04,0.04,0.04,341,417,427,487,320
4.49,-2.23,-2.23,-0.01,-0.01,-0.01,339,418,428,486,320
3.98,-2.39,-2.39,-0.02,-0.02,-0.02,338,418,427,485,321
4.00,-2.68,-2.68,-0.08,-0.08,-0.08,338,418,427,484,320
END
4.13,-2.84,-2.84,0.02,0.02,0.02,336,422,424,461,323
3.74,-8.64,-8.64,0.08,0.08,0.08,336,422,424,461,323
7.04,-11.64,-11.64,-1.21,-1.21,-1.21,337,423,427,466,320
-2.66,-2.50,-2.50,-1.46,-1.46,-1.46,338,416,424,456,321
-3.80,-3.42,-3.42,2.32,2.32,2.32,341,411,422,454,320
3.00,-6.38,-6.38,2.32,2.32,2.32,341,416,428,475,316
3.26,-7.77,-7.77,0.79,0.79,0.79,340,414,427,479,316
6.91,-4.94,-4.94,0.80,0.80,0.80,336,413,426,476,316
6.72,-3.44,-3.44,0.68,0.68,0.68,336,412,426,477,316
4.93,-2.35,-2.35,0.00,0.00,0.00,335,412,426,477,316
4.68,-2.51,-2.51,-0.03,-0.03,-0.03,335,412,425,476,317
END
4.56,-2.58,-2.58,-0.15,-0.15,-0.15,337,400,426,467,320
3.73,-8.87,-8.87,0.02,0.02,0.02,336,410,426,467,320
9.71,-13.84,-13.84,-2.51,-2.51,-2.51,337,414,421,457,322
-2.19,-2.26,-2.26,-0.74,-0.74,-0.74,339,410,422,455,325
-3.40,-2.76,-2.76,2.50,2.50,2.50,341,409,423,456,320
4.97,-8.83,-8.83,1.64,1.64,1.64,335,413,434,482,316
1.21,-6.84,-6.84,0.83,0.83,0.83,333,405,426,478,314
3.66,-1.71,-1.71,0.39,0.39,0.39,331,404,424,479,315
6.25,-2.13,-2.13,0.39,0.39,0.39,331,404,424,477,314
5.56,-0.53,-0.53,0.08,0.08,0.08,330,404,423,476,315
5.57,0.14,0.14,-0.00,-0.00,-0.00,328,404,422,474,316
END
5.96,-0.14,-0.14,-0.05,-0.05,-0.05,344,405,412,445,321
3.36,-8.64,-8.64,0.04,0.04,0.04,343,405,412,444,320
5.25,-10.69,-10.69,-2.21,-2.21,-2.21,345,409,413,444,321
-1.82,-3.73,-3.73,-1.00,-1.00,-1.00,338,405,411,439,321
-6.73,2.20,2.20,0.11,0.11,0.11,338,401,409,437,323
4.55,-8.59,-8.59,1.69,1.69,1.69,335,415,430,479,316
4.00,-8.73,-8.73,1.25,1.25,1.25,329,408,425,476,316
4.60,-5.66,-5.66,1.27,1.27,1.27,327,404,424,480,314
4.77,-3.23,-3.23,0.39,0.39,0.39,327,402,422,476,315
4.80,-2.13,-2.13,0.09,0.09,0.09,326,401,420,470,314
4.08,-2.25,-2.25,-0.06,-0.06,-0.06,326,402,420,468,315
END
4.38,-2.56,-2.56,-0.05,-0.05,-0.05,339,416,422,451,318
0.92,-4.76,-4.76,0.81,0.81,0.81,334,412,419,448,318
5.33,-8.29,-8.29,0.54,0.54,0.54,335,418,422,455,316
-3.78,-3.19,-3.19,-1.25,-1.25,-1.25,336,411,420,448,319
-4.59,-1.72,-1.72,-0.45,-0.45,-0.45,341,409,420,446,320
-4.89,-0.78,-0.78,2.49,2.49,2.49,337,408,421,450,319
2.98,-7.02,-7.02,1.60,1.60,1.60,331,409,427,470,315
1.94,-8.46,-8.46,1.33,1.33,1.33,330,397,424,474,312
2.24,-5.92,-5.92,1.63,1.63,1.63,329,392,423,474,313
3.24,-3.50,-3.50,0.51,0.51,0.51,328,391,420,472,313
3.27,-3.47,-3.47,-0.14,-0.14,-0.14,328,391,419,468,314
END
3.87,-3.27,-3.27,-0.05,-0.05,-0.05,333,417,416,446,318
4.49,-8.59,-8.59,0.05,0.05,0.05,334,416,415,445,318
5.02,-8.82,-8.82,-0.01,-0.01,-0.01,333,416,415,445,318
-1.49,-4.77,-4.77,-1.96,-1.96,-1.96,334,410,414,439,317
-4.21,0.32,0.32,-0.61,-0.61,-0.61,336,405,412,435,318
0.02,-3.24,-3.24,1.81,1.81,1.81,335,398,415,455,314
5.57,-8.61,-8.61,1.32,1.32,1.32,331,395,416,459,314
3.46,-5.56,-5.56,1.00,1.00,1.00,330,394,415,467,313
5.61,-3.33,-3.33,0.41,0.41,0.41,328,393,415,467,314
5.50,-2.99,-2.99,-0.08,-0.08,-0.08,327,393,414,462,315
5.07,-3.44,-3.44,-0.07,-0.07,-0.07,327,393,413,460,315
END
5.28,-3.34,-3.34,-0.01,-0.01,-0.01,337,412,422,451,317
4.59,-7.90,-7.90,0.09,0.09,0.09,336,412,421,450,317
6.88,-9.95,-9.95,-0.76,-0.76,-0.76,337,410,421,449,317
0.48,-6.69,-6.69,-2.11,-2.11,-2.11,340,411,420,446,317
-4.31,-2.61,-2.61,-1.09,-1.09,-1.09,336,405,419,436,318
-4.92,-1.51,-1.51,0.45,0.45,0.45,341,402,418,435,319
2.27,-8.17,-8.17,0.54,0.54,0.54,333,410,428,461,316
3.87,-7.57,-7.57,1.19,1.19,1.19,334,405,424,464,316
5.11,-7.59,-7.59,1.01,1.01,1.01,333,404,424,465,316
4.70,-4.72,-4.72,0.57,0.57,0.57,331,401,423,468,316
6.11,-2.05,-2.05,0.42,0.42,0.42,332,397,419,463,315
END
4.86,-1.64,-1.64,0.06,0.06,0.06,335,417,418,445,315
4.46,-8.11,-8.11,0.12,0.12,0.12,335,417,417,444,315
6.93,-9.19,-9.19,-1.38,-1.38,-1.38,337,417,417,443,315
1.09,-6.09,-6.09,-1.14,-1.14,-1.14,336,408,413,436,316
-6.12,1.54,1.54,-0.78,-0.78,-0.78,336,400,410,426,321
-3.13,-1.73,-1.73,2.50,2.50,2.50,336,403,413,434,319
-1.63,-8.28,-8.28,0.52,0.52,0.52,330,404,419,455,316
2.36,-7.26,-7.26,1.35,1.35,1.35,332,400,418,462,316
5.18,-5.43,-5.43,1.28,1.28,1.28,336,395,412,457,315
5.57,-3.52,-3.52,0.08,0.08,0.08,332,393,411,460,318
5.36,-2.70,-2.70,-0.05,-0.05,-0.05,331,395,411,457,318
END
6.00,-2.76,-2.76,0.10,0.10,0.10,332,402,413,448,316
5.10,-8.31,-8.31,0.03,0.03,0.03,332,402,413,448,316
6.09,-8.76,-8.76,-0.15,-0.15,-0.15,332,402,413,446,316
3.97,-9.20,-9.20,-1.41,-1.41,-1.41,332,404,413,444,316
-2.85,-1.96,-1.96,-2.00,-2.00,-2.00,332,395,409,434,321
-6.26,1.96,1.96,0.31,0.31,0.31,331,393,408,431,322
0.94,-6.75,-6.75,1.39,1.39,1.39,327,398,422,462,314
3.40,-7.82,-7.82,1.48,1.48,1.48,330,393,416,461,313
6.27,-6.96,-6.96,1.40,1.40,1.40,334,393,412,459,312
5.42,-4.07,-4.07,0.62,0.62,0.62,333,392,410,458,313
5.22,-2.78,-2.78,0.06,0.06,0.06,331,390,409,455,313
END
4.69,-2.74,-2.74,0.00,0.00,0.00,337,410,415,443,317
5.21,-8.09,-8.09,0.13,0.13,0.13,337,410,414,442,317
7.65,-10.68,-10.68,-1.15,-1.15,-1.15,336,407,414,441,317
-1.45,-5.61,-5.61,-1.54,-1.54,-1.54,330,397,416,441,317
-5.96,0.98,0.98,-0.77,-0.77,-0.77,330,395,416,435,319
-3.14,-8.58,-8.58,1.08,1.08,1.08,329,398,425,452,316
4.57,-8.31,-8.31,1.24,1.24,1.24,329,396,421,462,314
3.32,-7.66,-7.66,1.33,1.33,1.33,329,390,415,461,314
3.22,-5.08,-5.08,0.49,0.49,0.49,329,389,414,463,314
4.95,-2.65,-2.65,0.79,0.79,0.79,325,388,411,461,314
5.83,-1.17,-1.17,0.20,0.20,0.20,325,389,409,456,316
END
5.14,-1.70,-1.70,-0.09,-0.09,-0.09,327,404,420,457,316
3.98,-8.24,-8.24,-1.93,-1.93,-1.93,326,400,417,452,317
2.08,-7.34,-7.34,-1.39,-1.39,-1.39,326,398,416,446,319
-3.99,-1.60,-1.60,-1.59,-1.59,-1.59,325,394,415,438,322
-5.67,1.72,1.72,2.50,2.50,2.50,325,393,417,441,318
4.28,-7.90,-7.90,1.96,1.96,1.96,324,394,423,464,313
4.13,-9.07,-9.07,0.72,0.72,0.72,323,394,421,462,313
3.78,-7.37,-7.37,0.60,0.60,0.60,323,393,419,462,314
2.79,-5.99,-5.99,0.25,0.25,0.25,323,393,419,462,314
3.31,-5.50,-5.50,0.18,0.18,0.18,323,393,419,462,314
3.64,-5.08,-5.08,0.09,0.09,0.09,323,392,418,463,314
END
3.75,-4.84,-4.84,0.08,0.08,0.08,322,398,416,451,316
5.93,-9.23,-9.23,-1.19,-1.19,-1.19,323,397,416,449,316
0.33,-7.31,-7.31,-2.47,-2.47,-2.47,323,393,413,442,317
-2.46,-2.35,-2.35,-0.70,-0.70,-0.70,322,392,411,437,320
-6.36,2.38,2.38,0.61,0.61,0.61,322,391,416,440,319
3.14,-5.88,-5.88,1.63,1.63,1.63,324,398,427,470,314
4.81,-8.62,-8.62,1.33,1.33,1.33,324,393,420,467,314
3.01,-6.72,-6.72,0.73,0.73,0.73,324,396,420,471,315
4.51,-4.29,-4.29,0.84,0.84,0.84,324,393,416,466,315
6.29,-2.48,-2.48,0.24,0.24,0.24,323,393,413,457,315
4.95,-2.40,-2.40,0.03,0.03,0.03,323,394,413,455,315
END
5.41,-3.25,-3.25,-0.23,-0.23,-0.23,342,384,399,426,318
4.46,-7.49,-7.49,-0.39,-0.39,-0.39,344,402,402,430,318
5.83,-8.60,-8.60,-0.55,-0.55,-0.55,342,401,403,432,317
-1.03,-4.67,-4.67,-0.98,-0.98,-0.98,337,400,411,434,322
-4.24,0.68,0.68,-0.93,-0.93,-0.93,329,392,408,430,324
-0.32,-4.41,-4.41,2.49,2.49,2.49,327,399,422,460,315
2.18,-8.29,-8.29,1.29,1.29,1.29,326,401,425,470,314
3.40,-8.00,-8.00,1.73,1.73,1.73,326,397,420,465,313
4.69,-6.98,-6.98,0.65,0.65,0.65,326,396,419,465,314
4.04,-5.32,-5.32,0.50,0.50,0.50,326,396,419,464,313
5.25,-4.13,-4.13,0.27,0.27,0.27,326,396,417,462,313
END
5.22,-4.31,-4.31,0.11,0.11,0.11,343,412,409,440,315
3.48,-7.73,-7.73,-0.05,-0.05,-0.05,329,411,411,443,315
5.26,-8.60,-8.60,-1.19,-1.19,-1.19,329,408,409,439,315
-0.91,-4.45,-4.45,-1.18,-1.18,-1.18,327,397,405,431,317
-4.53,1.34,1.34,-0.25,-0.25,-0.25,326,393,403,426,321
5.29,-12.35,-12.35,0.77,0.77,0.77,328,402,417,456,312
2.64,-8.07,-8.07,0.57,0.57,0.57,330,400,414,458,311
4.11,-6.82,-6.82,0.98,0.98,0.98,330,397,409,459,312
2.75,-4.95,-4.95,0.38,0.38,0.38,328,394,409,461,312
6.02,-3.15,-3.15,0.25,0.25,0.25,327,393,408,460,312
5.10,-3.12,-3.12,-0.23,-0.23,-0.23,327,392,407,457,313
END
3.93,-3.68,-3.68,-0.08,-0.08,-0.08,327,410,410,441,315
5.41,-8.33,-8.33,-0.72,-0.72,-0.72,326,400,408,441,315
5.41,-8.24,-8.24,-0.98,-0.98,-0.98,326,400,411,441,314
-3.85,-1.05,-1.05,-1.28,-1.28,-1.28,325,389,407,429,316
-5.11,1.74,1.74,1.06,1.06,1.06,326,396,416,441,315
5.77,-7.31,-7.31,1.05,1.05,1.05,326,398,423,463,312
2.92,-6.56,-6.56,2.31,2.31,2.31,327,392,416,463,312
2.51,-5.79,-5.79,1.14,1.14,1.14,325,388,414,466,312
4.80,-2.74,-2.74,0.48,0.48,0.48,324,384,410,461,313
4.78,-2.53,-2.53,0.08,0.08,0.08,323,383,408,458,313
4.04,-2.32,-2.32,-0.02,-0.02,-0.02,323,383,407,455,313
END
4.55,-2.63,-2.63,-0.02,-0.02,-0.02,326,388,389,417,314
5.07,-8.14,-8.14,0.01,0.01,0.01,326,411,403,433,315
6.93,-9.23,-9.23,-0.62,-0.62,-0.62,329,414,408,439,315
-0.57,-4.74,-4.74,-1.41,-1.41,-1.41,327,404,406,432,315
-4.87,1.03,1.03,-0.38,-0.38,-0.38,326,394,402,425,319
1.36,-6.15,-6.15,0.96,0.96,0.96,325,398,415,457,313
3.79,-8.09,-8.09,0.97,0.97,0.97,327,389,409,459,312
2.99,-7.06,-7.06,0.98,0.98,0.98,326,389,408,457,312
4.05,-5.05,-5.05,0.53,0.53,0.53,325,383,402,452,312
3.19,-3.11,-3.11,0.52,0.52,0.52,324,383,401,451,312
3.50,-2.13,-2.13,0.03,0.03,0.03,323,382,399,447,312
END
3.60,-2.24,-2.24,-0.06,-0.06,-0.06,330,405,408,433,314
5.71,-7.70,-7.70,-0.15,-0.15,-0.15,330,404,408,434,314
9.59,-11.02,-11.02,-2.51,-2.51,-2.51,332,400,409,431,314
-1.58,-2.42,-2.42,-0.93,-0.93,-0.93,326,393,411,428,319
-4.80,2.72,2.72,0.30,0.30,0.30,328,372,416,434,324
5.41,-7.01,-7.01,0.80,0.80,0.80,327,409,426,463,314
2.62,-7.38,-7.38,1.57,1.57,1.57,326,399,416,460,312
3.38,-6.98,-6.98,0.60,0.60,0.60,327,393,410,457,312
4.01,-5.13,-5.13,0.73,0.73,0.73,328,391,407,454,312
4.34,-2.93,-2.93,0.44,0.44,0.44,327,390,406,455,312
5.37,-1.54,-1.54,-0.06,-0.06,-0.06,326,385,400,447,312
END
4.85,-1.79,-1.79,-0.29,-0.29,-0.29,327,411,407,439,316
6.68,-9.74,-9.74,-1.39,-1.39,-1.39,330,411,408,437,316
4.67,-8.23,-8.23,-2.51,-2.51,-2.51,328,403,407,432,322
-3.55,0.46,0.46,-0.63,-0.63,-0.63,326,403,413,434,329
-3.46,-3.02,-3.02,2.50,2.50,2.50,333,401,415,445,316
4.38,-8.13,-8.13,0.80,0.80,0.80,332,401,422,463,314
0.88,-7.63,-7.63,1.44,1.44,1.44,333,400,416,461,313
3.49,-7.11,-7.11,1.17,1.17,1.17,337,386,403,453,312
3.70,-5.76,-5.76,0.50,0.50,0.50,334,387,404,454,313
3.82,-3.41,-3.41,0.72,0.72,0.72,333,385,404,457,312
4.32,-2.78,-2.78,-0.17,-0.17,-0.17,331,384,403,454,312
END
3.59,-3.38,-3.38,0.10,0.10,0.10,336,401,414,444,317
5.47,-7.85,-7.85,0.08,0.08,0.08,336,400,414,443,317
5.58,-7.84,-7.84,0.05,0.05,0.05,337,394,408,436,318
-0.16,-3.30,-3.30,-2.49,-2.49,-2.49,336,398,418,443,326
-2.18,-2.07,-2.07,-0.45,-0.45,-0.45,329,392,419,443,328
-3.92,0.80,0.80,0.13,0.13,0.13,327,389,418,443,324
5.57,-7.24,-7.24,1.33,1.33,1.33,328,403,433,476,314
4.30,-7.10,-7.10,1.98,1.98,1.98,332,397,422,469,313
6.76,-5.27,-5.27,0.99,0.99,0.99,332,392,412,464,313
3.52,-3.24,-3.24,0.39,0.39,0.39,330,393,410,459,313
4.87,-1.51,-1.51,0.23,0.23,0.23,329,389,406,452,313
END