7.58,3.55,4.38,0.01,0.01,-0.01,499,463,453,335,373
7.18,4.21,3.97,-0.06,-0.02,-0.01,499,462,453,335,373
7.56,3.88,3.91,0.02,0.03,-0.05,499,462,452,335,373
8.48,3.47,4.44,0.01,-0.02,-0.02,499,462,452,335,373
7.48,4.36,4.08,0.01,-0.02,-0.04,499,462,452,335,373
8.12,4.28,3.99,0.09,0.01,-0.03,499,462,452,335,373
6.84,2.91,3.83,0.10,0.02,-0.03,499,462,452,335,373
6.17,2.82,3.40,0.06,0.05,-0.16,499,461,452,335,373
8.78,4.20,4.54,-0.02,-0.02,-0.13,498,460,453,335,374
7.25,3.58,3.80,0.05,-0.02,0.09,498,458,452,335,374
7.21,2.86,4.24,-0.05,0.01,-0.03,497,458,452,335,374
6.92,3.99,4.27,-0.07,-0.01,-0.17,497,458,452,335,373
8.59,4.56,4.41,0.01,-0.10,-0.22,496,458,452,335,373
7.14,3.89,4.15,0.12,-0.10,-0.20,497,457,452,335,374
7.26,2.99,3.86,-0.01,-0.07,-0.12,496,458,452,335,374
5.73,4.01,3.52,0.02,0.15,-0.16,498,459,452,335,373
8.09,4.57,4.11,-0.01,0.03,-0.28,497,458,451,335,373
7.06,4.61,4.16,-0.10,-0.05,0.09,496,458,451,335,373
7.70,4.59,4.36,-0.10,-0.10,-0.05,496,458,451,335,373
7.84,4.41,4.16,-0.08,-0.08,-0.06,496,458,451,335,373
5.58,3.65,4.01,-0.04,-0.05,-0.13,496,458,451,335,373
7.04,3.12,4.08,-0.11,0.09,-0.08,495,458,451,335,373
6.75,2.99,4.45,-0.27,-0.00,-0.19,495,458,451,335,373
7.16,3.45,4.49,-0.42,0.03,0.03,495,458,451,335,373
7.18,3.67,4.84,-0.38,0.10,0.04,495,457,451,335,373
5.56,4.00,4.61,-0.33,0.19,-0.08,495,458,451,335,373
7.90,3.68,5.73,-0.29,0.10,0.16,495,457,451,335,374
7.01,3.19,5.39,-0.17,0.16,-0.03,494,457,451,335,374
5.86,2.77,5.06,-0.09,0.37,0.03,494,457,450,335,374
6.50,2.74,6.20,-0.04,0.32,0.03,494,457,451,335,374
8.71,2.91,6.98,-0.03,0.15,-0.44,494,457,451,335,374
5.40,2.72,6.09,-0.07,0.16,-0.07,494,458,451,335,374
7.91,2.69,6.97,-0.12,0.06,-0.23,494,457,450,335,374
6.49,2.72,7.28,-0.04,0.07,-0.09,494,457,450,335,374
5.43,2.39,6.63,-0.02,0.20,-0.05,494,457,450,335,374
5.28,2.20,7.09,-0.01,0.24,0.02,494,457,450,335,374
END
4.77,2.11,7.19,0.08,0.36,-0.15,486,454,445,333,377
6.92,7.35,3.47,-0.04,-0.00,-0.11,485,454,445,333,377
7.60,5.51,4.57,0.04,-0.09,0.22,484,454,445,333,377
5.27,5.10,3.70,0.01,0.00,0.10,484,453,445,333,377
7.03,5.39,3.62,-0.03,0.08,-0.06,484,453,445,333,377
6.44,4.96,3.51,-0.04,0.03,0.03,484,453,445,333,377
5.33,3.52,3.88,-0.08,0.11,0.07,483,453,445,333,377
5.92,4.74,4.18,-0.17,0.08,-0.04,484,452,445,333,376
6.93,5.08,2.88,-0.05,-0.01,0.10,482,452,444,333,377
8.05,1.88,4.55,-0.09,0.03,-0.08,484,451,444,333,377
3.20,5.53,4.07,-0.18,0.10,-0.01,486,452,444,333,377
7.24,5.41,4.28,0.10,0.23,-0.43,486,452,444,333,376
5.95,4.63,4.81,0.11,0.13,-0.08,485,451,444,333,376
6.70,5.30,5.03,0.03,-0.07,-0.04,485,451,444,333,377
5.63,5.86,4.68,0.14,-0.04,-0.11,485,451,444,333,377
6.62,5.84,4.48,0.12,-0.05,-0.15,485,451,444,332,377
4.86,4.57,4.69,-0.01,0.04,-0.07,484,451,444,333,377
6.47,4.72,4.78,-0.14,0.01,-0.16,485,451,445,333,377
6.81,5.66,4.84,-0.10,0.09,-0.21,484,451,444,333,377
5.41,5.53,5.34,-0.18,0.13,-0.08,484,451,444,333,377
6.69,5.55,5.40,-0.16,0.08,-0.13,484,451,444,333,377
6.44,5.36,5.41,-0.23,0.08,-0.00,484,451,444,332,377
5.48,5.20,5.25,-0.10,0.14,-0.16,484,451,444,333,377
4.69,4.03,5.72,-0.29,0.17,0.17,484,451,444,333,377
4.84,4.56,5.99,-0.18,0.22,-0.19,484,451,444,333,377
6.92,5.36,6.06,-0.17,0.15,-0.13,484,451,444,333,378
5.26,5.58,6.49,-0.06,0.16,-0.12,484,451,444,333,378
6.81,5.56,7.50,-0.10,0.04,-0.13,484,451,444,333,378
6.26,5.13,6.86,0.10,0.07,-0.14,485,451,444,333,378
4.04,3.35,6.09,-0.06,0.04,0.17,485,451,445,333,378
4.65,4.06,6.12,-0.09,0.12,-0.08,485,451,444,333,379
4.95,4.06,6.31,-0.06,0.18,0.06,484,451,444,333,378
4.44,3.73,6.66,-0.09,0.21,0.12,483,451,444,333,378
5.24,2.80,7.50,-0.15,0.20,0.05,482,451,444,333,379
3.12,2.90,7.10,-0.17,0.37,0.31,486,452,444,332,379
4.11,3.97,8.47,-0.09,0.31,-0.13,485,452,444,332,378
END
4.02,4.71,8.51,-0.06,0.24,-0.03,476,449,440,332,377
6.66,5.25,3.52,0.06,-0.03,0.12,476,448,440,332,377
7.45,5.08,3.72,0.03,0.02,-0.07,475,448,440,332,377
6.98,4.60,3.29,-0.09,0.01,0.14,476,448,440,332,377
6.41,5.25,3.37,-0.03,0.09,-0.16,476,447,440,332,376
7.65,4.58,3.33,-0.05,-0.02,0.17,475,447,440,332,376
6.60,3.73,3.59,-0.03,0.10,-0.11,476,447,440,332,376
5.45,4.19,2.68,-0.03,0.07,0.27,480,447,439,332,376
6.26,2.51,3.45,0.01,0.16,-0.20,480,447,440,332,376
5.15,4.75,3.68,-0.15,0.21,0.02,480,447,440,332,376
6.63,6.32,4.80,0.02,0.28,-0.40,480,447,440,331,376
7.42,6.31,4.62,0.12,0.06,-0.06,479,447,440,332,376
8.18,4.32,5.00,0.11,-0.06,0.14,479,447,439,332,376
4.69,4.65,4.50,0.07,0.00,0.12,480,447,440,332,376
6.50,3.60,5.41,-0.09,0.02,-0.11,479,447,439,332,376
7.79,4.92,4.85,-0.06,0.06,-0.14,479,447,439,332,376
6.52,6.19,5.10,-0.04,0.04,0.01,479,447,439,332,376
6.98,5.18,5.23,0.04,0.07,-0.12,479,447,439,332,376
6.55,4.06,5.20,-0.05,0.07,-0.00,478,446,439,332,376
7.27,4.75,4.68,-0.10,0.07,-0.05,479,447,439,332,376
6.49,4.03,4.40,-0.09,0.08,-0.01,479,447,439,332,376
4.92,2.77,4.90,-0.19,0.18,0.17,479,447,439,332,376
5.72,4.68,5.28,-0.24,0.21,-0.11,479,447,440,332,376
6.78,5.46,5.63,-0.14,0.12,-0.07,479,447,439,332,377
8.49,5.76,6.52,-0.10,-0.03,-0.24,478,447,439,333,377
6.20,3.83,5.51,0.08,0.19,0.00,479,447,440,332,377
5.03,3.14,5.62,-0.01,0.22,0.06,479,447,439,333,376
5.67,3.22,5.53,-0.08,0.12,0.03,479,447,439,333,377
5.95,3.15,5.72,-0.00,0.19,-0.24,479,447,439,332,376
4.39,2.29,6.76,-0.20,0.11,0.19,479,447,439,332,376
5.81,4.31,6.88,-0.10,0.26,-0.16,479,447,439,332,377
5.00,3.94,7.73,-0.17,0.29,0.09,479,447,439,332,377
6.55,4.54,7.72,-0.09,0.19,0.04,479,447,439,332,377
5.57,4.19,7.18,0.04,0.22,-0.10,479,447,439,332,377
5.88,2.98,7.39,0.02,0.14,-0.06,482,447,440,332,377
4.78,3.14,7.01,-0.01,0.11,-0.01,483,447,439,332,377
END
4.97,2.16,7.76,-0.02,0.12,0.01,474,443,436,332,375
8.11,4.45,3.96,0.06,0.01,0.02,473,443,437,332,376
6.88,4.88,4.11,-0.00,0.01,0.08,473,442,437,332,376
7.10,4.64,3.75,-0.02,0.07,-0.03,472,442,436,332,376
6.68,4.56,3.36,-0.03,0.07,0.06,472,442,436,331,375
6.16,3.57,3.27,-0.02,0.15,-0.04,473,441,437,332,376
6.75,4.56,3.38,-0.06,0.15,-0.06,474,442,436,332,375
5.99,3.56,4.15,-0.05,0.17,-0.03,473,442,436,332,375
6.43,4.85,3.45,-0.03,0.10,-0.07,473,441,436,332,375
6.98,4.49,4.46,0.01,0.10,-0.06,474,442,436,332,375
6.70,4.86,4.90,0.13,0.15,-0.21,473,442,436,332,375
6.45,4.08,5.02,0.06,0.02,0.12,473,442,436,332,375
6.37,4.52,4.03,0.02,0.11,-0.04,473,442,436,332,375
4.81,4.54,5.37,-0.02,0.13,-0.07,473,442,436,332,375
6.30,4.02,4.88,-0.03,0.14,-0.02,473,442,436,332,375
7.82,4.89,5.61,-0.22,-0.03,-0.16,473,442,436,332,375
8.26,5.21,6.09,-0.13,-0.18,-0.19,472,442,436,331,375
5.92,4.22,5.74,-0.12,-0.12,-0.02,473,442,436,332,376
7.21,4.34,5.33,-0.09,-0.00,-0.25,472,442,436,332,377
6.70,3.51,5.25,-0.14,-0.06,-0.06,472,442,436,332,377
5.94,3.61,5.50,-0.18,0.10,-0.13,472,442,436,332,376
6.80,4.03,5.35,-0.20,0.11,0.02,472,442,436,332,376
7.72,3.87,5.59,-0.15,0.09,0.09,472,442,435,331,376
5.79,3.63,5.82,-0.13,0.18,-0.07,472,442,436,332,377
5.70,3.75,5.95,-0.11,0.17,0.23,473,442,436,332,377
6.70,4.21,6.02,-0.03,0.19,0.14,473,442,436,332,377
5.48,2.89,6.12,-0.00,0.23,0.19,473,442,436,332,377
6.52,2.47,6.25,-0.07,0.09,0.11,473,442,436,332,377
6.82,3.24,6.26,0.00,0.06,-0.07,473,442,436,332,377
4.51,2.84,5.79,-0.00,0.23,0.26,474,443,437,332,378
7.41,2.82,6.60,0.06,0.23,-0.13,474,443,436,332,377
6.68,2.58,6.89,-0.02,0.18,0.05,474,443,437,332,377
6.85,2.29,8.90,-0.02,0.12,0.01,474,443,436,332,377
4.50,1.65,7.58,-0.13,0.20,0.19,474,443,436,331,377
5.34,2.44,7.37,-0.12,0.16,-0.19,474,443,436,331,377
4.08,3.09,6.64,0.00,0.23,0.08,475,444,437,332,377
END
6.03,2.10,7.74,-0.05,0.11,0.02,473,439,464,331,391
6.28,1.87,5.18,-0.13,0.04,-0.04,472,443,462,331,387
7.05,4.33,5.40,-0.12,-0.17,-0.13,471,443,460,332,382
6.80,5.23,4.54,0.03,-0.21,-0.27,471,444,458,332,378
6.29,4.05,3.96,0.17,-0.09,-0.02,470,444,458,331,377
3.77,1.17,3.27,0.25,0.15,0.19,470,443,457,332,378
5.28,-0.20,3.91,-0.11,0.20,-0.19,470,443,458,332,376
5.00,2.69,4.29,-0.37,0.22,0.01,470,443,457,332,375
7.98,6.15,5.27,-0.30,0.05,-0.10,469,442,457,332,375
7.67,5.19,5.01,0.18,0.14,0.03,469,442,457,332,376
6.53,1.64,5.08,0.10,-0.02,0.37,469,442,457,331,376
6.41,1.85,5.68,-0.06,-0.01,0.20,469,442,457,332,377
7.38,4.37,6.40,0.00,0.11,-0.04,469,442,457,332,377
7.09,3.97,5.71,0.08,0.12,-0.02,469,442,457,332,378
6.20,3.07,6.09,0.07,0.17,0.04,469,442,457,332,378
5.81,2.48,6.26,0.02,0.15,0.23,469,442,457,332,378
7.65,1.30,6.09,-0.02,0.15,-0.17,469,442,457,332,380
6.36,3.39,6.55,0.00,0.08,-0.09,469,442,457,332,385
6.58,2.62,7.29,-0.12,0.05,0.06,469,442,457,332,387
6.07,1.84,6.95,-0.09,0.12,-0.15,469,442,457,332,385
6.47,1.86,6.98,-0.13,0.10,-0.11,469,442,456,332,383
4.93,2.18,6.22,-0.18,0.18,0.22,469,443,457,332,380
7.39,2.51,6.59,-0.05,0.13,-0.18,469,443,457,333,380
4.65,2.96,6.25,-0.11,0.16,0.16,469,443,457,332,378
6.99,2.38,7.33,-0.03,0.06,-0.07,469,443,457,332,380
5.45,1.82,6.40,-0.02,0.18,0.03,470,444,457,332,381
6.20,1.44,7.52,-0.03,0.10,0.20,470,444,457,332,381
6.17,1.69,7.59,-0.02,0.13,0.07,471,444,458,332,382
5.50,1.43,7.52,-0.02,0.04,0.06,471,445,458,332,382
6.20,1.41,7.95,0.01,0.07,-0.06,472,445,458,332,382
5.14,1.39,7.09,0.05,0.08,-0.05,472,445,458,332,382
5.30,1.25,7.20,0.02,0.11,0.01,472,445,458,332,383
4.54,1.36,7.37,0.02,0.09,-0.08,473,445,458,332,383
4.34,1.00,7.59,-0.06,0.14,0.06,473,445,458,331,383
5.15,1.34,7.73,-0.01,0.14,-0.18,474,446,458,332,383
5.23,1.24,8.45,0.06,0.05,-0.10,475,446,459,332,383
END
5.74,1.71,8.20,0.09,0.09,-0.18,465,440,451,331,374
7.99,3.65,4.60,0.05,-0.14,0.27,465,440,451,331,373
6.53,2.93,4.57,0.02,-0.00,0.24,465,440,451,331,373
7.97,3.85,4.11,0.03,0.04,-0.03,465,440,450,331,373
7.34,2.86,4.58,0.04,-0.02,0.04,465,440,450,331,374
7.73,2.57,4.39,-0.02,-0.05,0.03,465,440,450,332,373
5.66,2.43,4.21,-0.07,0.07,-0.08,464,440,450,331,373
7.65,4.01,4.01,-0.04,0.15,-0.21,464,440,450,331,373
8.23,1.39,4.85,-0.01,0.08,-0.23,465,439,449,332,373
6.75,3.67,4.46,-0.13,0.02,-0.05,465,440,450,332,373
6.41,2.93,3.83,0.03,0.19,-0.09,465,440,450,331,374
6.39,3.12,3.96,0.01,0.18,-0.09,465,440,450,331,374
6.65,3.75,4.78,-0.00,0.15,-0.24,465,440,449,332,374
7.05,4.07,4.94,0.10,0.08,-0.07,465,440,449,331,374
6.88,3.75,5.61,0.11,0.07,-0.06,464,440,449,331,374
7.49,1.58,6.08,-0.01,0.10,0.04,464,440,449,331,374
7.54,3.70,4.64,-0.12,0.05,-0.02,464,440,449,331,374
7.73,3.61,5.46,-0.06,0.00,0.29,464,440,450,332,374
5.47,2.89,5.50,0.00,0.22,-0.06,465,440,450,331,374
4.87,3.51,6.02,-0.08,0.20,0.25,465,440,449,331,374
9.14,2.59,6.61,0.03,0.35,-0.07,464,440,450,331,375
5.97,2.73,6.31,0.08,0.30,-0.24,465,441,449,332,375
7.95,1.16,6.96,0.07,0.04,0.22,465,441,450,332,376
4.44,2.29,6.03,-0.06,0.22,0.12,465,441,449,332,376
7.19,2.88,7.76,-0.11,0.10,-0.11,465,441,450,332,376
6.42,1.97,6.76,-0.11,0.14,-0.01,465,441,449,332,376
7.54,2.01,7.48,-0.15,-0.01,-0.02,465,441,450,332,376
4.53,2.99,6.75,0.03,0.13,0.06,466,442,450,332,376
4.97,2.22,7.26,0.18,0.33,-0.20,466,442,450,331,376
5.25,1.80,7.27,0.05,0.25,0.21,466,442,450,332,376
4.76,2.12,7.11,-0.06,0.28,-0.02,467,443,450,332,376
6.25,2.64,7.85,0.06,0.02,-0.10,467,443,450,332,376
5.15,1.97,7.39,-0.00,0.25,-0.05,467,444,450,332,376
5.48,1.80,7.97,0.01,0.07,-0.14,467,443,450,332,376
3.95,1.27,8.15,-0.04,0.14,-0.10,468,444,450,332,376
3.18,1.73,8.03,0.24,0.14,-0.13,473,446,450,331,376
END
5.11,2.54,8.63,0.01,0.00,-0.20,461,437,447,331,378
7.57,5.15,3.82,-0.09,0.04,-0.19,461,438,449,331,383
9.99,4.82,4.66,0.21,-0.06,-0.04,462,437,452,331,387
6.75,2.63,3.98,0.24,-0.17,0.28,462,436,452,331,388
5.76,3.35,4.12,0.01,0.07,0.02,462,436,452,331,387
8.70,4.08,4.20,0.06,0.22,-0.13,461,435,452,332,386
8.13,2.35,3.70,0.07,0.15,0.06,461,436,451,331,385
6.75,2.79,3.19,-0.09,0.07,0.13,461,436,451,331,385
7.24,2.86,4.11,-0.10,0.22,-0.11,461,436,451,331,385
6.45,3.09,5.03,-0.14,0.12,0.12,461,436,450,331,384
6.75,4.07,4.14,-0.01,0.22,-0.04,461,436,450,331,384
5.20,3.33,4.94,0.06,0.28,-0.01,461,435,450,332,384
7.59,3.23,4.65,0.09,0.24,0.05,460,436,450,332,384
7.93,3.16,4.86,0.09,0.18,0.05,461,436,449,331,384
7.49,3.60,5.99,0.05,0.15,-0.12,460,436,450,332,383
5.12,3.22,5.34,0.06,0.04,0.17,461,436,450,331,383
8.57,3.43,5.75,0.07,0.06,-0.04,461,436,450,332,383
5.81,1.84,5.44,-0.01,0.16,0.23,461,437,450,332,383
6.97,3.45,6.40,-0.06,0.31,-0.17,461,437,450,331,383
4.87,3.29,6.50,-0.00,0.28,-0.07,462,437,450,331,383
6.94,2.92,6.59,-0.04,0.22,-0.08,462,437,450,331,383
5.41,3.48,6.30,-0.10,0.21,0.08,462,438,450,332,383
8.03,3.12,6.88,-0.05,0.14,-0.14,462,438,450,331,383
5.65,3.60,6.04,0.10,0.18,-0.27,463,438,450,332,383
6.93,2.64,7.34,0.02,0.07,-0.11,463,438,450,332,383
4.83,2.47,6.76,0.10,0.18,0.09,463,439,451,332,383
4.75,2.51,6.95,0.04,0.25,0.03,464,439,450,331,382
5.58,2.22,7.60,-0.06,0.22,0.03,463,439,450,332,382
5.46,2.86,7.44,-0.08,0.21,-0.13,463,440,450,331,381
7.67,2.20,7.83,-0.06,0.17,-0.13,461,439,450,332,382
2.73,2.44,7.08,-0.08,0.29,0.43,466,440,450,332,382
4.80,2.49,7.82,-0.04,0.35,0.04,465,440,450,331,381
4.40,2.15,8.68,-0.08,0.26,0.15,466,441,450,332,381
5.41,1.87,8.59,0.04,0.22,-0.12,468,441,450,331,381
2.82,0.98,8.31,-0.08,0.29,0.06,469,442,450,331,381
3.95,1.93,8.19,0.10,0.23,-0.05,470,443,451,331,380
END
3.42,2.00,9.81,0.00,0.17,0.14,454,434,443,330,374
6.33,4.95,3.26,-0.03,-0.05,0.19,454,435,442,331,374
8.20,3.84,3.14,0.07,0.09,-0.07,454,434,442,331,374
7.07,5.10,3.44,0.03,0.00,-0.04,454,434,442,330,374
9.10,3.37,3.27,0.06,-0.03,0.10,454,434,443,330,374
6.07,2.72,3.07,-0.07,0.04,0.07,455,434,442,331,374
6.07,4.49,3.32,-0.11,0.16,0.06,455,434,442,331,374
6.63,3.09,3.78,0.35,0.39,0.42,455,434,442,331,373
8.20,2.90,4.19,0.09,0.49,-0.04,455,435,442,331,373
6.26,5.86,4.21,0.24,0.30,0.02,455,435,442,330,373
8.74,4.13,4.41,0.20,0.21,0.10,454,435,442,331,373
6.92,3.40,4.82,0.13,0.13,-0.13,455,435,443,331,373
7.14,4.11,5.19,0.04,0.00,0.04,455,435,443,331,373
7.71,2.78,5.20,0.01,0.01,0.23,455,435,443,331,374
6.69,3.34,4.77,-0.06,0.22,-0.18,455,436,443,331,374
6.75,3.97,4.97,-0.16,0.08,0.17,455,435,443,331,374
9.69,4.06,5.69,-0.08,0.07,-0.23,455,435,443,331,374
7.35,3.26,5.10,-0.02,0.08,0.04,455,435,443,331,374
6.33,3.57,4.87,-0.00,0.15,0.04,456,436,443,331,374
5.71,2.30,4.93,-0.05,0.17,0.31,456,436,443,331,374
6.04,3.23,5.47,-0.02,0.33,-0.24,456,436,443,331,374
8.65,4.22,5.75,0.01,0.15,0.08,455,436,443,331,374
5.98,2.07,6.22,0.05,0.14,0.16,456,436,443,331,374
4.16,2.63,5.47,-0.05,0.28,0.17,456,436,443,331,375
6.65,2.48,6.37,-0.09,0.25,0.08,456,436,443,331,375
7.39,1.65,6.69,-0.03,0.18,-0.13,456,436,443,331,375
5.10,2.43,6.09,0.00,0.20,-0.05,457,437,444,331,375
6.26,2.29,7.72,0.05,0.21,-0.02,457,437,444,331,375
4.91,2.68,7.62,0.00,0.25,-0.11,458,437,444,331,376
5.63,2.62,7.83,0.03,0.14,-0.04,457,437,444,331,376
5.97,1.92,7.77,0.02,0.29,0.02,458,437,444,331,376
4.81,1.64,7.49,-0.05,0.35,0.14,459,438,445,330,376
5.03,2.31,6.71,-0.01,0.22,-0.10,459,438,445,331,376
3.57,2.73,7.14,0.05,0.46,-0.00,461,439,445,331,377
6.98,3.04,8.56,-0.02,0.18,-0.09,460,439,445,331,378
3.83,2.29,8.15,-0.04,0.28,0.22,462,440,445,331,378
END
4.07,1.64,8.33,0.02,0.23,0.00,454,434,442,331,374
8.01,3.67,3.03,-0.00,0.11,-0.08,454,434,442,331,374
8.13,5.00,3.39,0.15,0.06,-0.13,454,434,442,331,374
8.97,2.40,3.32,0.12,-0.03,0.12,454,434,442,331,373
5.97,3.13,3.38,0.03,0.07,0.17,454,433,442,331,373
8.54,2.93,3.41,-0.02,0.19,0.01,453,433,442,331,373
6.33,3.07,3.28,0.02,0.25,-0.07,454,433,442,331,373
7.75,4.69,3.81,0.05,0.21,0.11,454,433,441,331,373
7.20,2.77,4.77,0.22,0.31,-0.21,454,433,442,331,373
7.59,3.09,4.42,0.04,0.17,-0.01,454,433,441,331,373
7.19,2.80,3.52,0.00,0.21,-0.12,454,433,442,331,373
7.47,3.32,3.43,-0.13,0.07,0.31,454,433,441,331,374
7.53,2.77,5.11,-0.08,0.18,0.30,454,433,441,331,374
6.28,3.17,4.43,-0.02,0.19,0.06,454,434,442,331,374
7.76,2.91,5.67,0.01,0.22,-0.13,454,433,442,331,374
5.91,3.28,5.41,0.05,0.29,-0.23,454,434,442,330,374
7.15,2.67,6.01,-0.05,0.23,0.16,454,434,442,331,374
7.67,2.97,5.72,-0.04,0.27,-0.18,454,434,442,331,374
5.94,3.45,6.47,-0.06,0.16,-0.06,454,434,442,331,375
8.13,3.83,6.80,-0.01,0.15,-0.15,454,434,441,331,374
6.04,2.72,6.32,-0.01,0.17,-0.08,455,435,441,331,374
6.01,2.16,6.13,-0.09,0.10,0.16,455,435,442,331,374
5.69,2.67,7.01,-0.06,0.20,-0.12,455,435,442,331,375
6.28,2.95,6.83,-0.03,0.11,0.08,455,435,442,331,375
6.07,2.81,6.60,0.10,0.22,-0.11,455,435,442,331,375
6.14,2.89,7.86,0.07,0.26,-0.01,455,435,442,330,375
5.72,2.58,7.70,0.02,0.23,-0.04,455,435,442,331,376
4.29,1.74,7.59,-0.14,0.15,0.01,456,435,442,331,375
5.54,1.92,6.87,-0.16,0.14,-0.08,456,435,442,331,374
4.34,2.16,7.01,-0.20,0.18,0.14,456,436,442,331,375
5.32,2.14,6.75,-0.09,0.14,-0.16,458,437,443,331,375
4.11,2.78,8.94,-0.12,0.23,-0.02,461,438,443,331,375
5.58,4.47,8.54,0.03,0.09,0.21,460,438,443,331,375
4.93,2.06,8.91,0.21,0.23,0.10,462,439,443,331,375
3.65,1.39,8.13,0.01,0.20,0.34,463,440,443,331,375
3.43,1.02,7.95,0.03,0.19,0.14,464,440,444,330,375
END
2.95,0.72,8.77,0.07,0.13,-0.01,452,432,439,331,373
8.67,2.58,3.23,-0.03,-0.03,0.04,452,432,439,330,373
7.32,3.96,2.84,0.01,0.02,-0.07,452,432,439,331,373
8.46,2.93,3.27,0.04,0.08,-0.08,452,432,439,331,373
7.65,2.10,2.72,0.02,0.07,0.06,451,432,439,331,373
7.47,2.91,3.43,-0.06,0.14,0.10,452,432,439,331,373
7.77,3.27,4.39,-0.01,0.19,-0.23,452,432,438,331,373
7.95,3.27,4.10,0.00,0.16,0.00,452,432,439,331,372
8.06,3.09,4.01,0.10,0.18,0.07,452,432,439,331,373
6.14,2.19,3.47,-0.03,0.19,0.24,452,432,439,331,373
4.59,2.27,3.02,0.02,0.31,0.25,452,432,439,331,372
8.02,2.75,4.38,-0.01,0.43,-0.18,452,432,439,331,373
6.83,2.40,5.63,-0.07,0.28,0.06,452,432,438,330,373
10.25,3.74,6.22,-0.06,0.13,0.05,452,432,439,331,374
7.31,2.93,6.70,0.04,0.20,-0.05,452,432,439,331,374
7.79,1.53,5.74,-0.04,0.11,0.28,452,432,439,331,374
6.65,1.90,6.23,0.02,0.23,-0.15,452,432,439,331,374
7.31,1.41,5.87,-0.12,0.10,0.16,452,433,439,331,374
5.69,2.13,6.64,-0.16,0.18,-0.13,452,432,439,331,374
8.07,2.25,6.43,-0.07,0.12,0.08,452,433,439,331,375
6.31,1.41,6.46,-0.01,0.11,0.13,452,433,439,331,375
6.04,1.36,6.03,-0.00,0.11,0.02,452,433,439,331,375
6.18,1.32,6.07,-0.04,0.15,-0.07,452,433,439,331,375
6.86,1.19,6.73,0.03,0.18,-0.01,453,433,439,329,375
7.21,0.62,7.44,-0.03,0.15,-0.14,453,433,439,331,375
5.77,1.87,7.04,-0.10,0.07,0.06,454,434,439,331,375
6.42,1.96,7.01,-0.05,0.14,-0.02,454,434,440,331,376
5.66,1.26,7.01,-0.01,0.24,0.15,454,434,440,331,376
6.02,0.66,7.24,-0.01,0.18,-0.02,454,434,440,331,376
5.51,0.77,7.09,0.04,0.15,-0.04,454,435,440,331,376
6.38,1.16,7.31,0.07,0.18,0.10,455,435,440,331,376
6.43,0.05,8.54,0.09,0.11,0.09,455,435,440,331,377
4.68,0.09,8.09,-0.07,0.13,0.14,455,435,440,331,377
4.83,-0.12,7.91,0.01,0.09,-0.01,456,435,440,331,376
4.48,0.29,8.15,-0.06,0.20,-0.08,457,436,440,331,377
4.58,0.11,8.66,-0.01,0.25,0.05,457,436,440,331,376
END
5.92,0.32,8.99,0.00,0.05,-0.06,449,431,437,331,372
6.83,3.19,3.96,0.12,0.12,0.06,449,430,437,331,372
7.37,4.17,4.47,0.06,0.15,-0.17,449,430,437,331,372
7.33,3.96,4.62,0.10,0.14,-0.12,449,431,437,331,372
7.23,4.06,4.44,0.06,0.10,-0.01,449,431,437,331,372
6.13,3.32,4.23,0.04,0.15,0.03,449,431,437,331,372
6.75,3.45,4.83,0.01,0.20,0.05,449,430,437,331,372
6.25,3.14,4.62,-0.05,0.15,-0.06,449,430,437,331,372
9.07,3.93,5.25,-0.13,-0.01,0.29,449,430,436,331,372
5.14,3.19,4.95,0.05,0.11,0.10,449,430,437,331,372
5.10,3.04,3.94,-0.05,0.17,0.40,449,431,437,331,372
7.27,3.04,5.58,-0.02,0.28,-0.01,449,430,437,331,372
9.22,2.51,6.07,-0.11,0.10,0.18,449,431,437,331,372
7.66,2.65,6.09,-0.02,0.23,-0.16,449,431,437,331,373
6.17,2.07,6.03,-0.12,0.10,0.40,450,431,437,331,373
4.52,1.98,6.27,-0.10,0.36,-0.00,450,431,437,331,373
7.03,3.35,6.98,-0.06,0.30,-0.09,450,431,437,331,374
7.51,2.81,7.09,-0.06,0.09,0.06,450,431,437,331,374
6.01,1.54,5.71,-0.00,0.11,0.13,450,432,438,331,374
5.74,1.68,6.32,-0.06,0.18,-0.09,451,432,437,331,374
6.75,2.75,7.39,-0.02,0.14,0.03,450,432,437,331,374
7.96,2.91,7.09,0.12,0.13,-0.15,451,432,437,331,374
5.64,0.95,6.70,0.03,0.28,0.34,451,433,438,331,374
4.36,0.94,7.60,-0.06,0.25,0.00,452,433,438,331,374
6.41,1.63,8.03,-0.08,0.06,-0.10,452,433,438,331,375
4.96,1.36,6.90,-0.04,0.08,0.08,452,434,438,331,374
4.36,0.95,7.67,-0.04,0.25,0.04,453,434,439,331,374
5.37,1.43,7.84,-0.01,0.16,-0.15,454,434,438,331,375
5.00,1.29,7.80,-0.03,0.24,0.08,454,435,438,331,375
6.03,1.77,7.88,0.06,0.21,-0.08,454,434,439,331,375
4.93,1.46,7.51,0.08,0.14,0.17,454,435,439,331,374
3.55,1.51,8.23,0.07,0.19,-0.02,455,434,439,331,375
4.47,0.78,8.74,0.05,0.05,-0.15,455,435,439,331,374
4.53,0.62,8.61,-0.11,0.16,-0.22,457,435,439,331,374
5.48,0.97,9.04,-0.08,0.23,-0.05,457,436,439,331,374
4.36,1.12,9.42,0.03,0.16,0.01,457,436,439,331,374
END
1.96,0.19,8.65,0.02,0.17,0.10,447,427,436,331,372
7.35,2.89,3.67,0.03,0.01,-0.03,447,427,436,331,372
6.68,3.17,4.10,0.02,0.02,-0.19,446,427,435,331,372
8.85,3.85,4.37,0.06,0.02,-0.15,446,427,436,330,372
8.46,2.81,4.09,0.08,-0.09,-0.20,446,427,436,331,372
7.16,2.16,4.06,-0.04,-0.09,0.13,446,427,435,331,372
6.68,2.73,3.97,-0.06,0.12,-0.07,446,427,435,331,372
7.46,4.12,4.01,-0.11,0.08,-0.02,446,427,435,331,372
7.01,3.14,4.82,0.08,0.17,-0.05,446,427,435,331,371
7.98,3.10,4.85,0.02,0.10,-0.09,446,427,435,330,372
8.03,3.45,4.19,0.00,0.11,-0.18,446,427,435,331,372
6.66,2.74,4.73,0.02,0.07,-0.00,446,427,435,331,372
8.05,3.14,5.10,-0.10,0.06,-0.06,446,427,435,331,372
7.13,4.43,5.34,0.02,0.17,-0.18,446,427,435,330,372
6.84,3.78,5.75,0.02,0.18,-0.11,446,427,435,331,372
7.63,3.12,5.21,-0.01,0.20,0.21,446,427,435,331,372
5.98,2.49,5.19,0.05,0.33,-0.05,446,427,435,330,371
6.45,2.83,5.08,-0.10,0.19,0.25,446,427,435,331,372
7.95,1.87,6.27,-0.02,0.20,0.01,446,427,435,330,372
5.11,3.73,5.51,0.10,0.26,-0.42,447,428,435,331,372
7.70,1.07,6.75,0.06,0.17,0.10,447,428,435,331,372
3.82,2.00,5.91,-0.18,0.33,0.44,448,429,436,331,372
5.37,1.97,7.03,-0.11,0.31,0.38,448,429,436,331,372
6.97,2.79,7.14,-0.06,0.27,-0.23,448,429,436,331,373
7.06,2.39,7.06,-0.11,0.15,0.14,448,429,436,331,374
6.78,2.23,7.27,0.09,0.20,-0.02,449,430,436,331,374
5.30,2.12,7.52,0.01,0.20,0.16,449,430,436,331,374
6.49,2.03,7.80,0.06,0.15,-0.11,449,430,436,331,374
5.43,1.84,7.48,0.02,0.12,0.12,450,431,437,331,374
5.14,1.31,8.13,0.05,0.16,0.16,450,431,437,330,374
4.68,1.03,7.34,0.01,0.18,0.37,450,431,437,330,374
4.87,0.42,7.57,0.08,0.17,0.04,451,432,437,331,374
4.89,-0.05,8.24,-0.03,0.15,-0.04,452,433,437,331,374
4.40,1.03,8.88,-0.05,0.33,-0.05,453,433,437,331,374
5.24,1.92,9.27,-0.05,0.19,0.16,454,434,437,331,374
5.33,1.97,8.89,0.01,0.17,-0.03,455,434,437,331,374
END
4.36,1.33,8.54,0.17,-0.01,0.11,445,428,432,330,372
9.11,2.23,3.53,0.09,-0.01,-0.03,445,427,433,330,372
9.43,2.71,3.78,0.05,0.01,-0.22,445,427,433,331,372
7.21,2.68,3.12,-0.02,-0.02,0.13,445,427,433,331,372
7.35,2.69,3.32,-0.01,0.14,-0.17,445,428,433,331,371
6.86,2.12,3.12,-0.03,0.17,-0.02,445,428,433,330,371
8.02,2.85,3.94,-0.05,0.23,-0.23,445,428,432,331,372
8.06,4.54,4.06,0.03,0.08,-0.06,445,427,433,331,372
8.58,2.90,4.31,0.11,0.10,-0.02,445,427,433,330,372
6.16,2.20,3.80,0.08,0.21,-0.04,445,428,432,330,372
5.96,1.67,4.67,-0.01,0.31,-0.06,445,428,432,331,371
8.74,2.51,4.92,-0.08,0.14,0.04,445,428,433,330,372
8.09,3.45,5.13,-0.15,-0.02,0.07,445,428,433,331,373
8.56,4.70,4.95,-0.03,0.05,-0.23,445,428,433,331,374
6.73,3.09,4.83,0.09,0.15,0.15,446,428,433,331,374
6.98,2.52,5.20,0.04,0.18,-0.02,446,428,433,331,375
7.65,3.54,5.23,0.08,0.19,-0.02,446,429,433,331,375
8.56,3.60,5.60,0.12,0.09,-0.02,446,429,433,331,375
7.20,3.01,5.82,0.13,0.15,-0.14,447,429,433,331,375
6.66,3.59,5.58,0.13,0.16,-0.03,447,428,434,331,375
7.91,2.63,6.14,0.15,0.15,-0.08,447,429,433,330,374
5.64,2.19,5.94,0.06,0.19,0.10,447,429,434,331,374
6.08,3.04,5.74,-0.03,0.20,-0.16,447,430,433,331,374
6.85,2.28,5.21,-0.08,0.17,0.06,448,430,434,331,374
4.50,2.07,6.07,-0.11,0.37,0.25,448,430,434,331,374
5.30,1.90,6.55,-0.19,0.30,-0.01,448,430,434,330,375
7.81,3.09,7.23,-0.21,0.30,-0.46,448,430,434,331,375
6.76,3.93,7.29,-0.10,0.18,0.09,448,430,435,331,375
7.54,2.55,7.86,0.00,0.13,0.01,449,430,435,331,375
4.30,1.93,6.96,-0.03,0.23,0.28,450,431,435,331,375
5.55,1.97,7.77,-0.05,0.21,0.00,450,431,435,330,375
5.41,2.32,8.23,-0.05,0.16,-0.00,449,431,435,331,375
6.02,1.90,8.41,-0.14,0.11,-0.07,449,431,435,331,375
3.85,1.21,7.93,-0.03,0.25,0.13,450,431,435,331,376
3.86,-0.02,8.36,-0.10,0.33,0.07,451,431,436,330,375
3.37,0.91,8.69,-0.15,0.33,0.17,451,432,435,330,375
END
4.34,1.39,9.75,-0.05,0.26,-0.08,446,427,434,331,369
8.56,3.88,1.95,-0.00,0.19,-0.25,445,427,434,330,369
8.55,2.41,2.90,-0.01,0.13,-0.21,445,427,434,331,369
7.48,4.35,2.94,-0.06,0.17,-0.10,445,427,434,330,369
8.79,4.03,3.02,0.09,0.19,-0.27,445,427,434,330,369
8.05,3.35,3.32,0.03,0.17,-0.07,445,427,433,331,369
7.25,3.70,3.01,0.03,0.24,-0.16,445,427,433,331,369
6.91,3.79,3.65,0.02,0.23,-0.19,445,427,433,330,369
7.37,3.91,3.87,0.02,0.21,-0.15,445,427,433,330,369
6.49,4.35,4.09,0.09,0.24,-0.07,445,427,434,330,369
6.44,3.47,3.74,-0.01,0.26,-0.06,445,427,434,331,369
6.30,3.93,3.85,-0.09,0.28,0.01,446,427,434,331,369
7.63,4.87,4.63,-0.12,0.17,-0.05,446,427,435,331,370
6.74,5.28,4.69,0.11,0.18,-0.18,446,428,435,330,371
6.83,4.94,5.24,0.07,0.12,-0.15,446,428,435,331,370
7.70,5.11,5.27,0.11,0.15,-0.15,446,428,435,330,370
5.23,4.39,5.27,0.01,0.24,0.08,446,428,435,330,370
8.02,4.72,5.77,-0.00,0.05,-0.10,446,428,435,330,371
5.51,4.33,5.37,-0.03,0.18,0.16,446,428,435,331,371
7.75,3.55,5.79,-0.02,0.13,0.13,446,428,435,330,371
4.91,4.60,4.92,0.08,0.27,-0.06,447,429,435,330,371
7.47,3.42,6.35,-0.11,-0.00,0.18,447,429,435,330,371
5.42,4.02,5.48,-0.02,0.21,0.13,447,429,435,331,372
6.56,2.75,6.64,-0.02,0.12,0.26,447,429,435,331,372
7.15,3.37,6.02,-0.08,0.15,-0.20,447,429,436,331,372
5.32,2.61,5.81,-0.12,0.20,0.51,447,430,436,331,373
6.36,2.84,5.93,-0.07,0.24,-0.13,448,430,436,331,373
5.36,2.53,6.65,-0.10,0.25,0.29,448,430,436,330,373
5.75,2.70,7.43,-0.18,0.19,0.12,447,430,435,331,373
6.42,2.61,7.51,-0.10,0.16,0.08,448,430,436,330,374
5.25,2.61,7.63,-0.03,0.27,0.12,448,430,436,329,374
5.73,2.43,7.44,-0.02,0.23,0.05,448,430,436,331,374
4.09,1.90,7.11,0.08,0.39,0.14,449,431,436,331,374
4.92,1.47,7.62,0.05,0.33,-0.03,450,431,437,330,374
5.05,1.55,8.58,-0.06,0.40,0.11,450,431,436,331,374
4.69,2.48,9.03,-0.12,0.20,-0.22,450,432,436,330,374
END
5.05,2.66,9.03,0.01,0.04,-0.21,444,427,433,330,371
9.04,4.28,3.40,-0.08,-0.05,-0.02,444,427,433,330,371
7.87,5.53,2.76,-0.00,0.01,-0.06,444,426,433,330,371
7.52,4.46,2.52,0.03,-0.02,0.07,444,426,433,330,371
7.24,3.92,2.64,0.04,0.05,-0.05,444,426,433,331,371
6.93,4.01,2.44,-0.04,0.06,0.01,443,426,433,330,370
7.03,4.01,2.40,-0.00,0.20,-0.31,443,426,433,330,371
6.53,3.49,2.72,0.08,0.26,-0.11,444,426,433,331,371
6.91,4.78,3.05,0.12,0.23,-0.25,444,427,433,330,371
6.89,3.91,3.24,0.03,0.22,-0.17,444,427,434,330,371
6.59,4.82,2.88,-0.01,0.22,-0.06,444,427,433,330,371
5.15,6.67,3.44,0.05,0.26,0.07,444,427,434,330,371
7.61,5.88,3.83,0.20,0.29,-0.11,444,428,434,330,371
6.27,5.45,4.16,0.26,0.41,-0.23,444,427,434,330,371
8.41,4.64,4.82,0.24,0.20,0.04,444,428,434,330,372
4.88,5.58,3.98,0.12,0.20,0.24,445,428,435,330,372
7.28,4.39,5.39,-0.05,0.09,0.33,445,428,435,330,373
5.06,5.43,4.80,-0.02,0.32,0.19,446,429,436,330,373
8.58,5.02,5.72,-0.17,0.08,0.27,445,429,436,330,374
6.14,4.77,5.10,0.02,0.28,0.01,446,430,436,331,374
6.69,3.44,6.09,-0.12,0.24,0.37,446,430,436,330,375
7.42,4.52,5.51,0.06,0.33,-0.33,447,431,437,330,375
5.52,4.54,6.25,-0.03,0.23,0.15,448,431,439,331,376
7.63,4.19,6.14,-0.04,-0.02,-0.35,448,432,439,331,377
5.19,4.09,6.21,-0.12,0.27,0.27,450,433,441,330,379
6.60,3.75,6.47,-0.12,0.12,-0.02,450,433,442,330,381
5.04,3.78,6.56,-0.16,0.28,0.29,452,434,443,331,382
7.54,3.60,6.73,-0.14,0.02,-0.03,451,435,444,330,383
5.32,3.16,6.45,-0.10,0.21,0.41,453,435,445,330,384
5.22,2.74,6.88,-0.07,0.15,0.01,453,435,446,330,385
5.69,2.28,7.09,-0.17,0.15,0.22,454,436,447,331,388
5.91,2.50,7.32,-0.16,0.12,-0.22,457,435,449,331,394
5.94,2.25,7.80,-0.21,0.03,-0.18,460,434,448,331,395
4.72,1.86,7.28,-0.21,0.09,-0.03,462,434,448,331,394
4.48,1.82,7.09,-0.24,0.19,0.12,464,434,448,331,392
5.09,1.77,7.50,-0.06,0.31,-0.07,465,433,448,331,391
END
5.51,2.10,8.54,-0.09,0.23,0.03,450,427,446,331,379
6.96,4.87,3.02,0.04,-0.03,-0.03,449,427,446,331,379
7.39,4.62,2.87,0.01,-0.02,0.03,449,427,446,331,379
6.97,4.84,3.40,-0.02,-0.02,-0.09,449,427,446,331,379
7.06,4.96,3.16,-0.07,0.02,0.11,449,427,446,330,379
7.29,4.64,3.11,-0.03,0.06,-0.13,449,427,446,331,379
6.24,3.14,1.97,-0.09,0.16,0.11,449,427,446,331,379
6.20,3.24,2.62,-0.21,0.22,-0.14,449,427,446,331,379
4.56,4.54,3.00,-0.22,0.33,0.05,449,427,445,331,379
6.80,4.56,4.01,-0.07,0.55,-0.26,449,427,445,331,378
6.12,5.02,5.01,-0.05,0.48,-0.16,448,427,445,330,378
7.29,4.69,5.60,-0.08,0.30,0.15,449,427,445,331,378
8.07,4.64,5.62,0.03,0.11,0.14,448,427,445,331,378
5.79,4.63,5.22,0.10,0.08,0.04,448,427,445,331,378
4.62,2.86,4.31,0.09,-0.03,0.70,449,427,445,331,378
7.51,4.39,6.09,-0.02,0.05,-0.32,449,427,445,331,378
6.17,4.41,6.38,-0.16,-0.06,0.28,448,427,445,331,379
8.90,3.60,6.58,-0.02,0.13,0.04,448,427,445,331,379
5.48,3.65,6.21,-0.06,0.23,-0.03,448,427,445,331,379
7.56,3.31,6.17,-0.02,0.25,0.12,448,427,445,331,379
6.34,3.42,5.84,-0.01,0.26,0.05,449,427,445,331,379
6.89,3.55,6.14,0.04,0.22,0.04,449,427,445,331,379
5.86,2.47,5.84,-0.01,0.13,0.57,449,428,446,331,379
5.84,2.79,6.26,0.05,0.26,-0.19,449,428,445,331,379
6.12,2.17,7.34,-0.04,0.04,0.33,449,428,445,331,380
6.58,2.29,7.00,0.02,0.23,-0.11,449,428,445,331,379
5.64,1.54,7.19,-0.10,0.16,0.37,450,429,446,331,380
5.91,1.96,7.00,-0.03,0.30,0.03,450,429,446,331,379
6.07,2.09,7.56,-0.10,0.21,0.04,450,429,446,331,380
5.18,1.97,7.16,-0.04,0.23,-0.01,451,429,446,331,380
5.55,1.77,7.16,-0.16,0.27,0.12,451,430,445,331,380
4.60,1.44,7.25,-0.21,0.27,0.25,452,430,445,331,380
5.67,2.21,8.07,-0.15,0.36,-0.02,452,431,446,331,380
4.88,1.73,8.69,-0.03,0.20,-0.00,453,431,445,331,380
4.61,0.90,8.69,-0.06,0.20,-0.29,454,432,445,331,380
2.45,-0.27,9.06,0.04,0.34,0.22,456,432,445,331,379
END
2.74,-0.87,9.61,-0.07,0.38,-0.39,446,427,440,331,378
6.55,3.33,3.17,-0.02,0.08,0.02,445,427,440,331,378
7.24,4.59,3.80,0.02,0.04,-0.14,446,427,440,331,378
8.36,3.23,3.96,0.08,0.04,-0.11,445,427,441,331,378
6.29,3.68,3.70,-0.09,-0.02,0.16,445,427,440,331,378
7.15,4.74,4.20,-0.00,0.15,-0.18,445,427,440,331,378
6.55,3.09,3.82,0.04,0.21,-0.08,445,427,440,331,378
7.81,4.01,3.85,-0.03,0.10,-0.03,445,427,440,331,378
5.94,3.85,4.26,0.02,0.10,-0.05,445,427,440,331,378
6.71,4.32,4.66,-0.07,0.18,0.01,445,427,440,331,378
6.89,4.07,4.90,-0.00,0.22,-0.08,445,427,440,331,378
7.07,4.77,5.20,-0.03,0.27,-0.09,445,427,440,331,378
6.76,4.36,4.99,0.03,0.27,0.01,445,427,440,331,378
6.41,4.12,4.94,-0.01,0.21,0.04,446,427,440,331,378
6.44,3.83,5.79,0.00,0.23,-0.02,446,427,441,331,378
6.47,3.22,6.01,-0.07,0.15,0.20,446,427,441,331,378
7.13,3.25,6.62,-0.12,0.13,-0.16,446,427,441,331,379
5.70,3.23,5.93,-0.16,0.02,0.11,446,428,441,331,379
5.16,3.65,5.96,-0.26,0.06,-0.09,446,427,441,331,380
6.87,3.76,6.84,-0.18,0.09,0.08,446,427,441,331,380
4.29,2.98,6.47,-0.15,0.23,0.00,447,428,441,331,380
6.97,3.31,6.93,-0.07,0.21,-0.06,447,428,441,331,381
4.02,2.87,6.65,-0.07,0.39,0.23,448,429,442,331,381
5.41,2.28,8.09,0.10,0.16,-0.26,448,429,442,331,381
5.58,2.91,7.62,-0.09,0.21,-0.10,448,429,442,331,382
6.28,2.94,7.87,-0.04,0.07,-0.20,447,429,442,331,382
6.08,2.34,7.09,-0.04,0.11,-0.09,448,429,442,331,382
5.99,1.62,8.10,-0.08,0.09,0.07,448,428,443,331,383
5.05,2.40,7.37,-0.06,0.13,0.04,448,429,442,331,382
4.39,2.30,7.34,0.04,0.08,0.09,448,429,442,331,382
4.90,2.59,7.54,0.00,0.15,0.03,449,430,443,331,382
5.00,2.09,7.90,0.03,0.09,0.28,449,430,443,331,382
3.75,2.16,8.30,0.05,0.26,0.55,450,430,442,331,382
4.30,1.27,8.66,0.06,0.13,0.04,451,431,443,331,382
4.01,1.74,8.87,-0.05,0.17,-0.19,453,432,443,331,382
4.23,1.88,8.88,-0.05,0.19,0.13,454,432,443,331,382
END
4.52,1.86,8.36,0.09,0.05,-0.21,444,424,439,331,380
7.82,4.64,3.59,-0.06,0.06,-0.06,444,424,439,331,380
6.02,4.63,3.73,-0.04,0.07,0.04,444,424,438,331,380
7.85,4.72,3.91,-0.03,0.05,0.02,443,424,438,331,379
6.62,4.28,4.07,0.04,0.10,-0.15,444,424,438,331,379
7.00,4.22,4.16,-0.06,0.09,0.05,444,424,438,331,379
6.55,4.89,3.75,-0.01,0.16,-0.17,444,424,439,331,379
6.83,4.69,4.62,-0.04,0.06,0.12,444,424,439,331,379
6.44,3.73,4.41,0.06,0.15,-0.06,444,424,438,331,379
5.95,5.50,3.89,-0.02,0.07,0.20,444,424,438,331,379
6.86,4.65,4.84,0.12,0.25,-0.04,444,424,439,330,379
6.56,3.93,4.53,0.10,0.19,-0.01,444,424,438,330,379
6.73,3.35,5.52,-0.02,0.17,0.04,443,424,438,331,378
5.48,4.78,5.05,-0.08,0.07,0.02,443,424,438,331,379
6.68,4.90,5.04,-0.01,0.08,0.08,444,424,438,330,378
5.24,5.02,5.17,0.06,0.24,0.06,443,425,438,331,378
8.02,2.84,5.25,-0.09,0.13,0.42,443,424,438,331,378
5.17,3.60,5.50,-0.13,0.13,0.24,443,424,438,331,378
7.26,2.68,6.22,-0.22,0.03,0.46,443,424,439,331,379
7.43,3.32,6.07,-0.04,0.19,-0.31,443,424,438,331,380
5.55,2.68,6.42,-0.16,0.03,0.41,444,425,439,331,379
8.13,3.32,5.34,0.08,0.23,-0.20,443,425,439,331,379
3.78,1.87,5.63,-0.15,0.05,0.73,444,425,439,331,379
4.55,1.65,6.47,-0.01,0.36,-0.35,444,426,439,331,379
4.53,2.60,7.36,-0.24,0.28,0.18,444,426,439,331,379
8.24,2.84,8.63,0.02,0.24,-0.39,444,425,439,331,379
6.61,1.91,8.15,-0.02,0.13,0.08,445,426,439,331,379
5.48,3.35,7.57,-0.08,0.15,-0.26,445,427,439,331,379
6.68,2.58,7.47,-0.07,-0.02,0.17,445,427,440,331,379
3.93,2.89,6.27,-0.01,0.22,0.08,446,428,440,331,379
5.50,1.49,7.63,0.04,0.17,-0.04,446,428,440,331,380
4.64,1.81,7.62,-0.01,0.30,0.02,447,428,440,331,380
5.31,1.79,7.98,-0.04,0.22,-0.04,447,427,440,331,380
4.43,1.40,8.08,-0.01,0.18,-0.18,447,428,441,331,380
4.31,1.33,8.00,-0.11,0.17,0.11,447,428,440,331,380
3.65,1.58,7.93,-0.05,0.13,0.02,448,428,440,331,380
END
3.51,1.21,8.56,-0.05,0.15,-0.01,442,424,437,331,378
7.51,4.63,3.93,-0.14,0.13,-0.37,442,423,437,331,377
6.68,5.36,2.89,-0.07,-0.09,0.15,442,423,437,331,377
6.83,4.45,3.65,0.10,0.06,-0.30,442,423,437,331,377
8.36,3.86,3.87,-0.07,-0.07,-0.01,442,423,437,331,377
7.01,3.27,4.05,-0.12,-0.14,0.16,442,423,437,331,377
6.32,2.53,3.50,-0.24,-0.01,0.11,442,423,436,331,376
5.81,5.43,3.11,-0.24,0.08,-0.16,442,423,436,331,376
7.62,4.80,4.18,0.01,0.24,-0.21,442,423,436,331,376
7.95,3.99,4.31,0.05,0.21,-0.03,442,423,435,331,376
5.68,4.11,4.73,0.40,0.38,0.25,442,423,436,331,376
7.37,3.97,4.59,0.25,0.23,-0.07,441,424,436,330,375
7.25,4.34,5.07,0.06,0.03,0.28,442,424,437,331,375
7.39,3.74,5.21,-0.03,0.13,0.14,442,424,437,330,375
5.68,4.09,4.34,0.02,0.19,0.13,442,424,438,331,375
7.58,3.84,5.69,-0.03,0.22,-0.00,442,424,438,330,375
6.38,3.85,5.06,0.08,0.27,0.06,442,424,438,331,375
6.69,3.09,6.13,0.02,0.26,0.07,442,424,439,330,381
7.80,2.73,5.47,-0.03,0.15,-0.15,442,424,439,330,385
6.40,3.27,5.41,-0.08,0.10,-0.00,443,425,439,330,385
5.66,3.35,6.10,0.03,0.07,0.01,443,425,439,330,382
5.08,3.33,6.12,-0.11,0.17,-0.12,443,426,438,330,377
5.75,4.40,5.74,-0.05,0.21,-0.15,444,426,438,330,376
7.16,4.29,6.14,-0.05,0.20,-0.19,443,426,438,330,376
5.57,3.67,6.56,-0.11,0.14,0.11,444,426,438,331,376
6.28,2.76,6.86,-0.11,0.11,-0.16,444,427,438,330,377
4.81,3.63,6.38,-0.19,0.13,0.11,445,427,439,331,377
6.54,2.86,6.14,-0.07,0.09,-0.19,445,427,439,331,377
4.56,2.78,7.17,-0.20,0.24,0.08,446,428,439,331,376
7.64,2.78,8.29,-0.11,0.02,-0.24,446,428,439,331,376
4.10,3.66,6.92,-0.08,0.11,0.24,446,428,439,330,377
5.25,2.10,8.08,-0.03,0.10,-0.21,448,428,438,330,376
4.34,2.48,7.20,-0.11,0.17,0.25,447,428,438,330,376
3.70,2.73,7.69,-0.06,0.20,0.02,448,428,439,331,376
4.56,2.32,8.12,-0.07,0.09,-0.25,452,429,439,330,376
4.85,1.62,7.76,-0.15,0.16,-0.15,456,430,438,330,376
END
4.40,1.22,8.56,0.11,0.16,-0.35,440,424,435,331,375
6.87,3.88,3.48,-0.14,-0.05,0.18,441,424,435,330,375
6.40,5.24,3.68,-0.15,-0.04,0.15,441,424,435,331,375
8.64,5.41,3.51,0.02,0.08,-0.10,440,424,435,331,375
8.36,2.94,3.42,0.03,-0.07,0.14,440,423,435,331,375
6.83,3.42,3.42,-0.07,-0.05,0.14,440,423,435,331,375
6.22,3.40,3.58,-0.11,0.07,0.06,440,423,435,330,375
8.78,3.71,4.01,-0.09,0.20,-0.07,440,423,435,330,375
8.28,3.68,4.22,-0.08,0.20,-0.08,440,423,435,331,375
7.18,4.44,4.52,0.10,0.11,0.03,440,423,435,330,375
6.55,3.58,4.22,0.06,0.19,-0.04,440,424,435,331,375
6.32,3.57,4.56,0.09,0.26,-0.06,441,423,435,331,375
6.79,3.53,4.35,0.04,0.20,-0.03,441,424,435,331,375
6.81,4.41,4.69,0.23,0.30,-0.17,441,424,435,331,375
7.54,5.18,5.30,0.13,0.18,-0.07,441,424,435,331,375
6.46,4.53,6.34,0.12,0.24,0.10,441,424,435,331,375
7.67,4.06,5.79,0.02,0.12,0.04,441,424,434,331,375
6.50,3.60,5.30,-0.01,0.20,-0.02,441,424,435,331,375
6.12,3.83,5.51,-0.03,0.09,0.30,441,424,435,331,375
6.41,3.60,5.43,0.07,0.17,-0.22,441,424,435,331,375
5.74,3.47,5.97,-0.06,0.00,0.23,442,424,435,331,375
7.06,3.32,5.79,-0.01,0.09,-0.21,442,425,435,331,375
5.22,4.50,5.85,-0.01,0.13,-0.07,442,425,435,331,376
7.14,3.34,6.47,0.02,0.06,0.03,442,425,435,331,376
4.13,2.70,6.17,-0.12,0.11,0.57,443,426,436,331,376
6.91,3.54,5.74,-0.03,0.08,-0.47,443,426,436,331,375
5.67,2.71,6.48,-0.05,0.11,0.21,444,426,436,331,376
7.01,3.77,6.37,-0.05,0.21,-0.37,444,426,436,331,376
7.19,3.01,6.80,-0.12,0.17,0.23,444,426,436,331,376
5.22,3.14,6.81,-0.07,0.23,-0.04,445,427,436,330,376
7.02,3.09,7.36,-0.03,0.08,-0.05,445,427,436,331,377
6.16,3.19,6.88,0.00,0.04,-0.05,445,427,436,330,377
4.90,2.55,6.77,0.03,0.05,0.24,446,428,437,330,376
4.42,2.28,6.68,0.03,0.25,0.27,447,429,437,331,377
5.84,2.10,7.39,0.03,0.16,-0.14,447,429,437,331,376
5.64,1.91,7.79,-0.00,0.18,0.01,448,429,437,331,377
END
7.16,4.44,4.20,0.02,-0.00,-0.02,480,454,451,334,366
8.40,5.11,4.82,0.07,-0.02,-0.20,480,454,451,334,367
8.46,5.56,4.93,-0.00,-0.13,0.02,480,454,450,334,367
7.05,6.09,3.73,0.11,-0.09,-0.01,480,454,450,334,367
7.16,4.05,3.19,0.18,-0.03,0.04,480,454,450,334,367
5.72,1.75,3.14,-0.02,0.06,0.28,480,454,450,334,367
5.01,2.94,2.51,-0.10,0.18,-0.09,480,454,450,334,366
6.40,5.05,3.32,0.05,0.19,-0.29,480,454,450,334,366
8.97,3.27,5.30,0.07,0.01,-0.34,480,454,450,334,369
6.50,4.41,4.05,-0.07,0.01,0.10,480,454,449,334,368
5.55,4.85,3.57,0.05,0.10,-0.14,480,454,450,334,368
6.13,5.49,3.53,0.12,0.08,-0.13,479,454,449,334,368
8.55,4.01,4.66,0.13,-0.07,-0.35,479,454,449,334,368
5.41,5.81,3.04,-0.07,-0.12,0.34,479,454,450,334,368
5.84,5.37,4.50,0.17,-0.12,-0.47,479,454,449,334,368
7.70,4.62,4.45,-0.16,-0.07,0.20,479,454,449,334,367
7.51,5.02,4.19,-0.01,-0.23,-0.42,479,454,449,334,368
5.92,5.47,4.01,-0.20,-0.15,0.26,479,453,449,334,369
8.63,4.79,5.14,-0.15,-0.18,-0.30,479,453,449,334,369
5.20,4.74,4.00,-0.16,0.11,0.15,478,453,449,334,369
8.79,4.73,4.01,-0.11,0.15,-0.35,478,453,449,333,368
5.01,4.54,4.19,-0.12,0.26,-0.02,478,453,449,334,368
7.39,4.30,4.67,-0.19,0.17,-0.08,478,453,448,334,368
5.75,4.85,4.21,-0.12,0.25,-0.17,478,453,448,334,368
6.57,4.39,4.97,-0.20,0.15,-0.12,478,453,448,334,367
5.60,3.40,5.37,-0.22,0.16,-0.05,478,453,448,334,368
4.11,2.56,5.53,-0.45,0.10,0.09,478,453,448,334,369
6.60,5.23,5.63,-0.26,0.29,-0.62,478,453,449,335,369
6.61,5.58,7.07,-0.08,-0.07,-0.26,478,453,449,335,370
7.90,3.60,6.55,-0.10,-0.07,0.12,479,453,449,335,372
5.65,3.73,7.08,-0.25,0.06,-0.05,480,453,449,335,373
4.79,4.75,6.39,-0.19,0.16,0.06,480,453,448,335,375
6.04,3.27,5.79,-0.08,0.27,-0.12,480,453,448,335,375
4.57,2.29,6.07,-0.21,0.46,0.34,480,453,448,335,375
4.80,3.50,6.78,-0.08,0.49,-0.05,480,453,448,335,376
5.05,3.71,8.70,-0.00,0.38,-0.03,485,453,448,335,376
END
5.86,2.80,8.72,0.05,0.28,-0.12,475,455,460,333,381
6.96,4.71,3.22,0.02,0.09,-0.17,474,455,460,333,381
7.66,5.05,3.63,-0.04,-0.04,-0.07,474,454,460,333,381
6.75,4.95,3.53,-0.00,-0.02,-0.06,474,454,460,333,380
6.20,4.78,3.57,-0.09,0.03,-0.02,474,454,459,333,378
6.92,3.30,3.48,-0.16,0.12,-0.08,474,454,460,333,378
5.03,3.81,3.11,-0.21,0.13,-0.15,474,454,459,333,377
7.20,6.07,3.57,-0.11,0.18,-0.26,473,454,459,333,377
9.44,4.64,5.25,-0.12,0.06,-0.14,473,454,459,333,376
6.30,4.97,4.47,0.00,0.10,0.01,473,453,459,333,376
5.86,6.33,4.50,-0.05,0.11,0.18,473,454,458,333,376
6.88,5.29,4.95,0.10,0.22,-0.02,472,453,458,333,376
6.29,4.45,4.62,0.12,0.16,0.03,473,453,458,333,376
7.01,3.02,5.30,-0.12,0.08,0.32,473,453,458,333,375
5.05,3.65,5.32,-0.21,0.07,0.14,473,453,458,333,375
8.05,4.52,5.56,-0.16,0.06,-0.16,472,453,458,333,375
5.58,4.16,5.32,-0.17,-0.01,-0.15,472,453,458,333,376
7.93,4.31,6.12,-0.11,0.14,-0.27,472,453,457,333,376
5.76,4.55,5.09,-0.03,0.14,-0.22,472,453,457,333,376
7.32,3.93,5.71,-0.13,-0.05,0.23,472,453,457,333,376
5.50,4.76,5.25,0.01,0.06,-0.22,472,453,457,333,376
5.01,4.58,5.79,0.01,-0.02,0.22,472,453,457,334,377
6.79,3.75,6.14,0.05,0.13,-0.04,472,453,457,334,377
6.37,3.01,6.65,-0.02,0.18,0.02,472,453,457,333,377
6.13,2.61,5.40,-0.01,0.18,-0.12,472,453,457,334,377
5.47,3.02,7.30,-0.17,0.17,0.21,473,454,457,333,377
5.99,2.86,6.64,-0.13,0.25,-0.21,473,454,457,333,377
6.55,4.63,7.33,0.07,0.18,-0.44,473,454,457,333,377
8.56,4.17,8.82,-0.08,-0.20,0.21,473,454,457,333,378
4.41,3.35,6.45,0.18,0.22,-0.34,474,455,457,333,377
4.88,3.52,6.86,0.01,0.28,0.07,474,455,457,333,377
4.73,2.33,6.54,-0.06,0.28,0.05,474,455,457,333,377
5.01,4.42,6.62,-0.14,0.24,0.17,474,455,457,333,377
6.20,3.31,8.77,-0.12,0.05,0.13,474,455,457,333,377
5.42,3.90,7.47,-0.06,0.00,-0.12,474,455,456,334,377
3.80,2.96,7.16,-0.09,0.04,0.12,475,455,457,334,377
END
3.82,3.18,6.65,-0.01,0.20,-0.02,471,449,453,333,370
6.86,4.46,3.79,-0.01,0.05,-0.09,470,449,453,333,370
6.96,4.48,3.32,-0.06,0.03,-0.03,470,449,453,332,370
7.07,4.62,3.76,-0.04,0.07,-0.05,470,449,453,333,370
7.61,4.35,3.62,0.05,0.06,-0.17,470,449,453,333,371
6.02,2.70,4.18,-0.06,0.06,0.06,470,449,453,333,371
6.59,4.54,3.93,-0.15,0.09,-0.06,470,449,453,332,371
5.85,4.84,4.10,0.05,0.24,-0.08,470,449,453,334,371
7.09,4.74,4.85,0.07,0.15,-0.12,470,449,453,333,371
5.56,3.99,5.02,0.14,0.19,-0.17,470,449,453,333,371
5.99,4.79,5.05,0.03,0.09,-0.09,470,449,453,333,371
4.82,5.20,4.15,0.12,0.20,-0.16,470,449,453,333,371
7.37,3.41,5.05,-0.01,0.14,0.08,470,449,453,333,371
6.63,5.02,5.58,0.00,0.06,-0.09,470,449,453,333,371
7.51,4.73,5.62,-0.10,-0.13,-0.21,470,449,453,333,371
4.70,5.60,4.84,-0.00,-0.04,-0.00,470,449,453,333,371
6.01,4.44,5.11,-0.09,-0.00,0.00,470,449,453,333,371
4.13,4.60,3.86,0.05,0.24,-0.00,470,449,454,333,371
5.86,4.53,5.65,-0.07,0.30,-0.06,470,449,453,333,371
6.63,4.33,5.44,-0.03,0.25,-0.48,470,449,453,332,371
6.25,6.27,5.33,-0.08,0.08,-0.29,470,449,453,332,375
4.97,3.35,7.91,-0.28,0.11,0.39,470,449,453,333,375
3.04,3.32,6.46,-0.30,0.31,0.26,470,449,454,333,373
4.12,4.06,5.84,-0.35,0.29,0.25,471,450,453,333,372
4.74,4.89,6.10,0.00,0.19,-0.33,471,450,454,333,373
4.64,4.35,7.19,0.02,0.21,-0.05,472,451,454,333,373
5.89,3.85,8.05,0.04,0.16,-0.03,472,451,453,333,374
7.24,4.70,8.74,-0.02,-0.05,-0.10,471,451,454,333,375
4.88,3.39,6.98,-0.10,0.05,0.11,472,452,454,333,375
3.51,4.19,5.57,-0.05,0.22,0.16,473,451,454,333,375
4.57,3.55,6.77,-0.01,0.19,0.00,473,452,454,333,375
4.65,3.25,7.56,-0.10,0.10,0.11,473,452,454,333,375
4.10,3.03,8.27,-0.12,0.20,0.00,474,452,454,333,375
4.97,3.40,9.08,-0.20,0.07,0.15,475,452,453,333,375
3.74,2.09,8.89,-0.05,0.30,-0.01,478,453,454,333,376
3.31,2.05,9.28,-0.08,0.24,0.24,479,453,454,333,376
END
3.34,2.27,8.66,0.05,0.15,0.03,466,447,449,333,371
6.88,3.06,2.75,-0.12,0.10,0.00,466,446,449,333,370
6.68,5.61,3.65,-0.33,-0.12,-0.04,466,446,449,333,371
8.15,5.91,3.75,0.11,0.05,-0.40,466,445,449,333,371
9.28,3.37,4.31,-0.05,-0.14,0.12,465,447,449,333,372
6.47,2.85,3.58,-0.07,-0.02,0.19,465,446,449,333,371
6.41,5.38,3.29,-0.16,0.07,0.02,465,446,449,333,371
8.73,3.64,3.54,0.09,0.08,-0.37,465,446,449,333,371
7.38,3.70,3.96,-0.04,-0.17,-0.09,465,446,449,333,372
6.09,5.41,3.75,0.11,0.10,-0.26,465,446,449,333,372
7.07,4.64,3.24,0.10,0.14,-0.18,465,446,449,333,372
7.02,4.50,3.24,0.10,0.15,-0.16,465,445,449,333,372
8.05,4.84,3.83,-0.03,0.12,-0.04,465,446,449,333,372
5.88,5.48,3.81,0.01,0.04,-0.15,465,446,449,333,372
8.96,4.94,4.38,-0.02,0.03,0.01,465,445,449,333,372
4.90,3.38,4.49,0.02,0.08,0.23,464,445,449,333,372
6.87,4.24,4.57,-0.15,0.03,-0.10,464,446,449,333,372
8.51,4.81,4.52,-0.10,0.07,-0.29,464,446,449,333,372
6.70,4.90,4.11,-0.11,0.09,0.09,465,446,449,333,373
6.68,5.24,4.21,0.01,0.14,-0.04,465,446,449,333,373
5.17,3.30,4.67,-0.04,0.28,0.19,465,446,449,333,373
7.19,4.19,5.30,-0.26,0.18,-0.02,464,446,449,333,374
7.32,4.51,5.08,-0.09,0.11,-0.07,464,446,449,333,375
7.57,4.09,5.35,-0.05,0.09,0.04,464,445,449,333,375
6.13,3.55,5.03,-0.06,0.14,0.02,464,445,449,333,376
5.96,4.04,6.04,-0.10,0.22,-0.07,464,446,450,333,376
7.72,3.87,6.16,-0.17,0.16,-0.16,464,446,450,333,377
6.07,3.97,6.30,-0.11,0.16,0.04,465,446,449,333,378
5.63,2.53,6.02,-0.12,0.23,0.42,465,446,450,333,378
5.81,3.96,6.60,-0.15,0.36,-0.11,465,446,450,333,379
7.19,3.05,7.31,-0.17,0.14,0.11,464,446,450,333,380
6.89,3.46,7.78,-0.11,0.28,0.00,464,446,450,334,379
5.33,1.44,7.73,-0.13,0.20,0.27,465,446,450,333,379
4.34,1.58,7.37,-0.12,0.29,0.19,464,446,450,334,379
4.15,1.54,7.27,-0.15,0.34,-0.05,465,447,450,333,379
4.46,1.08,8.08,-0.14,0.30,-0.14,465,447,451,333,378
END
4.58,2.31,9.02,-0.14,0.20,-0.09,459,442,449,332,372
7.83,2.28,5.13,0.03,-0.05,0.02,459,442,448,332,372
6.82,2.63,4.97,0.02,-0.01,0.02,459,443,449,332,371
7.51,1.67,5.13,0.05,0.00,-0.03,459,442,449,332,371
6.32,2.22,4.40,-0.07,-0.03,-0.05,459,442,448,332,371
7.42,2.45,4.50,0.07,0.12,-0.22,459,442,448,332,371
6.93,2.30,4.36,0.01,-0.07,-0.11,459,442,448,332,371
9.17,2.02,4.69,0.13,0.05,0.14,459,442,448,332,371
6.13,3.10,4.59,0.21,0.03,-0.03,459,442,448,332,371
8.71,2.41,5.10,0.18,0.05,0.05,459,442,448,332,371
7.03,1.87,5.03,0.16,0.10,-0.11,458,442,448,332,371
6.42,2.73,4.72,0.14,0.11,0.04,459,442,448,332,371
7.47,2.63,5.28,0.12,0.19,-0.16,459,442,448,332,371
6.33,2.96,4.82,0.16,0.13,-0.12,459,443,448,333,371
8.38,4.72,4.96,0.00,-0.02,-0.23,459,442,448,332,372
6.37,2.55,5.54,0.10,-0.01,-0.09,458,442,448,333,372
6.53,2.73,4.51,-0.04,-0.01,-0.10,459,442,448,333,372
6.64,2.68,5.16,-0.07,0.05,-0.02,459,442,448,333,372
8.09,2.35,4.99,-0.12,-0.03,-0.02,458,442,448,332,372
5.37,2.91,4.95,-0.12,0.15,-0.19,458,442,448,332,372
5.26,2.87,6.02,-0.09,0.16,0.00,459,442,448,333,372
7.40,3.30,6.81,-0.17,0.20,-0.30,458,442,448,332,372
6.68,2.51,6.19,-0.15,0.15,-0.12,459,442,448,333,372
6.11,2.38,6.22,-0.28,0.14,-0.26,459,443,448,333,373
6.07,5.46,6.16,-0.30,0.13,-0.08,459,443,449,332,373
6.35,4.04,6.68,-0.12,0.23,-0.10,459,443,448,333,374
5.99,2.87,6.09,-0.06,0.30,-0.05,460,443,449,332,374
4.56,2.25,6.51,-0.10,0.21,-0.06,460,444,449,333,374
7.47,2.03,7.19,-0.28,-0.01,0.17,460,444,449,333,375
6.66,2.59,7.91,-0.04,0.14,-0.06,460,444,449,332,375
6.98,3.73,7.58,-0.00,0.08,0.11,460,444,449,332,376
5.98,1.30,8.16,0.03,0.12,0.20,460,443,448,333,376
3.76,1.24,7.48,-0.02,0.21,0.13,461,444,449,333,376
5.33,1.19,7.44,-0.07,0.13,0.04,461,444,449,333,376
4.97,1.38,7.27,-0.02,0.23,0.09,461,444,448,333,376
4.22,1.16,8.00,-0.14,0.18,0.31,464,445,449,333,376
END
5.10,2.00,8.64,-0.14,0.32,0.09,457,441,447,332,371
6.07,2.27,3.62,-0.12,-0.04,-0.00,457,441,447,332,371
7.57,2.33,4.06,-0.11,0.07,-0.02,457,441,447,332,371
8.63,2.40,4.32,-0.05,0.01,-0.04,457,441,446,332,371
8.63,2.40,4.67,0.01,0.06,-0.20,457,441,446,332,371
6.89,2.22,4.44,-0.05,-0.06,0.06,457,441,446,332,371
7.06,2.72,4.54,0.03,0.17,-0.11,457,440,446,332,371
7.52,1.58,4.28,-0.00,0.15,-0.18,457,440,446,332,371
7.15,3.12,4.73,0.10,0.07,-0.06,457,440,446,332,371
6.74,3.32,4.78,0.21,0.09,-0.37,457,440,446,332,371
7.47,3.81,5.13,0.14,-0.02,-0.12,457,440,446,333,371
7.64,3.91,5.40,0.14,-0.08,-0.27,457,440,446,332,371
8.38,2.58,5.13,0.09,-0.08,-0.18,456,440,446,332,371
6.70,3.61,4.95,-0.01,-0.19,-0.12,457,440,446,332,371
7.19,3.10,4.19,-0.03,-0.05,-0.23,456,440,446,332,371
6.17,4.41,4.52,-0.09,-0.02,-0.04,456,440,446,332,371
7.93,4.24,4.74,0.01,0.04,-0.14,456,440,445,332,371
5.83,3.19,4.49,0.05,0.10,-0.30,457,440,446,333,370
7.62,3.44,4.16,-0.06,-0.00,-0.03,456,441,446,332,371
7.27,3.94,4.60,0.04,0.06,-0.23,456,440,446,332,371
4.75,3.03,5.32,0.37,0.30,-0.02,457,441,446,332,371
9.22,3.56,5.71,-0.17,0.02,0.08,456,441,446,332,370
6.30,4.86,5.24,0.04,0.20,-0.21,457,441,446,333,371
8.92,3.79,6.35,-0.18,-0.05,0.23,456,441,446,332,371
6.79,4.67,4.34,0.05,0.12,-0.22,457,442,447,332,371
7.55,4.75,5.23,-0.08,0.03,0.11,457,441,447,332,371
5.47,4.57,4.69,0.06,0.32,0.21,458,442,446,333,371
6.14,4.29,5.39,0.02,0.41,0.37,458,442,446,332,371
7.03,2.28,6.82,0.01,0.17,-0.31,457,442,446,332,371
5.11,0.98,6.95,-0.24,0.17,0.27,457,442,446,333,372
6.99,2.30,7.72,-0.26,0.17,-0.20,457,441,446,332,372
4.71,2.98,7.29,-0.22,0.21,-0.08,458,442,446,333,372
6.31,3.12,6.75,-0.13,0.19,0.12,458,443,447,333,372
4.49,3.24,6.32,0.03,0.38,0.03,459,443,446,333,372
5.83,3.00,6.91,-0.02,0.19,0.03,459,443,447,333,372
5.87,2.78,6.52,0.01,0.11,0.04,463,443,447,333,372
END
5.78,2.76,7.12,0.13,0.05,-0.00,454,438,446,332,370
4.87,3.94,2.84,-0.04,-0.29,0.23,454,438,445,332,370
6.22,3.19,3.35,0.08,0.12,-0.10,454,438,446,332,370
8.95,2.12,3.93,-0.00,0.14,-0.10,453,438,446,332,370
9.27,2.62,3.90,-0.07,-0.06,-0.12,453,438,446,332,370
6.68,3.19,3.09,0.00,-0.20,0.12,454,437,446,332,370
6.30,1.31,3.56,-0.00,0.17,-0.23,454,438,446,332,370
7.39,2.43,3.83,-0.18,0.23,-0.22,453,437,445,332,371
7.87,4.87,3.47,-0.11,0.18,-0.36,453,437,446,332,370
7.03,2.96,3.20,0.12,0.23,-0.25,453,438,446,332,370
6.04,3.33,3.77,0.03,0.23,-0.24,453,437,446,332,370
7.43,4.79,4.59,0.04,0.25,-0.19,453,437,445,332,370
6.44,4.34,5.25,0.11,0.30,-0.28,453,437,445,332,370
7.62,4.11,5.13,0.01,0.03,0.06,453,437,445,332,370
6.86,4.71,6.31,0.10,0.12,-0.29,454,438,445,332,371
5.14,4.98,5.81,-0.09,-0.08,0.29,454,438,445,332,372
7.90,3.41,5.71,-0.02,0.09,-0.11,454,438,445,332,373
3.84,4.36,4.90,-0.12,0.12,-0.00,454,438,446,332,372
7.82,4.80,6.23,-0.11,0.13,-0.13,453,438,445,332,373
7.01,4.16,5.60,0.05,0.17,-0.27,453,438,445,332,372
5.63,4.08,5.86,-0.11,0.02,0.21,454,438,445,332,372
6.61,3.68,5.92,-0.12,0.05,0.20,453,438,445,332,372
6.05,3.76,5.80,-0.05,0.14,-0.09,453,438,445,332,372
5.33,2.92,5.53,-0.17,0.13,0.27,454,438,445,332,372
7.62,3.58,6.49,-0.09,0.21,-0.25,453,438,445,332,372
3.83,3.75,6.46,-0.14,0.12,0.15,454,439,445,332,373
9.39,3.14,7.69,-0.08,0.09,-0.17,453,438,445,332,373
3.95,3.09,6.64,-0.11,0.23,0.21,454,439,445,332,373
6.26,3.04,6.74,-0.11,-0.04,-0.19,454,439,445,332,373
4.03,3.53,5.80,-0.08,0.16,0.02,455,440,446,332,373
6.63,2.44,7.25,-0.08,0.14,-0.06,455,439,446,332,374
4.14,3.24,7.04,-0.06,0.23,-0.00,455,440,446,332,374
6.37,3.12,8.01,0.01,0.19,-0.20,455,440,446,333,375
4.62,2.68,7.82,-0.05,0.18,0.21,455,440,446,333,375
3.62,2.30,7.61,-0.00,0.21,0.12,456,440,446,332,375
5.16,2.35,7.82,-0.10,0.22,0.37,456,441,446,332,375
END
3.86,1.90,7.91,-0.00,0.33,0.43,450,436,444,332,373
7.73,3.48,2.99,-0.06,0.03,-0.00,449,437,443,332,373
7.85,4.16,3.71,-0.04,-0.00,-0.07,449,436,444,332,373
8.26,3.51,3.85,0.09,-0.02,0.04,449,436,443,332,373
7.98,3.41,4.09,0.07,0.02,-0.09,448,436,443,332,373
8.20,2.65,2.89,0.05,-0.04,0.08,447,436,444,333,373
6.45,2.48,3.52,0.00,0.02,-0.03,447,436,443,333,373
7.91,2.91,3.19,0.00,0.09,-0.00,448,436,443,332,373
6.45,3.68,3.69,0.27,0.32,-0.04,448,436,443,332,372
7.52,4.36,4.72,0.18,0.15,0.13,448,436,443,332,372
8.67,2.74,4.63,0.20,0.12,-0.08,448,437,444,333,372
7.70,3.57,3.34,0.14,0.11,0.02,448,437,443,332,372
7.54,3.58,4.40,0.07,0.13,0.02,448,437,444,332,372
7.90,3.12,4.12,0.01,0.12,-0.03,448,437,444,332,372
7.70,3.32,4.15,0.07,0.17,0.00,448,437,444,332,372
8.42,3.18,4.67,0.11,0.20,-0.16,448,437,446,332,373
5.64,3.27,4.47,-0.12,0.08,0.27,448,437,447,332,373
8.26,2.57,5.19,-0.04,0.19,-0.14,448,437,447,332,373
5.57,3.37,4.85,-0.09,0.22,-0.02,448,437,447,332,373
8.37,2.92,6.04,-0.07,0.26,-0.14,448,437,446,332,373
7.98,3.19,5.86,-0.06,0.20,-0.08,448,437,446,332,373
6.48,3.04,5.33,-0.12,0.13,0.16,449,437,446,332,373
7.11,3.36,5.08,-0.03,0.09,0.03,450,438,446,332,374
4.97,2.95,4.93,0.02,0.12,-0.03,451,439,447,333,374
6.65,2.14,5.65,-0.02,0.11,-0.12,451,439,447,332,374
5.97,2.66,6.10,-0.03,0.16,-0.35,451,439,447,332,375
6.88,3.01,6.45,-0.06,0.04,-0.22,452,439,447,332,375
6.90,3.01,6.58,-0.13,0.20,-0.22,452,439,446,332,376
6.12,3.04,6.45,-0.11,0.14,-0.21,453,439,447,332,376
7.14,3.09,6.82,-0.05,0.15,-0.15,453,440,447,333,376
4.81,3.91,6.73,-0.01,0.26,-0.10,453,440,447,332,376
7.33,3.46,7.65,0.04,0.10,-0.14,454,439,446,333,377
6.08,2.56,7.83,0.08,0.23,0.07,457,440,447,333,377
4.44,1.94,7.21,0.00,0.20,0.18,457,440,446,333,377
3.91,1.64,7.30,-0.08,0.28,0.07,458,441,447,333,376
3.44,2.15,7.22,-0.20,0.35,0.11,458,441,447,333,376
END
3.64,2.71,8.34,-0.20,0.35,-0.24,446,435,442,332,371
8.51,3.48,3.45,0.02,0.16,-0.19,446,435,442,332,371
9.48,2.72,3.65,0.03,-0.02,-0.15,444,435,442,332,371
7.73,3.46,3.59,-0.01,-0.13,-0.05,445,434,442,332,371
6.80,3.24,2.96,-0.00,-0.02,-0.05,446,434,442,332,371
7.31,2.73,2.50,-0.04,0.17,-0.17,446,435,442,332,371
7.73,4.07,3.01,-0.08,0.13,-0.19,446,435,442,332,371
8.13,5.85,3.42,0.14,0.13,-0.15,445,434,442,332,371
9.41,3.53,3.73,0.23,0.08,-0.33,445,435,443,332,372
7.73,2.35,3.50,-0.03,-0.12,0.07,444,435,443,332,372
6.06,4.35,3.80,-0.13,0.11,-0.02,447,435,443,332,372
7.58,3.29,3.69,-0.10,0.16,-0.06,447,435,443,332,372
7.19,3.96,3.50,-0.06,0.15,-0.07,447,435,443,332,372
7.14,3.19,3.78,-0.18,0.07,0.22,446,435,443,332,372
8.81,4.24,4.21,-0.02,0.20,-0.21,446,434,443,333,372
6.29,4.19,4.48,-0.08,0.13,0.12,446,435,443,332,372
8.08,4.67,5.23,0.06,0.19,-0.19,446,435,443,332,372
6.61,3.70,4.85,0.03,0.13,-0.05,447,435,442,332,372
8.40,3.81,5.69,0.04,0.18,-0.08,447,435,443,332,373
7.35,2.98,5.39,-0.04,0.13,0.03,447,435,443,332,373
5.66,2.90,5.75,-0.20,0.09,0.05,447,435,443,332,373
6.93,3.34,5.43,-0.15,0.14,-0.07,447,435,443,332,373
5.66,3.22,5.06,-0.09,0.18,-0.01,447,436,443,332,374
5.02,3.80,5.68,-0.04,0.28,-0.18,448,436,443,332,373
6.50,4.11,6.50,0.06,0.11,-0.09,448,436,443,332,373
5.80,4.49,6.06,0.00,0.27,-0.09,448,437,443,332,373
7.47,3.35,6.80,0.10,0.16,-0.12,448,437,443,332,374
5.13,2.89,5.35,0.00,0.25,0.29,449,438,444,332,374
5.91,2.81,6.73,-0.06,0.16,-0.20,449,438,444,332,374
5.13,3.02,6.33,-0.11,0.24,0.39,449,438,444,332,375
6.72,3.44,7.04,-0.02,0.21,-0.18,449,438,444,332,375
6.47,2.66,7.35,-0.05,0.15,0.38,449,439,444,333,376
6.06,2.53,5.56,-0.02,0.10,0.06,451,439,444,332,376
4.80,2.38,6.61,-0.02,0.14,0.17,453,439,444,333,376
4.69,2.12,7.82,-0.05,0.22,0.10,454,439,444,333,376
5.45,2.46,7.96,-0.07,0.16,-0.08,453,439,444,332,376
END
5.05,2.27,8.38,-0.06,0.16,0.10,443,434,441,332,370
8.81,2.84,2.00,-0.00,0.11,-0.12,443,434,441,332,370
7.72,3.17,2.86,-0.05,0.01,-0.02,443,434,441,332,370
7.55,3.96,3.09,0.02,0.17,-0.06,443,433,441,332,370
8.47,4.81,3.74,-0.08,0.11,-0.06,443,434,441,332,370
7.70,2.70,3.48,0.06,0.30,-0.18,443,434,441,332,370
8.64,3.46,3.08,-0.05,0.15,0.08,443,434,441,332,370
7.81,3.01,3.27,0.09,0.26,-0.15,443,434,441,332,370
6.31,3.03,3.57,0.03,0.10,-0.00,444,434,442,332,371
9.81,4.29,4.35,-0.03,0.19,-0.12,444,434,442,332,372
8.74,4.54,5.08,0.01,0.15,-0.05,444,435,442,332,372
8.00,3.95,4.64,0.06,0.17,-0.10,444,434,441,332,372
7.21,3.59,4.62,0.04,0.11,-0.06,444,434,441,332,372
7.54,3.28,4.49,0.00,0.10,-0.09,444,434,442,332,372
7.62,3.80,4.77,-0.03,0.09,-0.18,444,434,442,332,372
6.94,3.10,4.73,-0.05,0.05,0.01,445,435,442,332,372
6.13,3.30,3.74,-0.02,0.07,-0.10,445,435,442,332,372
7.16,3.85,5.32,-0.07,0.05,0.01,445,435,442,332,373
8.93,3.60,5.74,-0.06,0.08,-0.20,445,435,442,332,373
5.74,3.82,5.45,-0.04,0.14,0.11,446,435,442,332,373
8.48,2.46,5.63,-0.03,0.13,-0.01,445,435,442,332,373
5.33,3.21,5.20,-0.09,0.20,0.03,446,436,441,332,372
6.86,2.76,5.67,-0.16,0.17,0.19,446,436,442,332,373
4.20,2.99,5.25,-0.08,0.27,-0.07,447,436,442,332,373
7.74,2.74,6.19,-0.19,0.13,0.05,446,436,442,332,373
6.27,3.73,5.51,-0.04,0.27,-0.17,447,436,442,333,373
9.06,2.63,6.94,-0.11,0.17,0.51,446,436,442,333,374
6.70,2.41,7.39,0.07,0.22,-0.31,447,436,442,332,374
5.94,1.81,7.19,0.01,0.15,0.24,447,436,442,332,374
4.77,0.96,7.11,0.06,0.32,0.13,448,437,442,332,374
4.16,1.94,6.43,-0.06,0.50,0.16,448,437,442,333,374
5.42,1.89,7.23,0.02,0.41,-0.06,448,437,442,333,374
5.00,2.09,8.33,-0.06,0.30,0.03,449,437,442,333,374
6.39,1.92,9.24,-0.04,0.21,0.06,449,437,442,332,374
4.66,2.07,8.74,-0.02,0.23,0.24,451,438,442,332,374
3.85,1.10,8.60,-0.09,0.12,-0.18,453,439,443,332,374
END
3.72,1.18,7.79,-0.10,0.29,-0.10,443,433,440,332,372
8.74,3.42,2.89,0.05,0.07,-0.10,442,433,441,332,372
8.89,3.80,2.56,0.13,0.02,0.04,442,433,441,332,371
7.20,2.65,2.58,0.03,0.04,0.06,443,433,440,332,371
6.73,3.90,3.40,0.15,0.21,-0.33,443,433,440,332,371
9.50,3.49,3.38,0.07,0.05,-0.17,443,433,440,332,371
5.34,4.45,2.99,0.10,0.21,-0.24,443,433,440,332,371
6.30,4.08,2.79,0.21,0.41,-0.17,443,433,440,332,371
6.49,3.24,3.70,0.16,0.54,-0.37,442,433,440,332,370
8.15,3.85,4.21,-0.15,0.33,0.03,442,432,440,331,370
8.31,5.70,5.03,-0.02,0.24,0.16,442,433,440,332,371
6.23,4.25,4.46,-0.09,0.18,0.25,443,433,441,332,371
8.13,3.75,5.17,0.05,0.22,-0.05,443,433,440,331,371
4.44,2.74,4.68,-0.16,0.09,0.33,443,433,441,332,371
7.94,4.13,5.26,0.10,0.40,-0.65,443,433,441,332,371
5.43,5.58,5.40,0.03,0.14,-0.10,443,433,441,332,371
7.47,4.20,5.80,0.04,0.29,-0.49,443,433,441,332,371
4.34,3.98,5.94,-0.07,0.23,0.15,444,434,441,332,371
8.15,3.35,6.80,-0.23,-0.04,-0.09,444,433,441,332,372
2.87,3.83,6.21,-0.17,-0.07,0.10,446,435,442,332,372
8.58,3.37,5.63,-0.24,-0.33,-0.42,445,436,442,332,373
5.97,4.17,5.61,-0.15,0.12,-0.10,447,436,442,332,373
6.23,3.57,6.20,-0.25,-0.10,0.42,447,436,442,332,375
6.96,3.47,6.85,-0.18,0.15,-0.17,448,437,443,332,375
5.23,3.51,7.35,-0.12,0.10,0.42,448,437,443,332,376
6.68,2.86,7.30,-0.10,0.12,-0.28,448,437,442,332,375
5.22,2.68,6.75,-0.09,0.24,0.26,449,438,443,332,376
7.00,2.33,6.85,-0.07,0.14,-0.20,449,438,443,332,375
5.15,2.44,6.28,-0.08,0.21,0.11,451,438,442,332,376
5.57,2.14,6.84,-0.09,0.16,-0.07,451,438,443,332,377
5.07,2.12,7.39,-0.08,0.15,0.14,452,438,442,332,377
6.02,1.36,8.87,-0.05,0.21,0.37,453,438,442,332,377
5.85,0.49,8.66,-0.04,0.25,-0.10,455,439,442,332,377
5.48,1.15,8.52,0.03,0.31,0.18,455,439,442,332,377
4.72,1.65,8.87,-0.01,0.22,0.24,455,439,442,332,377
4.02,1.69,7.55,0.10,0.12,0.07,455,439,442,332,377
END
4.59,1.56,8.15,0.02,0.13,-0.02,435,429,440,332,370
8.45,3.88,3.85,-0.01,0.19,-0.13,438,430,440,332,370
8.71,2.78,3.85,0.06,0.18,-0.19,439,430,440,332,370
9.01,3.31,3.66,-0.05,0.10,-0.19,439,429,440,331,370
8.79,3.19,3.58,-0.03,0.04,0.06,438,429,440,332,370
7.06,2.63,2.92,-0.09,0.11,0.02,438,430,440,332,370
7.46,3.07,3.42,-0.11,0.17,-0.08,438,430,440,332,370
8.23,4.13,3.70,-0.01,0.17,0.05,438,430,440,332,370
8.13,4.15,3.78,0.05,0.21,0.23,438,430,440,332,370
7.73,1.48,4.21,0.19,0.29,0.04,438,430,440,332,370
7.83,0.20,4.52,-0.09,0.18,-0.05,438,430,440,332,370
6.93,1.89,5.07,-0.25,0.23,0.17,438,430,440,332,370
6.68,2.27,5.43,-0.19,0.34,-0.02,438,430,440,332,370
10.00,3.06,6.07,-0.20,0.24,-0.11,438,429,440,332,371
6.63,2.58,5.10,-0.11,0.14,0.48,439,430,440,332,371
7.93,1.95,5.59,0.11,0.32,-0.33,438,430,440,331,371
7.57,1.37,5.76,-0.07,0.10,0.12,439,430,440,332,371
7.85,2.06,6.52,0.10,0.24,-0.42,439,430,440,332,372
8.13,1.59,6.26,0.07,0.06,-0.05,439,430,440,332,373
6.17,1.38,6.05,0.04,0.10,-0.00,439,431,441,332,373
4.68,1.79,6.00,-0.00,0.12,0.10,440,431,441,332,373
6.67,1.36,6.69,-0.02,0.22,-0.16,440,431,441,332,374
3.70,1.56,6.83,-0.10,0.19,0.23,441,431,441,332,374
7.27,0.89,6.57,-0.04,0.17,-0.07,441,432,441,332,374
4.90,0.98,6.99,-0.04,0.13,0.02,443,433,441,332,374
6.37,1.56,7.71,0.04,0.13,-0.20,444,434,441,332,376
6.61,3.07,7.10,0.07,-0.03,0.06,445,434,441,332,376
6.33,2.08,8.05,0.10,0.03,-0.11,445,434,441,332,377
6.09,1.69,5.90,0.03,0.05,0.30,446,435,441,332,376
6.04,1.19,7.29,-0.02,0.10,0.02,447,435,440,332,377
6.19,1.79,7.52,-0.01,0.09,0.13,447,435,441,332,377
5.49,1.40,7.66,0.07,0.19,0.06,447,435,441,332,377
4.73,0.79,7.46,0.07,0.21,0.23,448,435,441,332,377
5.94,0.75,8.13,0.05,0.10,-0.12,448,436,441,332,377
4.80,0.83,7.59,-0.05,0.06,-0.02,449,436,441,332,377
4.17,1.29,7.41,-0.14,0.16,0.05,449,437,441,332,378
END
5.47,0.51,8.51,-0.08,0.30,0.25,438,431,439,332,370
8.57,3.65,2.73,0.10,0.10,-0.11,436,431,439,332,370
9.47,2.82,2.76,0.06,0.07,-0.06,435,431,439,332,370
8.03,2.73,2.75,-0.01,0.09,0.02,436,431,439,332,369
7.92,4.00,3.15,-0.06,0.16,-0.02,436,431,439,332,370
8.40,2.93,3.01,0.01,0.19,-0.11,436,430,439,332,370
7.92,2.87,2.91,-0.00,0.18,-0.14,437,431,439,331,370
7.49,2.07,3.32,-0.05,0.32,-0.04,437,431,439,332,370
7.49,3.76,3.60,-0.03,0.22,-0.16,438,431,439,332,370
8.26,3.78,3.94,-0.10,0.18,-0.14,437,431,439,332,370
7.62,3.57,3.87,-0.05,0.19,-0.09,437,431,439,332,370
7.73,3.17,3.51,0.06,0.20,-0.07,437,431,439,332,370
7.95,3.23,4.27,-0.09,0.08,-0.11,438,431,439,332,371
7.16,3.42,4.57,-0.04,0.06,0.09,438,431,439,332,371
7.36,4.19,4.69,-0.04,0.09,-0.09,438,431,439,332,371
8.02,4.03,4.70,0.01,0.11,-0.08,438,431,440,332,372
7.32,3.70,5.06,0.04,0.15,-0.12,439,431,439,332,372
8.00,3.71,4.84,0.06,0.10,-0.06,439,431,440,332,373
5.95,3.24,4.52,0.08,0.20,-0.01,439,431,440,332,372
8.35,3.17,5.43,0.07,0.05,-0.08,439,432,440,332,372
5.11,2.90,5.29,0.04,0.22,-0.08,440,432,440,332,372
6.74,2.63,5.70,-0.12,0.06,0.17,440,432,440,332,372
6.57,4.22,5.36,-0.02,0.17,-0.30,441,432,440,331,372
6.86,3.91,5.78,-0.06,0.14,0.12,441,433,440,332,373
6.89,3.47,4.97,0.03,0.29,-0.21,442,433,441,332,373
5.79,3.63,6.40,0.01,0.17,0.00,443,433,441,332,373
6.84,3.76,6.19,-0.01,0.15,-0.02,443,434,441,332,374
5.61,3.68,6.27,-0.02,0.21,0.09,444,434,441,332,374
6.43,3.02,6.73,-0.01,0.16,0.17,444,434,441,332,374
6.24,2.13,6.45,-0.08,0.14,0.18,444,435,441,332,374
4.46,2.46,7.19,-0.06,0.07,0.16,444,435,441,332,374
8.05,2.59,7.55,-0.15,0.05,-0.16,444,434,441,332,374
6.45,2.87,6.68,-0.08,0.06,-0.01,444,435,441,332,374
6.62,2.13,6.76,-0.07,0.13,0.25,444,435,440,332,373
5.47,2.16,6.89,-0.05,0.19,0.14,445,435,440,332,374
6.60,2.21,6.93,-0.04,0.08,0.12,444,435,441,332,374
END
5.18,1.87,7.39,-0.08,0.13,0.13,432,428,438,332,369
7.35,2.80,2.75,-0.04,0.04,0.01,434,428,438,331,369
8.40,2.96,2.69,-0.06,0.05,-0.07,434,428,438,331,369
7.14,2.83,2.61,-0.02,0.05,-0.16,432,428,438,331,369
8.50,2.24,2.61,-0.12,0.02,-0.02,432,428,438,331,369
6.96,2.58,2.55,-0.11,0.14,-0.13,435,428,438,331,369
8.17,4.37,3.68,-0.08,0.24,-0.24,436,428,437,332,369
10.16,4.87,3.55,0.11,0.15,-0.12,435,427,438,332,368
8.54,2.99,3.88,0.26,0.09,-0.13,434,427,438,331,369
7.79,3.35,3.84,0.08,-0.07,0.11,434,428,438,331,368
5.71,2.26,3.07,0.10,0.14,-0.09,434,428,438,331,369
8.39,3.27,3.73,-0.04,0.18,-0.14,434,428,437,332,369
6.14,2.78,3.78,-0.04,0.26,-0.10,435,428,438,331,369
8.74,3.82,3.91,-0.09,0.20,0.03,434,428,438,331,369
4.89,4.77,4.31,0.02,0.30,0.20,435,428,438,332,369
9.37,2.77,5.31,0.02,0.26,0.05,435,428,438,331,370
7.16,3.48,4.87,0.06,0.21,-0.29,435,428,439,331,370
7.53,3.14,5.33,-0.15,-0.01,0.32,435,428,439,331,371
7.70,2.40,5.05,0.04,0.16,-0.03,435,429,439,332,371
5.74,4.93,4.93,0.05,0.25,-0.11,436,429,439,332,372
7.31,2.84,5.92,0.02,0.23,0.10,437,430,440,331,373
5.61,3.39,4.95,0.03,0.22,0.12,439,430,440,332,373
7.40,2.46,5.74,-0.08,0.22,0.10,439,431,441,332,374
5.18,1.95,5.90,-0.14,0.31,0.29,440,432,442,331,375
5.71,2.27,6.60,-0.07,0.30,-0.29,440,432,442,332,375
8.43,1.54,7.14,-0.14,0.22,0.05,440,432,441,332,376
4.54,2.98,6.09,0.01,0.28,-0.31,442,433,442,331,376
8.14,1.99,6.78,-0.10,-0.06,-0.43,441,433,441,331,376
3.07,3.80,6.97,-0.05,0.38,0.02,443,433,441,332,377
7.93,3.19,8.00,-0.17,0.10,-0.24,442,433,441,331,377
5.37,4.14,6.97,0.02,0.17,-0.31,444,433,442,332,377
6.81,2.21,7.66,-0.00,0.00,-0.11,452,434,442,329,378
5.59,1.41,7.82,-0.06,0.12,-0.05,462,434,442,332,379
4.73,2.32,7.95,-0.10,0.02,-0.00,455,434,442,332,379
3.83,2.40,7.49,-0.02,0.20,-0.10,454,434,442,332,379
4.02,2.49,7.58,0.02,0.14,0.01,455,435,442,332,379
END
2.70,1.46,7.87,-0.03,0.21,-0.18,434,431,439,332,373
8.67,3.49,3.35,-0.02,-0.04,-0.12,434,430,439,331,373
8.94,2.98,3.07,-0.12,-0.05,0.05,435,430,438,332,372
6.93,2.88,2.86,-0.11,0.04,0.03,437,430,438,332,373
8.34,3.17,2.96,-0.09,0.04,-0.09,437,430,438,332,373
7.55,3.09,2.89,-0.03,0.02,-0.04,437,430,439,331,373
8.51,2.61,3.01,-0.01,-0.00,0.02,437,430,438,332,373
7.51,2.54,3.26,-0.10,-0.10,0.04,437,430,439,331,373
8.59,4.25,3.54,-0.06,0.04,-0.06,437,430,439,332,373
7.43,3.39,5.47,0.02,0.16,-0.19,436,430,439,332,373
8.41,3.61,3.69,0.08,0.13,-0.04,437,430,439,332,373
7.99,2.46,3.50,-0.01,0.09,-0.10,436,430,439,332,373
7.44,2.94,3.78,0.01,0.07,-0.05,437,430,439,331,373
7.82,1.75,4.01,-0.10,0.03,-0.07,437,430,439,332,374
8.14,3.77,3.91,-0.17,-0.13,0.00,437,430,439,331,375
8.86,4.64,4.17,-0.01,0.06,-0.32,437,430,439,332,375
7.75,2.56,3.85,0.01,0.09,-0.08,437,430,439,332,375
8.42,2.15,4.14,-0.08,0.04,0.05,438,431,439,332,376
7.63,3.78,4.05,-0.04,0.14,-0.19,438,431,439,332,376
5.92,3.56,4.37,-0.01,0.09,0.23,438,431,440,332,376
9.07,3.22,4.49,0.01,0.15,-0.30,439,431,440,332,376
4.41,2.05,4.62,-0.04,0.09,0.47,440,432,440,332,376
9.41,3.45,4.58,-0.09,0.17,-0.12,440,432,440,332,377
4.79,3.40,4.95,-0.02,0.18,0.33,440,432,440,332,377
9.54,2.60,4.97,-0.08,0.22,0.07,440,433,440,332,378
5.25,2.14,5.51,-0.03,0.22,-0.05,441,433,439,332,377
9.04,1.92,5.41,-0.11,0.17,0.05,440,432,440,332,378
5.37,1.96,5.66,0.03,0.43,-0.08,440,432,440,332,378
8.20,1.79,6.63,-0.03,0.32,0.13,440,433,439,332,379
6.72,1.62,6.63,0.01,0.41,-0.18,440,432,439,332,378
6.38,1.62,6.53,-0.07,0.33,0.37,440,433,439,332,378
5.62,1.90,6.67,-0.01,0.35,-0.12,441,433,439,332,378
6.56,1.57,7.29,-0.09,0.27,0.10,441,433,439,332,378
5.56,1.48,8.24,-0.03,0.31,0.01,442,433,439,332,378
6.94,0.63,8.22,-0.10,0.20,0.04,441,433,439,332,378
5.28,0.78,8.87,-0.09,0.19,0.13,442,433,439,332,378
END
5.56,1.31,8.01,-0.10,0.10,-0.05,436,431,438,332,372
5.05,1.96,1.88,0.05,0.05,-0.08,435,431,438,332,372
8.40,3.34,2.71,-0.16,0.10,-0.16,434,431,438,332,372
8.43,2.46,3.07,-0.14,0.12,-0.31,434,431,439,332,373
6.58,5.72,2.60,-0.18,-0.04,0.26,437,431,438,332,373
9.51,2.99,2.86,0.11,0.18,-0.23,436,431,438,332,373
6.76,3.94,3.12,-0.04,-0.03,0.11,436,431,439,332,372
7.74,4.07,2.47,0.02,-0.03,0.14,436,431,439,332,372
7.24,4.02,2.88,0.14,0.13,-0.23,436,431,439,332,372
6.29,3.16,3.00,0.06,0.11,0.12,436,431,438,332,372
7.90,4.35,4.05,0.12,0.30,0.02,435,430,439,332,372
7.75,3.27,4.43,0.08,0.26,-0.19,436,430,439,332,372
7.59,5.01,4.52,-0.03,0.22,0.08,436,430,439,332,372
9.06,3.04,4.84,0.04,0.23,-0.09,436,430,439,331,373
8.15,3.61,4.09,-0.10,0.06,0.02,436,431,439,332,373
6.65,3.32,4.27,-0.12,0.01,0.08,436,431,439,332,373
6.58,3.18,3.85,-0.10,0.02,0.10,437,431,440,332,374
7.05,3.84,4.31,0.15,0.25,-0.18,438,432,440,332,374
6.07,3.35,4.53,0.09,0.40,0.22,438,432,440,332,374
8.07,3.90,5.47,0.11,0.27,-0.16,438,432,440,332,375
6.21,2.70,5.43,0.03,0.24,0.23,439,432,440,332,375
8.33,2.76,5.51,-0.05,0.13,0.07,439,432,440,332,375
4.01,2.96,5.02,-0.15,0.23,0.17,440,433,440,332,375
8.27,3.57,6.16,-0.10,-0.02,-0.18,439,433,440,332,375
5.44,4.41,5.05,-0.03,0.32,-0.07,440,433,440,332,375
8.36,3.14,6.35,-0.00,0.10,-0.07,440,433,439,332,376
5.85,2.83,5.66,-0.05,0.16,-0.05,440,433,440,332,376
6.49,2.34,6.20,-0.02,0.13,-0.15,440,433,440,332,376
4.39,2.06,6.02,0.04,0.28,-0.32,441,433,440,332,376
7.10,2.96,6.74,-0.11,0.03,-0.15,441,433,440,332,376
7.96,3.44,6.85,0.03,0.19,-0.32,441,434,441,332,377
6.22,2.70,6.98,-0.02,0.14,0.31,442,434,440,332,377
6.92,3.80,6.37,0.05,0.05,-0.02,445,434,440,332,376
4.55,2.87,7.08,0.07,0.23,0.04,446,434,440,332,376
4.50,2.38,7.19,-0.13,0.22,0.19,447,435,440,332,376
5.08,2.34,7.74,-0.22,0.21,-0.49,448,435,440,331,376
END
4.97,2.44,9.14,-0.29,0.17,0.01,428,429,437,332,371
8.08,1.18,2.25,-0.21,-0.19,0.40,432,428,437,332,371
5.50,1.82,1.54,-0.25,0.14,0.25,434,428,437,332,371
8.45,3.57,2.04,-0.08,0.32,-0.33,434,428,437,332,371
9.33,3.65,3.26,0.12,0.37,-0.35,433,428,437,332,372
10.24,3.20,3.62,0.17,0.22,-0.31,433,428,437,332,371
9.33,2.77,3.09,0.11,0.03,-0.05,433,428,437,331,370
6.45,1.36,2.38,0.04,0.06,0.07,434,428,436,332,371
7.05,2.58,2.63,-0.17,0.16,-0.03,433,428,437,332,371
6.75,2.71,3.32,-0.03,0.32,-0.03,433,428,437,332,371
8.36,3.88,3.52,0.01,0.33,-0.18,433,428,437,332,372
6.90,3.07,4.33,-0.03,0.27,0.23,434,429,437,332,373
7.87,3.57,4.29,0.02,0.20,-0.05,434,430,438,332,373
8.43,2.76,4.46,0.21,0.28,-0.38,434,430,438,332,374
7.46,2.71,5.09,-0.05,0.19,0.22,435,430,438,332,374
5.07,1.07,4.52,-0.13,0.31,0.55,435,430,438,332,374
9.22,2.86,5.91,-0.10,0.31,-0.38,436,430,437,332,375
6.79,3.96,6.50,-0.09,0.22,-0.05,436,430,438,332,376
11.00,2.46,7.13,0.07,0.14,-0.37,436,430,438,332,377
3.96,2.43,5.56,-0.06,0.32,0.16,437,431,439,332,377
7.65,1.28,5.81,-0.11,0.05,0.11,437,431,439,332,378
4.13,2.61,5.20,-0.19,0.37,0.11,438,432,440,332,378
9.17,2.52,6.89,-0.08,0.06,-0.30,437,431,440,332,379
6.68,2.20,6.88,0.06,0.23,-0.15,437,431,439,332,379
7.06,0.34,7.19,-0.03,0.17,0.20,437,431,439,332,379
2.60,0.73,6.35,-0.11,0.34,0.34,439,432,440,332,379
6.95,1.84,7.12,-0.09,0.12,-0.42,439,432,439,332,379
5.00,2.30,7.70,-0.03,0.30,-0.25,439,432,439,332,378
6.68,3.38,7.75,-0.19,0.04,-0.06,438,432,440,332,379
5.56,0.51,7.70,-0.12,0.09,-0.09,439,432,440,332,379
4.94,1.93,7.59,-0.15,0.00,-0.11,439,433,440,332,379
5.66,1.06,8.00,-0.06,0.13,0.00,440,433,440,332,379
5.01,1.60,6.91,-0.07,0.13,0.15,440,433,440,332,379
4.77,0.27,8.14,-0.04,0.18,0.14,441,433,440,332,379
4.16,0.28,8.53,-0.14,0.09,-0.14,442,434,439,332,379
4.15,0.76,8.66,-0.20,0.27,0.16,442,433,440,332,380
END
4.56,0.10,9.23,-0.02,0.21,-0.15,434,429,437,332,372
9.27,3.49,2.46,-0.07,0.14,-0.05,434,429,437,332,372
7.11,4.06,2.73,0.02,0.18,-0.14,434,429,437,332,373
9.58,4.69,3.51,-0.02,0.11,-0.01,433,429,437,332,373
8.92,3.10,3.40,0.08,0.12,-0.14,433,429,437,332,372
8.69,3.42,2.99,-0.06,-0.01,0.20,433,429,437,332,372
7.60,3.35,2.99,-0.01,0.12,-0.08,433,429,437,332,372
7.44,3.45,2.94,-0.09,0.04,0.17,433,429,437,332,373
7.41,2.49,2.79,0.03,0.23,-0.24,433,429,437,332,373
7.47,4.55,3.65,-0.08,0.12,-0.07,434,429,437,332,373
7.15,3.85,4.62,0.05,0.33,-0.17,434,429,437,332,373
8.03,4.24,3.75,0.06,0.29,-0.11,433,429,437,332,373
7.75,2.85,4.44,-0.01,0.30,-0.16,434,429,437,332,373
6.81,3.91,4.04,-0.12,0.15,0.03,434,429,437,332,373
7.95,3.80,4.40,-0.08,0.16,-0.08,434,429,438,332,373
7.73,3.77,4.14,-0.09,0.12,-0.08,433,429,437,332,374
7.90,2.23,4.49,-0.15,-0.03,0.29,434,429,437,332,374
7.95,3.25,5.52,-0.08,0.07,-0.21,435,429,437,332,374
6.74,3.55,5.45,-0.10,0.01,-0.07,435,430,437,332,375
7.21,3.37,5.66,-0.16,0.08,-0.07,436,430,438,332,375
6.33,2.76,5.28,-0.03,0.15,0.08,436,430,438,332,375
6.22,2.99,4.90,0.00,0.20,-0.12,437,431,438,333,375
5.04,2.53,5.25,0.17,0.14,-0.34,438,432,438,332,375
7.31,3.80,5.33,0.06,0.17,-0.60,439,432,438,332,375
6.53,4.12,7.52,0.10,0.02,-0.18,439,432,438,332,376
7.66,4.80,6.17,-0.02,0.34,-0.06,439,433,438,332,376
7.96,3.87,7.39,-0.03,0.24,0.27,439,432,438,332,376
4.65,2.71,5.57,-0.01,0.39,0.36,441,434,438,332,376
6.05,2.48,6.12,-0.01,0.22,-0.06,440,433,438,332,376
5.64,2.67,6.09,-0.10,0.23,-0.07,441,434,438,332,376
5.35,3.40,7.38,-0.14,0.19,-0.16,444,434,439,332,376
5.55,3.73,7.73,-0.09,0.29,0.22,444,434,439,332,376
5.74,3.17,8.27,-0.02,0.23,0.04,444,434,439,332,376
5.49,2.43,7.84,-0.11,0.08,0.07,444,435,439,332,376
4.85,1.87,7.75,-0.16,-0.03,-0.16,447,435,438,332,376
5.43,1.40,7.78,-0.30,-0.06,-0.13,449,436,439,333,376
END
5.48,2.83,7.82,-0.14,0.30,0.42,425,426,437,332,370
8.49,3.68,2.47,-0.04,0.07,0.02,426,427,437,332,370
8.71,2.89,3.07,0.01,0.10,-0.07,426,427,437,331,370
8.23,2.58,2.91,-0.06,0.08,0.01,430,427,437,332,370
7.09,2.39,2.98,-0.10,0.21,-0.02,432,427,437,332,370
7.76,3.58,3.75,-0.11,0.23,-0.11,432,427,437,332,371
8.89,3.49,3.87,-0.00,0.22,-0.11,432,426,437,332,370
7.70,3.09,4.06,0.04,0.16,0.00,432,427,437,332,370
7.95,3.24,4.11,0.11,0.25,0.10,431,426,437,332,370
7.44,1.26,4.30,-0.05,0.17,0.22,432,427,437,332,370
7.41,2.05,4.39,-0.09,0.26,-0.18,432,427,437,332,371
6.36,2.37,5.01,-0.21,0.12,0.23,432,427,437,332,371
9.18,3.23,5.99,-0.05,0.30,-0.31,432,427,437,331,372
6.63,3.41,5.03,-0.06,0.23,-0.10,432,427,437,332,372
9.35,2.58,5.92,0.00,0.09,-0.04,432,426,437,332,372
7.03,1.87,5.23,-0.06,0.03,0.11,433,427,437,332,373
7.29,2.18,5.66,0.01,0.11,-0.15,433,427,437,332,373
5.41,2.73,5.38,-0.02,0.06,0.14,434,428,437,332,373
8.87,1.86,5.95,0.02,0.01,-0.16,433,428,437,332,373
4.03,1.83,4.56,-0.03,0.08,0.12,435,429,437,332,373
8.11,1.67,6.22,-0.03,-0.07,-0.25,435,428,437,332,374
4.53,2.28,5.13,-0.10,0.22,0.04,436,429,437,332,374
9.06,2.23,6.57,-0.19,0.18,-0.28,436,429,438,332,375
6.73,2.70,6.25,-0.09,0.20,-0.16,436,429,437,332,375
8.85,2.53,6.08,-0.04,0.22,0.29,436,429,437,332,375
6.04,2.00,6.64,0.09,0.24,0.15,437,430,437,332,375
7.65,1.59,6.82,0.08,0.15,-0.01,437,430,438,332,376
7.21,1.32,6.73,0.02,0.12,0.07,437,430,438,332,377
6.68,1.78,6.75,0.09,0.16,0.13,438,431,438,332,377
5.05,1.49,6.74,0.09,0.19,0.09,440,431,438,332,376
5.88,1.72,6.40,0.04,0.15,0.04,441,432,438,332,376
5.13,1.79,7.18,-0.02,0.29,-0.06,442,432,438,332,376
4.39,1.97,7.39,0.05,0.21,-0.23,444,434,438,331,375
5.52,2.25,8.56,0.40,0.27,-0.81,446,435,438,331,374
5.03,2.48,9.82,0.28,0.37,-0.18,448,436,438,331,373
4.90,3.69,8.58,0.16,0.20,-0.24,451,436,438,331,373
END
4.81,2.24,8.63,0.20,0.13,-0.14,426,427,436,331,371
9.22,4.22,2.74,0.09,-0.06,-0.13,425,427,436,332,372
8.44,3.51,2.64,0.05,-0.06,-0.11,424,427,436,331,372
6.67,4.08,2.19,-0.01,-0.04,0.06,425,427,436,332,371
9.17,3.88,2.43,0.00,0.02,-0.26,424,427,436,331,371
8.24,3.57,2.43,-0.06,-0.04,-0.11,424,427,436,331,371
7.40,4.21,2.52,-0.07,0.02,-0.16,427,427,436,331,371
8.22,4.52,2.45,-0.07,-0.01,-0.25,427,427,437,332,371
8.99,3.83,2.87,-0.10,-0.03,-0.05,429,427,436,332,371
6.90,4.42,2.72,-0.12,0.00,0.11,432,427,436,331,371
8.08,4.25,2.66,0.04,0.16,-0.15,432,427,436,332,372
8.01,4.49,2.69,0.01,0.13,0.04,432,427,437,332,372
8.28,3.63,2.87,0.05,0.27,-0.09,432,427,437,332,372
8.20,4.30,2.81,-0.04,0.20,0.16,432,427,436,332,372
6.30,3.22,4.08,0.01,0.35,-0.12,432,428,436,332,372
7.09,3.95,3.82,-0.10,0.26,0.10,432,428,437,332,373
7.40,4.16,3.71,-0.09,0.17,-0.10,433,428,437,332,374
8.49,3.78,4.40,-0.15,0.13,-0.04,433,428,437,332,374
7.86,4.49,4.62,-0.09,0.18,-0.07,433,428,437,331,375
7.75,3.09,5.13,-0.10,0.15,0.08,432,428,437,332,375
7.09,3.66,4.97,-0.11,0.19,0.02,433,428,437,332,375
7.55,3.43,5.53,-0.11,0.14,0.01,433,429,437,332,375
6.95,3.80,5.61,-0.04,0.12,-0.25,434,428,437,332,375
7.32,4.22,5.43,-0.05,0.00,0.00,434,429,438,332,375
6.60,3.52,5.01,-0.01,0.05,-0.37,435,429,438,332,376
6.90,3.22,5.48,-0.12,-0.01,-0.03,435,430,439,332,376
6.50,3.17,4.97,-0.08,0.09,-0.19,435,429,438,332,377
5.61,3.24,5.98,-0.09,0.10,-0.02,435,430,438,332,376
6.90,3.49,5.46,-0.04,0.15,0.05,436,430,438,332,376
6.42,3.07,6.04,-0.05,0.18,0.12,436,430,438,332,377
7.02,3.15,6.23,-0.14,0.17,0.09,436,430,438,332,377
7.67,3.15,5.79,-0.10,0.08,-0.05,436,430,438,332,377
4.00,2.89,5.63,-0.09,0.23,0.19,438,431,438,332,377
5.38,3.06,6.17,0.01,0.17,0.03,438,431,438,332,377
6.27,3.55,6.42,0.08,0.37,-0.09,438,432,438,332,377
5.98,2.81,7.49,0.09,0.26,0.14,440,431,438,332,377
END