3.08,-9.22,1.11,0.01,0.17,-0.19,510,469,473,334,358
1.81,-9.11,1.16,0.04,-0.05,-0.04,510,469,472,334,359
1.85,-9.10,1.28,0.03,0.00,-0.08,510,469,472,334,358
2.15,-9.04,1.43,0.04,0.00,-0.11,510,469,473,334,356
2.62,-9.07,1.22,0.04,0.03,-0.08,509,469,472,334,355
2.11,-8.88,1.47,0.03,0.03,-0.08,509,469,472,334,354
1.25,-8.84,1.68,0.03,0.22,-0.04,509,469,472,334,354
-0.40,-8.91,1.78,0.03,0.43,-0.07,509,469,472,335,358
0.67,-9.27,2.51,0.07,0.54,-0.20,509,469,472,334,358
0.73,-9.04,2.28,-0.01,0.68,-0.22,509,469,472,334,359
1.46,-8.76,2.50,-0.06,0.94,-0.16,509,469,472,334,359
1.68,-9.07,2.68,-0.10,0.86,-0.27,508,468,472,334,358
2.00,-9.25,3.53,-0.10,0.98,-0.23,508,468,472,334,359
2.17,-8.76,3.80,-0.13,0.98,-0.24,507,468,471,334,359
1.13,-8.26,3.50,-0.14,1.04,-0.32,507,468,471,334,359
1.95,-8.46,4.59,-0.18,1.01,-0.33,506,468,471,334,359
1.91,-8.54,4.48,-0.29,1.02,-0.37,506,467,471,334,359
2.53,-8.60,3.85,-0.33,0.94,-0.40,506,467,471,334,360
2.83,-8.57,3.26,-0.51,0.90,-0.30,506,467,471,334,360
4.76,-8.08,3.28,-0.21,1.05,-0.22,505,467,471,334,360
2.89,-8.36,2.62,-0.22,0.80,-0.29,505,466,471,334,360
2.20,-8.34,2.58,-0.20,0.74,-0.21,505,466,471,334,361
1.72,-8.38,2.78,-0.12,0.75,-0.26,504,466,470,334,360
1.18,-8.66,2.83,-0.22,0.75,-0.27,504,466,470,333,360
1.54,-8.74,2.92,-0.11,0.82,-0.20,504,466,470,334,360
1.99,-9.10,3.07,-0.17,0.84,-0.23,503,465,470,334,360
2.61,-8.93,2.74,-0.10,0.86,-0.14,502,465,470,334,361
2.35,-9.23,2.58,-0.16,0.74,-0.22,502,465,470,334,361
2.40,-8.94,2.95,-0.21,0.66,-0.20,501,465,470,334,361
2.77,-8.51,2.08,-0.19,0.60,-0.29,501,465,469,334,361
2.76,-8.68,2.46,-0.25,0.50,-0.28,501,464,469,334,362
3.19,-8.37,2.18,-0.21,0.47,-0.31,500,464,469,334,361
2.85,-8.20,1.49,-0.24,0.45,-0.22,500,464,469,334,361
2.34,-8.53,1.57,-0.24,0.46,-0.27,499,464,469,334,361
3.04,-8.45,1.29,-0.18,0.44,-0.43,499,463,469,334,361
2.67,-8.71,1.43,-0.22,0.46,-0.45,498,463,468,334,361
END
3.13,-8.51,1.24,-0.20,0.49,-0.41,500,460,465,334,367
-1.38,-10.55,0.95,0.09,-0.17,-0.04,500,460,465,333,379
0.11,-9.78,0.17,-0.04,-0.02,0.03,500,460,465,334,378
1.16,-9.04,-0.62,0.05,-0.08,0.11,500,460,465,333,377
0.23,-9.14,-0.30,0.18,-0.05,-0.03,499,460,464,334,378
-0.95,-9.72,1.37,0.12,0.04,-0.12,499,460,465,334,376
-0.20,-9.55,1.11,-0.01,0.17,-0.14,499,460,465,333,372
-2.26,-8.74,1.75,0.06,0.49,-0.24,500,460,465,333,362
-3.79,-9.60,1.79,0.04,0.92,-0.32,501,460,465,334,366
-0.10,-9.76,3.53,0.06,1.20,-0.37,500,460,465,334,366
1.88,-9.39,4.21,0.12,1.49,-0.21,500,460,465,333,366
0.72,-8.78,3.12,0.05,1.38,0.05,499,460,465,333,366
1.18,-8.66,4.22,0.01,1.49,-0.18,498,460,465,333,366
2.20,-8.78,4.98,-0.05,1.30,-0.35,499,460,465,334,367
1.23,-8.74,4.35,-0.13,1.31,-0.46,498,460,465,333,367
3.57,-8.08,3.48,-0.11,1.14,-0.59,497,460,465,334,367
2.99,-8.46,3.52,-0.36,1.08,-0.45,496,460,464,333,366
2.57,-8.41,3.66,-0.13,1.05,-0.28,496,460,464,333,367
2.53,-8.95,3.07,-0.12,0.93,-0.34,496,460,464,333,367
2.96,-8.57,2.18,-0.18,0.85,-0.41,495,460,464,333,367
3.07,-8.57,2.63,-0.18,0.78,-0.35,495,460,464,333,367
2.94,-8.38,2.23,-0.14,0.73,-0.33,495,459,464,333,367
2.23,-8.56,2.46,-0.18,0.74,-0.25,495,459,464,333,367
2.58,-8.14,3.09,-0.03,0.57,-0.38,495,459,464,334,367
2.70,-8.49,2.35,-0.12,0.60,-0.16,494,459,464,334,367
2.23,-9.42,3.70,-0.16,0.55,-0.20,494,459,464,334,367
2.18,-8.42,2.33,-0.16,0.61,-0.24,494,459,464,333,367
1.90,-8.34,2.37,-0.21,0.68,-0.20,494,459,464,333,367
2.39,-8.75,2.57,-0.34,0.64,-0.33,493,458,464,333,367
2.60,-8.64,2.18,-0.28,0.80,-0.21,493,458,464,333,367
0.78,-8.86,2.58,-0.51,0.72,-0.31,491,457,464,333,367
2.45,-8.83,3.08,-0.29,0.68,-0.39,490,457,463,333,368
2.25,-9.08,2.48,-0.40,0.74,-0.31,489,456,463,333,368
3.63,-8.06,1.89,-0.42,0.68,-0.40,488,456,463,333,369
5.03,-7.87,1.84,-0.40,0.69,-0.55,487,456,462,333,369
5.36,-7.47,1.18,-0.49,0.56,-0.41,487,455,462,333,370
END
5.63,-7.48,1.24,-0.45,0.50,-0.33,489,452,461,334,384
0.15,-8.26,-0.46,0.29,0.16,-0.32,489,452,460,334,376
-0.29,-8.57,-0.90,0.31,0.29,-0.37,490,452,460,334,372
0.34,-8.64,0.42,0.27,0.28,-0.49,490,453,460,333,371
-0.91,-9.80,2.53,0.26,0.64,-0.44,490,454,460,333,373
1.42,-10.48,2.88,0.13,0.79,-0.41,488,453,460,334,373
-0.92,-10.22,3.77,-0.08,1.24,-0.34,488,453,460,333,374
0.10,-7.43,4.55,0.24,1.52,0.10,487,453,460,333,374
3.73,-8.72,4.51,0.37,1.42,-0.03,486,453,459,332,376
1.68,-8.51,3.70,0.00,1.42,-0.24,485,453,459,333,374
1.21,-9.07,4.85,-0.05,1.25,-0.32,484,452,459,333,374
1.02,-9.14,4.94,-0.34,1.05,-0.49,484,452,459,333,374
0.84,-8.66,3.93,-0.38,1.11,-0.62,483,452,459,333,374
2.38,-7.77,3.60,-0.32,1.12,-0.55,483,452,460,333,374
2.33,-8.72,4.01,-0.14,0.95,-0.50,483,452,460,333,374
2.70,-8.21,3.45,-0.20,0.86,-0.22,483,452,460,333,373
2.61,-8.08,4.15,-0.13,0.83,-0.33,483,452,460,333,374
2.30,-8.18,3.00,-0.13,0.85,-0.20,483,452,460,333,373
2.30,-8.76,3.68,-0.12,0.73,-0.23,483,452,460,333,373
1.17,-8.77,2.90,-0.15,0.71,-0.12,483,451,460,333,373
1.51,-8.59,2.93,-0.22,0.76,-0.28,483,451,460,333,374
0.87,-9.00,3.32,-0.23,0.73,-0.37,483,451,460,333,373
1.24,-8.47,3.24,-0.20,0.70,-0.36,482,451,460,333,373
2.38,-9.23,3.14,-0.33,0.67,-0.37,482,451,459,333,373
2.09,-8.88,2.65,-0.24,0.72,-0.32,482,451,460,333,373
2.48,-8.56,2.19,-0.25,0.63,-0.31,482,451,460,333,374
1.98,-8.96,2.62,-0.28,0.64,-0.25,481,451,460,333,373
2.58,-9.02,2.45,-0.30,0.61,-0.32,481,451,460,333,373
3.31,-7.93,1.78,-0.24,0.68,-0.33,481,450,459,333,373
2.07,-8.59,2.21,-0.27,0.68,-0.17,481,451,459,332,373
2.16,-8.66,2.01,-0.25,0.60,-0.09,481,451,460,332,373
3.02,-8.23,1.72,-0.27,0.63,-0.36,481,451,459,332,374
3.89,-8.49,1.51,-0.28,0.60,-0.30,480,450,459,333,373
4.31,-7.36,1.44,-0.33,0.57,-0.40,480,450,459,333,373
3.89,-8.55,1.74,-0.36,0.52,-0.34,479,450,459,333,374
4.94,-8.23,1.26,-0.29,0.36,-0.55,478,450,459,332,374
END
6.27,-8.25,0.09,-0.37,0.33,-0.38,489,451,459,333,372
-0.65,-8.89,0.45,0.09,0.58,-0.22,489,451,459,333,367
-0.62,-9.13,0.83,0.19,0.62,-0.18,492,452,459,334,368
3.34,-10.08,1.10,0.04,0.61,-0.23,491,452,459,333,368
-0.45,-9.80,0.59,-0.12,0.81,0.07,491,453,459,333,367
1.91,-9.83,1.44,-0.10,0.68,-0.17,490,452,459,334,367
0.07,-9.10,0.31,-0.11,0.90,-0.08,490,452,459,333,367
1.13,-9.07,1.38,-0.06,0.84,-0.14,490,452,459,333,367
0.14,-9.54,2.56,0.09,0.98,0.12,489,452,459,333,367
0.68,-9.30,1.08,0.01,0.90,-0.26,489,452,459,333,367
0.29,-9.58,3.13,-0.14,1.02,-0.10,489,452,459,333,367
1.51,-9.48,3.22,0.03,1.09,-0.22,489,452,459,333,367
1.92,-9.59,3.60,-0.12,1.05,-0.26,488,452,459,333,366
1.28,-9.15,2.75,-0.19,0.99,-0.17,488,451,459,333,367
0.69,-9.02,2.70,-0.14,1.08,-0.14,488,451,459,333,367
0.76,-8.65,2.00,-0.15,1.10,-0.24,487,451,458,334,367
0.88,-8.67,2.51,-0.08,1.31,-0.15,487,451,458,333,367
1.45,-8.91,3.02,0.06,1.34,-0.18,487,451,458,333,367
1.54,-8.77,3.32,-0.05,1.24,-0.27,486,451,458,333,366
1.95,-8.34,3.16,-0.02,1.10,-0.32,486,451,458,333,367
2.11,-9.25,3.23,-0.12,0.93,-0.35,485,451,458,333,367
2.07,-9.56,3.59,-0.19,0.77,-0.41,485,450,457,333,367
3.27,-8.75,2.65,-0.07,0.64,-0.44,485,450,458,333,367
0.96,-8.46,1.96,-0.22,0.63,-0.26,484,450,458,333,366
2.81,-8.54,2.07,-0.17,0.54,-0.45,484,450,458,332,366
1.62,-8.96,2.20,-0.25,0.65,-0.02,484,450,458,333,366
0.14,-9.26,1.87,-0.29,0.76,-0.24,484,450,458,333,366
0.64,-9.13,2.33,-0.35,0.85,-0.19,483,450,458,333,366
0.30,-8.69,2.21,-0.25,1.00,-0.24,483,449,457,333,367
2.46,-9.00,2.96,-0.29,0.96,-0.37,482,449,457,333,367
1.94,-9.37,2.94,-0.26,0.89,-0.44,481,449,457,333,367
4.47,-8.48,2.15,-0.35,0.73,-0.23,481,449,457,333,368
4.08,-8.18,2.02,-0.36,0.77,-0.26,480,449,457,333,367
5.32,-7.67,1.39,-0.29,0.61,-0.39,480,448,457,333,368
4.91,-7.70,1.47,-0.52,0.49,-0.50,479,448,457,332,367
5.80,-6.50,0.23,-0.56,0.42,-0.82,477,447,457,333,369
END
5.87,-6.65,-0.17,-0.55,0.37,-0.59,490,451,457,334,364
-0.81,-9.81,2.81,0.27,1.06,-0.36,489,450,457,333,364
2.68,-9.11,1.75,0.04,0.95,-0.49,489,450,457,333,365
0.45,-8.64,1.67,0.10,1.10,-0.15,488,450,457,333,364
0.60,-8.86,2.40,0.20,1.07,-0.30,488,450,457,334,364
0.54,-9.81,3.19,0.03,0.90,-0.42,488,450,456,334,364
1.19,-9.35,2.94,-0.00,1.00,-0.57,487,450,456,333,364
1.39,-9.50,3.40,-0.13,0.97,-0.31,486,449,456,333,364
0.77,-9.39,3.33,-0.19,1.04,-0.32,486,449,456,333,364
2.48,-9.09,3.43,-0.18,0.98,-0.47,485,449,456,333,365
0.73,-8.56,2.61,-0.18,1.21,-0.14,485,449,456,333,365
1.51,-8.67,2.56,-0.14,1.01,-0.11,485,449,456,333,365
0.83,-9.09,3.34,-0.21,1.08,-0.56,484,449,456,333,365
2.89,-8.42,2.79,-0.09,0.80,-0.46,483,448,456,333,366
1.43,-9.05,3.29,-0.23,0.86,-0.41,483,448,456,333,366
3.16,-8.95,3.17,-0.18,0.75,-0.49,482,448,456,333,367
2.28,-8.60,2.56,-0.32,0.94,-0.14,481,448,455,333,367
2.55,-8.01,2.33,-0.27,0.72,-0.52,480,447,455,333,368
3.24,-8.46,2.23,-0.30,0.70,-0.14,478,447,454,333,368
2.73,-8.99,2.52,-0.15,0.59,-0.21,478,446,454,333,368
2.18,-9.21,2.16,-0.29,0.45,-0.16,477,446,454,333,368
2.11,-8.79,1.27,-0.18,0.60,-0.22,477,446,454,333,368
4.27,-8.45,1.93,-0.35,0.51,-0.03,477,446,454,333,369
0.62,-8.06,0.75,-0.40,0.71,0.02,476,446,455,333,368
1.69,-8.73,0.77,-0.41,0.60,0.02,475,445,454,333,369
0.92,-10.09,1.36,-0.16,0.81,0.02,474,445,454,333,369
1.87,-10.07,1.30,-0.38,0.71,-0.17,474,445,454,333,369
1.69,-10.52,1.66,-0.16,0.78,-0.12,474,444,454,333,368
3.24,-8.35,1.18,-0.20,0.84,-0.16,473,444,454,333,369
4.18,-9.26,1.39,-0.35,0.63,-0.21,473,444,454,333,368
4.24,-8.37,0.60,-0.26,0.62,-0.25,472,444,453,333,369
2.86,-8.61,0.96,-0.40,0.53,-0.32,472,444,454,333,369
3.59,-8.24,-0.52,-0.27,0.50,-0.27,472,444,454,333,369
2.05,-9.09,0.14,-0.29,0.63,-0.27,472,444,454,333,368
4.66,-7.82,0.09,-0.27,0.60,-0.17,472,443,453,333,369
5.08,-7.30,0.09,-0.27,0.59,-0.24,472,444,454,333,368
END
5.08,-7.42,0.18,-0.34,0.51,-0.27,484,447,454,334,364
0.30,-9.25,0.31,0.01,1.16,-0.10,484,446,454,333,364
4.16,-9.90,1.55,-0.05,0.92,-0.30,484,446,454,334,364
2.81,-10.00,0.23,-0.21,0.80,-0.29,483,446,454,334,364
3.07,-9.97,0.63,-0.16,0.70,-0.19,483,446,454,334,364
0.95,-10.20,0.23,-0.14,0.74,-0.09,483,446,454,334,364
1.25,-9.92,1.08,-0.13,0.77,0.04,482,446,454,334,364
0.06,-9.30,0.90,-0.08,0.90,0.04,482,446,454,333,364
0.69,-8.74,1.34,0.06,0.95,-0.02,483,446,454,334,364
1.47,-8.48,0.99,-0.00,1.00,-0.31,483,446,454,334,364
2.09,-8.92,2.46,-0.06,1.00,-0.19,482,446,454,334,364
3.21,-9.04,1.90,-0.13,0.89,-0.31,482,446,454,334,365
1.64,-9.13,1.70,-0.11,0.87,-0.17,481,446,454,334,365
3.41,-8.45,1.91,-0.09,0.91,-0.37,479,445,454,334,365
1.95,-9.13,2.35,-0.19,0.90,-0.09,478,445,454,333,365
3.98,-9.00,1.95,-0.07,0.79,-0.33,477,445,454,334,366
3.17,-8.80,1.62,-0.28,0.78,-0.33,477,444,454,334,366
3.42,-8.71,2.43,-0.33,0.71,-0.37,477,444,453,334,366
2.28,-8.31,1.21,-0.40,0.73,-0.25,476,444,453,333,366
3.95,-8.74,1.83,-0.33,0.60,-0.13,475,444,453,334,367
3.56,-8.69,1.09,-0.38,0.70,-0.32,475,444,453,334,367
3.96,-8.96,1.63,-0.44,0.48,-0.16,474,443,453,334,368
4.04,-9.04,0.47,-0.41,0.57,-0.36,474,443,453,334,368
3.36,-8.25,0.56,-0.52,0.53,-0.13,472,443,453,334,368
2.36,-8.63,1.02,-0.57,0.59,-0.07,471,443,453,334,368
4.41,-7.93,-0.79,-0.38,0.90,-0.31,469,442,453,334,369
3.73,-8.40,0.58,-0.54,0.77,-0.11,469,442,453,334,369
5.38,-8.32,0.36,-0.28,0.62,0.03,468,441,453,333,369
4.87,-7.97,-0.52,-0.50,0.54,-0.12,467,441,452,333,369
4.29,-7.93,-0.47,-0.29,0.65,-0.12,467,441,453,333,369
5.08,-6.96,0.23,-0.48,0.54,-0.51,467,440,452,333,369
5.10,-7.44,-0.73,-0.34,0.45,0.19,467,440,452,333,371
4.86,-7.84,-0.37,-0.37,0.51,-0.16,466,440,452,333,369
5.81,-7.96,-1.44,-0.22,0.51,-0.00,466,440,452,333,369
6.38,-7.78,-1.66,-0.36,0.38,0.05,465,440,452,333,370
6.47,-7.72,-0.91,-0.14,0.44,0.09,465,440,452,333,370
END
5.70,-7.25,-1.52,-0.21,0.38,0.11,486,447,455,335,361
1.60,-10.50,1.18,-0.02,0.19,0.05,486,447,455,335,361
1.03,-9.04,0.27,-0.13,0.23,-0.05,485,447,455,336,361
1.76,-8.45,0.15,-0.11,0.21,-0.07,485,447,455,335,359
1.49,-8.50,1.01,-0.03,0.25,-0.00,485,446,455,335,362
-2.98,-9.61,1.81,-0.10,0.60,0.16,485,446,455,335,361
-4.13,-10.07,3.02,0.07,1.07,0.13,485,447,455,335,361
-2.90,-10.56,4.26,0.02,1.38,-0.69,485,447,454,335,361
0.83,-10.04,5.14,-0.11,1.53,-0.54,484,447,455,334,362
0.73,-8.59,4.21,-0.02,2.11,0.14,483,446,454,334,364
0.69,-7.94,5.13,-0.09,2.11,-0.04,482,446,454,334,363
1.86,-7.95,5.75,0.01,2.01,-0.29,481,446,453,334,364
4.01,-8.59,5.47,-0.03,1.73,-0.41,480,445,453,334,365
2.73,-8.37,4.44,-0.13,1.49,-0.54,480,445,453,334,364
1.23,-8.50,4.26,-0.28,1.40,-0.48,480,444,453,333,364
3.01,-8.94,4.00,-0.22,1.14,-0.70,479,444,453,333,364
0.69,-8.30,2.64,-0.27,1.26,-0.35,478,444,453,333,364
2.78,-8.97,3.52,-0.20,1.09,-0.55,478,444,453,333,364
1.95,-9.02,2.66,-0.36,0.97,-0.69,477,443,453,333,364
2.24,-9.37,1.84,-0.56,0.69,-0.20,475,443,453,333,366
2.22,-8.08,1.84,-0.44,0.86,-0.78,475,443,452,333,365
3.31,-7.28,1.59,-0.39,0.93,-0.26,472,441,452,333,367
5.04,-8.17,2.06,-0.21,0.81,-0.10,471,441,452,333,367
4.72,-8.31,0.81,-0.36,0.64,-0.10,471,441,452,333,368
3.55,-8.96,1.44,-0.23,0.59,-0.03,471,441,452,333,367
3.20,-8.99,0.46,-0.38,0.57,-0.33,470,441,451,333,367
2.93,-9.60,1.01,-0.49,0.53,-0.31,470,440,451,333,367
3.12,-8.51,0.60,-0.35,0.60,-0.68,470,440,451,333,367
4.97,-8.51,0.95,-0.33,0.47,-0.12,469,440,451,333,368
4.65,-7.31,0.17,-0.35,0.55,-0.02,469,440,451,333,368
3.32,-7.83,0.73,-0.38,0.48,-0.00,468,440,451,333,368
3.36,-7.62,0.26,-0.40,0.61,-0.08,468,439,451,334,368
4.50,-8.11,0.14,-0.33,0.56,-0.05,467,439,451,333,368
4.68,-8.31,-0.46,-0.33,0.69,-0.41,466,439,451,333,368
7.54,-7.91,-0.23,-0.21,0.51,-0.46,466,439,451,333,368
7.29,-7.49,0.22,-0.33,0.44,-0.09,465,439,451,333,368
END
7.22,-7.54,0.18,-0.36,0.27,-0.14,485,446,453,335,362
0.04,-9.57,0.22,0.08,0.43,-0.03,485,446,453,335,363
0.01,-9.96,0.78,0.01,0.57,-0.12,484,446,453,335,363
2.14,-10.01,0.53,-0.07,0.58,-0.10,484,446,453,335,363
1.94,-9.91,-0.22,0.01,0.56,0.30,484,445,453,335,363
0.24,-9.51,0.05,-0.07,0.61,-0.19,483,445,453,335,363
0.50,-9.13,0.22,-0.05,0.64,-0.23,483,445,453,335,363
-0.32,-8.25,0.52,0.03,0.86,-0.45,483,445,453,335,363
1.12,-8.36,1.03,-0.10,0.63,-1.02,483,446,453,334,363
3.43,-8.59,1.65,0.03,1.03,-0.06,482,445,453,335,364
3.53,-9.32,1.82,-0.02,0.96,-0.17,482,445,452,334,363
1.77,-9.45,2.46,-0.21,1.05,-0.29,481,444,453,335,364
4.38,-9.25,2.46,-0.12,1.03,0.12,480,444,453,335,363
2.41,-8.56,3.08,-0.22,1.14,-0.04,479,444,452,334,363
3.01,-8.69,3.50,-0.25,1.12,-0.02,477,443,452,334,364
4.08,-8.87,2.75,-0.27,0.91,-0.20,476,443,452,335,364
2.88,-9.44,2.15,-0.41,0.78,-0.27,476,443,452,335,364
3.31,-8.66,1.41,-0.35,0.74,-0.27,476,442,451,334,364
1.79,-8.82,1.54,-0.34,0.84,-0.20,476,442,452,335,364
2.52,-8.53,1.62,-0.26,0.94,-0.33,475,442,452,334,364
3.55,-8.33,2.21,-0.22,1.01,-0.22,474,441,451,334,364
3.47,-8.47,2.12,-0.26,0.99,-0.19,473,441,451,334,364
2.99,-8.59,1.91,-0.30,1.00,-0.27,473,441,451,334,365
4.26,-8.20,1.93,-0.19,0.92,-0.26,472,441,450,334,364
4.48,-8.54,1.61,-0.22,0.80,-0.19,472,441,450,334,364
3.21,-9.18,2.54,-0.33,0.66,-0.18,471,440,450,334,364
2.64,-8.80,1.49,-0.48,0.55,-0.17,470,440,451,333,364
2.46,-9.45,1.85,-0.36,0.61,-0.21,470,440,450,334,364
2.42,-9.02,1.63,-0.54,0.66,-0.25,469,439,450,334,364
2.82,-8.89,1.73,-0.38,0.78,-0.33,469,439,450,333,364
2.10,-8.46,1.82,-0.58,0.94,-0.31,468,439,450,333,364
4.43,-7.73,1.56,-0.63,0.89,-0.56,466,438,450,333,366
5.56,-7.64,1.14,-0.50,0.96,-0.18,465,438,450,334,366
6.26,-8.15,1.02,-0.52,0.84,-0.22,464,438,449,333,366
5.90,-8.02,1.41,-0.40,0.75,-0.24,464,437,450,333,366
7.01,-6.98,0.19,-0.61,0.42,-0.20,463,437,450,333,367
END
4.18,-6.42,0.50,-0.52,0.54,-0.16,472,437,450,334,363
4.11,-9.86,-0.03,-0.25,0.98,-0.10,472,437,449,334,363
2.47,-9.28,-1.05,-0.02,0.91,0.27,471,437,450,334,363
1.87,-8.66,-0.38,-0.11,0.85,-0.15,472,437,450,334,363
2.30,-8.76,0.01,0.03,0.86,-0.10,472,437,450,334,363
1.05,-8.92,0.34,0.05,0.89,-0.03,472,437,450,334,363
1.92,-9.45,0.98,-0.02,0.95,-0.16,472,437,449,334,363
2.73,-9.69,1.74,-0.11,0.93,-0.31,472,437,450,334,363
2.68,-9.43,0.92,-0.23,0.99,-0.05,472,437,450,334,363
2.84,-9.66,1.34,-0.33,0.95,-0.47,471,437,450,334,363
3.71,-7.89,0.47,-0.57,1.04,-0.46,471,437,449,334,364
5.44,-9.22,1.51,-0.37,0.83,0.00,470,436,450,334,364
3.85,-8.33,-0.04,-0.44,0.84,-0.24,469,436,450,334,364
3.98,-8.48,0.17,-0.41,0.64,-0.09,468,436,449,334,364
2.91,-8.62,0.19,-0.27,0.79,-0.07,468,435,449,334,364
2.54,-8.99,0.44,-0.40,0.69,0.04,468,436,449,334,365
3.55,-9.00,0.67,-0.46,0.78,-0.41,468,435,449,334,364
4.27,-8.35,-0.35,-0.66,0.73,-0.31,466,435,449,334,365
5.92,-7.59,-0.64,-0.58,0.75,-0.22,465,434,448,334,367
5.48,-8.15,-0.49,-0.39,0.74,0.10,464,434,449,333,367
7.10,-7.81,-0.99,-0.53,0.59,-0.27,463,434,449,334,367
5.64,-7.87,-1.72,-0.27,0.51,0.09,463,434,449,334,367
3.84,-8.03,-1.40,-0.47,0.56,-0.11,463,434,448,334,367
5.23,-8.81,-0.88,-0.29,0.56,-0.03,463,433,449,334,367
3.68,-7.44,-1.28,-0.42,0.57,0.07,462,433,449,334,367
4.52,-7.99,-0.47,-0.48,0.56,0.13,462,433,448,333,367
4.05,-7.92,-1.60,-0.43,0.69,-0.10,461,432,448,333,367
4.49,-8.59,-1.39,-0.52,0.60,0.05,460,432,448,334,367
4.03,-8.68,-0.95,-0.50,0.75,0.04,460,432,448,333,367
7.40,-8.01,-0.74,-0.47,0.62,0.13,460,432,448,333,367
4.47,-7.59,-0.58,-0.47,0.75,0.25,460,432,448,334,367
7.06,-7.23,-0.83,-0.53,0.59,0.07,459,432,448,334,367
6.26,-6.55,-0.94,-0.42,0.67,-0.08,459,431,448,334,367
7.20,-6.24,-1.62,-0.50,0.54,-0.26,459,431,448,333,367
6.56,-6.89,-1.24,-0.41,0.46,0.00,458,431,448,334,368
7.23,-5.95,-1.59,-0.41,0.51,-0.37,457,431,448,333,368
END
4.34,-4.80,-0.47,-0.43,0.42,0.04,471,435,447,334,361
4.13,-9.70,-0.47,0.29,0.85,-0.03,471,435,447,334,360
2.20,-10.12,-0.47,0.19,0.74,0.07,471,435,448,334,360
0.00,-9.03,-0.63,0.03,0.66,0.06,471,435,448,334,360
1.26,-9.89,0.73,-0.08,0.71,-0.26,471,435,447,334,360
1.44,-10.16,0.67,-0.09,0.75,-0.26,471,435,448,334,360
3.42,-9.79,0.04,-0.20,0.74,-0.22,471,435,447,334,361
1.49,-9.56,0.18,-0.06,0.83,0.03,471,435,448,334,361
1.39,-9.81,0.57,-0.18,0.87,-0.17,471,435,448,334,361
1.59,-9.33,0.98,-0.09,1.06,0.00,471,435,447,334,361
2.66,-9.63,1.29,-0.06,0.93,0.16,470,435,447,335,361
2.43,-9.44,1.22,-0.12,1.01,0.02,471,435,447,334,361
1.44,-9.91,1.16,-0.29,0.90,0.03,470,435,447,334,361
1.11,-9.36,1.51,-0.16,1.01,-0.08,470,435,447,334,361
0.12,-8.61,1.11,-0.28,1.12,-0.10,470,435,447,334,361
2.71,-9.14,1.92,-0.22,1.06,-0.06,469,435,447,334,361
2.05,-8.99,1.11,-0.46,1.16,-0.56,469,435,447,334,361
3.54,-9.44,1.61,-0.40,0.84,-0.26,468,434,447,334,362
3.47,-7.87,-0.28,-0.40,0.93,-0.36,467,434,447,334,362
5.06,-8.26,0.30,-0.25,0.73,0.00,466,434,447,334,363
1.84,-8.69,-0.08,-0.04,0.84,-0.22,466,434,447,333,362
3.88,-8.56,-0.22,-0.14,0.71,-0.01,466,434,447,334,362
3.84,-8.11,0.01,-0.19,0.71,-0.21,465,434,447,333,363
2.53,-9.43,0.50,-0.19,0.73,0.05,465,434,447,334,363
3.51,-9.15,0.18,-0.27,0.64,-0.30,464,434,446,334,363
3.59,-8.66,0.24,-0.25,0.61,0.02,464,433,447,333,363
4.21,-8.49,0.16,-0.23,0.50,-0.20,463,433,447,333,363
3.48,-8.87,-0.85,-0.22,0.54,0.08,463,433,446,333,363
4.31,-8.92,-0.27,-0.28,0.42,-0.09,463,433,447,333,363
3.46,-8.30,-0.88,-0.24,0.53,-0.09,463,433,447,333,363
2.73,-8.85,-0.39,-0.30,0.55,-0.08,462,433,446,333,363
4.01,-8.51,-0.57,-0.27,0.49,-0.24,462,433,446,333,363
4.35,-8.79,-0.20,-0.35,0.35,-0.08,460,432,446,334,363
3.78,-8.76,-1.23,-0.25,0.49,-0.12,460,432,446,333,363
3.26,-8.60,-1.03,-0.30,0.57,-0.15,459,432,446,332,363
4.52,-8.39,-0.58,-0.31,0.52,-0.02,459,432,446,333,363
END
5.29,-7.28,-1.78,-0.42,0.58,-0.27,472,435,448,335,361
0.40,-9.56,-0.50,0.03,0.45,-0.26,472,435,448,335,361
1.95,-9.91,-0.88,0.17,0.50,0.08,471,435,448,335,361
0.61,-9.45,-1.21,0.04,0.42,-0.03,471,435,448,335,361
-1.53,-9.13,-1.16,0.13,0.64,0.04,471,435,448,335,361
-1.41,-10.29,-0.24,-0.07,0.64,-0.04,471,434,448,335,362
-1.40,-10.65,1.63,-0.14,0.97,-0.27,469,435,448,335,361
0.71,-9.52,0.36,-0.07,1.23,-0.24,468,434,448,334,362
-0.39,-9.59,1.49,0.13,1.46,0.20,468,434,448,335,362
1.96,-9.73,2.30,0.10,1.49,-0.12,468,434,449,335,361
0.28,-10.01,3.66,0.15,1.68,-0.07,468,434,449,334,361
2.28,-9.87,3.49,-0.12,1.41,0.01,467,434,450,334,361
0.98,-9.70,3.68,-0.27,1.52,-0.30,467,434,450,334,360
1.45,-8.94,2.81,-0.34,1.47,-0.21,467,434,449,334,361
2.95,-9.09,3.47,-0.46,1.27,-0.50,467,433,449,334,361
2.30,-8.31,2.35,-0.37,1.28,-0.34,466,433,449,334,362
5.88,-9.23,2.25,-0.25,0.97,-0.23,465,433,449,334,361
2.05,-7.96,0.72,-0.19,1.09,-0.07,465,433,449,334,361
2.84,-9.05,1.45,-0.18,1.02,-0.03,465,433,449,334,361
1.59,-9.08,1.39,-0.21,1.00,-0.23,465,433,448,334,361
3.28,-8.94,1.27,-0.24,0.83,-0.05,465,432,448,334,361
1.37,-9.33,1.59,-0.05,0.84,0.11,464,432,448,334,361
2.07,-9.40,1.49,-0.20,0.79,-0.21,464,432,449,334,361
1.52,-8.53,1.18,-0.21,0.89,-0.27,464,432,449,334,361
2.20,-7.93,1.47,-0.22,0.79,-0.11,464,432,448,334,361
2.45,-9.16,1.55,-0.21,0.78,-0.25,464,432,449,334,361
3.68,-8.85,1.59,-0.13,0.75,-0.24,464,432,448,334,361
2.92,-9.30,1.00,-0.37,0.67,-0.25,464,432,448,334,361
3.32,-9.08,1.12,-0.20,0.70,-0.13,463,432,448,333,361
4.23,-8.71,0.71,-0.32,0.53,-0.15,463,432,448,333,361
3.38,-8.42,0.92,-0.43,0.54,-0.09,462,431,448,333,362
4.47,-8.29,0.21,-0.22,0.64,-0.19,460,431,448,333,362
5.09,-8.97,0.09,-0.20,0.55,-0.35,460,430,448,334,362
3.12,-7.80,-0.67,-0.23,0.43,-0.15,460,430,448,333,362
3.63,-8.35,-0.55,-0.18,0.44,-0.25,460,430,448,333,363
3.63,-7.71,-0.14,-0.23,0.33,-0.08,459,430,448,333,362
END
3.45,-7.48,-0.05,-0.12,0.47,-0.12,477,438,450,334,360
4.83,-9.30,0.15,-0.03,0.50,-0.09,477,438,450,335,360
3.42,-9.43,-0.69,-0.12,0.38,-0.10,476,438,450,334,361
2.02,-8.68,-0.49,-0.22,0.44,-0.01,476,438,449,334,360
2.17,-8.72,-0.19,-0.15,0.52,-0.34,476,438,450,334,360
0.97,-8.59,0.17,-0.04,0.74,0.11,476,438,449,334,360
2.81,-9.23,1.34,-0.11,0.86,-0.14,476,438,450,334,360
1.96,-9.27,1.44,-0.18,1.09,-0.11,475,437,449,334,360
1.95,-9.45,2.20,-0.29,1.03,-0.16,475,437,450,334,360
3.82,-9.34,2.34,-0.07,1.12,0.02,473,437,451,334,360
1.83,-9.10,2.40,-0.28,1.13,-0.38,473,437,450,335,360
3.46,-9.66,3.35,-0.19,1.06,0.11,472,437,450,334,359
1.61,-8.31,2.75,-0.48,1.20,-0.15,472,436,450,333,359
4.31,-7.56,3.16,-0.21,1.00,-0.24,470,436,450,333,360
4.16,-7.70,2.20,-0.31,1.13,-0.32,470,435,449,333,360
6.22,-8.36,2.11,-0.31,0.88,-0.39,469,435,449,333,362
4.15,-7.38,1.18,-0.50,0.94,-0.50,468,435,449,333,361
6.03,-7.88,2.09,-0.46,0.64,-0.34,466,434,449,333,363
4.41,-7.95,0.34,-0.65,0.64,-0.48,465,434,448,333,363
5.06,-8.59,0.01,-0.35,0.57,-0.12,464,433,448,333,363
2.53,-8.51,0.10,-0.36,0.70,-0.10,464,433,448,333,362
3.91,-9.75,2.59,-0.27,0.75,-0.10,464,433,448,333,362
4.43,-7.86,1.27,-0.25,0.82,-0.06,464,433,448,333,362
3.52,-8.13,2.03,-0.44,0.82,-0.18,463,433,448,333,362
4.81,-8.99,2.05,-0.22,0.83,0.17,462,432,447,333,362
4.29,-6.92,0.24,-0.51,0.69,0.15,462,431,447,333,364
3.02,-9.03,2.05,-0.37,0.78,-0.12,461,431,446,333,364
5.00,-8.39,1.00,-0.46,0.56,0.09,460,431,446,333,365
3.91,-8.69,1.26,-0.47,0.60,-0.32,460,431,446,333,365
5.00,-7.96,0.62,-0.36,0.58,-0.12,459,430,446,333,366
4.74,-7.79,0.22,-0.45,0.63,-0.34,458,430,446,333,366
5.51,-7.48,0.57,-0.40,0.57,-0.30,457,430,445,333,366
5.09,-7.38,-0.09,-0.43,0.57,-0.23,457,429,445,333,366
4.95,-8.13,0.85,-0.47,0.50,-0.33,456,429,445,333,366
6.17,-7.77,-0.32,-0.42,0.38,-0.23,455,428,445,333,366
5.49,-7.76,-0.39,-0.40,0.27,-0.23,455,427,445,333,366
END
5.15,-7.01,-0.81,-0.21,0.27,0.46,476,436,448,334,361
-0.50,-9.38,0.05,0.13,0.69,-0.07,477,436,448,335,361
-0.12,-8.71,-1.07,0.04,0.68,-0.37,477,436,448,334,361
0.88,-9.25,0.31,0.13,0.73,-0.08,477,436,448,335,360
0.98,-9.98,0.56,0.16,0.83,-0.08,477,436,448,334,360
2.29,-10.35,0.29,-0.10,0.54,-0.37,476,436,448,334,361
0.19,-9.69,0.57,-0.14,0.73,-0.22,477,436,448,334,360
0.55,-9.27,0.53,-0.10,0.78,-0.15,476,436,448,334,360
0.00,-9.78,1.00,-0.08,0.93,0.10,476,436,448,334,360
-1.69,-8.69,0.99,-0.05,1.20,-0.43,476,436,448,334,360
1.16,-8.36,1.85,0.01,1.19,-0.23,474,436,448,334,360
2.52,-9.50,3.08,-0.11,1.20,-0.25,473,436,447,334,361
2.74,-8.82,1.53,-0.17,1.20,-0.31,473,435,447,334,360
2.48,-9.19,2.68,-0.19,1.08,0.05,471,435,447,334,361
2.89,-8.76,2.17,-0.01,1.17,-0.22,471,435,447,335,362
2.07,-8.88,2.37,-0.12,1.10,-0.25,470,434,447,334,362
3.32,-8.33,2.15,-0.17,0.79,-0.35,470,434,447,334,362
1.49,-8.52,2.35,-0.13,0.99,-0.32,469,434,447,334,362
2.40,-8.65,2.37,-0.27,0.83,-0.38,469,433,447,334,362
2.57,-9.23,2.68,-0.27,0.84,-0.25,468,433,447,334,362
3.83,-9.20,2.63,-0.46,0.67,-0.34,466,433,446,334,362
3.01,-9.17,2.09,-0.51,0.74,-0.27,466,432,446,334,362
3.84,-8.63,1.15,-0.41,0.71,-0.28,464,432,446,334,363
3.57,-8.33,1.01,-0.47,0.83,-0.41,462,431,446,334,365
4.79,-8.25,1.89,-0.60,0.58,-0.29,460,431,446,334,367
4.65,-8.43,1.16,-0.46,0.57,-0.23,459,431,446,334,367
4.24,-8.00,0.49,-0.47,0.65,-0.02,459,430,446,334,366
3.79,-9.17,1.51,-0.45,0.64,0.05,458,430,447,334,366
5.40,-8.03,0.62,-0.39,0.63,-0.22,457,430,446,334,366
4.43,-7.62,-0.17,-0.50,0.77,-0.12,457,429,446,334,365
5.03,-7.21,-0.26,-0.21,0.82,0.06,456,429,445,334,365
5.41,-7.02,-0.26,-0.34,0.64,0.00,455,428,446,333,365
7.49,-8.31,0.18,-0.12,0.40,0.10,454,428,445,334,365
4.67,-8.56,-0.95,-0.28,0.31,-0.09,454,428,445,334,365
4.39,-8.41,-1.05,-0.25,0.35,0.01,454,428,445,333,365
5.07,-8.69,-0.24,-0.28,0.38,-0.35,454,428,445,334,365
END
3.98,-7.37,-0.64,-0.26,0.46,-0.24,476,435,447,335,366
1.05,-9.24,-1.78,-0.01,0.12,-0.03,476,435,447,335,367
1.04,-9.45,-0.74,0.08,0.14,0.04,476,435,448,334,366
0.58,-9.35,-0.98,0.01,0.16,0.11,476,435,448,335,363
0.04,-9.48,-0.98,-0.07,0.21,-0.16,476,435,448,335,363
-0.39,-9.75,-0.03,-0.02,0.30,-0.05,475,435,447,335,363
-2.57,-10.90,0.69,-0.03,0.70,0.10,475,435,448,335,362
-3.38,-10.03,0.89,-0.00,1.19,-0.02,476,435,448,334,361
0.29,-9.95,2.20,-0.00,1.29,-0.14,475,435,448,334,361
0.84,-9.23,1.62,-0.01,1.51,-0.13,475,435,448,334,361
-0.13,-8.66,1.51,-0.09,1.56,0.18,474,435,448,334,361
0.07,-8.99,1.89,0.08,1.68,-0.09,473,435,448,334,361
1.62,-9.66,3.59,0.01,1.61,-0.19,472,434,448,334,361
2.79,-8.54,3.26,0.17,1.75,-0.38,471,434,447,333,362
3.35,-8.21,3.14,-0.10,1.35,-0.40,470,433,447,334,362
1.82,-9.10,4.36,-0.09,1.27,-0.31,469,433,447,334,362
2.66,-9.25,2.40,-0.38,1.06,-0.63,469,433,447,334,362
2.68,-9.02,2.99,-0.40,1.01,-0.22,468,432,447,334,363
3.12,-8.94,2.39,-0.31,1.01,-0.24,467,432,447,334,362
1.51,-8.80,1.80,-0.32,1.15,-0.44,465,431,447,334,362
4.16,-8.67,2.63,-0.36,0.90,-0.54,464,431,446,334,364
3.79,-9.10,2.25,-0.37,0.94,-0.13,463,430,446,333,364
5.32,-9.12,1.58,-0.45,0.67,-0.36,463,430,446,333,364
3.71,-8.76,1.30,-0.46,0.71,-0.09,462,430,446,333,364
3.38,-8.00,0.67,-0.48,0.60,-0.15,461,430,446,333,364
4.24,-8.26,0.43,-0.47,0.61,-0.33,460,429,446,333,365
4.67,-7.38,-0.55,-0.34,0.67,-0.12,459,429,446,334,365
4.58,-7.82,0.42,-0.38,0.65,-0.09,458,429,445,333,365
4.15,-8.50,-0.32,-0.28,0.57,-0.08,458,428,445,333,364
4.11,-8.90,0.01,-0.30,0.43,-0.18,457,428,445,333,365
4.59,-8.99,-0.24,-0.15,0.44,-0.35,457,428,445,333,365
4.10,-8.64,0.10,-0.46,0.35,-0.19,457,427,445,335,365
4.44,-7.89,-0.19,-0.39,0.48,-0.24,457,427,445,333,365
4.93,-7.72,-0.73,-0.54,0.54,-0.24,457,427,445,333,365
5.19,-6.60,-0.78,-0.60,0.59,-0.37,455,427,445,333,366
6.55,-5.23,-1.46,-0.59,0.66,-0.45,453,426,444,333,366
END
5.64,-7.05,-1.08,-0.10,0.62,-0.33,475,434,447,335,359
1.62,-9.43,-0.96,0.14,0.37,-0.07,475,435,447,334,359
1.66,-9.43,-0.76,0.00,0.32,0.08,475,434,448,334,359
1.13,-9.29,-0.39,-0.02,0.29,-0.11,475,434,447,335,359
1.94,-9.10,-0.75,0.00,0.32,0.02,475,434,447,334,359
0.39,-9.22,-0.03,0.06,0.35,-0.08,475,434,447,334,359
-0.14,-9.68,0.64,0.09,0.69,0.15,475,434,447,334,359
-0.42,-9.75,0.91,0.03,0.68,-0.08,475,434,448,334,359
0.29,-9.87,0.92,0.04,0.82,0.02,475,434,448,334,359
0.78,-9.86,1.49,-0.05,0.90,-0.18,474,434,447,334,360
-0.06,-9.02,1.25,-0.00,1.12,-0.01,474,434,447,334,360
-0.42,-8.91,2.23,0.10,1.20,0.06,473,434,447,334,360
1.02,-9.32,3.72,0.04,1.24,-0.12,473,434,447,334,360
2.85,-9.31,3.37,0.21,1.30,0.15,472,433,447,334,361
-0.11,-9.55,3.17,-0.16,1.26,-0.03,472,434,447,334,360
0.12,-9.24,3.42,0.03,1.23,-0.26,471,433,446,334,361
0.19,-10.11,4.26,-0.34,1.12,-0.36,469,434,446,334,361
1.14,-9.12,2.81,-0.26,1.09,-0.59,468,434,445,334,364
1.86,-8.99,2.69,-0.39,1.07,-0.42,466,434,445,334,365
3.22,-8.47,2.28,-0.29,0.91,-0.44,466,434,445,334,366
1.74,-8.55,2.04,-0.29,1.03,-0.46,464,433,444,334,365
2.38,-8.42,1.30,-0.45,0.85,-0.44,463,433,444,334,365
2.85,-8.42,1.18,-0.28,0.94,-0.32,462,432,444,334,365
3.03,-8.64,1.28,-0.44,0.85,-0.19,461,431,444,333,366
2.99,-9.15,1.91,-0.23,0.83,-0.09,460,431,444,333,366
2.58,-9.60,0.83,-0.48,0.74,-0.35,459,431,444,333,366
4.86,-9.07,0.95,-0.54,0.44,-0.22,458,430,445,334,366
2.53,-8.23,-0.55,-0.51,0.61,-0.03,457,430,445,333,366
3.36,-9.40,0.47,-0.35,0.58,-0.01,457,430,444,334,366
3.91,-7.58,-0.58,-0.34,0.74,-0.02,456,429,445,334,366
3.81,-8.54,-0.04,-0.45,0.69,-0.16,456,429,445,334,366
4.36,-7.75,-0.02,-0.36,0.70,-0.13,455,429,444,334,367
6.02,-6.22,-0.98,-0.66,0.50,-0.29,453,428,444,333,368
4.54,-8.77,-1.01,-0.29,0.44,0.04,452,428,444,333,368
4.96,-7.78,-2.33,-0.41,0.52,-0.20,452,427,444,333,368
5.25,-8.85,-1.72,-0.28,0.44,0.02,451,427,444,333,369
END
5.29,-8.13,-2.29,-0.34,0.43,-0.00,474,432,445,335,370
1.48,-9.27,-2.10,-0.01,0.10,-0.02,474,432,445,335,370
1.46,-9.19,-1.97,0.04,0.15,0.01,474,432,445,335,369
1.44,-9.12,-1.84,0.05,0.17,-0.04,475,432,445,335,368
1.60,-9.25,-1.55,0.10,0.20,0.07,475,432,446,335,366
0.66,-9.30,-1.58,-0.02,0.26,0.02,475,432,446,335,361
-1.27,-9.64,-0.51,-0.05,0.60,0.17,475,432,446,335,358
-4.66,-9.77,1.22,0.21,1.21,0.44,476,433,446,334,357
-3.41,-10.83,2.28,-0.02,1.45,-0.44,475,433,446,334,357
-0.61,-10.42,2.25,-0.14,1.64,0.13,474,432,446,334,357
2.20,-10.39,2.91,-0.02,1.91,-0.11,473,432,445,334,357
1.93,-10.08,2.44,-0.21,1.81,0.09,471,431,446,334,358
3.04,-9.22,3.70,-0.15,1.80,0.06,471,431,445,334,358
2.66,-8.34,2.78,-0.15,1.76,-0.19,470,431,445,334,359
3.79,-8.46,3.74,-0.15,1.46,-0.00,470,430,445,334,359
3.29,-8.48,2.89,-0.10,1.50,-0.33,469,430,445,334,359
2.45,-9.19,2.53,-0.23,1.19,-0.17,468,430,445,334,359
2.87,-9.19,1.86,-0.41,1.06,-0.65,468,430,445,334,360
2.55,-9.45,1.53,-0.35,1.03,-0.10,467,430,445,334,361
2.28,-9.07,1.39,-0.46,1.12,-0.12,465,429,445,333,361
2.94,-9.20,1.06,-0.49,1.00,-0.29,463,429,445,334,362
5.15,-8.36,0.47,-0.49,0.66,-0.18,462,428,444,333,363
3.70,-8.51,0.27,-0.43,0.61,-0.14,462,428,445,334,363
3.82,-8.74,-0.32,-0.29,0.66,-0.22,461,428,445,334,362
4.01,-8.74,-1.09,-0.47,0.47,-0.17,461,427,444,334,363
2.40,-9.23,-0.36,-0.36,0.68,-0.08,461,427,445,334,363
3.30,-7.56,-0.62,-0.31,0.78,-0.12,460,427,444,333,363
5.18,-8.40,-0.83,-0.30,0.75,-0.09,459,427,444,334,364
5.25,-8.13,-0.98,-0.27,0.69,-0.06,459,427,445,333,364
4.03,-8.54,-0.70,-0.35,0.56,-0.04,458,426,445,334,364
4.51,-8.35,-1.14,-0.28,0.57,-0.01,458,426,444,334,364
3.71,-8.54,-0.71,-0.27,0.60,-0.06,457,426,444,334,364
4.14,-9.06,-0.82,-0.26,0.55,0.14,457,426,444,333,364
4.29,-8.35,-1.17,-0.29,0.54,0.06,456,426,444,333,364
4.03,-8.38,-0.89,-0.27,0.57,0.11,457,425,444,334,364
4.95,-8.13,-0.79,-0.20,0.57,-0.08,456,425,444,334,364
END
5.22,-7.38,-0.42,-0.35,0.46,-0.25,474,432,445,335,360
0.25,-9.49,-1.84,0.06,0.55,-0.16,474,433,445,335,360
0.29,-9.03,-1.31,0.15,0.85,-0.04,474,434,445,335,359
0.97,-9.19,-1.12,-0.06,0.72,-0.12,474,433,445,335,359
2.18,-9.67,-0.86,0.21,0.83,-0.03,473,433,446,335,359
0.71,-9.63,-1.01,0.03,0.76,0.01,473,433,445,334,359
2.01,-9.94,0.25,0.00,0.86,-0.00,474,433,446,334,359
0.56,-9.83,0.09,0.13,1.13,0.01,474,433,445,334,359
1.87,-9.60,-0.16,0.07,1.02,0.04,473,433,446,334,359
0.42,-9.29,1.42,-0.11,1.36,-0.16,473,433,445,334,358
1.21,-9.72,2.23,0.10,1.35,-0.10,471,433,445,334,359
2.77,-9.39,1.71,-0.14,1.18,-0.11,470,433,445,334,358
2.05,-9.09,2.23,-0.26,1.29,-0.25,470,433,445,334,359
1.94,-8.75,1.78,-0.19,1.32,-0.27,469,432,445,334,358
3.88,-8.99,2.79,-0.24,1.22,-0.26,468,431,444,334,358
2.81,-8.19,2.53,-0.22,1.30,-0.24,467,431,444,334,358
5.44,-8.32,2.34,-0.21,0.95,-0.08,465,430,444,334,359
3.02,-9.23,2.16,-0.33,0.95,-0.21,464,430,444,335,359
4.72,-8.98,1.30,-0.26,0.57,-0.41,463,429,443,333,360
1.89,-9.27,1.34,-0.31,0.69,-0.05,463,429,443,334,359
2.84,-8.67,0.91,-0.13,0.67,-0.08,462,428,444,334,359
1.54,-8.54,1.20,-0.42,0.73,-0.04,462,429,444,334,359
2.05,-9.50,1.56,-0.23,0.63,-0.28,462,428,443,334,359
3.01,-8.56,0.33,-0.37,0.63,-0.17,461,428,444,334,360
1.84,-8.70,1.48,-0.27,0.73,-0.11,461,427,443,334,359
2.99,-7.97,0.97,-0.30,0.78,-0.11,460,427,443,334,360
4.42,-8.24,0.80,-0.27,0.69,-0.33,460,427,443,334,360
3.84,-8.25,0.60,-0.25,0.72,-0.19,459,426,443,334,361
5.78,-8.06,0.75,-0.36,0.49,-0.03,458,426,443,334,362
3.93,-8.74,0.97,-0.26,0.57,-0.07,457,425,443,333,361
4.71,-8.66,-0.40,-0.30,0.48,-0.22,457,425,442,333,362
3.42,-8.67,0.12,-0.35,0.54,-0.28,457,425,443,334,362
6.11,-8.63,-0.38,-0.23,0.53,-0.28,456,425,443,334,363
4.05,-8.41,-0.22,-0.43,0.50,-0.10,456,425,443,334,362
4.69,-8.36,-0.50,-0.29,0.51,-0.22,455,425,442,334,362
4.98,-8.11,-1.55,-0.44,0.45,-0.24,454,424,442,334,362
END
8.26,-7.95,-0.35,-0.25,0.26,0.17,481,435,446,334,357
0.57,-9.45,-1.01,-0.04,0.62,-0.25,481,435,446,334,358
1.22,-9.41,-0.80,0.00,0.66,-0.05,481,435,446,334,358
-0.31,-9.22,-0.32,0.03,0.69,0.03,481,435,446,334,357
2.03,-9.40,-0.24,-0.00,0.66,-0.20,480,435,446,334,357
1.10,-9.73,-0.38,-0.12,0.64,-0.09,480,435,446,334,358
-1.14,-9.87,0.21,-0.11,0.88,-0.06,480,435,446,334,357
0.30,-9.52,0.57,-0.06,0.91,-0.33,480,435,446,334,358
0.89,-9.22,0.31,-0.19,1.01,-0.31,480,434,446,334,358
4.26,-9.17,0.52,-0.09,0.98,-0.24,479,434,446,334,359
3.93,-9.04,0.15,-0.16,1.04,-0.09,479,434,446,334,358
3.93,-8.56,-0.65,-0.09,0.90,-0.11,478,434,446,334,359
3.35,-8.64,0.42,-0.02,0.91,0.10,478,433,446,334,359
2.49,-8.63,0.30,-0.00,0.89,-0.01,478,433,446,334,358
2.57,-8.64,0.62,0.03,0.81,0.03,477,433,446,334,359
2.28,-8.98,1.00,-0.06,0.81,-0.17,477,433,446,334,358
3.01,-9.07,1.10,-0.07,0.73,-0.18,476,433,446,334,359
2.26,-9.32,1.13,-0.17,0.79,-0.22,475,433,445,334,359
2.86,-9.29,0.96,-0.30,0.69,-0.26,474,432,446,334,359
3.39,-9.30,1.11,-0.17,0.74,-0.10,473,431,445,333,359
3.20,-9.08,0.98,-0.15,0.70,-0.18,473,431,445,334,359
3.68,-9.04,1.22,-0.31,0.61,-0.14,472,431,445,334,360
2.90,-8.28,0.28,-0.23,0.70,-0.19,471,430,445,334,360
3.24,-8.56,1.03,-0.32,0.56,-0.17,469,430,444,333,361
3.36,-8.38,0.99,-0.38,0.62,-0.13,468,429,444,333,361
3.37,-8.47,-0.11,-0.34,0.58,-0.31,467,429,444,333,361
4.04,-8.38,-0.09,-0.19,0.59,-0.12,466,428,444,333,361
3.86,-8.99,0.36,-0.17,0.60,-0.14,466,428,444,333,362
3.45,-8.86,0.27,-0.24,0.69,-0.07,465,428,444,333,362
4.71,-8.83,-0.15,-0.26,0.54,-0.01,464,428,444,333,363
3.12,-8.76,-0.27,-0.39,0.62,0.01,464,427,443,333,363
4.16,-8.97,0.55,-0.21,0.49,-0.00,463,427,444,333,364
3.57,-8.93,0.26,-0.36,0.50,-0.21,463,427,444,334,363
4.08,-9.24,0.34,-0.37,0.42,-0.17,462,426,444,333,364
3.37,-8.56,-0.48,-0.50,0.40,-0.12,461,426,443,333,364
1.54,-8.69,-0.26,-0.48,0.55,0.03,460,425,443,334,364
END
1.49,-7.92,-0.38,-0.45,0.74,-0.29,469,429,443,334,361
0.09,-8.54,-2.71,-0.00,-0.02,0.07,469,429,443,333,360
-0.50,-9.10,-2.02,-0.03,0.01,-0.03,469,429,443,334,360
0.34,-9.18,-1.95,-0.00,0.15,0.00,469,429,443,334,359
0.13,-9.21,-2.21,0.05,0.22,-0.02,469,429,443,334,360
-0.20,-9.42,-2.15,0.10,0.31,-0.07,471,429,444,334,360
-3.32,-9.76,-1.00,0.25,0.91,0.11,473,431,444,334,359
-4.31,-9.18,1.23,0.45,1.30,0.09,476,432,445,334,358
-1.78,-9.43,1.87,0.47,1.57,-0.20,475,432,445,334,357
0.28,-9.80,2.68,0.25,1.60,-0.14,474,432,445,334,358
0.96,-10.01,3.69,0.18,1.72,-0.17,473,432,445,334,358
3.28,-10.70,3.76,0.04,1.61,-0.14,472,431,445,333,358
3.15,-10.09,3.70,-0.10,1.61,-0.22,472,431,445,334,358
2.88,-8.64,2.17,-0.09,1.43,-0.24,471,431,445,334,359
2.81,-8.85,3.05,-0.38,1.24,-0.30,471,431,445,334,359
1.36,-8.35,2.80,-0.23,1.31,-0.39,470,431,445,334,359
2.43,-8.06,2.40,-0.29,1.09,-0.35,469,430,445,334,360
3.55,-7.17,1.40,-0.17,1.14,-0.34,467,430,444,334,360
3.12,-8.92,2.57,-0.27,0.97,-0.37,467,429,444,333,360
3.32,-9.06,1.82,-0.37,0.77,-0.41,465,428,444,333,361
3.57,-8.99,1.25,-0.25,0.71,-0.22,464,428,444,333,361
2.45,-9.53,1.33,-0.32,0.68,-0.13,463,428,444,334,361
2.72,-9.58,1.26,-0.37,0.62,-0.16,463,427,443,334,362
3.65,-9.22,0.69,-0.34,0.60,-0.22,462,426,443,333,362
2.12,-9.51,0.90,-0.43,0.60,-0.11,461,427,443,333,363
2.81,-8.87,0.67,-0.27,0.62,-0.12,460,426,443,333,362
2.95,-8.80,0.70,-0.34,0.62,-0.17,460,426,443,333,362
4.22,-7.87,-0.09,-0.32,0.62,-0.17,459,426,443,333,363
3.39,-8.61,-0.11,-0.33,0.69,-0.21,459,426,443,333,363
3.40,-7.88,0.37,-0.31,0.61,0.11,458,426,444,333,363
3.60,-8.37,0.15,-0.25,0.71,-0.21,457,425,443,333,363
5.22,-8.03,-0.46,-0.25,0.67,-0.12,457,425,443,334,364
4.16,-8.44,-0.09,-0.37,0.58,-0.17,456,425,443,333,364
4.68,-8.33,-0.16,-0.26,0.54,-0.05,455,424,443,334,363
5.05,-8.25,-0.73,-0.37,0.50,-0.20,455,424,443,333,364
4.34,-7.99,-0.06,-0.24,0.65,-0.12,454,424,443,334,364
END
4.99,-8.52,0.62,-0.24,0.43,0.43,475,434,445,334,358
0.45,-9.10,-3.60,0.04,0.50,0.02,474,434,445,334,358
-0.08,-8.97,-1.63,0.14,0.57,0.01,474,433,445,334,358
0.83,-9.26,-1.39,0.11,0.53,-0.00,474,434,446,334,358
-0.50,-9.96,-0.72,0.03,0.59,0.02,474,433,445,334,358
-0.65,-9.36,-0.56,0.13,0.80,-0.09,474,433,445,334,358
-1.24,-9.86,0.49,0.11,0.86,0.00,474,433,445,334,358
1.45,-10.09,1.13,0.07,0.85,-0.09,474,433,445,334,359
1.27,-10.14,0.99,0.14,0.97,0.16,473,433,445,334,359
0.31,-9.50,0.85,0.06,1.02,0.06,473,433,445,334,359
-0.18,-9.56,0.92,0.02,1.06,-0.01,473,433,446,334,359
0.70,-9.79,1.50,-0.01,1.07,-0.05,473,433,446,334,359
0.11,-9.22,0.95,-0.03,1.31,-0.25,473,433,446,334,358
-0.83,-8.79,0.61,-0.12,1.29,-0.09,473,433,446,334,358
1.51,-8.74,1.67,0.04,1.43,-0.37,472,432,446,334,358
3.24,-8.95,2.13,-0.03,1.19,-0.46,470,432,445,334,359
3.68,-9.48,2.33,-0.15,0.94,-0.25,469,431,445,334,359
2.00,-9.60,1.28,-0.22,0.94,-0.27,468,431,445,334,359
2.17,-9.16,0.74,-0.28,0.76,-0.16,467,431,445,333,360
2.07,-9.04,1.58,-0.27,0.87,-0.34,467,430,445,334,360
2.02,-9.32,2.01,-0.20,0.72,-0.11,466,430,444,334,360
2.51,-9.22,0.50,-0.22,0.73,-0.17,465,430,444,334,361
2.57,-8.87,0.55,-0.27,0.68,-0.13,464,429,444,334,361
0.93,-9.25,0.65,-0.28,0.74,-0.14,464,429,444,334,361
2.50,-9.39,0.72,-0.30,0.66,-0.22,463,429,444,334,362
2.85,-8.91,0.35,-0.34,0.55,-0.20,462,428,444,334,362
1.14,-9.48,0.43,-0.26,0.74,0.16,462,428,444,334,361
2.16,-8.77,0.03,-0.23,0.82,-0.19,462,428,444,334,361
2.81,-8.51,0.52,-0.38,0.77,0.10,460,427,443,333,361
2.82,-8.73,0.50,-0.23,0.93,-0.25,460,427,444,334,361
3.78,-8.56,0.18,-0.34,0.72,-0.03,459,426,444,334,362
3.70,-8.85,0.52,-0.28,0.64,-0.09,458,426,443,334,363
3.64,-9.11,-0.52,-0.25,0.59,-0.04,457,426,444,334,363
4.08,-8.12,-0.49,-0.37,0.48,-0.08,457,426,444,333,363
4.00,-8.41,-0.52,-0.29,0.55,-0.19,456,426,444,334,363
4.36,-8.57,-0.78,-0.44,0.46,-0.30,455,425,443,333,363
END
3.99,-8.40,1.28,0.05,-0.01,-0.00,509,456,458,334,359
3.33,-8.56,1.42,0.04,0.12,-0.07,509,456,458,334,359
3.58,-8.88,1.59,0.01,0.13,-0.05,508,456,458,334,359
3.19,-8.90,2.06,-0.02,0.15,-0.07,508,456,458,334,359
3.01,-8.65,1.77,-0.04,0.16,-0.06,508,456,457,334,359
3.06,-8.36,1.67,0.02,0.16,-0.11,508,455,458,334,359
2.84,-8.57,1.75,-0.03,0.19,-0.15,507,455,457,334,358
2.02,-8.69,2.22,-0.05,0.41,-0.08,507,455,457,334,359
2.30,-8.69,2.61,-0.09,0.54,-0.14,507,455,457,334,359
3.74,-8.66,2.81,-0.08,0.57,-0.16,506,455,457,334,359
4.09,-8.63,2.38,-0.12,0.57,-0.18,506,454,457,334,360
3.29,-8.76,2.64,-0.15,0.60,-0.13,506,454,457,334,360
2.48,-8.56,2.48,-0.23,0.60,-0.20,505,454,457,334,360
3.15,-8.23,3.25,-0.20,0.73,-0.20,504,454,457,334,360
2.92,-8.38,2.83,-0.24,0.67,-0.31,503,454,456,334,360
3.14,-8.10,3.32,-0.28,0.74,-0.29,502,453,456,333,361
3.73,-8.04,3.87,-0.25,0.71,-0.36,502,453,456,334,361
3.33,-8.13,3.55,-0.37,0.69,-0.36,502,453,456,334,361
4.69,-7.62,2.89,-0.29,0.69,-0.43,501,452,456,334,361
4.03,-7.63,2.69,-0.30,0.71,-0.26,501,452,456,334,361
4.65,-7.76,2.66,-0.30,0.69,-0.26,500,452,456,334,361
4.87,-7.63,2.34,-0.22,0.66,-0.25,500,452,456,334,361
3.94,-8.27,2.61,-0.20,0.66,-0.13,500,451,455,334,361
3.57,-8.23,2.61,-0.23,0.61,-0.21,499,452,455,334,362
2.88,-8.13,2.86,-0.22,0.67,-0.22,499,451,455,334,361
3.71,-7.65,3.07,-0.18,0.67,-0.29,497,450,455,333,361
4.36,-7.86,3.89,-0.30,0.61,-0.17,496,450,455,333,362
4.04,-7.43,2.91,-0.12,0.64,-0.20,495,449,454,333,362
3.60,-7.87,3.73,-0.18,0.51,-0.21,495,449,454,333,362
3.72,-8.15,3.69,-0.20,0.44,-0.26,495,449,454,333,361
3.87,-8.40,3.45,-0.37,0.39,-0.27,495,448,454,333,362
3.85,-8.37,3.32,-0.35,0.38,-0.26,494,448,454,333,362
3.87,-8.05,2.37,-0.33,0.46,-0.33,493,448,454,333,362
4.21,-7.82,2.28,-0.33,0.46,-0.34,492,448,454,333,362
4.51,-8.08,2.37,-0.32,0.45,-0.34,492,447,453,333,362
5.11,-7.95,1.84,-0.33,0.43,-0.29,491,447,453,333,363
END
5.36,-7.70,1.52,-0.36,0.40,-0.30,494,445,450,333,359
-0.08,-9.79,0.40,-0.03,0.19,-0.17,494,445,450,333,359
2.03,-9.17,-0.45,0.06,0.20,-0.18,494,445,450,333,359
3.60,-9.22,-0.65,0.15,0.20,-0.07,495,445,450,333,359
2.54,-9.26,-0.55,0.06,0.00,-0.04,495,445,450,333,359
1.44,-9.67,0.31,0.06,0.10,-0.07,495,445,450,333,359
1.36,-9.35,0.93,0.02,0.10,-0.10,495,445,450,333,359
-0.41,-9.50,1.59,-0.01,0.31,-0.21,495,445,450,333,359
-2.25,-9.33,2.11,-0.09,0.85,-0.26,495,445,450,333,359
0.45,-9.32,3.45,-0.09,1.13,-0.45,494,445,450,333,359
4.90,-9.66,3.97,-0.22,0.95,-0.55,492,445,450,333,363
5.01,-9.12,2.07,-0.45,0.86,-0.41,492,444,450,333,362
1.78,-8.60,1.83,-0.43,1.02,-0.17,492,444,450,332,363
2.71,-8.37,2.51,-0.34,1.09,-0.25,491,444,449,332,364
3.70,-7.78,2.34,-0.26,1.07,-0.19,490,444,449,332,364
4.52,-7.65,2.43,-0.14,1.25,-0.09,490,445,450,332,364
2.47,-8.35,3.58,-0.10,1.23,-0.03,489,444,449,332,363
4.28,-8.84,3.45,-0.13,0.81,-0.44,489,444,449,332,363
3.58,-8.41,2.96,-0.27,0.84,-0.40,489,444,449,332,363
2.83,-8.23,2.61,-0.26,0.76,-0.30,489,443,449,332,363
3.08,-7.97,2.83,-0.22,0.75,-0.42,488,443,449,332,363
3.09,-8.16,3.25,-0.29,0.79,-0.22,488,443,449,332,363
3.08,-8.20,3.05,-0.31,0.81,-0.29,487,443,449,332,363
3.44,-8.06,2.56,-0.35,0.75,-0.50,486,442,448,332,364
5.23,-8.23,3.01,-0.28,0.59,-0.41,485,442,448,332,364
4.16,-8.22,2.60,-0.28,0.68,-0.27,485,442,448,332,364
4.55,-8.61,2.90,-0.41,0.57,-0.31,485,442,448,332,365
3.73,-8.61,3.11,-0.45,0.60,-0.44,484,442,448,332,365
3.99,-7.57,1.57,-0.87,0.69,-0.35,482,441,448,332,365
5.14,-7.37,1.75,-0.58,0.63,-0.61,480,441,447,332,366
5.90,-7.64,1.08,-0.31,0.63,-0.17,478,440,447,332,366
5.34,-8.31,1.97,-0.41,0.46,0.02,478,440,447,332,366
5.59,-8.19,1.42,-0.27,0.50,-0.21,478,439,447,332,366
4.21,-8.03,1.66,-0.39,0.56,0.06,478,439,447,332,366
4.93,-7.61,1.36,-0.41,0.50,-0.29,478,439,446,331,366
4.79,-7.49,0.55,-0.39,0.63,-0.13,477,439,447,332,366
END
5.05,-7.67,1.56,-0.43,0.50,-0.35,496,445,449,333,359
0.70,-8.97,1.64,0.23,0.44,-0.19,497,445,449,333,359
1.53,-8.94,2.07,0.01,0.61,-0.12,497,445,449,333,359
1.43,-8.51,2.02,-0.02,0.61,-0.21,497,445,449,333,359
3.40,-8.55,2.29,0.00,0.56,-0.35,496,445,449,333,359
2.96,-9.29,2.35,-0.18,0.43,-0.42,496,444,448,333,359
2.28,-9.21,2.62,-0.19,0.59,-0.23,496,444,448,333,359
2.66,-9.20,2.74,-0.17,0.74,-0.09,495,444,448,333,359
3.29,-8.97,2.86,-0.09,0.75,-0.10,494,443,448,332,360
0.48,-8.47,2.56,-0.13,1.01,0.18,494,444,448,333,360
2.15,-8.04,3.50,-0.04,0.80,-0.43,494,443,448,332,360
2.16,-8.28,3.02,-0.12,0.79,-0.39,494,443,448,333,360
2.40,-8.75,3.75,-0.11,0.91,-0.22,494,443,448,333,360
3.08,-8.23,3.61,-0.13,0.82,-0.38,493,443,448,333,360
2.25,-8.14,3.40,-0.17,0.84,-0.26,493,443,448,332,360
2.73,-8.26,3.85,-0.12,0.84,-0.48,492,443,448,332,359
1.59,-8.20,4.05,-0.22,0.83,-0.29,492,442,447,333,359
2.50,-7.75,4.12,-0.24,0.68,-0.45,491,442,447,332,359
2.53,-8.08,4.00,-0.20,0.81,-0.41,490,442,447,332,359
2.93,-8.12,3.73,-0.28,0.73,-0.48,490,441,447,332,359
3.57,-8.31,3.72,-0.35,0.69,-0.39,488,441,447,333,360
3.72,-8.13,3.76,-0.33,0.68,-0.46,488,441,447,332,361
4.32,-7.95,3.13,-0.37,0.63,-0.38,488,441,447,332,361
3.95,-8.23,3.12,-0.22,0.75,-0.39,487,440,447,332,360
3.16,-7.80,3.15,-0.34,0.64,-0.28,487,440,446,332,360
3.96,-7.80,3.26,-0.36,0.65,-0.39,486,440,446,332,360
5.25,-7.32,2.34,-0.41,0.58,-0.51,485,440,445,331,360
4.31,-7.85,2.89,-0.49,0.56,-0.36,484,439,445,331,360
4.73,-7.90,2.33,-0.41,0.48,-0.40,483,439,445,331,362
4.57,-8.04,2.16,-0.39,0.49,-0.17,482,439,445,331,363
3.82,-7.85,2.48,-0.31,0.55,0.16,481,438,445,331,362
3.46,-8.67,2.43,-0.46,0.61,-0.37,481,438,445,331,362
4.88,-7.50,2.29,-0.50,0.48,-0.54,479,438,445,331,362
4.78,-7.12,1.41,-0.56,0.58,-0.57,478,437,445,331,362
7.14,-5.94,0.78,-0.51,0.42,-0.55,476,437,444,331,364
6.08,-6.65,0.45,-0.36,0.54,-0.25,475,436,444,331,363
END
7.02,-6.68,0.88,-0.20,0.41,-0.12,494,442,445,334,358
1.54,-9.23,1.74,-0.01,0.28,-0.15,494,441,444,333,358
1.34,-9.19,1.46,-0.03,0.32,-0.04,493,441,444,334,358
2.02,-9.19,1.23,-0.03,0.28,-0.14,493,441,444,333,358
1.52,-9.03,1.07,-0.02,0.32,-0.15,493,441,444,333,358
1.62,-9.40,1.66,-0.04,0.27,-0.09,493,441,444,333,358
0.34,-9.58,1.66,-0.07,0.42,-0.18,493,441,444,333,358
0.12,-9.41,1.92,-0.08,0.56,-0.10,492,441,444,333,359
0.72,-9.55,2.29,-0.12,0.63,-0.24,492,441,444,333,358
1.11,-8.82,1.65,-0.12,0.79,-0.26,492,441,444,333,358
1.22,-8.73,2.02,-0.09,0.76,-0.30,492,440,444,333,358
1.93,-8.82,2.36,-0.06,0.84,-0.34,491,440,444,333,358
1.83,-8.72,2.43,-0.06,0.84,-0.25,491,440,444,333,358
1.95,-8.99,3.07,-0.06,0.91,-0.28,490,440,444,333,358
2.72,-8.82,3.01,-0.16,0.81,-0.38,490,440,444,332,358
2.13,-8.89,3.06,-0.16,0.92,-0.36,489,440,443,333,358
3.68,-8.75,2.56,-0.21,0.82,-0.36,489,440,444,333,359
3.22,-7.80,3.09,-0.20,0.89,-0.31,489,440,443,333,359
3.45,-7.85,2.81,-0.19,0.78,-0.27,488,440,443,333,359
1.87,-8.45,3.30,-0.16,0.89,-0.21,488,439,443,333,359
2.26,-8.29,3.34,-0.22,0.82,-0.41,487,439,443,333,360
2.35,-8.36,3.95,-0.25,0.97,-0.37,486,439,443,332,359
3.11,-8.94,3.40,-0.48,0.84,-0.33,485,439,443,332,359
2.37,-9.13,3.83,-0.45,1.08,-0.28,483,438,442,332,358
3.53,-8.36,3.31,-0.44,0.75,-0.36,481,438,442,332,359
3.98,-7.80,2.91,-0.31,0.85,-0.24,481,438,441,332,359
4.46,-7.90,2.58,-0.34,0.68,-0.31,480,437,441,332,360
4.21,-7.70,2.07,-0.24,0.64,-0.21,479,437,441,331,360
4.16,-7.92,2.01,-0.22,0.55,-0.20,479,437,441,331,360
3.59,-8.16,2.28,-0.24,0.48,-0.17,479,437,441,332,360
3.27,-7.97,1.64,-0.35,0.51,-0.34,478,437,441,332,360
2.81,-9.05,2.09,-0.34,0.60,-0.17,477,436,440,332,361
1.29,-8.07,0.83,-0.39,0.80,0.01,476,436,441,332,361
3.61,-8.36,1.70,-0.21,0.72,-0.51,476,436,441,332,362
3.99,-9.25,1.97,-0.42,0.63,-0.33,475,435,440,331,362
3.88,-8.31,2.07,-0.38,0.51,-0.31,473,435,440,332,362
END
4.95,-7.58,1.21,-0.32,0.49,-0.17,491,439,442,334,356
-1.56,-9.37,2.00,0.04,0.45,-0.15,491,439,442,333,355
0.58,-9.15,2.14,0.05,0.58,-0.25,490,439,442,334,356
1.92,-8.66,1.72,0.08,0.64,-0.13,491,438,443,334,356
1.27,-8.78,2.18,0.11,0.59,-0.28,490,439,442,334,356
1.39,-9.70,2.83,0.01,0.55,-0.33,490,439,442,334,356
2.41,-9.64,2.96,-0.03,0.64,-0.38,490,438,442,334,356
1.22,-9.46,2.53,-0.17,0.63,-0.33,490,438,442,333,356
1.54,-8.59,2.28,-0.11,0.81,-0.13,489,438,442,334,356
-0.43,-8.14,2.71,0.05,1.16,0.01,489,438,442,334,355
2.91,-8.89,3.57,0.03,0.77,-0.42,488,438,442,333,356
2.21,-8.62,3.55,-0.17,0.87,-0.40,488,437,441,333,355
2.25,-8.13,2.92,-0.19,0.78,-0.40,487,437,441,333,356
1.92,-8.32,2.68,-0.15,0.82,-0.34,487,437,442,333,355
2.19,-8.31,3.93,-0.10,0.84,-0.46,487,437,441,333,355
2.51,-8.45,3.91,-0.16,0.78,-0.33,486,437,442,333,355
2.07,-8.33,3.88,-0.28,0.79,-0.46,485,437,441,332,355
2.84,-8.30,3.65,-0.36,0.71,-0.52,484,437,441,332,355
2.70,-8.33,3.33,-0.39,0.76,-0.53,483,436,441,333,356
4.30,-7.86,2.85,-0.32,0.68,-0.35,482,436,441,332,357
3.09,-8.36,3.77,-0.00,0.96,-0.03,481,435,440,332,356
2.25,-7.95,3.17,-0.19,0.86,-0.44,480,436,440,332,356
4.21,-8.13,3.73,-0.23,0.65,-0.31,479,435,440,332,356
3.52,-7.80,2.91,-0.37,0.67,-0.47,478,435,440,331,357
3.73,-8.22,3.18,-0.44,0.68,-0.38,476,435,440,331,356
5.72,-7.31,1.81,-0.29,0.66,-0.14,475,434,439,331,358
3.07,-8.61,3.32,-0.29,0.69,-0.12,475,434,440,331,357
4.36,-8.11,2.61,-0.35,0.53,-0.34,474,434,440,331,358
2.93,-8.73,3.01,-0.58,0.43,-0.24,474,434,439,331,358
3.97,-8.47,1.81,-0.49,0.51,-0.40,473,433,439,331,359
3.94,-8.20,2.03,-0.50,0.58,-0.25,472,433,439,331,359
4.31,-8.07,1.23,-0.19,0.65,-0.23,471,432,439,331,359
4.54,-7.80,1.77,-0.26,0.59,-0.13,471,432,439,331,359
5.15,-7.64,1.69,-0.34,0.50,-0.26,471,432,439,330,359
6.30,-5.73,1.11,-0.37,0.50,-0.30,470,432,438,331,360
4.50,-6.27,1.62,-0.23,0.48,-0.15,470,432,438,331,361
END
5.62,-6.42,0.39,-0.17,0.31,-0.32,485,437,441,333,359
1.22,-9.39,1.59,-0.03,0.32,-0.07,486,437,441,334,359
1.79,-9.58,1.62,-0.09,0.28,-0.09,485,437,441,333,358
0.98,-9.00,1.35,-0.08,0.39,-0.05,486,437,441,333,358
1.66,-9.02,1.52,-0.05,0.28,-0.07,485,437,441,334,358
0.81,-9.45,1.93,-0.07,0.32,-0.14,486,437,441,333,358
-0.74,-8.98,1.69,-0.08,0.50,-0.13,486,437,441,333,359
0.21,-9.06,2.53,-0.03,0.63,-0.43,486,437,441,333,358
2.46,-9.38,2.39,-0.15,0.53,-0.39,486,437,441,333,358
0.72,-8.91,2.61,-0.17,0.83,-0.29,486,437,441,333,358
1.84,-8.82,2.49,-0.13,0.86,-0.17,486,437,441,333,358
1.72,-8.85,2.95,-0.14,1.01,-0.24,486,437,441,333,359
2.55,-8.40,2.65,-0.10,1.00,-0.38,485,437,441,333,358
4.01,-8.87,2.92,-0.21,0.89,-0.27,484,436,441,333,358
2.41,-8.65,2.74,-0.19,0.89,-0.27,483,436,441,333,358
2.72,-8.36,2.67,-0.16,0.91,-0.11,483,436,441,333,358
2.59,-8.68,3.32,-0.13,0.87,-0.07,482,436,440,333,358
2.56,-8.07,2.91,-0.10,0.85,-0.25,481,435,441,332,358
2.94,-8.33,2.94,-0.14,0.79,-0.24,481,435,440,332,359
2.02,-8.66,3.08,-0.20,0.72,-0.29,480,434,440,333,359
1.80,-8.91,3.45,-0.23,0.74,-0.32,479,435,440,333,359
2.37,-8.61,3.14,-0.28,0.67,-0.34,479,434,440,332,359
1.51,-8.24,2.28,-0.19,0.77,-0.25,479,434,440,333,359
2.70,-8.69,2.95,-0.18,0.75,-0.50,478,434,440,332,360
3.80,-8.08,2.58,-0.16,0.73,-0.28,477,434,440,333,360
2.77,-8.11,2.53,-0.31,0.68,-0.26,477,434,440,332,360
4.37,-8.71,3.10,-0.24,0.61,-0.15,476,433,440,332,361
1.23,-8.41,2.79,-0.39,0.67,-0.23,476,433,440,332,361
3.52,-9.20,3.05,-0.32,0.52,-0.29,475,432,439,333,360
3.73,-8.19,1.99,-0.36,0.58,-0.35,475,432,439,332,361
3.94,-8.39,2.33,-0.38,0.56,-0.24,474,432,439,332,361
3.98,-8.54,1.88,-0.35,0.58,-0.29,473,432,439,332,362
2.85,-8.12,1.37,-0.37,0.61,-0.00,473,432,439,332,362
3.81,-8.33,1.32,-0.48,0.48,-0.37,472,431,439,332,362
3.23,-8.48,1.19,-0.30,0.61,-0.15,472,431,439,332,362
4.42,-8.23,1.26,-0.28,0.58,-0.26,472,431,439,332,363
END
4.40,-8.51,1.08,-0.30,0.55,-0.02,494,439,441,333,360
2.67,-8.76,1.49,-0.06,0.32,-0.00,493,439,440,333,360
2.01,-8.97,2.04,-0.04,0.39,0.07,493,439,440,333,360
1.62,-9.12,1.74,-0.06,0.40,-0.09,493,438,440,332,360
2.91,-8.95,1.64,-0.03,0.37,-0.09,492,438,440,332,360
1.72,-9.60,2.23,-0.14,0.45,0.01,492,438,440,333,360
1.06,-9.17,2.23,-0.14,0.52,-0.17,492,438,440,334,360
1.23,-8.36,1.90,-0.14,0.58,-0.17,492,438,440,332,360
1.53,-8.57,2.96,-0.06,0.60,-0.35,492,438,440,333,360
2.87,-8.66,2.61,-0.09,0.72,-0.17,492,438,441,333,360
1.41,-8.59,2.58,-0.07,0.87,-0.19,491,438,440,332,360
1.76,-8.74,2.91,-0.09,0.90,-0.16,491,438,440,332,360
2.10,-8.51,2.75,-0.14,0.92,-0.29,491,438,440,332,360
3.11,-8.65,3.52,-0.11,0.90,-0.32,489,437,440,332,360
2.37,-8.69,3.12,-0.27,0.83,-0.37,488,437,440,332,360
2.42,-8.22,2.69,-0.14,0.87,-0.26,488,437,440,332,360
2.71,-8.61,3.45,-0.16,0.77,-0.32,487,437,440,332,360
2.23,-8.61,3.31,-0.23,0.81,-0.30,487,436,440,332,360
2.30,-8.71,3.19,-0.25,0.74,-0.38,487,436,440,332,360
2.33,-8.71,3.73,-0.23,0.80,-0.41,487,436,440,332,360
2.25,-8.18,3.31,-0.26,0.83,-0.35,486,436,440,332,360
3.24,-7.86,3.28,-0.21,0.81,-0.36,486,436,439,332,361
3.51,-8.30,3.09,-0.18,0.79,-0.23,485,435,439,332,360
4.22,-8.23,2.91,-0.15,0.61,-0.27,484,435,439,333,361
2.92,-8.51,2.82,-0.25,0.64,-0.04,483,434,438,332,359
2.68,-8.60,2.68,-0.21,0.62,-0.13,482,434,439,332,359
2.78,-8.35,2.37,-0.28,0.57,-0.28,481,434,439,332,358
2.35,-8.59,2.41,-0.22,0.60,-0.40,480,434,438,332,358
2.56,-8.71,2.54,-0.27,0.58,-0.35,480,433,438,332,357
2.91,-8.76,2.80,-0.23,0.66,-0.50,479,433,437,332,356
2.73,-8.23,2.45,-0.36,0.68,-0.29,478,433,437,332,356
3.92,-8.16,2.51,-0.25,0.67,-0.32,477,432,437,332,356
4.64,-8.20,2.60,-0.34,0.59,-0.17,476,432,437,332,356
4.97,-8.19,2.48,-0.33,0.38,-0.16,476,432,437,332,356
3.30,-8.23,1.80,-0.33,0.45,-0.28,475,431,437,332,357
3.61,-7.88,1.69,-0.34,0.46,-0.30,475,431,437,332,356
END
4.21,-8.03,1.84,-0.26,0.56,-0.23,490,433,437,332,356
0.11,-9.02,1.21,-0.08,0.31,-0.10,490,433,437,333,356
1.44,-8.74,1.26,0.04,0.38,-0.19,490,433,437,333,356
1.51,-9.21,0.95,0.02,0.37,-0.22,489,433,438,332,356
1.08,-9.74,1.41,-0.02,0.45,-0.09,489,433,437,333,356
-1.01,-9.88,1.96,-0.05,0.65,-0.23,489,433,437,333,356
-0.17,-9.95,2.60,-0.04,0.80,-0.19,489,433,437,332,356
0.22,-8.94,2.66,0.02,1.07,-0.46,488,433,438,332,356
2.84,-8.76,3.42,0.10,0.77,-0.55,488,433,438,332,356
3.05,-8.78,2.99,-0.10,0.96,-0.18,488,433,438,333,356
2.13,-8.69,2.95,-0.06,0.98,-0.16,488,433,438,332,356
1.89,-8.52,2.44,-0.06,0.96,-0.13,487,433,438,332,356
1.18,-8.79,3.57,-0.10,1.04,-0.21,487,433,437,332,356
2.30,-8.44,4.03,-0.14,0.95,-0.46,486,432,437,332,356
1.36,-8.87,3.65,-0.34,0.90,-0.42,485,433,438,332,356
3.32,-8.84,4.34,-0.29,0.79,-0.48,484,432,438,332,356
2.35,-7.72,2.44,-0.33,0.86,-0.47,484,432,437,332,356
2.32,-8.10,2.84,-0.32,0.84,-0.24,483,432,437,332,357
2.97,-8.76,3.23,-0.23,0.81,-0.37,483,431,437,332,357
2.51,-8.45,2.81,-0.39,0.84,-0.41,482,431,437,332,357
3.54,-8.26,2.58,-0.33,0.82,-0.32,481,431,437,332,357
3.69,-8.35,2.27,-0.27,0.76,-0.28,481,430,436,332,358
3.76,-8.35,1.89,-0.39,0.68,-0.33,480,430,436,332,358
4.84,-7.95,2.15,-0.17,0.69,-0.20,480,430,437,332,359
4.20,-8.14,1.71,-0.23,0.58,-0.13,479,430,437,332,359
4.26,-8.15,1.36,-0.29,0.48,-0.20,479,429,437,332,359
3.29,-8.51,1.68,-0.29,0.36,-0.04,478,429,437,332,359
2.73,-8.69,1.19,-0.19,0.34,-0.00,478,429,436,332,359
1.77,-9.10,1.54,-0.20,0.46,-0.06,477,429,436,332,359
2.71,-8.74,1.20,-0.14,0.55,-0.11,477,429,436,332,359
2.36,-9.10,1.87,-0.30,0.52,-0.07,477,429,436,332,359
2.94,-8.58,1.89,-0.30,0.58,-0.34,476,429,436,332,359
3.70,-8.41,1.44,-0.49,0.56,-0.30,475,428,436,332,360
4.07,-8.24,1.09,-0.46,0.64,-0.29,473,428,435,332,361
4.85,-8.84,0.28,-0.69,0.52,-0.44,471,428,435,332,361
4.54,-8.81,0.28,-0.47,0.47,-0.25,470,427,435,332,362
END
4.25,-8.18,-0.45,-0.27,0.59,-0.25,487,433,437,333,360
1.37,-9.12,1.11,-0.16,0.58,-0.35,487,433,437,333,360
2.15,-9.05,1.61,-0.23,0.67,-0.30,486,433,437,333,360
3.87,-9.01,1.66,-0.21,0.62,-0.34,485,432,437,333,360
2.66,-9.31,1.11,-0.24,0.64,-0.11,485,432,437,333,360
1.26,-9.45,1.35,-0.26,0.74,-0.31,484,432,437,332,359
2.80,-9.52,1.56,-0.23,0.76,-0.26,484,432,437,333,360
1.24,-9.27,1.74,-0.26,0.94,-0.14,483,432,437,333,360
3.22,-8.50,1.46,-0.01,1.01,-0.19,483,432,437,332,360
-0.30,-8.47,2.50,-0.03,1.33,0.14,483,432,437,332,359
4.32,-9.02,3.08,0.08,0.95,-0.34,481,431,437,333,361
3.45,-8.89,2.78,-0.16,1.15,-0.23,481,431,437,333,360
2.94,-8.94,3.09,-0.22,1.02,-0.16,480,431,437,332,361
2.56,-8.45,3.17,-0.20,1.06,-0.24,480,430,437,332,360
1.73,-8.64,3.42,-0.25,1.09,-0.22,479,430,437,332,360
3.41,-8.77,4.23,-0.32,0.86,-0.40,478,430,437,332,361
3.25,-7.84,3.33,-0.31,0.98,-0.47,477,430,436,332,360
3.58,-8.24,2.34,-0.46,0.74,-0.38,476,430,436,332,361
4.46,-8.29,2.36,-0.41,0.71,-0.48,476,430,436,332,360
4.01,-8.18,1.61,-0.36,0.73,-0.36,475,429,436,332,361
4.17,-8.61,2.17,-0.46,0.58,-0.38,474,429,435,332,361
3.41,-8.44,2.01,-0.39,0.64,-0.28,473,429,436,332,361
3.51,-7.97,1.33,-0.34,0.68,-0.25,473,429,436,332,362
3.37,-8.26,1.99,-0.40,0.65,-0.07,472,429,435,332,362
4.22,-8.64,2.02,-0.21,0.68,-0.13,472,429,435,332,362
2.76,-8.54,1.79,-0.34,0.74,0.07,472,428,435,332,362
5.36,-8.51,1.89,-0.34,0.63,-0.21,471,428,435,332,363
4.71,-8.23,1.03,-0.40,0.64,-0.02,470,428,435,332,363
4.59,-8.42,1.37,-0.46,0.59,-0.25,469,427,435,332,363
5.30,-8.03,0.42,-0.30,0.56,-0.03,469,427,434,332,364
4.23,-8.23,0.77,-0.23,0.54,-0.12,468,427,435,332,364
4.67,-7.93,0.85,-0.36,0.49,-0.34,468,427,434,331,364
4.69,-7.75,0.45,-0.21,0.53,-0.10,468,427,435,332,364
3.09,-6.90,1.08,-0.43,0.50,-0.30,468,427,434,332,364
5.82,-7.26,1.15,-0.37,0.50,-0.59,466,426,434,332,364
4.68,-7.17,-0.22,-0.61,0.60,-0.69,464,426,434,332,364
END
7.38,-7.46,0.41,-0.36,0.50,-0.51,489,437,438,332,357
0.67,-9.52,1.42,0.07,0.21,-0.14,489,438,438,332,358
1.46,-9.33,1.00,-0.01,0.24,-0.03,488,438,439,332,358
1.34,-9.28,1.48,-0.03,0.33,-0.05,488,437,439,332,358
0.82,-9.33,1.07,-0.06,0.36,-0.11,487,437,439,332,358
1.39,-9.12,1.13,0.01,0.44,-0.09,486,437,438,332,358
0.29,-9.28,1.27,0.01,0.51,-0.17,486,437,439,332,358
0.37,-9.01,1.74,0.05,0.72,-0.18,486,437,439,332,358
0.81,-9.02,2.91,0.02,0.84,-0.25,486,436,439,332,358
1.99,-8.87,3.09,-0.01,0.94,-0.36,485,436,438,332,358
1.03,-8.87,2.43,-0.24,0.91,-0.23,485,436,438,332,358
2.28,-8.94,3.26,-0.12,1.07,-0.29,483,435,438,332,358
2.53,-9.18,2.72,-0.49,0.83,-0.28,482,434,437,332,358
3.46,-9.10,1.85,-0.17,1.01,-0.29,481,434,437,332,359
2.39,-9.45,2.38,-0.26,0.93,-0.13,480,434,437,332,359
1.49,-8.81,2.60,-0.19,0.98,-0.18,480,433,437,332,359
1.45,-8.38,3.02,-0.04,1.16,-0.27,479,433,437,332,359
1.18,-8.85,3.07,-0.10,1.15,-0.25,479,433,437,332,359
1.86,-8.79,3.96,-0.13,1.11,-0.27,478,433,437,332,359
2.59,-8.66,3.43,-0.19,1.02,-0.38,477,432,436,332,359
2.73,-9.11,3.50,-0.36,0.90,-0.30,476,432,436,332,359
3.12,-8.60,2.73,-0.38,0.66,-0.45,475,432,436,332,360
2.10,-8.74,2.52,-0.30,0.83,-0.26,475,432,436,332,360
3.37,-8.23,2.25,-0.23,0.79,-0.22,474,431,436,332,360
3.27,-8.18,2.19,-0.32,0.71,-0.42,474,431,436,332,360
3.96,-8.15,2.06,-0.30,0.62,-0.26,473,430,436,331,361
3.59,-8.31,1.73,-0.31,0.51,-0.20,472,430,435,332,361
4.14,-8.27,1.03,-0.25,0.46,-0.42,472,430,435,331,361
2.12,-8.52,1.41,-0.24,0.43,-0.28,472,430,435,332,361
2.64,-8.28,1.08,-0.19,0.59,-0.26,472,430,435,332,361
3.83,-8.71,1.47,-0.22,0.62,-0.18,471,430,435,332,361
3.85,-8.76,1.62,-0.27,0.56,-0.11,471,429,435,332,361
3.14,-8.76,1.61,-0.24,0.63,-0.03,470,429,435,332,362
4.08,-8.81,1.25,-0.33,0.48,-0.30,469,428,435,332,362
4.31,-8.71,0.99,-0.32,0.47,-0.24,468,427,434,331,362
3.32,-8.64,1.10,-0.30,0.53,-0.23,467,427,434,332,362
END
3.83,-8.76,1.26,-0.28,0.49,-0.28,481,431,436,332,357
0.04,-9.58,0.29,0.02,0.04,0.04,481,431,436,332,357
-1.17,-9.73,1.37,0.01,0.32,-0.03,481,431,436,333,358
-1.46,-9.67,1.09,0.16,0.67,-0.15,482,431,436,332,357
1.63,-9.41,1.18,0.03,0.71,-0.13,481,431,436,333,357
1.44,-9.21,0.94,0.07,0.81,-0.27,482,431,436,333,357
0.63,-9.20,1.46,-0.01,0.89,-0.11,481,431,436,333,357
1.55,-9.27,2.28,0.01,1.01,-0.24,481,431,436,333,357
0.81,-9.41,2.51,-0.06,1.12,-0.19,480,430,436,332,357
3.55,-9.02,2.38,-0.14,0.97,-0.42,480,431,435,333,357
1.18,-8.59,2.12,-0.18,1.19,-0.41,480,431,436,332,357
4.85,-9.04,3.27,-0.27,0.91,-0.60,479,430,435,332,356
3.87,-8.36,2.18,-0.40,1.01,-0.31,478,430,435,332,356
3.95,-8.23,1.87,-0.33,0.82,-0.21,478,431,435,332,356
2.86,-8.28,1.90,-0.32,0.87,-0.11,477,431,435,332,356
3.33,-8.51,1.87,-0.27,0.82,-0.19,476,430,435,333,356
2.53,-8.57,1.62,-0.38,0.93,-0.11,475,430,435,332,355
3.43,-8.66,2.17,-0.33,0.72,-0.32,474,430,434,332,355
3.10,-9.43,1.83,-0.31,0.75,-0.10,474,429,434,332,355
2.98,-8.28,1.73,-0.12,0.78,-0.09,473,429,434,332,355
2.37,-8.54,1.78,-0.08,0.88,-0.00,473,429,434,332,354
2.99,-8.46,1.77,-0.13,0.85,-0.10,473,428,434,332,354
3.27,-8.14,1.50,-0.28,0.77,-0.26,472,428,433,332,354
3.00,-9.11,2.17,-0.38,0.67,-0.29,472,428,434,332,355
3.09,-9.43,1.41,-0.58,0.60,-0.61,471,428,433,332,355
2.84,-8.79,1.52,-0.52,0.68,-0.27,469,427,433,332,355
3.65,-8.46,1.41,-0.30,0.73,-0.37,469,427,433,332,356
4.41,-8.11,0.98,-0.31,0.76,-0.10,469,427,433,332,355
4.91,-7.61,1.11,-0.24,0.70,-0.08,468,427,433,332,355
4.99,-7.91,0.55,-0.28,0.61,-0.10,468,427,433,332,356
5.67,-7.59,0.45,-0.30,0.43,-0.28,467,426,433,332,356
4.76,-8.13,0.56,-0.19,0.47,-0.10,466,426,432,332,356
3.82,-7.99,0.24,-0.32,0.25,-0.25,466,426,432,332,357
4.64,-8.35,0.02,-0.23,0.36,-0.03,466,426,432,332,357
4.24,-8.26,-0.08,-0.29,0.37,-0.12,465,425,432,332,357
4.69,-8.41,0.19,-0.40,0.33,-0.05,463,425,432,332,357
END
4.43,-7.95,-0.80,-0.39,0.42,-0.24,488,434,436,334,355
0.19,-9.49,0.66,0.05,0.24,-0.01,488,434,436,333,355
-0.44,-9.45,1.03,0.07,0.40,-0.13,488,435,436,333,354
0.83,-9.36,1.09,0.02,0.31,-0.30,489,435,436,333,354
2.26,-9.20,0.75,0.03,0.54,-0.08,489,434,436,334,354
1.32,-9.53,0.80,0.02,0.57,-0.02,489,435,436,333,354
1.10,-9.78,1.27,-0.01,0.58,-0.08,489,434,436,333,354
1.13,-9.68,1.53,0.01,0.72,-0.06,488,434,436,333,354
1.76,-9.27,1.59,-0.04,0.75,-0.05,487,434,436,333,354
0.80,-8.71,1.74,-0.02,0.76,0.02,487,434,436,333,354
1.40,-9.15,1.71,-0.02,0.70,-0.27,487,433,436,333,354
0.51,-9.12,1.77,-0.12,0.77,-0.16,486,433,436,333,354
0.96,-9.14,2.48,-0.04,0.85,-0.25,485,433,436,333,354
0.62,-9.32,2.76,-0.15,0.90,-0.21,484,433,435,333,354
2.95,-8.76,2.20,-0.02,0.90,-0.20,483,432,435,333,354
0.70,-9.43,2.65,-0.13,0.96,-0.11,482,432,435,332,354
1.93,-9.34,3.02,-0.13,0.84,-0.33,482,431,435,333,353
1.37,-9.01,2.27,-0.17,0.85,-0.27,481,431,435,333,355
1.72,-9.00,2.31,-0.22,0.89,-0.26,480,431,435,333,353
2.00,-8.47,1.77,-0.14,0.94,-0.48,480,431,435,333,354
2.09,-8.61,2.43,-0.17,1.01,-0.14,479,430,434,333,353
2.57,-8.26,2.33,-0.08,0.93,-0.47,478,430,434,333,353
3.19,-8.69,2.89,-0.18,0.74,-0.24,477,430,434,333,354
2.73,-8.92,2.64,-0.21,0.70,-0.38,477,429,434,333,354
3.45,-8.76,2.09,-0.28,0.58,-0.19,476,428,434,333,354
2.37,-9.17,1.80,-0.26,0.57,-0.30,475,428,433,332,354
2.11,-8.84,1.84,-0.27,0.62,-0.29,474,428,433,332,354
2.99,-8.86,1.95,-0.24,0.57,-0.24,474,428,433,333,354
2.46,-8.56,1.16,-0.26,0.63,-0.37,473,428,432,332,355
3.10,-8.83,2.07,-0.29,0.60,-0.27,472,427,433,332,355
3.93,-7.88,1.14,-0.32,0.61,-0.17,472,427,433,332,356
3.41,-8.68,1.51,-0.19,0.69,-0.18,471,427,432,333,356
4.48,-8.29,0.97,-0.35,0.58,-0.38,470,427,432,332,357
5.08,-8.71,1.45,-0.34,0.47,-0.17,470,426,432,332,357
5.08,-8.13,0.47,-0.40,0.34,-0.27,469,426,432,332,358
4.16,-8.56,0.66,-0.21,0.54,0.13,468,426,432,332,359
END
4.12,-8.50,0.04,-0.31,0.39,-0.07,482,431,436,334,356
1.95,-8.87,-0.50,0.06,-0.15,-0.06,483,431,436,334,356
1.79,-9.41,-0.05,0.17,-0.06,0.05,482,431,436,334,356
1.09,-9.35,-0.12,0.13,-0.07,0.19,482,430,436,334,356
0.20,-9.88,0.55,0.12,-0.04,-0.16,482,430,435,334,357
-0.79,-9.85,1.24,0.08,0.09,0.02,482,431,436,334,356
-2.81,-9.87,1.67,-0.02,0.52,-0.21,483,431,436,334,356
-0.84,-9.07,1.67,0.17,0.81,-0.22,482,430,436,334,356
1.00,-9.45,2.45,0.02,1.04,-0.10,482,430,435,334,356
1.97,-9.55,2.55,-0.01,1.04,-0.23,481,429,436,334,356
1.66,-9.16,2.77,-0.07,1.09,-0.32,480,429,435,334,356
1.89,-8.66,2.68,-0.14,1.08,-0.37,480,429,435,334,355
2.99,-8.61,3.01,-0.04,1.18,-0.49,479,429,435,333,355
3.47,-8.81,2.71,-0.24,1.02,-0.35,479,429,435,333,355
3.38,-8.60,2.57,-0.24,0.91,-0.27,479,429,435,333,355
3.80,-8.41,2.14,-0.24,0.95,-0.33,479,428,435,333,355
3.16,-8.73,2.39,-0.15,0.93,-0.19,478,429,435,333,355
2.16,-8.73,2.58,-0.20,0.84,-0.51,478,428,435,333,355
2.30,-8.40,2.95,-0.22,0.91,-0.20,478,428,435,333,355
3.65,-8.08,2.61,-0.22,0.80,-0.43,477,428,435,333,355
3.57,-8.48,2.60,-0.31,0.75,-0.29,477,428,434,333,355
4.21,-8.43,2.38,-0.34,0.69,-0.25,476,428,434,333,355
3.55,-7.75,1.50,-0.30,0.66,-0.39,475,427,434,333,355
3.75,-8.43,2.37,-0.27,0.69,-0.14,475,427,434,333,355
3.33,-8.26,1.67,-0.25,0.60,-0.34,474,427,434,333,355
2.89,-8.66,2.17,-0.30,0.70,-0.18,473,427,434,333,355
3.53,-8.51,1.95,-0.35,0.60,-0.33,473,426,433,333,355
2.28,-7.82,1.39,-0.44,0.78,-0.33,472,426,433,333,355
4.22,-8.54,2.53,-0.38,0.73,-0.16,470,426,433,333,356
5.75,-8.22,1.62,-0.30,0.64,-0.25,470,425,433,333,357
4.84,-8.53,1.56,-0.41,0.51,-0.16,469,425,432,333,357
5.18,-8.33,1.18,-0.36,0.41,-0.21,468,424,432,333,357
3.66,-8.18,1.13,-0.41,0.43,-0.16,468,424,432,333,357
3.72,-8.40,0.04,-0.48,0.49,-0.12,467,424,432,333,357
1.51,-7.64,0.76,-0.39,0.89,0.20,464,423,432,333,358
3.40,-8.44,0.69,-0.54,0.55,-0.41,463,423,432,333,359
END
4.97,-8.37,0.38,-0.19,0.59,-0.20,480,430,433,334,357
1.66,-9.25,0.48,-0.08,0.17,-0.02,480,430,433,334,357
1.15,-9.12,0.21,-0.03,0.31,-0.05,480,430,433,334,358
0.70,-9.43,0.69,-0.09,0.46,-0.02,480,430,433,334,357
1.64,-9.33,0.24,-0.15,0.56,-0.16,480,430,433,334,358
1.82,-9.22,0.83,-0.11,0.69,-0.08,480,430,433,334,357
0.83,-9.30,1.41,-0.13,0.76,-0.13,480,430,433,334,357
2.12,-9.34,1.69,-0.08,0.94,-0.14,479,430,433,333,357
2.10,-9.50,1.90,-0.10,1.02,-0.04,479,429,433,333,357
3.31,-8.62,1.78,-0.16,1.01,-0.38,479,429,433,333,357
2.54,-8.64,1.95,-0.14,1.11,-0.02,478,429,432,334,357
4.17,-8.65,2.01,-0.14,0.94,-0.25,478,429,433,334,358
3.76,-8.77,1.83,-0.26,0.99,-0.04,477,429,432,333,358
3.22,-8.54,1.44,-0.21,0.84,-0.17,476,429,433,333,358
2.30,-8.65,1.38,-0.24,0.76,-0.39,476,428,433,333,358
2.97,-9.04,1.54,-0.27,0.75,-0.14,474,428,433,333,357
3.15,-9.02,2.07,-0.23,0.78,-0.29,474,428,432,333,358
2.46,-8.92,1.71,-0.31,0.76,-0.24,474,428,432,333,358
3.62,-8.55,1.85,-0.30,0.74,-0.23,473,427,432,333,358
3.38,-8.35,1.11,-0.28,0.79,-0.23,473,426,432,333,358
3.61,-8.90,1.71,-0.26,0.72,-0.15,472,427,432,333,359
3.90,-8.11,0.60,-0.39,0.65,-0.29,471,427,432,333,359
3.62,-8.97,1.46,-0.29,0.69,-0.10,470,426,432,333,359
4.47,-8.17,1.00,-0.38,0.57,-0.13,469,426,432,333,359
2.94,-8.46,0.67,-0.18,0.64,0.16,468,426,432,333,359
3.26,-9.02,0.31,-0.32,0.58,-0.34,468,425,432,333,359
4.22,-8.99,0.90,-0.30,0.59,-0.08,468,425,432,333,359
3.86,-8.90,0.90,-0.32,0.60,-0.23,467,425,431,333,359
4.85,-8.58,0.06,-0.42,0.50,-0.20,466,425,431,333,360
3.67,-8.42,-0.06,-0.44,0.63,-0.11,465,424,431,333,360
4.17,-8.52,-0.29,-0.45,0.62,-0.16,463,423,431,333,361
4.61,-8.77,-0.02,-0.39,0.61,0.10,463,423,431,333,362
2.99,-8.56,-0.03,-0.23,0.71,0.01,462,423,431,333,361
5.20,-8.47,-0.36,-0.23,0.64,-0.15,462,423,431,333,362
4.81,-8.08,-0.39,-0.38,0.60,-0.09,461,423,430,333,362
4.65,-8.19,-0.36,-0.24,0.49,-0.06,461,423,430,333,362
END
4.54,-7.25,-1.08,-0.27,0.49,-0.09,479,429,434,333,356
1.11,-9.85,0.39,0.05,0.09,-0.10,479,429,434,333,356
1.17,-9.42,0.47,-0.01,0.09,-0.05,479,429,434,333,355
0.34,-9.01,0.17,0.02,0.18,0.01,479,429,434,333,355
0.19,-9.02,0.70,0.03,0.27,-0.00,479,429,434,333,355
0.04,-9.63,1.61,0.00,0.36,-0.11,478,429,434,333,355
-1.22,-10.16,1.66,-0.05,0.68,-0.16,478,428,433,334,355
-1.34,-9.85,2.26,-0.03,0.91,-0.19,477,428,433,334,355
0.69,-9.01,2.45,-0.09,1.04,-0.43,477,428,433,333,355
1.54,-8.59,2.30,-0.06,1.17,-0.33,476,428,433,333,355
1.91,-8.65,3.18,-0.11,1.15,-0.20,476,428,434,333,355
3.10,-8.05,2.28,-0.10,1.13,-0.54,475,427,433,333,356
2.67,-8.84,2.77,-0.21,1.13,-0.33,475,427,433,333,356
4.83,-9.07,3.12,-0.22,0.89,-0.45,474,427,433,333,356
3.63,-8.95,2.73,-0.31,0.93,-0.40,473,426,433,333,356
4.84,-9.38,2.50,-0.21,0.72,-0.23,472,426,433,333,356
3.07,-9.32,2.37,-0.23,0.77,-0.13,472,426,433,332,356
1.71,-8.27,1.89,-0.45,0.77,-0.34,472,426,432,333,355
2.93,-8.04,2.07,-0.29,0.76,-0.23,471,426,432,333,355
2.99,-8.25,1.78,-0.40,0.81,-0.35,470,425,432,333,356
3.95,-8.49,2.00,-0.37,0.76,-0.06,469,425,432,333,356
2.18,-8.18,2.29,-0.17,0.89,0.01,469,425,432,333,356
3.39,-8.48,2.57,-0.17,0.78,-0.11,468,424,432,333,357
3.07,-8.46,1.88,-0.24,0.83,-0.24,467,424,432,333,357
3.51,-8.79,2.35,-0.35,0.75,-0.30,467,423,431,333,357
4.12,-8.73,1.56,-0.42,0.72,-0.31,465,423,431,332,357
3.17,-8.10,1.46,-0.32,0.82,-0.06,464,422,431,332,357
3.20,-8.70,1.72,-0.17,0.76,-0.05,463,422,431,332,357
2.81,-8.74,1.70,-0.32,0.68,-0.33,463,422,431,332,357
3.32,-9.31,2.20,-0.34,0.68,-0.22,462,422,430,332,357
4.82,-8.37,0.94,-0.32,0.63,-0.24,461,421,430,332,358
3.14,-7.90,1.43,-0.49,0.56,-0.24,460,421,430,332,358
5.28,-8.52,1.12,-0.31,0.51,-0.37,460,421,430,332,360
4.87,-7.79,0.32,-0.48,0.47,-0.27,459,420,430,332,359
5.05,-8.57,0.83,-0.60,0.47,-0.36,457,420,429,332,359
5.89,-7.70,-0.98,-0.56,0.52,-0.40,455,419,428,332,359
END
4.08,-8.31,0.57,-0.44,0.35,0.09,465,422,429,333,356
2.53,-9.03,-1.23,-0.18,0.60,-0.13,465,422,429,333,356
2.61,-9.17,-0.79,-0.11,0.66,-0.05,465,422,429,333,356
3.07,-9.44,-0.84,-0.15,0.63,-0.08,465,422,429,333,356
2.64,-8.69,-0.75,-0.18,0.62,-0.11,465,422,429,332,356
2.80,-8.76,-0.78,-0.09,0.74,0.02,464,422,429,333,356
2.20,-8.98,-0.31,-0.12,0.76,-0.14,465,422,429,333,356
3.19,-8.90,0.20,-0.16,0.78,-0.14,465,422,429,332,356
3.29,-9.17,0.62,-0.22,0.77,-0.09,464,422,429,333,356
3.81,-9.46,0.31,-0.33,0.72,-0.13,464,422,429,333,356
3.44,-9.13,0.44,-0.31,0.82,-0.12,463,421,429,333,357
4.05,-7.99,-0.08,-0.28,0.79,-0.07,463,421,428,333,356
4.56,-8.01,-0.04,-0.26,0.71,-0.15,464,421,429,333,356
4.72,-8.52,-0.26,-0.27,0.69,-0.15,463,421,429,333,356
4.24,-8.48,-0.08,-0.39,0.63,-0.17,463,421,428,333,357
3.83,-8.84,-0.14,-0.46,0.71,0.12,462,421,428,333,357
3.47,-8.43,-0.56,-0.53,0.83,-0.28,462,421,429,333,357
4.74,-7.98,-0.30,-0.47,0.79,-0.21,461,420,429,333,358
5.03,-8.33,-0.33,-0.36,0.79,0.04,460,420,429,332,359
4.81,-8.34,-0.06,-0.32,0.79,-0.08,460,419,428,332,359
5.64,-8.23,0.08,-0.30,0.66,0.02,459,419,428,333,359
4.89,-8.64,-0.57,-0.26,0.70,-0.01,459,419,428,333,359
3.75,-9.09,-0.02,-0.18,0.70,0.07,458,419,428,333,359
4.92,-8.87,0.19,-0.26,0.64,-0.01,458,419,428,333,359
4.71,-8.06,-0.09,-0.32,0.68,0.03,458,419,428,333,359
5.72,-7.96,-0.01,-0.43,0.58,-0.04,458,419,428,333,359
5.72,-8.22,0.32,-0.43,0.56,-0.16,457,419,428,332,359
5.58,-7.54,-0.84,-0.63,0.54,-0.34,457,418,428,333,359
6.10,-6.48,-1.40,-0.52,0.45,-0.17,455,418,428,333,360
4.88,-7.21,-1.74,-0.32,0.45,-0.05,455,418,428,333,360
5.69,-7.70,-1.21,-0.31,0.43,0.05,455,417,428,333,360
5.43,-7.39,-1.41,-0.22,0.45,0.14,455,417,428,333,360
5.30,-7.60,-1.41,-0.34,0.48,0.16,454,417,427,333,361
3.70,-7.91,-0.78,-0.22,0.62,0.25,454,417,427,333,363
5.46,-7.37,-1.58,-0.24,0.47,-0.03,453,416,427,333,362
3.91,-7.96,-1.26,-0.20,0.53,-0.07,452,416,427,333,361
END
7.19,-6.92,-1.22,-0.12,0.36,-0.22,469,423,430,333,355
3.26,-9.38,-0.40,-0.19,0.62,-0.19,468,423,430,333,355
3.13,-9.40,0.08,-0.22,0.62,-0.05,468,423,430,333,355
3.24,-9.09,-0.34,-0.22,0.59,-0.12,467,423,430,333,355
3.29,-8.99,-0.29,-0.19,0.59,-0.10,467,423,430,333,355
3.11,-9.10,0.10,-0.16,0.56,-0.02,467,423,430,333,355
2.33,-9.03,-0.03,-0.19,0.70,-0.10,467,422,430,333,355
2.71,-8.81,0.33,-0.26,0.67,-0.08,466,422,430,333,355
2.40,-8.79,0.02,-0.18,0.84,-0.08,466,422,430,333,355
2.69,-8.58,0.39,-0.18,0.82,-0.16,466,422,430,333,355
2.73,-8.99,0.85,-0.23,0.93,-0.04,465,422,430,333,355
4.02,-8.72,1.62,-0.18,0.92,-0.16,464,421,429,333,356
4.16,-8.68,1.06,-0.32,0.98,-0.21,464,421,430,333,356
4.49,-8.84,1.27,-0.40,0.89,-0.18,464,421,430,333,356
4.54,-8.64,0.63,-0.49,0.82,-0.26,463,421,430,333,356
4.99,-8.20,0.32,-0.50,0.78,-0.22,463,421,430,333,357
4.67,-8.28,0.25,-0.48,0.73,-0.20,462,421,430,333,357
5.85,-8.08,0.36,-0.49,0.55,-0.23,462,420,430,333,358
5.52,-8.00,-0.18,-0.51,0.57,-0.22,462,420,430,333,358
5.83,-8.09,-0.34,-0.59,0.53,-0.18,461,419,430,333,358
5.65,-7.31,-1.36,-0.51,0.53,-0.02,460,419,429,333,358
5.17,-7.08,-1.24,-0.31,0.55,-0.08,460,419,429,333,359
5.15,-7.80,-0.47,-0.31,0.49,0.04,460,419,430,333,358
4.97,-7.62,-0.96,-0.31,0.57,0.07,460,419,429,333,358
5.25,-8.41,-0.31,-0.39,0.51,-0.02,459,419,429,333,358
5.67,-7.26,-0.58,-0.41,0.62,-0.16,459,419,429,333,358
6.58,-7.34,-0.26,-0.50,0.51,-0.13,458,418,429,333,359
6.28,-6.85,-1.22,-0.37,0.55,-0.15,458,418,429,333,359
6.25,-7.32,-1.22,-0.38,0.45,-0.11,457,418,429,333,359
6.23,-7.07,-1.08,-0.35,0.48,-0.11,457,418,429,333,359
6.54,-6.84,-1.26,-0.36,0.40,-0.02,457,417,429,333,359
6.35,-7.01,-1.32,-0.37,0.37,-0.07,456,417,429,333,359
5.58,-6.71,-1.34,-0.28,0.46,-0.06,456,417,429,333,359
6.45,-6.48,-1.47,-0.42,0.42,-0.08,456,417,429,333,359
7.37,-6.77,-1.29,-0.31,0.34,-0.13,455,417,429,333,359
6.72,-6.86,-1.63,-0.31,0.33,-0.09,455,417,429,333,360
END
6.32,-6.88,-1.56,-0.34,0.28,-0.04,475,425,431,333,355
2.27,-9.22,-0.26,-0.06,0.25,-0.10,474,425,431,334,355
2.66,-9.19,-0.11,-0.05,0.21,-0.08,474,425,430,333,355
2.49,-9.19,-0.10,-0.07,0.25,-0.05,474,425,431,333,355
2.53,-8.99,-0.11,-0.09,0.22,-0.09,474,425,431,334,355
1.44,-9.15,0.73,-0.11,0.41,-0.06,474,425,431,334,355
1.28,-9.33,1.11,-0.17,0.54,-0.15,473,425,431,333,355
1.47,-9.27,1.59,-0.19,0.79,-0.32,473,425,431,333,355
3.09,-9.16,1.47,-0.27,0.79,-0.35,473,425,431,333,355
4.66,-8.79,1.26,-0.40,0.92,-0.29,472,425,431,333,355
4.19,-8.66,0.70,-0.49,0.90,-0.23,472,424,431,333,355
4.36,-8.23,0.99,-0.53,0.89,-0.12,472,425,431,333,355
4.61,-7.90,0.76,-0.43,0.91,-0.07,471,424,431,333,355
4.67,-8.27,0.97,-0.36,0.92,0.04,471,424,431,333,355
4.31,-8.22,0.55,-0.30,0.95,0.11,471,424,431,333,355
4.47,-8.10,0.54,-0.13,0.98,0.11,471,424,431,333,354
3.45,-8.89,0.80,-0.25,0.91,0.05,471,424,431,333,354
3.96,-9.21,1.18,-0.28,1.01,-0.09,471,424,431,333,354
4.26,-8.92,0.70,-0.49,0.89,-0.27,470,424,431,332,354
4.54,-8.03,0.53,-0.49,0.97,-0.09,470,424,431,333,354
4.02,-7.87,0.42,-0.45,0.93,-0.10,470,424,431,333,354
3.47,-8.32,0.34,-0.44,0.81,-0.18,469,424,431,333,354
4.57,-8.25,0.35,-0.37,0.85,-0.16,469,423,430,333,354
4.87,-8.46,0.57,-0.39,0.70,-0.23,469,423,430,332,354
5.13,-8.26,0.09,-0.38,0.73,-0.16,468,423,430,333,354
4.65,-8.20,0.38,-0.41,0.69,-0.12,467,422,430,333,354
5.65,-7.98,-0.02,-0.37,0.58,-0.18,466,422,430,332,355
5.10,-7.94,-0.62,-0.45,0.54,-0.10,466,422,430,332,355
5.98,-7.77,-0.82,-0.35,0.48,-0.25,465,421,430,332,354
5.20,-7.59,-0.75,-0.36,0.43,-0.12,465,421,430,332,355
5.15,-7.67,-0.80,-0.36,0.37,-0.09,465,421,431,332,356
5.26,-7.74,-0.70,-0.30,0.36,-0.18,465,421,430,332,356
5.39,-7.81,-0.60,-0.32,0.34,-0.12,465,421,430,332,356
5.79,-7.16,-1.07,-0.31,0.34,-0.14,464,421,430,333,356
5.83,-7.18,-1.33,-0.33,0.29,-0.15,464,420,430,332,356
6.01,-7.06,-1.11,-0.27,0.32,-0.08,464,420,430,332,356
END
5.69,-7.69,-1.39,-0.26,0.29,-0.02,470,421,430,333,354
1.06,-9.31,0.24,-0.00,0.27,-0.11,469,421,430,333,354
0.50,-8.44,-0.05,0.00,0.48,-0.36,469,421,430,333,354
1.36,-8.69,0.57,0.11,0.58,-0.16,468,421,429,333,354
2.32,-9.57,1.83,0.04,0.66,-0.17,468,421,429,333,354
3.01,-9.73,1.72,-0.13,0.53,-0.26,468,421,429,333,354
1.82,-9.62,1.08,-0.24,0.62,-0.27,467,421,429,333,354
2.36,-9.27,2.00,-0.22,0.73,-0.14,467,421,429,333,354
2.13,-8.76,1.94,-0.29,0.75,-0.44,467,421,429,333,354
4.80,-8.44,2.39,-0.23,0.76,-0.29,466,421,429,333,354
2.95,-8.57,2.51,-0.32,0.89,-0.29,465,421,429,333,354
4.19,-8.66,1.97,-0.46,0.85,-0.11,465,420,429,333,354
3.88,-9.15,1.76,-0.52,0.81,-0.18,465,420,429,333,354
4.47,-8.64,1.69,-0.54,0.82,-0.19,465,420,428,333,354
5.18,-7.91,0.89,-0.49,0.81,-0.21,464,420,428,333,354
4.87,-7.90,0.83,-0.44,0.77,-0.13,464,420,428,333,355
4.87,-7.54,0.36,-0.37,0.68,-0.16,464,420,429,333,355
4.15,-7.88,0.50,-0.35,0.68,-0.21,464,420,429,333,355
4.60,-7.67,0.62,-0.32,0.71,-0.18,464,420,429,333,355
4.57,-8.07,0.48,-0.28,0.74,-0.12,464,419,428,333,355
3.83,-9.10,1.57,-0.23,0.84,-0.10,464,420,429,333,354
4.76,-8.36,1.08,-0.27,0.87,-0.04,464,419,428,333,355
5.05,-8.70,1.65,-0.30,0.89,-0.16,463,419,428,333,355
5.56,-8.13,1.06,-0.37,0.78,-0.16,463,419,428,333,355
5.44,-7.85,1.19,-0.35,0.71,-0.18,463,419,429,333,355
6.16,-7.69,1.03,-0.40,0.52,-0.22,463,419,428,332,355
5.61,-8.08,0.98,-0.43,0.51,-0.15,462,419,429,333,356
5.50,-7.83,0.18,-0.41,0.53,-0.19,462,419,429,333,356
5.53,-7.29,0.25,-0.34,0.49,-0.10,462,418,429,333,356
5.36,-7.70,0.27,-0.30,0.49,-0.11,462,418,428,332,356
6.19,-7.61,0.27,-0.28,0.39,-0.18,462,418,428,333,356
5.56,-7.65,-0.04,-0.32,0.39,-0.17,462,418,428,333,356
5.32,-7.60,-0.18,-0.35,0.34,-0.13,461,418,428,332,357
4.96,-7.43,-0.24,-0.33,0.44,-0.08,461,418,429,332,357
5.42,-7.65,-0.04,-0.31,0.30,-0.13,460,418,428,333,357
4.82,-8.06,-0.05,-0.24,0.34,-0.13,460,418,428,333,357
END
5.86,-7.79,-0.28,-0.38,0.32,-0.22,471,421,429,334,355
1.83,-9.67,0.28,0.01,0.08,-0.11,471,421,429,334,354
1.46,-9.30,0.09,-0.04,0.15,-0.05,471,421,429,334,355
1.56,-9.02,0.06,-0.01,0.21,-0.01,471,421,429,334,355
0.61,-8.84,-0.04,-0.03,0.25,-0.10,471,421,429,334,355
0.91,-9.07,0.75,-0.00,0.42,-0.09,470,421,429,334,355
0.87,-9.32,0.85,0.02,0.55,-0.27,470,421,429,334,354
1.96,-9.28,1.22,0.03,0.65,-0.13,470,420,428,334,354
1.32,-9.38,1.62,0.16,0.82,0.11,470,420,429,334,354
1.41,-9.41,1.91,0.06,0.78,-0.21,470,422,429,334,355
1.43,-8.92,2.33,-0.04,0.80,-0.25,469,423,429,334,354
2.53,-8.85,2.66,-0.07,0.84,-0.39,469,424,429,334,355
2.60,-8.94,2.52,-0.21,0.87,-0.29,468,424,429,334,355
2.52,-8.97,3.01,-0.27,0.95,-0.34,468,423,428,333,355
3.06,-8.94,2.65,-0.43,0.84,-0.52,467,423,428,334,355
3.50,-8.74,2.31,-0.33,0.93,-0.29,466,422,428,334,355
3.57,-8.78,2.20,-0.35,0.81,-0.26,465,422,428,334,355
3.46,-8.16,2.18,-0.33,0.86,-0.30,465,422,428,333,355
4.28,-8.28,1.86,-0.34,0.79,-0.33,465,422,428,333,356
3.83,-8.71,2.02,-0.37,0.78,-0.39,465,422,428,333,355
4.72,-8.43,1.82,-0.49,0.71,-0.39,464,421,428,333,356
4.11,-8.19,1.23,-0.53,0.71,-0.28,464,421,428,334,356
4.78,-8.31,1.44,-0.51,0.66,-0.37,464,421,428,334,356
4.44,-8.25,1.28,-0.55,0.76,-0.13,464,421,428,333,356
4.20,-7.80,1.15,-0.48,0.65,-0.33,463,421,428,333,356
4.79,-7.74,0.49,-0.51,0.65,-0.20,463,420,428,333,357
5.64,-7.72,0.55,-0.46,0.59,-0.26,463,420,428,333,357
5.37,-7.73,0.27,-0.47,0.64,-0.22,462,420,428,333,357
5.66,-7.62,0.19,-0.47,0.57,-0.19,462,420,427,333,357
5.49,-8.00,0.02,-0.46,0.63,-0.13,462,420,428,333,357
5.71,-7.86,-0.27,-0.49,0.56,-0.12,461,419,428,333,357
5.59,-7.89,0.07,-0.50,0.62,-0.03,461,419,427,333,358
5.49,-7.47,-0.93,-0.47,0.67,0.12,461,419,427,333,357
5.43,-7.63,-0.44,-0.40,0.75,0.26,460,418,428,333,358
5.81,-7.87,0.01,-0.34,0.61,0.02,461,419,428,333,358
5.76,-7.82,0.18,-0.36,0.49,0.03,460,419,428,333,358
END
