4.63,-3.88,-7.71,-0.07,0.12,0.04,526,466,309,336,388
4.42,-3.97,-7.86,0.04,0.03,-0.04,526,466,309,336,388
4.54,-4.01,-8.17,0.05,-0.00,-0.04,525,466,309,336,388
4.31,-4.11,-7.67,0.04,-0.01,-0.01,526,466,309,336,388
4.41,-4.06,-7.85,0.03,0.01,-0.02,526,466,309,336,389
4.29,-4.21,-7.81,0.02,0.01,-0.02,526,466,309,336,389
4.17,-4.30,-7.78,0.03,0.02,-0.01,525,466,309,336,389
4.25,-4.52,-7.48,-0.01,-0.03,-0.04,525,466,309,336,388
3.62,-5.76,-5.97,-0.33,-0.19,-0.17,525,466,310,336,382
5.23,-4.71,-6.84,-0.48,-0.53,-0.26,524,466,309,336,381
4.03,-2.12,-9.92,-0.64,-0.21,0.13,523,465,308,335,380
3.06,-2.31,-8.76,-0.73,-0.20,0.19,523,465,307,335,379
2.44,-1.06,-8.89,-1.03,-0.36,0.18,522,465,305,335,378
2.86,0.90,-9.82,-0.69,-0.44,-0.02,520,464,303,334,378
1.26,0.74,-9.15,-0.95,-0.03,0.42,517,463,301,334,377
2.12,2.19,-9.74,-0.51,0.10,0.61,515,462,300,333,377
3.12,1.79,-10.11,-0.57,0.20,0.03,512,461,299,333,377
2.46,2.89,-9.83,-0.50,-0.01,0.10,509,459,298,333,378
2.79,2.89,-10.71,-0.15,0.11,0.09,508,459,297,333,378
2.86,2.25,-10.49,-0.12,0.06,-0.05,506,459,297,333,377
4.69,3.60,-10.38,0.29,-0.24,-0.47,506,459,297,333,377
2.46,2.76,-10.39,0.49,0.02,0.22,508,459,297,333,377
2.90,2.01,-10.67,1.07,-0.04,-0.83,512,462,304,334,376
1.73,0.72,-9.07,0.73,0.05,-0.22,516,463,308,335,376
3.97,-0.55,-9.45,1.40,0.55,0.37,517,464,320,337,377
3.72,-2.64,-8.61,0.93,0.67,0.11,520,465,321,337,377
3.98,-3.33,-7.44,0.98,0.33,0.02,519,465,323,341,377
4.47,-4.51,-5.62,0.65,0.06,-0.21,519,465,323,345,377
3.49,-5.48,-6.53,0.11,0.05,0.03,519,465,321,346,377
3.86,-5.10,-6.32,-0.26,-0.34,-0.18,518,464,318,343,377
4.42,-3.66,-7.77,-0.35,-0.37,-0.24,518,464,313,339,377
3.57,-2.45,-9.63,-0.44,-0.44,-0.27,518,463,309,336,377
3.01,-2.23,-9.15,-0.53,-0.36,-0.23,518,462,305,334,376
2.72,-2.30,-8.76,-0.51,-0.29,-0.05,516,462,303,333,375
2.81,-1.41,-9.47,-0.54,-0.09,0.00,515,461,301,332,375
2.58,-1.13,-8.59,-0.82,-0.15,0.08,513,459,299,332,375
END
2.11,0.83,-9.81,-0.59,-0.10,0.23,510,460,315,343,376
4.25,-3.69,-8.31,0.04,0.04,-0.02,509,460,316,343,375
4.34,-3.85,-8.26,0.04,0.01,-0.02,509,460,316,343,376
4.15,-4.02,-8.43,0.01,-0.03,-0.03,510,460,315,343,375
4.13,-3.83,-8.19,-0.00,-0.02,-0.00,510,460,315,343,375
3.80,-4.13,-7.65,-0.11,-0.04,-0.06,510,460,315,342,375
3.78,-3.84,-7.58,-0.29,-0.18,-0.19,510,459,311,340,375
4.41,-3.05,-8.78,-0.49,-0.55,-0.34,511,459,306,336,375
3.49,-2.35,-9.08,-0.52,-0.52,-0.19,511,459,302,334,374
2.94,-1.44,-10.06,-0.46,-0.34,0.02,511,458,300,333,374
2.77,-1.50,-9.46,-0.60,-0.24,-0.01,510,458,299,332,373
2.42,-0.55,-9.51,-0.50,-0.21,0.20,509,457,298,333,373
2.84,0.15,-10.42,-0.38,-0.10,0.20,507,457,297,332,373
2.38,0.29,-9.98,-0.37,0.06,0.22,506,456,296,331,374
1.85,0.51,-10.09,-0.37,0.07,0.19,504,456,295,331,373
3.93,2.95,-10.43,0.06,-0.10,-0.38,503,456,295,331,373
2.61,1.37,-9.40,0.11,0.02,0.08,503,456,296,331,373
2.74,0.80,-10.27,0.69,0.26,-0.15,503,456,309,334,373
1.41,-0.98,-9.47,0.26,0.22,0.00,504,456,309,336,374
2.93,-0.61,-9.73,0.54,-0.07,-0.29,506,457,317,339,374
2.96,-1.21,-9.30,0.49,0.34,0.06,507,457,319,341,374
3.50,-1.46,-9.88,0.76,0.50,0.10,507,458,325,346,374
2.94,-1.84,-9.41,0.82,0.48,-0.08,507,458,328,349,375
3.71,-3.19,-8.52,0.67,0.27,-0.08,507,458,327,349,375
4.11,-4.09,-7.75,0.57,0.12,-0.16,507,458,326,348,375
3.89,-5.14,-6.41,0.21,0.01,-0.11,507,458,322,344,374
3.75,-5.17,-5.90,-0.24,-0.25,-0.19,507,458,314,340,374
4.74,-3.59,-7.70,-0.39,-0.51,-0.33,508,458,309,337,374
3.85,-2.28,-9.69,-0.54,-0.47,-0.21,508,457,306,335,374
2.93,-2.10,-9.21,-0.39,-0.39,-0.07,507,456,303,333,374
3.09,-2.33,-9.25,-0.56,-0.37,-0.18,507,456,301,333,373
2.37,-1.31,-8.76,-0.67,-0.31,-0.07,506,455,301,332,373
2.64,-0.41,-9.75,-0.64,-0.28,-0.01,505,455,299,332,373
1.53,0.64,-9.73,-0.67,-0.02,0.17,503,454,298,332,373
1.89,1.95,-10.24,-0.44,-0.08,0.03,502,454,297,332,374
2.00,2.02,-10.39,-0.44,0.02,0.10,500,453,296,331,375
END
2.30,2.53,-10.75,-0.19,-0.06,-0.05,502,454,319,342,373
4.12,-4.00,-7.83,0.04,-0.02,-0.06,502,454,319,343,373
4.54,-3.83,-8.42,0.04,0.00,-0.04,501,454,319,343,373
4.08,-4.13,-7.62,0.01,-0.01,-0.02,501,452,319,343,373
4.08,-4.00,-7.85,0.01,-0.02,-0.03,501,453,319,342,373
4.11,-4.15,-7.70,-0.08,-0.03,-0.03,501,453,318,342,373
4.03,-4.06,-7.52,-0.22,-0.12,-0.10,501,453,316,342,373
4.08,-3.50,-8.54,-0.29,-0.35,-0.24,502,453,311,340,373
4.52,-2.86,-9.01,-0.41,-0.36,-0.26,503,453,307,336,373
3.82,-2.04,-9.83,-0.25,-0.30,-0.11,503,452,305,334,373
3.17,-2.12,-8.95,-0.46,-0.33,0.01,502,452,304,334,372
2.96,-1.72,-9.02,-0.43,-0.46,-0.07,502,452,303,333,372
2.59,-1.41,-9.02,-0.83,-0.38,0.07,500,451,301,333,371
1.69,0.14,-9.34,-0.61,-0.28,0.16,498,451,300,332,371
2.02,1.12,-10.52,-0.40,0.02,0.42,497,449,298,332,371
1.39,2.08,-10.66,-0.14,0.15,0.27,497,449,296,333,371
1.91,1.61,-11.20,-0.27,-0.32,-0.51,496,448,296,332,371
3.12,1.61,-10.09,0.13,0.09,0.14,495,448,296,331,371
1.18,1.41,-10.97,0.47,0.27,0.01,496,449,305,332,372
1.26,1.39,-9.81,0.78,0.38,0.51,498,451,318,338,373
3.57,-0.73,-10.19,0.95,0.36,-0.03,501,453,324,344,373
2.84,-1.80,-8.96,0.78,0.54,0.21,501,453,324,347,373
3.74,-2.55,-8.64,0.66,0.37,0.25,502,453,325,347,373
4.02,-3.15,-8.68,0.67,0.22,0.01,502,454,326,348,373
3.61,-3.93,-8.21,0.53,0.17,0.00,502,454,326,347,373
3.45,-5.11,-6.78,0.22,0.19,0.18,501,453,323,344,374
3.60,-5.33,-7.11,0.18,-0.06,-0.13,502,453,318,343,374
3.66,-5.08,-6.87,-0.30,-0.24,-0.12,501,452,315,340,374
3.69,-3.83,-7.62,-0.33,-0.35,-0.28,501,453,314,337,374
3.20,-3.40,-9.29,-0.37,-0.40,-0.40,501,452,313,336,374
2.79,-3.08,-8.79,-0.53,-0.40,-0.32,500,452,311,335,374
3.38,-2.06,-9.51,-0.57,-0.40,-0.31,499,451,309,334,375
3.54,-1.26,-9.58,-0.59,-0.29,-0.17,497,450,307,333,375
2.56,-0.47,-9.75,-0.43,-0.16,-0.07,496,450,304,333,374
1.92,-0.27,-9.07,-0.43,-0.01,0.21,496,450,300,332,372
2.20,0.79,-9.98,-0.33,-0.02,0.16,495,449,297,331,370
END
1.58,0.96,-10.14,-0.39,-0.15,-0.00,497,453,319,342,372
4.24,-4.29,-7.53,0.03,-0.01,-0.02,498,453,319,342,372
4.22,-4.47,-7.74,-0.02,-0.04,-0.08,498,453,317,341,371
4.71,-4.11,-8.03,-0.04,-0.03,-0.06,498,453,317,341,371
4.19,-3.96,-8.53,-0.04,0.04,0.04,498,453,316,341,372
4.26,-4.30,-7.55,-0.02,-0.04,-0.01,498,453,316,341,371
4.26,-4.64,-7.01,-0.09,-0.05,-0.05,498,453,315,340,372
3.22,-4.65,-6.60,-0.37,-0.20,-0.17,498,453,312,339,372
4.00,-3.50,-7.71,-0.54,-0.66,-0.49,499,452,309,337,372
4.16,-1.51,-10.11,-0.88,-0.74,-0.38,498,451,304,334,371
2.96,-0.04,-9.79,-0.76,-0.30,0.04,497,451,301,333,372
2.91,0.01,-10.37,-0.52,-0.18,0.03,497,450,300,332,371
2.23,0.10,-9.54,-0.65,-0.01,0.20,495,449,298,332,372
2.29,1.21,-10.15,-0.40,-0.02,0.18,493,448,297,332,372
2.54,1.44,-10.00,-0.42,-0.01,0.04,491,446,296,330,372
2.63,1.52,-10.37,-0.18,-0.07,-0.02,489,446,295,330,372
2.75,2.45,-10.91,0.11,0.03,0.08,488,446,295,330,371
1.87,2.09,-10.73,0.33,-0.04,-0.41,489,447,298,331,371
2.69,1.47,-9.44,0.38,0.05,0.41,489,447,305,334,371
2.00,-0.19,-10.27,0.79,0.26,-0.14,492,448,313,338,371
2.57,0.57,-9.10,0.61,0.16,0.25,492,447,319,343,371
3.19,-1.08,-10.68,0.94,0.45,0.08,493,449,323,345,371
3.24,-2.35,-8.10,0.76,0.40,0.11,493,449,327,347,371
3.55,-3.37,-8.41,0.64,0.26,0.01,493,449,327,347,372
3.88,-4.11,-7.54,0.50,0.24,-0.02,493,449,326,347,372
3.53,-4.67,-7.04,0.10,0.08,-0.05,493,449,321,343,372
3.81,-4.27,-7.25,-0.09,-0.22,-0.17,494,449,317,340,372
3.32,-3.73,-8.12,-0.24,-0.21,-0.22,494,449,312,337,371
4.01,-3.09,-8.69,-0.31,-0.38,-0.27,493,449,308,335,372
3.57,-2.55,-9.32,-0.28,-0.36,-0.30,493,448,304,334,372
3.01,-2.48,-9.02,-0.55,-0.40,-0.20,492,448,303,333,371
3.14,-1.28,-9.71,-0.43,-0.45,-0.21,491,447,301,332,371
2.22,-1.34,-9.20,-0.65,-0.29,-0.05,491,446,300,332,371
1.96,-0.17,-9.30,-0.55,-0.21,0.19,489,446,298,332,371
1.98,0.57,-9.91,-0.48,-0.03,0.20,488,445,297,332,371
1.56,1.23,-9.53,-0.53,0.01,0.47,486,444,296,331,372
END
2.59,1.74,-10.38,-0.53,0.14,-0.08,493,451,311,336,372
4.10,-3.92,-8.46,0.04,0.01,-0.05,493,450,312,336,372
4.26,-4.22,-8.20,0.03,-0.01,-0.05,493,450,312,336,372
4.18,-4.11,-8.00,0.03,0.00,-0.03,493,450,312,336,371
4.14,-4.08,-8.11,0.02,0.02,-0.01,493,450,312,336,371
4.18,-4.28,-7.59,-0.01,0.00,-0.03,493,450,311,335,371
4.03,-4.92,-6.45,-0.17,-0.03,-0.03,493,450,311,336,371
3.96,-4.52,-7.03,-0.53,-0.41,-0.28,493,450,310,335,371
3.55,-2.00,-9.39,-1.01,-0.72,-0.27,493,449,307,335,373
3.82,-0.62,-11.28,-0.56,-0.80,-0.35,493,447,303,332,375
2.20,-0.75,-10.01,-0.50,-0.09,0.18,493,447,300,332,374
2.05,-0.50,-9.34,-0.41,-0.02,0.35,493,446,299,332,374
2.49,-0.39,-9.79,-0.35,-0.10,0.07,493,446,298,331,374
2.12,0.11,-9.26,-0.54,-0.13,0.14,490,445,297,331,374
2.53,0.75,-10.02,-0.37,-0.02,0.13,488,443,295,330,373
2.00,1.13,-10.01,-0.20,0.08,-0.01,485,443,294,330,372
2.92,2.23,-10.38,0.05,-0.10,-0.22,483,442,294,330,372
2.10,1.82,-11.36,0.30,0.01,-0.11,485,445,294,330,371
2.44,1.59,-9.95,0.47,0.11,0.17,486,446,300,332,371
1.83,-0.11,-10.01,0.56,0.17,0.11,489,447,311,337,372
1.94,0.19,-9.20,0.73,0.30,0.28,490,447,315,342,372
2.91,-1.28,-9.91,0.84,0.33,0.09,490,448,319,341,372
2.91,-2.15,-8.67,0.75,0.27,-0.12,491,449,320,343,372
3.14,-3.14,-8.17,0.73,0.25,-0.03,490,448,320,343,372
3.31,-3.88,-8.06,0.73,0.38,-0.07,490,448,322,344,372
3.91,-4.58,-7.03,0.46,0.31,-0.13,490,448,321,345,372
4.76,-5.45,-6.49,0.38,0.22,-0.08,490,449,321,344,373
4.34,-5.18,-6.38,-0.08,-0.07,-0.13,489,448,317,342,372
3.78,-4.54,-6.60,-0.42,-0.24,-0.24,489,447,311,339,372
4.62,-3.22,-8.58,-0.32,-0.67,-0.44,490,446,308,337,373
3.63,-3.46,-8.27,-0.50,-0.52,-0.31,489,446,304,335,372
2.85,-2.68,-8.81,-0.49,-0.52,-0.26,489,445,303,334,372
2.66,-1.63,-8.93,-0.79,-0.46,-0.18,488,444,302,333,371
3.18,-0.50,-10.19,-0.61,-0.52,-0.09,487,444,300,332,371
2.78,0.32,-10.16,-0.48,-0.25,0.03,486,443,298,332,372
1.59,0.27,-9.76,-0.48,0.04,0.49,484,441,297,331,372
END
1.99,0.40,-9.86,-0.46,-0.07,0.28,492,451,311,337,371
4.06,-4.37,-7.62,0.03,-0.02,-0.05,491,451,311,337,371
4.34,-4.17,-7.90,0.03,-0.01,-0.04,491,450,311,337,372
4.19,-4.26,-7.66,0.00,0.01,-0.01,491,450,312,337,372
4.37,-4.12,-8.05,0.03,0.00,-0.03,491,450,311,337,371
3.96,-4.55,-7.33,-0.08,-0.04,-0.06,491,451,311,337,371
3.76,-4.54,-6.45,-0.23,-0.25,-0.30,490,450,310,337,371
4.14,-3.83,-7.80,-0.65,-0.77,-0.69,490,449,307,336,372
4.23,-2.30,-9.76,-0.60,-0.80,-0.22,489,449,304,335,372
2.59,-0.96,-10.30,-0.53,-0.06,0.25,489,448,301,333,371
1.79,-0.95,-9.26,-0.65,-0.11,0.17,487,447,300,333,370
2.60,-0.55,-9.27,-0.61,-0.51,-0.10,486,446,299,332,370
2.88,-0.01,-10.13,-0.39,-0.33,-0.36,484,444,297,331,370
1.26,0.86,-9.48,-0.69,-0.13,0.18,480,443,296,331,369
1.85,1.68,-10.49,-0.37,-0.22,0.05,478,442,295,330,369
1.55,2.39,-10.42,-0.21,0.19,0.23,476,441,295,330,368
0.91,3.60,-11.33,0.03,-0.24,-0.34,476,441,295,330,368
2.33,3.12,-11.36,0.20,-0.11,-0.13,477,442,297,331,369
0.64,2.61,-11.47,0.84,0.59,0.53,481,445,312,336,370
1.99,1.34,-9.60,1.13,0.73,0.77,483,445,320,343,370
2.57,-1.70,-9.48,1.16,0.82,0.27,486,447,323,345,371
2.80,-2.46,-7.52,1.06,0.47,0.19,486,447,328,348,371
4.67,-3.64,-8.18,0.72,0.22,0.03,486,447,330,349,373
3.91,-4.28,-7.70,0.67,0.37,0.04,487,447,330,350,373
4.16,-5.48,-6.09,0.26,0.07,-0.07,488,447,327,347,373
4.21,-5.36,-6.17,0.09,-0.11,-0.09,488,447,323,345,373
3.88,-4.79,-6.93,-0.26,-0.25,-0.19,488,446,316,341,373
4.13,-4.04,-7.61,-0.38,-0.42,-0.25,488,446,311,337,373
4.03,-3.37,-8.76,-0.42,-0.40,-0.21,489,446,306,335,373
3.79,-3.20,-8.30,-0.66,-0.56,-0.38,488,445,304,334,372
2.72,-1.80,-9.20,-0.72,-0.58,-0.19,486,445,303,333,372
2.55,-1.06,-9.90,-0.56,-0.36,-0.13,486,444,302,333,372
1.92,-0.78,-9.59,-0.64,-0.30,0.10,485,443,301,333,372
2.12,0.70,-10.06,-0.46,-0.14,0.25,484,442,299,333,373
2.11,0.39,-9.88,-0.58,-0.03,0.14,482,440,298,332,372
1.26,1.69,-9.74,-0.50,0.07,0.72,479,438,296,332,373
END
1.82,1.87,-10.58,-0.08,0.11,0.20,483,444,315,338,371
4.35,-4.12,-7.86,0.03,-0.01,-0.05,483,444,316,338,371
4.16,-3.89,-8.34,-0.00,0.01,-0.01,483,444,315,338,371
4.16,-4.11,-7.91,0.00,0.00,-0.05,483,444,315,338,371
4.28,-4.06,-7.96,-0.03,-0.03,-0.05,483,444,315,338,371
4.22,-4.14,-7.27,-0.09,-0.04,-0.04,482,444,315,338,371
4.13,-4.16,-6.82,-0.25,-0.13,-0.12,483,444,313,337,371
4.37,-3.91,-8.05,-0.49,-0.42,-0.32,483,444,311,337,371
4.21,-1.94,-10.02,-0.57,-0.41,-0.14,483,443,307,336,372
3.45,-1.16,-10.01,-0.56,-0.34,-0.01,483,442,303,334,372
2.68,-1.09,-9.49,-0.36,-0.26,0.00,483,442,302,333,371
2.79,-0.88,-8.92,-0.54,-0.16,0.29,482,440,299,333,371
2.20,-0.47,-8.97,-0.69,-0.19,0.33,480,440,298,332,370
1.85,0.24,-9.34,-1.04,-0.11,0.52,476,438,296,332,371
1.94,2.27,-9.48,-0.48,0.04,0.57,472,435,295,331,373
2.53,2.56,-10.95,-0.41,-0.06,0.01,470,434,295,331,372
2.33,3.14,-10.01,0.06,-0.06,-0.17,469,434,295,331,372
3.05,1.95,-10.29,0.15,-0.12,0.24,470,435,296,332,371
0.97,2.39,-11.64,0.82,0.01,-0.74,473,439,302,333,370
1.75,0.88,-8.22,0.65,0.29,0.84,474,439,313,335,370
2.11,0.27,-10.75,0.97,0.47,-0.22,480,443,321,340,370
3.34,-0.63,-8.56,1.02,0.22,0.12,480,443,328,344,372
4.34,-2.48,-9.86,1.03,0.52,0.10,482,445,326,344,370
4.08,-3.10,-8.16,0.94,0.38,0.03,482,445,327,346,370
4.30,-4.26,-7.21,0.72,0.18,-0.10,483,445,326,344,371
4.26,-5.23,-7.06,0.44,0.05,-0.09,484,444,322,342,372
3.66,-6.11,-5.28,-0.06,-0.10,-0.07,485,444,315,339,372
3.81,-5.46,-6.40,-0.17,-0.39,-0.33,484,443,311,336,371
3.23,-4.48,-7.33,-0.63,-0.49,-0.36,484,443,307,334,371
4.15,-2.71,-9.22,-0.43,-0.55,-0.36,483,443,304,333,370
2.54,-2.60,-9.16,-0.63,-0.31,-0.24,483,442,302,332,370
2.99,-1.79,-9.02,-0.43,-0.41,-0.26,482,441,301,331,370
2.94,-2.00,-9.07,-0.68,-0.36,-0.16,482,440,300,331,370
1.79,-0.65,-9.01,-0.67,-0.19,0.14,480,439,298,331,369
2.67,0.44,-10.29,-0.59,-0.14,0.08,478,438,297,331,369
1.22,1.14,-9.63,-0.58,0.13,0.19,476,437,296,331,369
END
2.57,2.62,-10.61,-0.28,-0.18,0.04,481,443,317,340,370
4.39,-4.40,-7.61,-0.01,-0.01,0.01,481,443,316,339,370
4.24,-4.44,-7.56,-0.04,-0.03,-0.01,481,443,317,339,370
4.17,-4.38,-7.75,-0.13,-0.10,-0.03,481,443,316,339,370
4.15,-4.49,-7.47,-0.22,-0.21,-0.07,481,443,316,339,370
3.83,-4.45,-7.30,-0.35,-0.31,-0.21,481,443,315,339,370
3.52,-3.92,-9.19,-0.68,-0.30,-0.11,480,443,313,338,370
3.26,-1.49,-9.55,-1.08,-0.57,-0.24,479,443,308,336,370
3.32,-0.34,-10.39,-0.60,-0.63,-0.35,478,442,303,334,371
2.52,-0.78,-8.96,-0.80,-0.19,0.12,477,439,300,334,371
2.10,0.00,-9.40,-0.33,-0.09,0.06,476,439,298,332,370
3.12,1.44,-9.44,-0.78,-0.11,0.04,473,437,296,332,370
1.37,2.66,-10.27,-0.46,-0.07,0.00,469,437,295,331,370
1.91,3.29,-11.00,-0.35,-0.14,-0.45,468,436,295,330,370
2.54,3.63,-10.55,0.05,-0.10,-0.04,468,437,295,331,371
1.03,3.37,-12.06,0.61,0.12,-0.22,470,439,299,331,370
2.02,2.73,-9.89,1.00,0.58,0.70,471,440,318,336,370
1.78,0.27,-9.45,1.09,0.76,0.46,473,443,327,344,370
3.47,-1.59,-8.82,1.18,0.81,0.54,475,445,327,347,371
3.62,-2.83,-8.19,1.01,0.37,0.10,482,447,327,350,371
4.03,-3.65,-7.77,0.62,0.18,0.15,483,449,325,349,371
3.81,-4.34,-7.56,0.66,0.27,0.03,482,449,324,349,370
3.80,-5.06,-6.98,0.32,0.05,-0.04,482,449,322,346,370
4.36,-5.66,-6.25,0.14,-0.16,-0.16,482,448,319,343,370
4.17,-5.58,-6.05,-0.25,-0.26,-0.07,482,448,313,339,370
4.25,-4.49,-7.83,-0.34,-0.56,-0.34,481,447,309,335,369
3.76,-3.60,-8.55,-0.68,-0.64,-0.39,481,446,306,334,369
2.59,-3.32,-8.06,-0.89,-0.48,-0.04,477,444,303,333,368
3.35,-2.22,-8.85,-1.06,-0.23,-0.04,476,442,302,332,368
2.11,-0.04,-9.10,-0.72,-0.06,-0.07,474,440,301,332,368
3.33,1.98,-10.61,-0.66,-0.35,-0.27,473,439,299,332,368
2.51,2.38,-10.92,-0.46,-0.18,-0.07,471,439,297,331,368
1.44,1.83,-9.98,-0.40,0.02,0.47,469,437,297,331,367
1.76,1.69,-9.86,-0.17,0.08,0.39,467,436,296,331,369
2.84,1.31,-9.74,-0.28,0.11,-0.09,465,435,296,330,368
3.29,2.91,-10.32,-0.33,-0.09,0.02,464,435,295,331,368
END
2.63,3.44,-9.73,0.13,0.09,0.30,476,442,317,338,369
4.32,-4.08,-7.82,0.02,0.02,-0.03,476,442,317,338,369
4.24,-4.08,-7.87,-0.00,0.05,-0.00,476,442,318,339,368
4.55,-4.25,-8.00,-0.01,0.02,-0.03,475,442,317,338,368
4.21,-4.21,-7.76,0.02,0.02,-0.02,475,442,316,338,368
4.26,-4.59,-6.96,-0.12,-0.08,-0.09,475,441,315,338,368
3.89,-4.52,-7.27,-0.40,-0.47,-0.43,475,441,313,338,368
3.50,-2.79,-8.95,-0.48,-0.70,-0.44,475,441,309,336,368
2.85,-1.68,-9.96,-0.86,-0.57,-0.19,475,440,305,334,368
2.34,-0.57,-9.66,-0.53,-0.60,-0.13,475,439,301,333,368
2.53,-1.00,-8.84,-0.69,-0.29,-0.07,473,437,300,332,367
1.43,-0.01,-9.32,-0.55,-0.15,0.18,472,436,298,332,368
2.07,1.17,-9.77,-0.47,-0.02,0.21,470,436,297,331,367
1.51,1.88,-10.32,-0.42,-0.22,-0.05,468,435,296,331,367
1.44,2.22,-10.62,-0.20,-0.19,-0.10,467,435,295,330,366
1.67,2.74,-10.47,-0.01,-0.18,-0.23,467,436,295,330,365
1.34,2.94,-11.64,0.33,0.05,-0.20,470,438,299,331,365
1.64,2.23,-10.33,1.00,0.75,0.80,471,440,310,333,365
0.93,0.24,-10.21,1.00,0.74,0.06,479,443,315,337,367
3.37,-1.87,-8.26,1.49,0.79,0.54,478,442,321,339,370
3.16,-3.54,-7.79,0.98,1.02,0.19,480,443,324,343,370
4.87,-4.49,-6.39,0.62,0.13,0.01,481,445,324,344,371
4.90,-4.95,-6.99,0.51,-0.06,-0.07,482,447,323,344,370
3.32,-5.58,-6.38,0.11,0.20,0.20,483,447,318,342,369
3.51,-5.91,-5.86,-0.18,-0.27,-0.09,483,446,312,338,369
4.22,-5.10,-6.71,-0.29,-0.51,-0.19,482,446,308,335,368
4.08,-4.21,-8.08,-0.60,-0.52,-0.33,481,445,304,333,367
2.81,-3.19,-8.05,-0.68,-0.37,-0.00,479,444,302,332,367
2.60,-2.21,-9.66,-0.65,-0.46,-0.25,478,442,301,331,367
2.72,-1.81,-8.61,-0.69,-0.46,-0.18,476,442,300,331,366
1.84,-0.87,-9.35,-0.25,-0.30,-0.26,476,441,298,331,366
1.96,-0.67,-9.81,-0.49,-0.14,-0.07,474,441,296,331,366
2.07,0.64,-9.79,-0.46,-0.11,0.26,472,440,295,330,366
3.25,0.60,-10.44,-0.43,-0.05,0.09,470,439,295,330,366
1.53,1.13,-9.87,-0.46,0.11,0.28,468,437,295,330,366
1.76,2.03,-10.17,-0.23,-0.06,0.24,467,435,294,329,367
END
2.07,2.00,-10.27,-0.02,-0.06,-0.04,474,441,310,338,367
4.30,-4.27,-7.38,-0.15,-0.11,-0.07,473,441,311,338,367
4.38,-3.85,-7.83,-0.28,-0.12,-0.05,473,441,310,338,367
4.49,-3.55,-8.38,-0.32,-0.12,-0.04,473,441,310,338,367
4.44,-3.16,-9.06,-0.37,-0.31,-0.14,472,440,310,338,367
3.35,-3.22,-8.17,-0.43,-0.33,-0.06,472,440,310,337,366
3.01,-1.82,-8.69,-0.72,-0.49,-0.14,472,440,307,336,366
3.12,-0.41,-9.85,-0.60,-0.55,-0.25,471,439,302,334,366
2.61,-0.28,-9.63,-0.53,-0.05,0.36,470,436,299,332,365
3.51,-0.21,-10.26,-0.13,-0.00,0.17,467,435,296,332,364
2.02,-0.72,-9.44,-0.49,-0.23,0.07,465,433,295,331,364
2.06,-0.07,-9.61,-0.41,-0.09,0.23,464,432,294,330,364
2.11,0.44,-10.29,-0.26,-0.06,0.02,462,432,294,330,364
2.23,1.98,-10.18,-0.12,-0.12,-0.25,461,432,295,331,364
1.79,2.15,-11.09,0.20,0.06,0.01,462,434,299,333,364
2.45,2.00,-11.21,0.88,0.50,0.28,465,437,311,336,365
3.22,-0.65,-9.60,1.42,0.83,0.63,481,442,317,336,371
2.81,-2.10,-8.77,1.45,1.00,0.29,483,442,321,342,372
3.91,-4.10,-6.96,0.88,0.27,-0.09,483,443,322,344,372
4.40,-4.18,-6.76,0.69,0.09,-0.17,482,442,325,345,374
4.34,-4.64,-7.23,0.42,0.13,-0.11,481,442,324,345,375
4.40,-4.97,-6.83,0.35,-0.06,-0.20,482,442,321,344,374
4.89,-5.51,-6.63,-0.09,-0.28,-0.17,486,444,314,340,374
4.86,-5.10,-6.92,0.01,-0.35,-0.26,487,443,310,338,373
3.78,-4.74,-6.88,-0.32,-0.15,-0.04,487,441,305,335,372
4.01,-4.16,-7.19,-0.33,-0.16,-0.08,486,442,302,333,372
4.49,-3.35,-8.77,-0.41,-0.44,-0.28,484,442,300,332,370
3.45,-2.89,-8.45,-0.57,-0.45,-0.16,483,441,300,332,370
2.77,-2.51,-9.02,-0.59,-0.63,-0.20,482,440,299,331,369
2.90,-2.10,-8.21,-1.18,-0.71,-0.09,479,438,298,331,368
3.16,-0.43,-9.66,-0.88,-0.46,0.26,478,435,297,330,370
2.42,0.43,-10.39,-0.61,0.12,0.51,477,432,296,331,369
1.08,2.63,-10.73,-0.33,0.02,0.55,473,432,295,331,369
1.97,3.71,-10.97,0.07,-0.02,-0.07,472,432,295,331,369
1.18,1.89,-10.21,-0.00,0.04,-0.02,472,431,295,331,369
2.30,1.60,-9.65,-0.02,0.03,0.10,470,431,295,331,369
END
1.87,1.60,-9.52,0.15,-0.02,-0.14,474,441,327,346,367
4.05,-4.29,-7.67,0.07,-0.01,-0.03,474,441,327,346,367
3.82,-4.44,-7.45,0.04,0.01,0.00,474,441,327,346,367
4.04,-4.31,-8.02,0.07,0.03,-0.02,474,441,327,346,367
4.24,-4.48,-7.80,0.04,-0.03,-0.04,474,441,327,346,367
4.20,-4.81,-7.59,-0.04,-0.05,-0.02,474,440,325,345,367
3.14,-4.95,-6.47,-0.18,-0.23,-0.25,474,440,321,344,366
4.03,-4.41,-7.29,-0.53,-0.42,-0.23,474,439,316,339,367
3.61,-2.47,-9.27,-0.78,-0.40,-0.12,473,438,308,335,367
2.63,-1.80,-9.86,-0.50,-0.50,-0.10,473,437,306,333,368
2.35,-1.90,-9.32,-0.62,-0.16,0.10,472,436,302,332,368
2.53,-0.79,-9.44,-0.51,-0.11,0.08,470,435,299,331,367
2.68,-0.69,-9.93,-0.40,-0.16,-0.09,468,434,297,330,367
2.56,-0.62,-9.90,-0.32,-0.05,0.05,466,434,295,330,366
2.19,0.73,-10.47,0.06,-0.14,-0.20,465,435,295,330,366
2.36,0.93,-10.95,0.30,-0.03,-0.22,466,438,307,332,366
2.84,0.38,-9.93,0.24,0.06,0.31,468,438,336,343,366
2.17,-0.87,-9.78,0.29,0.30,0.44,468,438,348,349,367
2.56,-0.85,-9.63,0.46,0.21,0.21,469,439,352,355,367
2.43,-1.42,-9.47,0.45,0.30,0.34,470,439,355,359,367
2.24,-1.77,-9.62,0.70,0.38,-0.01,470,440,356,361,367
2.86,-3.12,-8.26,0.60,0.18,0.04,471,440,352,361,367
3.65,-4.46,-7.73,0.57,0.22,-0.00,471,440,347,360,367
3.40,-4.96,-7.45,0.29,0.18,0.02,471,439,342,356,367
4.57,-4.67,-7.66,0.17,-0.07,-0.06,470,439,337,349,367
2.86,-4.91,-7.52,-0.14,-0.13,-0.15,470,439,327,343,367
3.43,-4.38,-7.82,-0.28,-0.35,-0.37,469,437,315,338,367
3.72,-3.07,-8.56,-0.24,-0.26,-0.17,469,436,310,336,368
3.73,-2.98,-9.53,-0.28,-0.32,-0.45,470,435,306,333,368
3.19,-2.36,-9.11,-0.40,-0.26,-0.21,469,434,303,332,369
3.11,-1.84,-9.04,-0.22,-0.18,-0.21,469,433,300,332,368
3.12,-1.92,-9.54,-0.20,-0.08,-0.05,468,431,298,331,367
2.05,-2.31,-8.23,-0.43,0.02,0.16,468,431,297,331,368
2.66,-0.70,-9.20,-0.50,-0.19,-0.01,466,431,296,330,367
2.41,-1.48,-9.56,-0.69,-0.28,-0.21,465,430,296,331,367
2.43,0.93,-9.86,-0.31,0.06,0.23,464,430,296,330,367
END
2.38,1.96,-11.01,-0.10,-0.08,-0.01,465,434,332,351,365
3.52,-3.98,-7.78,0.04,-0.03,-0.01,465,434,332,351,365
3.58,-3.92,-8.08,0.03,-0.08,-0.08,465,434,332,351,366
3.81,-4.08,-8.30,0.04,-0.03,-0.06,465,434,332,351,366
3.98,-4.00,-8.31,0.03,-0.05,-0.07,465,434,332,351,366
3.55,-4.26,-7.60,-0.13,-0.03,0.01,465,434,327,350,366
3.04,-4.33,-6.99,-0.25,-0.22,-0.34,465,434,320,347,365
4.44,-2.90,-9.40,-0.64,-0.45,-0.36,465,433,313,342,366
3.63,-1.69,-10.07,-0.42,-0.28,-0.10,464,432,308,339,365
2.81,-1.90,-9.77,-0.35,-0.23,-0.15,463,433,306,335,364
2.77,-1.54,-9.43,-0.41,-0.35,-0.20,462,432,302,333,364
2.66,-1.21,-8.54,-0.28,-0.14,-0.02,461,431,301,332,364
2.44,-0.36,-9.51,-0.23,-0.13,-0.01,460,430,298,331,364
1.69,0.14,-9.68,-0.34,-0.03,0.09,459,430,297,331,363
2.61,0.67,-10.62,-0.13,-0.29,-0.49,458,429,297,331,363
2.96,0.45,-10.17,0.13,0.00,-0.19,458,431,300,332,364
3.27,0.27,-10.19,0.37,0.25,0.46,460,435,318,339,365
2.14,-0.27,-10.02,0.63,0.46,0.44,463,437,334,349,365
3.17,-1.03,-9.71,0.67,0.37,0.50,465,438,337,353,366
2.42,-2.60,-9.25,0.70,0.54,0.35,466,439,336,354,366
3.30,-3.30,-8.29,0.57,0.32,0.29,466,439,337,355,366
3.53,-4.24,-8.18,0.36,0.23,0.12,466,439,336,354,366
3.52,-4.39,-7.87,0.25,0.19,0.22,466,438,334,353,366
3.17,-5.01,-7.52,0.00,0.02,-0.02,466,438,332,350,366
2.89,-4.75,-6.98,-0.17,-0.20,-0.24,465,438,326,345,366
3.07,-4.15,-7.24,-0.24,-0.30,-0.48,465,437,324,342,365
4.39,-3.53,-8.02,-0.46,-0.50,-0.60,464,436,320,340,366
3.43,-2.32,-9.12,-0.48,-0.24,-0.30,464,435,316,338,367
3.10,-1.84,-9.22,-0.52,-0.32,-0.28,463,435,311,336,367
3.39,-0.85,-9.79,-0.39,-0.31,-0.10,462,434,305,335,368
3.07,-0.98,-9.18,-0.50,-0.17,-0.02,461,432,301,334,368
2.51,-0.52,-9.18,-0.49,-0.13,0.05,458,430,298,333,366
2.84,0.70,-9.79,-0.54,-0.24,0.08,455,427,296,332,366
1.94,1.62,-10.55,-0.10,0.19,0.13,454,426,296,331,366
2.51,1.87,-10.02,-0.29,-0.13,0.06,454,426,295,331,365
1.97,1.64,-10.18,0.12,0.04,0.09,453,425,295,331,365
END
2.30,0.58,-10.06,-0.02,-0.05,-0.07,470,442,328,346,365
4.11,-4.09,-8.10,0.02,0.01,-0.03,470,442,328,346,365
4.07,-4.30,-7.65,-0.01,-0.03,-0.04,470,441,327,346,365
4.79,-4.35,-7.75,-0.11,-0.18,-0.14,470,441,326,345,365
4.13,-3.75,-8.24,-0.18,0.01,0.17,470,441,324,344,365
3.59,-4.54,-7.49,-0.35,-0.10,0.07,470,441,321,342,365
3.36,-3.47,-8.12,-0.59,-0.39,-0.22,470,440,315,339,365
2.20,-1.90,-9.08,-0.88,-0.29,-0.16,470,439,307,335,365
3.63,-0.38,-10.04,-0.32,-0.29,-0.24,470,438,302,332,366
2.83,-0.53,-10.01,-0.49,-0.11,-0.12,469,437,300,331,365
2.08,-0.41,-9.24,-0.20,0.02,0.06,467,437,297,331,365
3.05,0.09,-9.82,-0.19,-0.09,-0.15,464,436,295,330,364
3.14,-0.69,-9.27,-0.39,-0.03,-0.21,462,435,295,329,364
3.27,0.82,-9.72,-0.18,-0.01,0.04,461,435,295,329,364
3.75,0.75,-10.21,-0.05,-0.22,-0.15,460,434,295,329,364
3.54,0.90,-10.83,0.18,-0.21,-0.30,461,435,299,331,365
2.23,0.80,-10.15,0.55,0.15,0.48,462,437,320,341,365
1.99,-0.35,-9.71,0.69,0.30,0.25,465,438,329,349,364
2.28,-1.46,-9.17,0.60,0.29,0.37,466,439,330,351,364
2.94,-2.58,-9.20,0.70,0.36,0.16,467,439,336,353,364
3.39,-3.16,-8.42,0.50,0.27,0.13,467,439,338,354,365
3.20,-3.80,-7.95,0.39,0.26,0.13,467,439,338,354,365
3.37,-3.83,-8.33,0.34,0.14,-0.12,467,437,336,352,367
4.16,-3.98,-8.26,0.21,0.05,-0.09,467,436,333,350,369
4.01,-4.35,-7.64,0.09,-0.12,-0.22,466,435,326,347,370
3.63,-4.55,-7.35,-0.06,-0.09,-0.11,465,434,319,342,369
3.70,-4.14,-7.89,-0.12,-0.17,-0.24,466,434,311,337,369
3.52,-3.67,-8.10,-0.31,-0.27,-0.42,466,433,305,335,369
3.78,-2.61,-8.59,-0.23,-0.31,-0.27,466,432,302,334,370
3.06,-2.70,-9.33,-0.44,-0.30,-0.33,465,432,301,332,369
3.28,-1.61,-9.25,-0.32,-0.39,-0.22,464,431,300,331,370
3.91,-2.06,-9.60,-0.39,-0.37,-0.39,464,430,298,331,368
2.05,-0.87,-9.40,-0.46,-0.24,0.02,462,429,297,331,368
2.23,-0.66,-9.47,-0.37,-0.12,0.06,462,429,296,331,368
2.30,-0.06,-9.82,-0.30,-0.09,-0.07,460,428,296,330,367
1.64,0.80,-9.81,-0.30,-0.03,-0.05,459,429,295,329,367
END
2.82,1.57,-10.14,-0.12,-0.10,-0.13,470,440,328,346,365
3.78,-4.42,-8.15,-0.15,-0.01,0.02,470,440,328,346,365
3.74,-4.66,-7.45,-0.56,-0.17,-0.09,471,439,327,346,365
4.29,-3.17,-9.47,-0.37,-0.38,-0.15,470,438,325,345,365
2.76,-3.02,-8.39,-0.68,-0.24,0.02,471,438,323,343,365
2.24,-1.58,-8.54,-0.58,-0.30,0.08,472,437,316,341,366
2.46,-0.69,-9.32,-0.87,-0.34,-0.13,472,436,309,338,366
2.32,1.00,-9.64,-0.76,-0.29,0.33,469,433,304,336,368
1.91,1.49,-10.37,-0.23,0.13,0.32,466,432,301,334,367
1.59,1.94,-10.22,-0.50,0.10,0.41,462,431,299,334,368
2.20,1.95,-10.72,-0.05,0.13,-0.14,460,431,299,334,367
2.99,1.92,-10.37,-0.15,0.06,-0.21,458,432,299,334,366
2.79,2.53,-11.24,0.40,-0.26,-0.94,460,435,299,335,365
3.14,2.25,-10.52,0.65,-0.01,0.07,463,436,311,339,365
2.49,0.40,-10.06,1.15,0.47,-0.26,469,441,320,345,364
2.48,-1.06,-9.27,1.10,0.48,0.11,471,442,324,348,364
3.33,-2.10,-9.02,0.97,0.45,0.37,472,443,328,350,364
3.52,-3.30,-8.68,0.87,0.34,0.02,474,443,334,351,365
3.90,-4.30,-7.05,0.54,0.24,0.12,473,443,336,352,365
3.86,-5.14,-7.43,0.42,0.14,-0.05,473,443,335,352,366
3.85,-4.97,-6.96,0.02,-0.08,-0.01,472,442,332,352,366
3.35,-4.59,-7.29,-0.07,-0.05,-0.04,471,442,327,348,366
4.06,-4.47,-7.39,-0.34,-0.41,-0.35,471,441,324,345,366
3.63,-3.79,-7.67,-0.52,-0.22,-0.05,469,440,320,342,367
3.85,-2.85,-9.20,-0.42,-0.14,-0.12,469,438,316,340,367
2.67,-2.33,-9.44,-0.49,-0.17,-0.03,468,437,311,337,369
3.29,-2.13,-9.68,-0.26,-0.13,-0.15,467,436,307,335,369
3.92,-1.97,-9.38,-0.41,-0.21,-0.24,466,435,304,334,369
3.74,-1.24,-9.40,-0.34,-0.13,-0.02,464,433,301,333,369
3.09,-0.93,-9.40,-0.21,-0.00,0.00,462,433,298,331,368
2.07,-0.62,-9.32,-0.47,-0.05,-0.02,459,432,297,331,367
2.33,-0.05,-8.97,-0.46,-0.18,-0.16,457,431,296,331,367
3.45,0.88,-10.51,-0.29,-0.20,-0.29,456,430,296,331,367
2.47,0.98,-10.44,-0.16,-0.02,0.09,455,430,296,331,367
2.91,1.59,-9.62,0.04,-0.02,-0.02,455,430,296,331,367
2.51,0.62,-10.33,0.09,0.02,0.04,455,430,296,331,367
END
2.91,0.42,-9.60,-0.07,-0.04,0.08,459,432,352,362,365
3.32,-2.07,-9.52,0.08,0.04,-0.04,458,432,349,360,365
3.42,-2.31,-9.09,0.07,0.05,0.03,458,432,345,359,365
3.55,-2.32,-9.33,0.08,0.05,0.02,458,432,343,359,365
3.42,-2.39,-9.24,0.08,0.06,0.03,459,432,343,359,365
3.27,-2.46,-9.26,0.15,0.12,0.06,459,432,344,360,365
2.73,-3.98,-8.23,-0.12,0.08,0.11,458,432,338,359,365
2.72,-3.35,-8.50,-0.24,-0.26,-0.72,457,431,318,347,364
3.17,-1.23,-9.99,-0.53,-0.37,-0.71,457,430,304,338,364
3.33,-0.26,-9.30,-0.25,-0.16,-0.14,456,430,298,335,365
2.48,-1.41,-9.27,-0.13,-0.00,0.02,456,429,296,333,364
2.12,-0.91,-9.38,-0.40,-0.01,-0.17,455,428,295,332,364
2.28,0.29,-9.73,-0.44,-0.07,-0.06,454,428,294,331,363
2.81,0.49,-10.16,-0.36,-0.14,-0.20,452,428,293,330,362
2.82,1.86,-10.44,-0.20,-0.13,-0.28,451,431,293,330,362
3.43,2.10,-10.98,-0.11,-0.11,-0.14,450,431,295,332,362
1.94,2.81,-10.76,0.21,0.16,0.64,450,430,316,343,365
2.32,1.26,-10.16,0.45,0.14,0.48,450,430,338,353,365
2.07,0.44,-9.86,0.54,0.08,0.44,451,430,349,358,365
2.18,-0.47,-9.73,0.64,0.12,0.24,453,430,359,363,364
2.10,-1.62,-9.27,0.55,0.20,0.23,455,431,362,366,364
3.07,-2.76,-9.02,0.71,0.26,0.08,456,432,361,366,364
2.42,-3.28,-8.65,0.51,0.29,0.16,456,432,360,368,364
3.13,-3.57,-8.10,0.42,0.13,-0.11,456,432,356,367,363
2.93,-4.22,-8.16,0.39,0.09,-0.56,456,432,342,356,362
3.70,-3.91,-7.38,0.01,-0.17,-0.35,455,431,327,350,361
2.94,-3.64,-8.05,-0.16,-0.27,-0.44,454,431,319,347,361
4.06,-2.56,-9.22,-0.30,-0.58,-0.83,454,431,310,342,361
4.26,-1.64,-9.87,-0.26,-0.48,-0.43,455,430,305,338,362
2.50,-1.62,-9.36,-0.23,-0.17,-0.16,455,430,302,335,362
3.14,-1.82,-9.24,-0.31,-0.32,-0.25,455,429,300,333,362
2.23,-1.69,-8.93,-0.54,-0.27,-0.17,453,428,299,332,362
2.56,-0.64,-9.08,-0.56,-0.24,0.02,452,427,298,332,362
2.86,0.93,-10.48,-0.53,-0.25,-0.12,450,426,297,332,363
1.24,0.98,-10.06,-0.42,-0.02,0.18,449,426,296,331,362
1.93,2.86,-10.69,-0.24,0.00,0.10,448,426,295,331,363
END
2.11,2.40,-10.60,-0.13,-0.04,0.03,456,431,329,348,362
3.92,-3.70,-7.93,0.06,0.04,-0.02,457,431,328,348,362
4.19,-3.58,-8.27,-0.03,-0.10,-0.07,457,431,327,348,362
3.91,-3.55,-8.07,-0.24,-0.32,-0.24,457,431,324,347,362
3.89,-2.97,-8.13,-0.17,-0.37,-0.21,457,430,323,346,362
2.69,-2.85,-7.90,-0.58,-0.31,-0.30,456,429,320,343,363
3.65,-1.13,-9.93,-0.59,-0.70,-0.78,455,427,314,338,366
3.86,0.11,-10.86,-0.67,-0.52,-0.09,462,426,308,334,370
2.24,-0.49,-8.94,-0.04,0.09,0.22,465,424,303,332,369
1.51,-0.83,-8.79,-0.47,-0.32,-0.23,460,425,299,332,367
1.94,0.99,-9.75,-0.51,-0.42,-0.07,458,425,298,332,366
2.20,3.08,-11.63,-0.07,-0.19,-0.01,456,425,298,331,366
1.53,2.63,-11.33,0.27,0.12,0.25,455,426,301,333,365
2.05,2.12,-10.68,0.64,0.59,1.27,455,427,321,342,367
1.16,-0.45,-9.38,1.08,1.00,0.85,457,428,330,348,366
1.69,-2.59,-8.94,0.70,0.36,0.41,459,429,329,350,366
3.55,-3.04,-8.17,0.75,0.15,0.15,459,429,332,353,367
4.00,-3.98,-8.21,0.52,0.26,-0.01,461,430,332,353,367
3.06,-4.38,-7.40,0.50,0.19,-0.11,461,430,335,354,367
3.74,-5.17,-6.78,0.19,-0.07,-0.31,460,430,334,351,367
3.52,-4.66,-7.03,-0.17,-0.37,-0.49,460,430,329,349,367
3.25,-3.20,-8.29,-0.60,-0.73,-0.57,461,431,323,344,369
4.34,-2.15,-9.63,-0.45,-0.80,-0.58,461,430,315,339,371
3.41,-1.87,-9.65,-0.45,-0.36,-0.27,462,428,309,337,371
2.38,-1.36,-9.00,-0.45,-0.29,0.04,460,427,303,335,371
2.79,-0.98,-9.66,-0.40,-0.22,-0.09,458,426,301,334,371
0.85,-0.46,-9.38,-0.45,-0.06,0.23,456,425,300,334,370
1.74,0.06,-9.52,-0.47,-0.10,-0.11,454,423,299,333,372
2.22,0.59,-9.75,-0.45,-0.11,-0.15,452,422,298,333,372
1.83,1.56,-10.15,-0.41,0.06,0.31,450,422,297,332,373
2.77,2.65,-10.35,-0.11,0.06,0.08,449,422,297,332,373
1.30,1.96,-10.69,-0.05,0.12,0.26,448,422,297,332,373
2.68,1.67,-9.40,-0.10,-0.05,0.11,448,422,296,333,373
1.95,1.42,-9.76,0.13,0.06,-0.05,447,421,297,332,372
1.41,1.46,-9.85,-0.03,0.01,-0.01,447,422,297,333,372
3.17,1.59,-9.51,-0.11,-0.12,-0.13,447,421,297,333,372
END
1.84,1.78,-9.67,0.20,0.12,0.13,460,434,331,349,366
4.77,-2.89,-8.28,0.10,0.01,-0.03,459,434,331,348,366
4.74,-3.19,-8.23,0.05,0.07,0.00,459,434,330,348,366
4.74,-3.24,-8.20,0.04,0.01,-0.02,459,433,330,348,366
4.71,-3.28,-7.88,0.05,0.02,-0.02,459,434,330,348,366
4.62,-3.26,-7.85,0.01,0.01,-0.02,459,433,329,347,366
3.99,-3.39,-7.50,-0.23,-0.10,-0.06,464,433,321,342,366
5.82,-2.69,-8.85,-0.34,-0.66,-0.43,468,431,312,338,368
3.39,-1.96,-8.59,-0.53,-0.40,-0.08,467,431,304,335,368
2.56,-1.79,-7.76,-0.59,-0.29,-0.10,464,430,300,332,367
3.28,-0.22,-9.45,-0.52,-0.35,-0.09,463,429,298,332,366
3.65,-0.79,-9.34,-0.92,-0.29,-0.25,460,427,297,331,366
3.04,0.75,-9.32,-0.72,-0.22,0.11,458,427,295,330,365
3.35,2.91,-11.40,-0.22,-0.15,-0.25,456,428,294,330,365
3.03,4.10,-11.47,0.18,-0.16,-0.66,456,430,296,332,364
2.42,3.25,-10.97,0.44,0.19,0.46,457,432,309,337,365
1.54,1.27,-10.27,0.84,0.56,0.27,461,437,322,345,364
1.83,0.04,-8.24,0.96,0.76,0.71,464,438,324,350,365
3.35,-1.66,-9.55,0.74,0.69,0.03,467,439,329,352,365
5.02,-2.20,-8.23,0.64,0.19,-0.18,467,439,328,351,366
5.53,-2.91,-8.05,0.70,0.16,-0.25,467,440,329,351,366
5.64,-3.86,-7.24,0.41,0.18,-0.03,471,440,326,349,368
5.35,-4.48,-6.68,0.19,-0.02,-0.15,475,440,320,347,369
4.80,-3.56,-7.03,-0.25,-0.34,-0.28,476,439,309,342,368
5.16,-2.40,-8.02,-0.24,-0.26,-0.04,476,438,305,338,368
4.57,-2.71,-8.09,-0.29,-0.39,-0.22,475,437,300,334,367
4.06,-2.54,-7.59,-0.77,-0.60,-0.16,476,435,297,333,367
4.21,-1.02,-8.79,-0.66,-0.58,-0.15,473,435,296,332,365
3.93,-0.09,-9.83,-0.55,-0.31,-0.08,469,434,295,331,364
2.30,0.47,-8.99,-0.54,-0.03,0.28,466,432,294,331,363
2.71,1.62,-9.78,-0.49,-0.20,0.00,463,432,294,330,362
2.33,0.91,-9.79,-0.60,-0.09,-0.21,460,431,293,330,362
2.22,3.24,-9.93,-0.14,-0.07,0.22,458,431,293,330,361
2.23,2.68,-10.68,0.04,-0.04,-0.10,457,431,293,329,361
2.33,1.72,-9.73,-0.09,-0.07,0.00,456,431,293,330,361
3.12,1.77,-9.18,0.09,0.02,0.05,456,430,293,329,361
END
2.47,1.90,-10.11,0.10,-0.03,-0.11,458,431,323,343,364
4.57,-3.37,-8.15,0.04,0.00,-0.03,458,431,323,343,364
4.33,-3.30,-8.40,0.06,-0.04,-0.12,458,431,323,343,365
4.66,-3.23,-8.33,0.05,-0.01,-0.03,458,431,323,343,365
4.50,-3.50,-8.23,0.06,0.02,-0.04,459,431,323,343,365
4.60,-3.72,-8.04,-0.09,-0.09,-0.08,459,432,322,342,365
4.54,-3.51,-7.81,-0.37,-0.21,-0.15,461,432,312,341,366
4.87,-2.00,-9.29,-0.28,-0.45,-0.31,463,432,304,337,367
3.31,-1.75,-8.96,-0.24,0.04,0.11,464,432,299,334,366
3.87,-1.69,-9.07,-0.25,-0.19,0.00,464,431,297,332,365
3.01,-2.35,-8.22,-0.45,-0.31,-0.01,463,430,296,331,365
3.98,-1.55,-9.11,-0.68,-0.57,-0.22,462,429,295,330,363
1.65,-0.61,-8.80,-0.83,-0.34,0.01,459,428,295,331,362
1.63,1.92,-10.04,-0.46,-0.23,0.04,456,427,294,330,362
3.41,1.29,-10.65,-0.29,-0.11,-0.16,454,426,293,330,361
2.07,2.07,-10.52,0.04,-0.06,-0.23,453,427,293,330,360
2.16,1.50,-10.74,0.12,-0.06,-0.40,453,429,294,330,360
2.62,1.68,-9.83,0.39,0.21,0.27,453,430,308,337,361
2.00,1.51,-10.51,0.55,0.31,0.30,454,431,328,348,361
1.79,0.90,-9.60,0.59,0.42,0.48,455,431,330,351,361
2.55,-0.58,-9.67,0.86,0.57,0.38,456,432,332,353,362
3.56,-1.32,-9.22,1.16,0.83,0.20,456,434,333,355,362
3.73,-3.52,-7.78,0.95,0.68,-0.07,458,435,332,355,363
4.74,-5.71,-4.77,0.50,-0.04,-0.38,459,434,332,353,365
4.77,-4.07,-7.38,0.05,-0.15,-0.23,458,434,331,353,368
4.66,-3.40,-7.88,-0.28,-0.06,-0.14,458,434,320,344,367
5.19,-3.04,-8.07,-0.02,-0.89,-0.74,459,433,313,338,368
4.34,-3.26,-8.01,-0.37,-0.79,-0.51,459,432,307,335,367
2.76,-2.04,-7.90,-0.75,-0.65,-0.05,458,431,303,333,366
2.51,-0.90,-9.30,-0.65,-0.69,-0.20,459,431,301,332,366
1.90,-0.40,-9.47,-0.79,-0.37,0.02,457,430,300,331,365
2.03,1.27,-10.18,-0.46,-0.17,0.18,455,429,299,331,366
3.34,1.08,-10.62,-0.43,-0.06,-0.07,454,428,297,330,365
1.46,1.56,-9.87,-0.53,-0.07,0.18,452,428,296,330,365
1.34,1.71,-9.73,-0.15,0.02,-0.13,449,427,295,329,363
1.72,2.20,-9.93,-0.19,0.08,-0.13,448,426,294,329,362
END
2.49,2.79,-9.96,-0.10,-0.03,0.03,456,434,327,348,365
4.76,-3.06,-8.33,0.04,0.03,-0.01,456,434,327,348,365
4.69,-3.22,-8.32,0.05,0.03,0.00,456,433,327,348,365
4.43,-3.39,-8.13,0.03,0.01,0.01,456,434,327,347,365
4.36,-3.38,-7.46,-0.03,-0.04,-0.01,456,434,326,347,365
4.38,-3.83,-7.29,-0.38,-0.23,-0.00,456,435,319,344,364
4.87,-2.35,-9.70,-0.40,-0.67,-0.36,458,436,311,339,365
3.14,-1.63,-9.26,-0.62,-0.43,-0.13,459,435,304,335,365
2.53,-1.07,-9.07,-0.35,-0.35,-0.13,457,435,299,332,363
2.58,-1.20,-9.17,-0.70,-0.24,0.11,454,435,298,331,361
2.71,-0.30,-8.98,-0.56,-0.25,-0.07,452,434,296,331,361
2.93,1.20,-10.49,-0.31,-0.26,-0.26,451,433,295,330,361
1.99,1.37,-10.42,-0.42,-0.08,0.03,450,433,295,329,361
2.38,1.98,-10.31,-0.07,-0.10,-0.24,449,433,294,329,360
2.40,1.35,-10.34,-0.00,0.03,-0.13,449,433,295,330,361
2.34,1.83,-10.34,0.28,0.26,0.48,449,433,309,335,361
2.51,1.49,-10.05,0.43,0.37,0.53,449,434,327,346,362
2.07,0.40,-9.96,0.51,0.50,0.35,450,434,330,351,360
2.68,0.04,-10.23,0.63,0.36,0.22,452,435,332,354,361
3.59,-0.72,-9.68,0.90,0.33,0.06,455,436,336,357,362
3.83,-2.32,-8.79,0.88,0.49,0.06,458,436,338,359,362
4.60,-3.91,-7.04,0.69,0.17,-0.13,457,436,340,360,362
4.57,-4.91,-7.26,0.42,0.03,-0.14,458,436,334,354,364
4.19,-4.36,-6.39,0.02,0.09,0.05,460,434,323,345,365
4.40,-4.11,-7.37,-0.02,-0.30,-0.29,462,434,317,342,365
4.80,-3.60,-8.65,-0.13,-0.36,-0.34,463,433,310,337,365
3.72,-3.44,-7.63,-0.29,-0.41,-0.32,463,432,305,334,365
4.44,-3.02,-8.45,-0.36,-0.62,-0.29,463,432,301,332,364
3.55,-1.85,-9.02,-0.65,-0.49,-0.17,460,431,300,331,363
2.79,-0.95,-9.56,-0.41,-0.36,-0.07,458,431,299,331,363
3.05,-0.85,-9.98,-0.66,-0.24,-0.05,457,430,297,330,362
2.33,0.47,-9.80,-0.41,-0.07,0.25,455,430,296,330,362
4.09,0.25,-10.99,-0.35,-0.25,-0.11,453,429,295,329,361
1.40,0.52,-10.30,-0.34,0.02,0.16,451,428,295,329,361
1.41,0.98,-9.76,-0.24,-0.02,0.19,450,428,295,329,361
2.79,1.77,-10.40,-0.03,-0.13,-0.22,450,428,295,329,361
END
2.01,1.31,-10.51,0.06,0.11,0.18,450,431,317,339,361
4.67,-1.92,-8.75,-0.23,-0.33,-0.17,450,431,314,338,361
3.87,-1.95,-9.43,-0.16,-0.23,-0.11,451,431,312,336,360
2.96,-1.56,-8.98,-0.37,-0.19,-0.03,451,430,307,335,361
3.28,-1.13,-9.20,-0.20,-0.25,-0.26,451,430,301,332,360
2.84,-0.52,-9.92,-0.35,-0.25,-0.11,451,429,299,331,361
1.96,-0.75,-8.73,-0.42,-0.11,0.20,450,428,297,331,361
2.84,0.27,-9.50,-0.25,-0.06,0.12,448,427,295,330,361
2.48,0.01,-10.04,-0.41,-0.17,-0.03,447,427,295,330,361
2.45,1.15,-9.79,-0.32,-0.10,0.14,445,427,294,329,360
3.16,1.88,-10.60,-0.11,-0.04,-0.02,444,428,295,329,361
2.61,1.86,-10.77,0.10,0.05,0.12,445,428,297,331,361
2.18,1.62,-10.18,0.31,0.27,0.43,445,428,314,340,361
2.33,0.75,-10.06,0.54,0.30,0.29,445,429,329,349,361
2.54,-0.44,-9.55,0.68,0.33,0.06,446,430,331,353,361
3.42,-1.54,-8.81,0.64,0.42,0.22,447,429,336,360,361
3.83,-2.30,-8.84,0.66,0.38,0.01,448,429,337,363,361
4.35,-2.73,-8.13,0.57,0.19,-0.12,448,430,337,363,363
4.39,-3.45,-7.85,0.43,0.21,-0.05,448,430,337,364,363
4.40,-3.72,-5.67,0.21,0.12,-0.15,448,430,336,361,364
5.13,-3.78,-7.71,0.07,-0.10,-0.22,448,430,332,357,364
5.51,-3.59,-7.60,-0.08,-0.51,-0.47,448,430,330,353,364
4.85,-2.97,-8.26,-0.31,-0.52,-0.27,448,431,326,346,363
3.42,-2.35,-8.35,-0.59,-0.41,-0.02,448,430,323,342,363
2.11,-0.98,-9.35,-0.48,-0.47,-0.16,447,429,319,340,363
2.71,-0.97,-9.76,-0.47,-0.31,-0.22,446,428,315,339,363
1.92,-0.08,-9.22,-0.58,-0.30,-0.05,445,428,312,337,364
3.64,-0.12,-9.71,-0.24,-0.16,-0.39,444,427,307,334,364
2.02,0.52,-9.27,-0.60,-0.14,0.06,443,425,305,334,366
2.30,1.78,-9.72,-0.26,-0.02,0.15,442,424,302,333,367
2.48,1.27,-9.80,-0.38,-0.03,-0.11,440,424,301,332,367
1.88,2.00,-9.63,-0.46,-0.07,0.18,437,422,300,332,367
2.23,3.35,-10.21,-0.05,0.06,0.11,437,422,299,332,367
1.97,2.80,-10.33,0.00,0.02,0.05,436,421,299,332,367
3.32,2.23,-9.72,0.01,-0.09,-0.11,435,422,299,332,367
2.63,2.44,-9.63,0.18,0.07,0.22,436,423,301,334,366
END
4.43,-2.37,-8.82,-0.27,-0.09,-0.10,519,463,311,336,379
4.61,-3.70,-8.03,0.08,0.01,-0.04,519,463,312,336,379
4.29,-3.48,-7.75,0.09,0.01,-0.04,519,463,312,336,380
4.49,-3.85,-8.20,0.06,-0.00,-0.05,518,463,312,336,379
4.52,-3.47,-8.51,0.07,0.00,-0.02,518,463,312,336,379
4.49,-3.88,-7.93,0.04,-0.03,-0.04,518,462,312,336,379
4.57,-3.63,-8.39,0.04,-0.03,-0.09,517,462,312,336,379
4.80,-4.05,-8.20,0.07,-0.00,-0.03,517,462,311,336,379
3.91,-4.36,-7.55,-0.07,-0.07,-0.01,516,462,311,337,378
4.12,-4.71,-7.91,-0.41,-0.53,-0.41,515,462,312,337,375
4.81,-3.86,-7.84,-0.78,-0.43,0.11,513,462,310,336,373
3.64,-1.54,-8.61,-0.46,-0.26,0.21,512,461,308,335,373
2.24,-1.66,-9.20,-0.68,-0.21,-0.04,511,461,305,335,373
2.58,-0.71,-7.72,-0.56,-0.18,0.22,509,460,303,334,373
3.12,-1.80,-9.83,-0.53,-0.06,-0.15,507,459,300,332,373
2.61,0.81,-8.52,-0.74,0.00,0.15,504,457,298,332,373
2.73,2.00,-9.52,-0.35,0.16,0.04,502,457,296,331,373
3.80,2.80,-10.73,-0.08,-0.07,-0.42,500,457,295,331,372
4.00,4.78,-12.19,0.38,-0.24,-0.43,499,458,300,332,372
2.51,1.70,-9.80,0.74,0.24,-0.00,501,458,304,335,371
3.20,0.37,-9.39,1.06,0.26,-0.14,503,459,308,338,371
3.22,-0.78,-9.19,1.14,0.41,-0.27,504,461,309,340,370
3.40,-2.18,-8.59,1.05,0.46,-0.10,505,462,310,341,371
4.54,-3.60,-7.90,1.06,0.33,-0.40,505,463,316,343,371
5.33,-4.66,-6.91,0.80,0.29,-0.31,504,463,318,342,373
6.74,-6.75,-3.90,0.21,0.03,0.02,505,463,318,343,384
3.54,-3.88,-6.96,-0.16,-0.07,0.08,504,462,313,341,379
3.65,-4.24,-6.99,-0.51,-0.49,-0.24,505,461,306,338,376
3.72,-3.30,-7.40,-0.76,-0.79,-0.20,504,460,304,336,375
3.57,-2.61,-8.33,-0.92,-0.69,-0.11,503,459,302,334,374
3.22,-0.70,-8.92,-1.06,-0.56,-0.07,503,458,301,333,373
2.79,0.75,-9.59,-0.89,-0.30,0.30,501,457,299,333,373
2.86,1.02,-9.62,-0.78,-0.01,0.58,499,456,298,332,373
2.95,2.46,-10.29,-0.39,0.23,0.33,497,455,296,332,373
1.18,3.26,-10.00,-0.44,0.02,0.17,495,454,295,332,372
3.49,3.69,-10.98,-0.23,-0.31,-0.52,494,454,295,332,372
END
1.67,3.14,-10.72,0.15,0.24,0.27,493,458,313,343,377
4.77,-3.79,-7.67,0.01,-0.06,-0.07,493,458,312,343,377
4.73,-3.95,-7.64,-0.08,0.00,0.01,492,458,312,343,376
4.95,-3.47,-8.10,0.00,-0.09,-0.05,492,458,312,343,375
4.80,-3.85,-7.81,-0.12,-0.02,0.05,492,458,312,343,374
4.63,-3.96,-7.21,-0.08,-0.14,-0.05,492,457,311,342,374
4.09,-3.99,-7.24,-0.51,-0.37,-0.07,492,457,310,342,373
3.05,-3.19,-7.41,-0.82,-0.68,-0.00,492,458,307,339,372
4.62,-2.18,-9.86,-0.75,-0.69,-0.22,492,458,304,336,371
2.68,-0.34,-9.08,-0.67,-0.22,0.22,493,457,302,335,372
2.53,0.29,-10.24,-0.43,-0.27,0.07,493,456,300,334,371
1.87,0.13,-9.87,-0.32,-0.13,0.11,494,456,299,333,371
1.77,0.31,-9.75,-0.34,-0.16,0.02,493,455,297,333,371
1.39,0.84,-9.88,-0.40,-0.16,-0.06,491,455,297,332,371
2.71,2.94,-11.14,-0.06,-0.21,-0.25,490,455,297,332,370
1.22,2.99,-11.72,0.44,0.23,0.37,489,455,302,334,370
1.32,0.48,-9.80,0.54,0.44,-0.03,489,455,303,335,370
2.81,-0.15,-9.17,0.81,0.24,0.01,490,457,307,336,369
2.85,-1.08,-9.43,0.83,0.68,-0.00,491,459,307,336,369
3.58,-1.72,-8.32,1.01,0.58,-0.14,491,460,312,338,368
4.44,-3.35,-7.99,0.70,0.46,-0.10,492,460,313,340,368
5.12,-4.08,-7.39,0.59,0.33,-0.15,492,460,317,342,369
4.90,-4.42,-7.31,0.44,0.23,-0.14,492,460,320,345,369
6.58,-5.02,-5.72,0.07,-0.03,-0.04,492,459,320,343,372
5.16,-4.24,-6.92,-0.06,0.02,0.11,491,459,318,343,371
4.97,-4.38,-7.52,-0.21,-0.24,-0.02,491,459,311,341,370
4.42,-4.16,-6.77,-0.56,-0.49,-0.01,491,458,309,339,369
4.14,-3.61,-8.00,-0.58,-0.65,0.05,490,458,306,337,368
4.03,-2.10,-9.93,-0.59,-0.65,-0.21,490,457,304,336,368
2.07,-1.31,-9.33,-0.61,-0.22,0.24,490,456,302,334,369
2.43,-0.67,-9.83,-0.36,-0.21,0.06,490,456,300,332,368
3.17,-1.14,-9.40,-0.41,-0.04,0.07,490,454,297,331,369
3.39,-0.95,-9.11,-0.39,0.03,-0.06,489,454,295,330,368
2.95,-0.11,-9.13,-0.43,-0.08,0.11,487,452,295,329,369
3.35,0.82,-10.28,-0.34,-0.07,0.07,485,452,294,329,369
3.47,1.18,-10.11,-0.16,-0.05,0.05,483,451,293,329,369
END
1.81,1.05,-9.86,-0.20,0.05,0.13,482,451,317,346,377
5.08,-3.71,-7.73,0.03,0.09,-0.02,482,451,317,346,377
4.86,-4.13,-7.20,-0.03,0.04,0.02,481,451,317,344,377
4.67,-3.73,-7.44,-0.07,-0.13,-0.09,481,451,317,345,376
5.23,-3.68,-7.90,-0.24,-0.26,-0.11,482,451,316,344,374
4.27,-4.03,-6.73,-0.67,-0.41,-0.02,482,450,313,342,373
4.75,-2.54,-8.72,-0.32,-0.66,-0.36,482,450,309,339,372
2.15,-2.46,-8.38,-0.56,-0.23,-0.12,480,452,307,337,370
2.53,-1.01,-8.89,-0.34,-0.47,-0.28,479,453,304,336,366
2.81,-0.65,-10.26,-0.35,-0.43,-0.46,478,451,302,334,366
2.05,-0.22,-9.73,-0.38,-0.19,-0.17,478,451,301,334,366
2.66,-0.28,-9.45,-0.42,-0.37,-0.15,478,450,300,332,366
2.05,0.52,-10.11,-0.39,-0.39,-0.32,476,450,299,333,366
0.74,1.51,-9.89,-0.43,-0.15,0.12,475,448,299,333,366
1.54,2.84,-11.27,-0.09,-0.05,-0.06,474,448,300,333,366
0.85,2.63,-11.03,0.25,0.42,0.31,475,448,302,334,366
1.35,1.88,-10.80,0.71,0.41,0.10,475,448,309,338,366
2.51,0.12,-9.66,1.17,0.68,-0.17,476,450,312,340,366
3.86,-1.10,-8.70,1.03,0.76,0.45,476,450,320,346,366
3.71,-2.70,-8.66,0.76,0.88,0.18,476,452,322,347,366
4.14,-3.10,-7.54,0.63,0.47,0.17,477,452,324,349,367
4.90,-4.13,-6.93,0.42,0.23,0.04,476,452,325,350,367
4.87,-4.54,-6.43,0.34,0.15,-0.06,476,453,326,349,367
5.05,-4.67,-6.37,-0.02,-0.11,0.01,476,452,326,348,367
4.61,-4.26,-7.00,-0.21,-0.11,0.01,476,452,322,347,367
4.23,-3.56,-7.59,-0.55,-0.62,-0.26,477,451,317,342,367
4.19,-3.34,-7.52,-0.48,-0.62,-0.03,477,451,315,340,367
4.06,-2.43,-9.20,-0.76,-0.60,-0.21,478,450,312,339,366
2.17,-1.71,-7.95,-1.11,-0.43,0.23,476,448,307,338,368
1.29,-0.22,-10.06,-0.48,-0.16,-0.09,476,446,304,336,369
3.69,0.65,-9.45,-0.85,-0.33,-0.12,473,443,302,335,371
2.21,2.12,-11.11,-0.19,-0.01,0.27,472,441,298,333,371
2.95,1.36,-10.40,-0.19,0.06,-0.03,471,439,296,332,371
1.31,1.56,-9.54,-0.06,0.14,0.33,469,439,295,332,370
2.15,1.91,-9.74,-0.03,-0.10,-0.16,468,438,295,331,370
2.20,1.35,-9.76,0.08,0.00,-0.11,468,438,295,331,370
END
2.33,1.19,-9.60,0.03,0.03,0.03,475,452,315,346,368
5.25,-3.85,-7.45,0.00,-0.03,-0.04,475,452,315,345,368
5.29,-4.10,-6.95,0.01,-0.01,-0.04,475,452,314,345,368
5.13,-4.18,-6.91,-0.25,-0.29,-0.19,475,452,314,344,366
5.38,-3.04,-7.95,-0.37,-0.81,-0.36,475,451,314,344,366
4.36,-2.93,-7.86,-0.63,-0.87,-0.25,475,450,313,342,365
3.83,-2.23,-8.88,-0.48,-0.56,0.05,476,449,310,340,365
2.94,-1.11,-9.07,-0.89,-0.22,0.19,477,448,306,338,364
2.26,-0.19,-9.03,-0.48,-0.46,-0.02,477,448,303,336,364
2.48,0.16,-10.32,-0.42,-0.38,-0.18,478,447,300,334,364
0.83,0.42,-9.53,-0.39,0.01,0.42,478,445,298,332,364
1.90,1.44,-10.37,-0.16,-0.11,-0.05,476,444,297,331,364
1.47,0.86,-10.07,-0.28,0.01,-0.00,474,443,297,331,364
2.36,2.20,-10.06,0.04,-0.09,-0.22,473,443,297,331,363
1.79,2.12,-10.62,0.22,0.18,0.13,472,444,299,332,364
1.66,1.49,-10.36,0.50,0.20,-0.17,472,446,305,334,363
2.48,0.75,-9.58,0.53,0.04,-0.25,472,446,313,335,363
2.94,-0.56,-9.68,0.59,0.32,0.06,473,447,314,336,362
3.04,-0.80,-9.38,0.59,0.70,0.68,473,448,316,342,363
2.16,-1.92,-9.22,0.56,0.78,0.35,474,449,317,344,363
3.71,-3.09,-7.95,0.60,0.15,-0.13,476,450,319,345,363
4.94,-3.88,-7.14,0.38,0.09,-0.19,477,451,322,346,363
5.06,-3.38,-8.03,0.11,0.19,0.01,480,451,323,350,365
4.79,-2.37,-9.32,0.28,0.13,-0.07,481,452,326,353,366
4.67,-3.14,-8.50,0.47,0.29,-0.08,480,452,328,352,366
5.81,-5.49,-5.58,0.11,0.04,-0.15,480,451,328,349,366
4.58,-3.76,-7.29,-0.26,-0.10,0.00,479,451,322,350,366
5.61,-3.24,-8.37,-0.27,-0.51,-0.23,480,450,311,344,365
3.63,-2.93,-8.50,-0.42,-0.47,-0.04,480,449,307,340,365
3.93,-2.43,-8.60,-0.47,-0.45,-0.13,479,448,304,337,366
2.76,-1.82,-8.44,-0.72,-0.50,-0.06,477,448,303,336,364
4.36,-0.43,-10.06,-0.49,-0.50,-0.25,476,446,301,334,364
2.02,-0.40,-8.94,-0.78,-0.12,0.32,473,445,300,334,364
2.73,1.18,-9.74,-0.54,0.01,0.47,471,443,298,333,364
2.52,0.95,-10.33,-0.67,0.18,0.28,466,441,296,332,364
2.20,2.19,-9.32,-0.22,0.17,0.92,462,438,295,332,366
END
3.64,1.92,-10.71,-0.21,0.02,0.05,477,450,315,345,369
4.71,-4.43,-7.39,0.02,0.02,-0.01,477,450,314,344,368
4.97,-4.22,-7.50,-0.02,0.01,0.01,479,450,314,343,368
5.07,-4.16,-8.09,-0.00,-0.06,-0.01,480,450,313,341,369
4.50,-4.25,-7.34,0.09,0.12,0.02,479,450,313,341,369
4.74,-4.59,-7.01,-0.00,-0.00,-0.05,479,450,312,340,369
5.02,-4.03,-8.02,-0.06,-0.12,-0.08,480,449,308,339,367
4.08,-4.44,-6.86,-0.32,-0.15,-0.01,481,449,302,335,368
4.41,-4.04,-7.14,-0.51,-0.58,-0.30,480,448,299,333,367
3.13,-2.12,-8.86,-0.81,-0.54,-0.07,478,446,298,332,366
3.55,-1.82,-9.37,-0.63,-0.58,-0.03,477,445,297,332,366
3.56,-1.40,-9.53,-0.63,-0.51,-0.30,477,443,297,331,366
2.59,-0.37,-9.14,-0.59,-0.26,0.06,474,442,296,331,365
2.54,1.31,-10.60,-0.22,-0.14,-0.03,473,442,294,330,366
2.99,0.98,-11.18,-0.17,-0.05,-0.07,472,442,294,330,364
1.97,1.00,-10.37,0.07,-0.12,-0.43,472,445,293,330,362
3.14,0.48,-10.06,0.30,0.03,-0.37,471,447,294,330,361
1.33,0.34,-9.99,0.42,0.50,0.30,471,447,299,333,361
3.35,0.22,-10.13,0.39,0.16,0.46,472,447,324,345,362
2.03,-1.04,-9.95,0.60,0.54,0.31,472,448,331,354,362
3.57,-1.63,-8.92,0.52,0.36,0.39,472,448,335,362,363
3.09,-2.58,-8.98,0.56,0.48,0.12,472,449,337,362,362
4.52,-3.04,-7.94,0.50,0.23,0.20,472,449,342,366,363
3.58,-3.95,-7.93,0.24,0.28,0.08,471,449,345,364,363
4.49,-3.95,-7.67,0.10,-0.08,-0.11,471,448,344,364,363
3.32,-3.86,-7.69,-0.17,-0.25,-0.26,470,448,343,364,363
4.64,-3.13,-8.18,-0.07,-0.38,-0.29,469,447,333,356,363
4.62,-3.22,-8.73,-0.15,-0.16,-0.26,470,446,316,343,363
3.37,-2.61,-8.59,-0.23,-0.28,-0.17,471,445,309,337,363
3.78,-2.12,-9.04,-0.09,-0.28,-0.22,470,445,305,335,363
3.38,-2.40,-9.32,-0.13,-0.12,-0.21,471,444,301,333,363
3.07,-1.82,-9.02,-0.17,-0.16,0.02,470,443,300,332,364
2.39,-2.15,-9.22,-0.11,-0.22,-0.24,470,442,299,332,364
2.42,-1.86,-8.74,-0.40,-0.32,-0.12,470,441,297,331,365
2.66,-1.10,-8.99,-0.28,-0.14,0.07,469,441,296,331,365
2.60,-0.19,-10.06,-0.37,-0.13,-0.00,468,440,295,330,365
END
1.99,0.22,-9.85,-0.31,-0.04,0.05,464,445,319,347,364
5.05,-3.41,-7.99,0.05,0.04,0.06,463,445,319,347,364
4.41,-3.86,-7.77,0.03,-0.02,-0.03,463,445,318,347,363
4.89,-3.55,-7.95,0.07,0.01,-0.04,463,445,318,347,363
5.00,-3.76,-8.09,-0.01,-0.05,-0.06,463,446,314,345,363
4.84,-3.98,-7.37,-0.00,-0.19,-0.15,463,446,311,343,363
4.62,-3.83,-7.70,-0.24,-0.45,-0.35,463,446,306,337,363
4.36,-3.00,-7.87,-0.35,-0.62,-0.32,462,445,301,334,363
4.09,-2.52,-9.07,-0.23,-0.44,-0.01,462,444,299,332,362
2.85,-2.60,-8.56,-0.47,-0.35,-0.13,462,444,297,331,362
3.01,-1.52,-8.66,-0.45,-0.37,-0.02,462,443,296,330,362
3.40,-0.45,-10.26,-0.39,-0.14,0.10,462,440,295,330,362
2.22,-0.82,-9.52,-0.41,-0.03,-0.01,459,438,295,329,362
2.80,1.67,-9.68,-0.31,-0.26,-0.03,456,438,294,329,362
2.66,0.01,-10.03,-0.40,-0.10,-0.08,454,437,293,329,363
2.40,1.02,-10.39,-0.01,-0.07,-0.13,454,438,294,329,362
2.33,1.22,-10.88,0.31,0.10,0.25,453,441,305,333,362
2.04,0.41,-10.34,0.42,0.40,0.54,453,441,324,345,363
1.99,-0.41,-9.38,0.54,0.49,0.49,453,442,332,352,363
3.17,-1.59,-9.15,0.63,0.34,0.11,454,442,332,353,362
3.17,-2.53,-8.68,0.61,0.39,0.03,455,443,332,354,362
3.76,-2.97,-8.23,0.59,0.34,-0.12,455,443,331,355,363
3.60,-3.76,-7.80,0.54,0.20,-0.42,455,443,331,357,363
5.15,-4.15,-7.13,0.49,0.05,-0.24,455,443,330,356,364
5.60,-4.67,-7.21,0.21,-0.02,-0.29,456,442,328,354,365
4.36,-3.35,-7.83,-0.03,0.04,0.07,456,442,320,350,365
4.06,-3.70,-7.68,-0.01,-0.29,-0.28,456,443,311,344,364
5.03,-3.85,-7.77,-0.29,-0.60,-0.52,457,441,304,337,364
4.77,-3.07,-8.14,-0.39,-0.49,-0.07,456,441,302,335,364
4.40,-2.96,-8.65,-0.89,-0.69,-0.32,457,440,301,333,363
1.70,-1.03,-8.38,-0.89,-0.64,0.13,454,439,300,332,363
3.03,0.06,-10.11,-0.45,-0.24,0.28,453,437,299,332,364
1.58,0.09,-9.32,-0.64,0.29,0.61,450,435,298,331,365
2.02,1.80,-10.21,-0.42,0.10,0.50,448,432,296,331,368
3.22,1.54,-10.26,-0.43,-0.12,0.04,445,430,295,331,369
2.14,0.83,-9.42,-0.21,0.13,0.29,441,428,294,330,369
END
2.95,2.15,-10.01,-0.25,-0.07,0.12,448,438,323,349,363
4.67,-3.12,-8.03,0.06,0.03,-0.03,448,439,323,349,363
4.87,-3.10,-8.13,0.08,0.05,-0.02,448,439,323,349,363
4.95,-3.07,-8.25,0.10,0.06,0.02,448,439,323,349,363
4.95,-3.27,-8.04,0.13,0.05,0.03,449,439,323,349,363
5.02,-3.80,-8.14,0.13,0.09,0.09,450,439,323,349,364
4.17,-4.44,-6.91,-0.17,-0.14,0.06,450,439,321,345,363
4.53,-4.09,-7.54,-0.78,-0.87,-0.58,448,439,314,341,362
4.49,-2.12,-9.16,-0.80,-1.07,-0.42,447,437,308,337,363
3.67,-0.78,-9.09,-0.65,-0.39,0.07,445,436,303,335,363
1.50,-0.39,-9.71,-0.45,-0.14,0.16,447,434,300,333,363
1.69,0.11,-10.19,-0.54,-0.22,0.38,444,432,297,332,364
3.04,1.31,-9.91,-0.21,0.01,0.23,441,430,295,331,363
2.61,1.31,-9.63,-0.05,-0.08,0.08,439,431,294,331,363
2.39,0.75,-9.04,0.01,-0.15,-0.26,438,432,294,331,362
1.77,1.52,-10.49,0.24,0.08,-0.19,438,434,300,332,361
2.22,0.78,-9.43,0.20,0.26,0.13,438,434,317,337,362
2.76,0.14,-9.82,0.29,0.13,0.23,440,434,330,346,363
2.31,0.14,-10.04,0.64,0.54,0.22,442,436,333,349,362
2.93,-0.93,-8.33,0.80,0.49,0.40,444,437,336,355,363
3.85,-2.56,-8.46,0.68,0.62,0.16,447,439,337,357,363
4.69,-3.93,-9.18,0.44,0.38,0.04,448,441,338,361,363
4.84,-3.88,-8.56,0.27,0.23,0.08,448,441,338,362,363
4.76,-4.19,-7.95,0.26,0.05,-0.07,448,441,339,360,363
3.88,-3.57,-8.42,0.17,-0.17,-0.23,450,441,334,353,363
4.54,-3.78,-7.14,-0.01,-0.24,-0.23,454,439,318,346,365
3.92,-3.79,-7.37,0.05,-0.33,-0.39,452,438,309,339,365
5.02,-3.74,-8.41,-0.12,-0.48,-0.61,453,437,302,335,364
3.08,-2.71,-8.54,-0.35,-0.27,-0.32,452,436,298,332,364
3.70,-2.30,-8.21,-0.46,-0.47,-0.22,449,435,296,330,364
3.73,-1.96,-9.30,-0.56,-0.50,-0.32,448,434,295,329,364
1.81,-1.28,-8.68,-0.74,-0.16,-0.02,445,433,294,329,363
3.18,1.40,-9.81,-0.39,-0.13,0.07,443,433,294,329,364
3.37,1.21,-10.93,-0.09,-0.06,-0.08,442,432,293,329,364
2.10,0.22,-10.57,-0.15,0.04,0.12,441,432,292,329,364
3.00,0.47,-9.38,-0.02,0.03,0.18,440,433,293,328,363
END
2.23,-0.21,-9.58,0.06,-0.03,-0.13,443,441,321,348,365
4.92,-4.00,-7.16,0.04,0.02,-0.05,443,441,320,347,365
5.16,-3.90,-7.59,0.01,-0.01,-0.06,443,441,320,346,364
5.30,-3.73,-7.67,-0.01,-0.02,-0.01,442,442,320,346,364
4.52,-4.28,-7.09,-0.22,-0.27,-0.15,442,441,318,345,364
4.91,-3.47,-8.03,-0.41,-0.59,-0.30,442,440,311,339,364
4.55,-2.61,-9.04,-0.50,-0.70,-0.39,442,437,306,336,365
2.95,-1.66,-8.90,-0.34,-0.32,-0.09,446,433,300,333,366
3.12,-1.09,-9.73,-0.23,-0.12,0.01,445,431,296,331,366
3.91,-1.97,-8.46,-0.35,-0.22,-0.21,443,431,295,330,364
2.99,-1.18,-8.63,-0.43,-0.32,0.05,441,430,294,329,364
3.34,-1.06,-9.38,-0.43,-0.06,-0.03,435,431,293,328,363
2.54,0.33,-9.13,-0.45,-0.04,0.18,430,431,293,328,362
2.80,1.51,-10.54,-0.15,-0.22,-0.36,428,431,292,328,361
3.40,0.80,-10.36,-0.10,-0.04,-0.08,427,433,293,328,361
3.08,1.11,-10.27,0.31,0.22,0.45,427,434,303,333,362
2.99,0.77,-10.01,0.43,0.29,0.53,428,435,327,347,363
2.25,-1.08,-8.57,0.50,0.37,0.34,429,437,328,353,362
1.96,-1.39,-8.95,0.48,0.22,0.32,431,436,328,356,362
3.04,-1.87,-8.86,0.59,0.53,0.17,432,439,331,357,362
2.73,-2.15,-8.47,0.45,0.46,0.04,438,443,333,359,362
4.30,-3.00,-7.70,0.67,0.36,-0.31,440,445,337,367,363
5.85,-4.12,-8.33,0.43,0.14,-0.55,444,447,338,363,364
8.38,-4.95,-6.39,0.22,-0.16,-0.29,446,446,335,358,366
5.60,-2.93,-8.71,0.10,0.13,0.16,446,445,320,347,366
4.92,-4.24,-6.58,-0.01,-0.39,-0.30,448,444,313,340,365
5.76,-3.68,-7.52,-0.24,-0.63,-0.28,445,442,308,336,365
4.55,-2.58,-8.27,-0.50,-0.43,-0.03,443,440,307,335,365
4.92,-1.77,-8.99,-0.30,-0.61,-0.08,441,439,304,334,365
2.12,-1.68,-8.54,-0.73,-0.24,0.15,438,438,302,332,364
2.33,-1.02,-7.83,-0.84,-0.38,0.18,434,436,299,332,364
2.43,-0.40,-9.81,-0.45,-0.20,0.14,432,434,296,331,364
2.05,0.24,-8.78,-0.68,-0.16,0.08,430,434,295,330,364
2.72,2.05,-10.18,-0.34,-0.01,0.13,428,432,294,330,364
1.41,2.25,-10.64,-0.27,-0.03,0.01,425,432,294,330,364
2.53,1.86,-9.80,-0.11,0.05,0.19,423,431,293,329,364
END
3.73,1.45,-10.68,-0.05,-0.22,-0.50,447,440,320,346,362
4.55,-2.86,-8.16,0.04,-0.01,-0.07,450,441,319,345,363
4.37,-3.05,-7.98,0.04,-0.01,-0.07,452,442,320,345,364
4.61,-2.81,-8.38,0.02,-0.04,-0.09,455,442,320,345,364
4.29,-2.76,-8.37,0.03,0.03,-0.04,458,443,320,344,365
4.60,-3.01,-8.20,0.03,-0.05,-0.14,459,443,318,343,365
4.74,-3.04,-8.39,-0.06,0.01,-0.03,458,444,316,343,364
4.51,-3.29,-7.53,-0.31,-0.12,-0.08,456,443,309,340,363
3.99,-2.87,-7.95,-0.60,-0.36,-0.16,456,441,303,336,363
5.50,-1.31,-8.71,-0.61,-0.45,-0.06,454,439,298,333,363
3.52,-0.50,-9.73,-0.55,-0.45,-0.27,451,437,296,332,363
2.33,-0.73,-8.59,-0.68,-0.24,0.14,448,435,295,331,363
2.27,0.90,-9.32,-0.44,-0.07,0.08,447,435,295,330,363
2.79,2.35,-10.42,-0.33,-0.14,-0.12,444,434,294,330,362
2.73,3.38,-10.58,-0.03,-0.23,-0.50,442,435,294,330,362
2.62,3.22,-10.57,0.12,0.13,0.41,442,434,295,331,362
2.32,2.33,-10.90,0.58,0.32,0.04,443,436,298,332,362
2.93,1.75,-10.13,0.96,0.44,0.41,445,437,304,333,363
3.84,-1.22,-9.91,1.19,0.95,0.34,450,439,308,335,363
3.74,-3.06,-6.87,1.04,0.47,0.14,449,440,317,341,364
4.33,-4.11,-6.26,0.47,0.16,0.24,450,441,318,342,365
4.03,-4.22,-6.87,0.30,0.51,0.34,449,443,324,347,364
4.16,-4.00,-7.34,0.22,0.25,-0.03,449,443,331,353,364
6.05,-3.98,-7.97,0.19,-0.26,-0.27,449,444,333,354,366
5.18,-4.46,-7.26,0.10,0.09,-0.07,449,444,333,353,366
4.55,-3.92,-7.04,-0.07,-0.21,-0.06,448,444,329,349,365
5.70,-4.36,-7.60,-0.56,-0.80,-0.64,450,443,319,338,364
4.77,-2.89,-7.82,-0.40,-0.93,-0.28,448,440,312,335,365
5.25,-2.39,-9.96,-0.36,-0.48,0.01,447,439,306,333,364
1.80,-1.49,-8.94,-0.92,-0.28,0.02,446,438,302,332,362
2.05,-0.06,-9.17,-0.63,-0.22,0.08,444,436,299,331,363
3.16,1.02,-10.67,-0.16,-0.12,-0.18,443,435,297,330,362
2.37,0.35,-10.21,-0.26,0.05,-0.13,441,434,295,329,362
3.10,0.72,-9.65,-0.26,-0.00,0.10,439,433,294,329,362
2.81,0.80,-10.16,0.01,0.05,-0.07,437,433,294,328,361
3.05,0.55,-9.50,-0.29,0.04,0.09,434,432,293,328,361
END
2.85,1.14,-9.48,0.15,0.11,-0.01,441,439,316,342,362
4.58,-3.78,-7.68,0.05,-0.03,-0.07,441,439,317,342,363
5.03,-3.67,-8.14,0.13,-0.06,-0.12,443,440,320,343,364
5.09,-3.82,-7.90,0.12,0.06,-0.04,443,440,323,344,365
4.97,-3.99,-7.74,0.12,0.03,0.01,442,440,325,346,364
4.92,-4.24,-7.57,0.13,0.06,-0.05,441,441,327,346,364
4.56,-4.64,-6.45,-0.32,-0.19,-0.06,443,440,317,340,363
5.19,-3.89,-7.43,-0.42,-0.84,-0.57,444,438,309,335,364
4.44,-2.61,-8.97,-0.58,-0.61,-0.26,447,437,300,331,366
3.14,-1.87,-8.41,-0.45,-0.05,0.13,448,435,296,330,366
4.41,-0.95,-9.91,-0.51,-0.25,-0.10,445,434,295,329,365
2.69,-0.98,-8.04,-0.84,-0.04,0.25,440,431,294,329,364
3.09,-0.44,-9.06,-0.50,-0.08,0.35,437,431,293,328,364
3.19,-0.52,-9.14,-0.77,-0.14,-0.05,434,430,293,328,363
3.17,2.84,-10.55,-0.02,-0.27,-0.53,433,432,294,329,363
3.75,2.69,-11.36,0.22,-0.20,-0.15,433,434,303,335,364
1.99,1.34,-10.50,0.59,0.38,0.44,433,435,316,344,363
3.22,0.24,-9.55,0.88,0.45,0.30,435,436,318,346,362
2.33,-1.62,-8.72,1.14,0.59,0.18,439,438,323,349,362
3.97,-2.69,-8.20,0.78,0.40,-0.13,440,439,324,353,362
3.92,-3.73,-7.29,0.54,0.38,0.03,440,439,329,356,361
4.95,-4.54,-7.03,0.42,0.19,-0.04,440,440,330,356,361
4.75,-4.31,-7.59,0.21,0.04,-0.20,441,440,331,355,362
5.75,-3.76,-7.37,0.09,-0.06,-0.08,445,440,329,353,363
5.43,-4.01,-7.49,0.12,-0.08,-0.15,448,440,324,351,364
4.94,-3.75,-8.05,-0.14,-0.16,-0.03,450,438,317,342,364
4.82,-3.59,-7.73,-0.15,-0.42,-0.17,450,436,309,336,363
4.52,-4.08,-7.90,-0.18,-0.42,-0.14,450,435,302,335,364
3.54,-3.52,-7.05,-0.82,-0.55,-0.09,450,434,300,331,363
3.27,-2.13,-8.82,-0.55,-0.73,-0.15,447,434,298,330,363
3.07,-2.17,-8.21,-1.15,-0.35,-0.06,444,435,298,330,360
1.82,0.89,-9.25,-0.66,-0.19,0.31,444,434,296,329,360
4.11,2.35,-11.42,-0.38,0.21,0.24,441,433,295,329,361
3.01,2.14,-10.67,-0.10,0.01,-0.02,440,432,294,329,361
3.12,1.16,-10.06,-0.10,-0.11,-0.22,439,432,294,329,361
2.84,0.42,-9.94,0.05,0.15,0.17,437,433,295,329,360
END
3.66,0.82,-9.36,0.11,-0.01,-0.19,497,451,317,337,365
5.14,-3.45,-7.72,0.06,0.03,-0.04,496,451,317,337,365
5.10,-3.45,-7.65,-0.09,-0.05,-0.03,496,451,316,337,365
4.95,-2.86,-7.93,-0.24,-0.15,-0.03,495,451,316,337,364
5.13,-2.01,-8.92,-0.01,-0.06,0.06,495,450,314,337,365
3.50,-3.03,-7.98,-0.24,0.09,0.22,494,450,312,336,365
4.08,-3.39,-7.44,-0.39,-0.20,-0.03,494,449,304,333,365
5.17,-2.05,-9.06,-0.38,-0.47,-0.16,493,448,299,331,366
3.36,-1.20,-9.07,-0.54,-0.22,0.19,490,446,297,330,366
3.62,-0.70,-8.67,-0.36,-0.31,-0.04,487,445,296,330,365
3.73,-0.69,-9.19,-0.38,-0.34,-0.03,485,444,295,329,364
2.02,-0.13,-9.05,-0.43,-0.05,0.06,482,443,294,329,364
2.61,2.82,-10.88,-0.13,-0.18,-0.41,480,442,294,329,363
4.02,3.22,-11.56,0.03,-0.08,-0.03,480,442,295,330,364
2.38,1.82,-11.16,0.86,0.48,0.29,479,443,303,335,363
2.71,0.14,-9.03,0.96,0.45,-0.01,479,444,309,338,362
3.40,-1.87,-8.59,1.16,0.63,0.02,479,446,317,341,362
4.51,-2.75,-8.18,0.86,0.40,-0.34,480,447,318,342,362
4.78,-3.60,-6.39,0.62,0.43,0.04,479,447,319,344,363
6.72,-4.99,-6.83,0.46,0.36,-0.04,480,447,322,346,368
6.46,-4.39,-6.99,0.15,0.06,0.01,480,447,326,346,372
5.79,-4.38,-7.21,0.32,0.29,0.12,480,448,326,344,373
3.31,-4.24,-6.20,-0.11,-0.15,0.02,479,446,323,344,371
5.31,-3.98,-6.94,-0.25,-0.72,-0.47,479,446,316,340,369
5.62,-3.52,-7.86,-0.37,-0.73,-0.37,479,445,307,335,369
3.86,-3.60,-7.73,-0.61,-0.67,-0.20,479,444,301,332,368
3.17,-2.76,-7.70,-0.58,-0.45,-0.01,479,443,299,331,367
4.34,-1.53,-9.01,-0.80,-0.46,-0.06,477,442,297,329,366
1.84,-0.22,-8.80,-0.94,-0.38,0.26,476,440,296,329,366
1.72,1.34,-10.14,-0.36,-0.10,0.29,474,439,296,329,366
3.47,1.59,-10.49,-0.46,0.08,0.22,472,437,295,328,366
1.87,0.78,-9.45,-0.37,0.42,0.35,470,436,294,328,365
2.45,1.60,-9.60,0.01,-0.12,-0.15,469,435,294,328,365
3.09,1.18,-10.69,-0.00,-0.08,-0.21,468,435,293,328,364
3.49,1.33,-9.36,0.07,0.07,0.16,467,435,294,328,364
2.28,1.26,-9.78,0.20,-0.05,-0.23,467,435,294,328,364
END
3.07,1.26,-9.45,0.06,-0.03,0.18,464,440,324,344,365
4.59,-3.30,-7.75,0.17,0.01,-0.09,464,440,325,344,365
4.74,-3.63,-7.43,0.11,0.03,-0.09,464,440,325,345,365
5.13,-3.27,-7.65,0.11,-0.02,-0.15,464,440,324,343,366
5.05,-3.73,-8.38,-0.13,-0.06,-0.08,466,440,315,339,366
4.57,-3.64,-6.61,-0.31,-0.39,-0.18,467,439,306,336,366
5.53,-3.40,-8.73,-0.17,-0.70,-0.48,469,438,300,333,367
4.23,-1.82,-8.69,-0.59,-0.21,0.19,471,437,296,331,368
3.70,-1.97,-8.42,-0.44,-0.29,0.18,472,435,295,330,368
3.87,-1.30,-9.22,-0.44,-0.44,-0.16,468,434,295,330,366
2.40,-0.63,-8.78,-0.70,-0.40,-0.06,467,433,293,329,366
1.58,0.34,-9.34,-0.68,-0.52,0.03,463,434,293,329,364
1.64,2.10,-10.87,-0.23,-0.21,-0.06,460,433,293,328,364
1.95,2.48,-10.92,-0.06,-0.18,-0.37,458,436,293,329,363
1.54,2.41,-10.89,0.22,0.14,0.27,458,436,303,333,364
1.31,1.37,-10.55,0.56,0.62,0.69,457,437,323,345,364
2.65,-0.04,-8.87,0.56,0.58,0.54,456,437,331,351,364
3.00,-0.72,-9.60,0.86,0.60,0.16,457,438,334,356,364
3.04,-1.90,-8.04,0.66,0.39,0.05,456,437,335,358,364
4.23,-3.19,-8.57,0.78,0.31,-0.26,456,439,336,360,363
4.16,-3.58,-7.90,0.50,0.09,-0.50,455,439,336,355,364
5.41,-3.61,-7.83,0.74,-0.15,-0.48,453,438,335,354,366
5.84,-4.25,-7.67,0.20,0.17,-0.15,452,438,325,348,367
5.49,-3.85,-6.87,-0.07,-0.18,-0.01,452,437,318,344,369
5.10,-3.60,-7.68,-0.12,-0.18,0.01,452,436,312,339,369
4.69,-3.22,-7.82,-0.44,-0.29,-0.08,452,433,304,335,370
4.53,-2.66,-8.23,-0.41,-0.46,-0.01,453,431,300,333,372
4.57,-2.19,-8.87,-0.29,-0.24,0.01,455,429,298,331,372
2.25,-1.98,-8.74,-0.65,-0.21,0.10,457,428,297,331,372
2.18,-1.34,-8.51,-0.51,-0.43,-0.05,457,426,296,330,371
2.45,-0.36,-9.86,-0.59,-0.39,-0.08,458,425,295,329,370
1.92,-0.62,-9.00,-0.59,-0.06,0.01,457,424,294,330,370
2.67,0.94,-10.14,-0.46,-0.15,-0.14,456,423,294,329,370
2.29,1.14,-9.91,-0.49,-0.03,-0.22,452,423,293,327,369
2.07,2.99,-10.26,-0.13,-0.22,-0.20,451,423,293,329,368
2.46,2.50,-10.75,-0.01,0.03,-0.11,448,423,293,329,367
END
3.46,1.97,-9.81,0.06,0.00,0.06,452,429,323,347,367
4.34,-3.22,-8.06,0.03,0.02,-0.04,452,429,323,347,367
4.49,-2.96,-8.13,0.04,-0.03,-0.17,453,428,322,346,367
4.67,-3.09,-8.11,0.01,-0.13,-0.28,455,428,320,344,367
4.79,-2.94,-8.33,-0.05,-0.07,-0.08,455,428,318,343,366
4.12,-3.01,-8.05,-0.16,-0.20,-0.13,456,428,314,339,366
4.95,-2.80,-8.76,-0.24,-0.64,-0.38,459,428,306,335,366
3.73,-2.09,-9.61,-0.31,-0.45,-0.05,457,427,299,332,366
2.86,-1.46,-8.51,-0.13,-0.04,0.26,453,426,295,331,365
2.96,-1.67,-9.43,-0.13,-0.25,-0.08,452,426,294,330,364
2.02,-1.41,-8.39,-0.51,-0.37,0.17,451,426,293,330,363
2.43,-0.57,-9.34,-0.49,-0.38,-0.06,453,426,293,329,363
1.59,0.42,-9.15,-0.64,-0.11,0.10,453,426,293,329,364
1.89,2.79,-10.83,-0.15,-0.23,-0.16,452,427,294,330,364
2.15,2.67,-11.67,0.10,0.08,-0.03,451,429,295,330,363
1.21,1.32,-10.67,0.61,0.31,0.14,450,431,305,334,363
2.23,-0.16,-9.19,0.84,0.54,0.10,449,432,316,340,363
3.13,-1.21,-9.37,0.79,0.64,0.18,449,433,319,344,363
3.83,-2.61,-8.74,0.80,0.54,0.06,448,434,326,351,363
4.44,-3.75,-7.96,0.53,0.37,-0.17,447,434,327,352,363
4.14,-3.87,-7.41,0.38,0.24,0.01,447,434,328,354,363
5.69,-4.26,-7.49,0.32,0.12,-0.15,447,434,328,354,364
5.25,-4.48,-6.96,-0.15,-0.13,-0.02,447,433,327,350,364
4.85,-3.75,-7.57,-0.35,-0.31,0.01,446,432,324,345,363
4.73,-3.37,-8.32,-0.65,-0.58,-0.33,447,430,321,340,364
3.34,-2.28,-8.46,-0.80,-0.71,-0.03,446,429,319,339,363
3.59,-1.83,-9.23,-0.69,-0.65,-0.14,446,428,316,337,362
1.77,-0.33,-9.10,-0.75,-0.48,0.16,446,427,312,337,362
2.33,1.76,-10.25,-0.40,-0.12,0.42,445,426,308,335,363
1.23,1.70,-10.29,-0.32,0.14,0.30,444,425,303,334,363
0.54,1.83,-9.48,-0.32,0.06,0.28,440,423,299,332,362
2.04,1.46,-10.16,-0.27,0.02,0.10,439,423,298,332,362
1.11,0.75,-8.88,-0.27,0.16,-0.02,437,422,297,331,362
2.91,2.10,-9.41,-0.42,0.03,-0.15,434,421,296,331,362
2.98,3.63,-9.76,-0.11,-0.07,-0.46,434,421,296,331,362
3.05,3.79,-11.15,-0.03,-0.07,-0.22,432,420,296,331,362
END
2.75,3.66,-10.41,0.16,-0.11,-0.29,443,431,327,347,360
4.67,-3.50,-7.91,0.04,0.04,-0.07,443,431,325,346,360
4.19,-3.97,-7.66,-0.20,-0.09,-0.10,443,431,323,344,360
3.82,-3.12,-7.77,-0.65,-0.42,-0.37,442,432,320,341,361
4.21,-1.97,-9.21,-0.56,-0.63,-0.28,441,432,315,338,363
2.86,-2.12,-8.07,-0.76,-0.22,0.04,439,430,310,336,363
2.25,-1.14,-8.14,-0.67,-0.37,-0.16,438,429,305,334,364
2.96,1.40,-9.03,-0.73,-0.28,-0.34,436,427,302,333,365
1.87,2.10,-9.91,-0.61,-0.09,-0.28,436,426,300,332,366
2.72,5.18,-11.19,-0.24,-0.19,-0.26,435,426,299,332,366
2.61,4.77,-11.87,0.16,0.05,-0.04,434,426,302,333,365
1.51,2.52,-10.14,0.61,0.38,0.33,436,427,309,336,364
3.53,1.22,-9.68,0.86,0.33,0.33,437,430,317,340,363
3.14,0.36,-9.48,0.93,0.60,0.33,438,431,318,343,363
3.24,-0.99,-8.37,1.09,0.48,0.38,439,431,321,345,363
3.20,-2.02,-8.85,0.87,0.35,-0.10,441,433,324,346,363
4.53,-4.19,-6.45,0.68,0.30,0.10,439,433,328,349,363
5.66,-5.81,-5.90,0.22,0.44,0.21,444,434,328,351,366
5.05,-3.62,-8.27,-0.05,-0.02,0.18,441,434,328,351,365
3.70,-4.16,-7.98,-0.04,0.22,0.27,440,433,327,349,365
3.40,-4.99,-5.88,-0.66,-0.41,-0.02,441,432,323,346,364
6.02,-2.93,-9.20,-0.54,-0.94,-0.56,442,430,317,340,368
4.10,-1.32,-9.10,-0.89,-0.30,-0.04,449,427,309,336,371
3.12,-0.59,-9.43,-0.33,-0.06,0.35,452,426,304,333,371
2.57,-1.01,-9.66,-0.37,-0.22,-0.17,450,424,301,332,371
3.52,-0.50,-8.92,-0.25,-0.12,-0.11,448,423,299,332,371
3.22,-0.26,-9.69,-0.17,-0.12,-0.09,446,422,296,331,371
2.59,-0.54,-9.23,-0.39,-0.03,0.14,443,421,295,330,369
2.76,0.15,-9.02,-0.33,-0.05,0.02,441,421,294,329,369
3.67,0.37,-9.75,-0.22,0.04,-0.15,438,420,294,329,368
2.72,1.34,-10.21,-0.19,-0.01,-0.14,437,420,293,329,368
3.75,1.99,-9.80,-0.05,-0.02,-0.05,436,420,293,329,368
3.47,1.47,-10.04,0.12,0.06,0.21,435,420,293,329,368
2.95,2.09,-10.09,0.44,0.03,-0.19,435,422,294,329,367
2.58,0.59,-9.70,0.39,0.04,-0.23,436,422,295,331,367
2.80,0.25,-8.90,0.31,-0.07,0.23,437,423,301,337,366
END
2.38,-0.42,-10.62,0.44,-0.01,-0.37,443,432,317,339,362
4.33,-3.22,-8.67,0.08,-0.01,-0.10,443,432,317,339,362
4.06,-3.89,-7.41,0.02,-0.00,-0.06,443,432,317,339,362
4.90,-3.14,-8.48,-0.03,-0.19,-0.17,443,432,318,339,362
4.37,-3.22,-8.46,-0.18,-0.11,-0.01,443,432,317,339,362
3.52,-3.60,-7.87,-0.36,-0.21,-0.17,442,430,310,337,362
5.01,-1.90,-9.13,-0.22,-0.38,-0.56,447,427,301,333,365
3.48,-1.36,-9.00,-0.27,0.03,0.06,449,425,297,332,367
4.01,-2.21,-7.92,-0.41,-0.30,-0.16,445,424,296,330,365
3.51,-0.86,-8.91,-0.54,-0.34,-0.02,443,424,295,330,365
3.30,-0.32,-8.94,-0.58,-0.26,-0.01,440,423,295,329,365
3.19,0.83,-9.38,-0.69,-0.21,-0.04,435,422,294,329,363
2.98,2.46,-11.00,-0.23,-0.12,-0.10,433,422,294,328,363
3.27,3.62,-11.85,0.25,0.00,-0.02,433,423,293,329,363
2.12,0.79,-10.37,0.58,0.15,0.08,435,426,297,332,362
2.42,-0.26,-9.60,0.59,0.27,0.35,436,428,316,344,363
2.74,-0.84,-8.81,0.72,0.44,0.40,437,428,328,352,363
3.61,-1.99,-9.10,0.46,0.33,0.15,439,428,327,353,363
3.55,-1.98,-8.71,0.45,-0.02,-0.13,438,428,330,358,363
3.94,-2.73,-8.84,0.42,0.05,-0.13,439,429,334,361,363
4.27,-2.56,-9.23,0.43,0.28,0.07,438,429,339,368,363
4.13,-3.58,-7.97,0.29,0.16,-0.02,438,429,339,370,363
4.36,-3.85,-8.33,0.35,-0.00,-0.18,438,429,334,365,363
3.96,-4.01,-7.42,-0.00,0.01,-0.09,436,429,324,353,363
4.57,-3.54,-7.06,0.15,-0.22,-0.21,434,429,319,345,363
4.13,-3.83,-8.22,-0.12,-0.18,-0.23,433,428,310,339,363
3.79,-2.99,-8.26,-0.32,-0.31,-0.20,433,427,305,335,363
4.02,-2.66,-8.88,-0.17,-0.21,-0.15,433,426,301,333,363
3.48,-2.48,-8.89,-0.32,-0.26,-0.19,434,425,299,331,363
3.14,-1.85,-8.52,-0.47,-0.27,-0.03,433,424,297,330,364
3.35,-1.35,-9.20,-0.43,-0.19,-0.12,432,423,296,329,363
2.15,-0.75,-8.84,-0.70,-0.19,0.07,430,421,295,329,363
2.64,-0.41,-9.83,-0.38,-0.25,-0.17,429,421,295,329,363
1.62,1.04,-9.68,-0.74,-0.09,-0.05,427,420,294,328,363
2.33,3.01,-10.06,-0.16,-0.23,-0.33,426,420,294,329,364
2.51,2.90,-11.00,-0.24,-0.09,-0.10,424,419,295,329,364
END
2.99,2.58,-9.93,0.11,0.09,0.18,431,424,313,339,361
4.54,-2.13,-7.98,-0.20,-0.22,0.07,430,423,312,339,363
4.08,-1.76,-9.46,-0.19,-0.01,0.06,431,422,308,336,362
4.07,-1.54,-8.52,-0.33,-0.23,-0.03,430,421,306,335,363
3.53,-1.56,-8.84,-0.31,-0.25,-0.04,430,420,304,334,363
2.76,-1.17,-9.16,-0.45,-0.24,-0.24,428,419,301,332,364
2.40,-0.17,-8.15,-0.67,-0.13,-0.06,426,418,297,331,364
4.17,2.23,-10.17,-0.35,-0.11,0.10,421,415,296,329,367
2.73,1.53,-10.11,-0.21,0.10,0.16,416,413,295,329,368
2.85,1.40,-10.16,-0.16,-0.08,0.09,415,413,294,329,367
3.50,1.52,-9.76,0.11,-0.03,-0.09,414,413,293,328,367
4.21,1.02,-9.86,0.14,0.05,0.19,415,414,293,328,366
2.59,0.60,-9.83,0.40,0.07,0.14,420,419,294,328,365
3.37,0.76,-9.55,0.44,-0.12,-0.04,421,422,304,332,364
2.66,-0.41,-9.58,0.41,0.03,0.02,421,422,320,346,364
3.68,-0.52,-9.06,0.46,0.26,0.34,423,421,329,352,364
2.81,-1.39,-9.53,0.56,0.26,-0.05,425,421,330,354,364
2.71,-1.84,-9.04,0.67,0.06,-0.26,427,422,334,357,364
4.58,-2.75,-8.37,0.56,0.11,-0.17,427,423,336,359,363
3.84,-3.05,-8.89,0.54,0.25,-0.08,430,424,337,362,363
4.62,-3.64,-7.58,0.32,0.07,-0.11,431,424,339,361,363
4.40,-3.91,-7.10,0.02,-0.07,-0.09,433,423,332,355,363
4.56,-3.35,-8.29,-0.05,-0.20,-0.19,432,423,325,349,362
3.99,-3.09,-8.01,-0.26,-0.08,-0.03,429,421,316,342,362
4.18,-2.59,-8.15,-0.21,-0.17,-0.08,427,420,312,338,362
4.54,-2.52,-9.29,-0.27,-0.25,-0.23,427,420,308,335,363
2.66,-2.81,-7.36,-0.78,0.02,0.16,428,422,304,334,365
2.30,-0.49,-8.89,-0.49,-0.26,-0.05,429,421,302,333,368
4.30,0.47,-10.46,-0.37,-0.20,-0.35,427,421,298,332,368
4.09,-0.19,-9.27,-0.17,0.03,-0.13,426,420,296,330,368
3.37,0.00,-9.51,-0.19,-0.07,0.09,425,419,295,329,368
2.89,-0.52,-9.01,-0.22,0.03,0.05,424,418,294,329,367
3.52,0.66,-9.32,-0.28,-0.11,0.09,423,418,293,328,367
3.09,0.49,-9.90,-0.13,0.08,0.07,421,417,293,328,366
3.56,1.28,-9.64,-0.22,-0.08,-0.15,419,416,292,328,366
3.47,1.51,-10.07,-0.14,-0.05,0.14,418,416,293,328,366
END
3.70,1.13,-9.58,0.03,-0.13,-0.23,423,425,311,340,361
4.60,-2.66,-8.36,0.10,0.05,-0.03,424,426,311,341,361
4.57,-2.68,-8.71,0.09,0.07,-0.04,424,427,312,340,361
5.41,-2.67,-8.25,0.23,0.11,-0.14,424,428,311,340,361
5.41,-2.99,-8.31,0.23,0.06,-0.14,429,429,309,339,362
4.62,-3.66,-7.67,-0.06,-0.01,0.04,432,428,302,336,362
5.41,-3.04,-8.51,0.06,-0.38,-0.33,433,428,298,333,362
3.92,-4.03,-8.30,-0.25,-0.45,-0.20,433,427,296,331,362
4.10,-1.90,-7.63,-0.54,-0.56,-0.05,432,425,295,329,361
4.39,-0.97,-9.55,-0.42,-0.65,-0.13,431,424,294,329,362
2.96,-1.64,-8.16,-1.09,-0.08,0.09,429,422,294,328,363
2.76,1.41,-9.02,-0.63,-0.14,0.37,427,422,294,327,364
4.28,1.06,-10.88,-0.25,-0.08,-0.05,426,421,294,327,363
2.94,1.78,-10.48,-0.12,-0.07,-0.04,424,421,294,328,362
3.39,1.68,-10.47,-0.00,-0.09,0.05,424,422,294,328,361
1.75,0.42,-9.60,0.44,0.42,0.24,424,423,294,328,361
3.49,0.51,-9.88,0.38,-0.05,-0.10,424,424,298,330,361
3.28,-0.48,-10.01,0.66,0.27,0.06,424,425,305,337,360
3.80,-1.51,-9.81,0.98,0.22,-0.01,424,425,323,351,361
3.43,-2.29,-8.00,0.70,0.56,0.27,423,426,326,354,362
3.88,-3.48,-8.65,0.57,0.43,-0.08,426,427,325,352,363
4.16,-3.52,-7.71,0.41,0.17,-0.19,429,427,325,351,365
4.80,-4.16,-7.19,0.23,0.08,-0.16,436,430,325,349,365
4.38,-4.13,-7.21,0.04,-0.13,-0.39,442,431,320,345,364
5.49,-3.28,-8.08,-0.09,-0.52,-0.49,444,433,315,340,363
4.17,-3.39,-7.93,-0.44,-0.22,-0.08,444,432,311,336,362
3.75,-2.18,-8.73,-0.56,-0.53,-0.17,443,431,305,333,363
4.03,-1.24,-9.50,-0.64,-0.60,-0.23,442,429,303,331,362
2.81,-1.06,-8.65,-0.74,-0.09,0.11,439,427,299,330,362
3.96,-0.01,-10.01,-0.53,-0.19,-0.19,436,426,298,330,362
2.79,1.69,-9.99,-0.40,-0.09,-0.01,430,425,296,329,360
2.90,1.26,-9.76,-0.23,-0.13,-0.26,427,424,294,329,359
2.64,1.62,-10.19,-0.14,0.13,0.15,426,423,293,328,360
2.88,1.08,-9.76,-0.12,0.08,-0.07,423,423,293,328,359
2.91,1.92,-9.02,0.13,-0.01,-0.11,423,422,293,328,360
3.27,0.88,-9.73,0.03,0.07,0.20,422,423,293,328,360
END
2.97,1.27,-9.28,0.06,0.03,0.07,436,435,317,341,359
4.69,-3.45,-8.02,-0.01,-0.01,-0.01,437,435,317,341,359
4.49,-3.53,-7.93,-0.10,-0.04,-0.03,437,435,317,341,358
4.54,-3.44,-8.31,-0.26,-0.29,-0.34,435,435,313,340,358
4.41,-2.96,-8.34,-0.48,-0.39,-0.25,434,435,310,338,359
3.33,-2.26,-8.87,-0.44,-0.31,-0.28,434,434,305,335,359
3.90,-1.50,-8.91,-0.65,-0.43,-0.25,434,433,301,332,360
3.64,-0.09,-9.29,-0.44,-0.22,0.12,432,430,297,330,361
3.63,0.16,-10.17,-0.29,-0.02,0.24,430,429,294,330,361
2.28,-0.71,-9.11,-0.24,0.11,0.19,427,429,293,329,360
3.27,0.34,-9.49,-0.24,-0.11,-0.21,425,430,293,328,359
3.47,0.53,-10.15,-0.27,-0.07,-0.01,424,430,293,328,358
3.53,1.49,-10.16,-0.02,-0.05,-0.01,423,430,293,328,359
3.51,1.86,-10.59,0.24,-0.03,-0.05,423,431,297,330,359
2.45,1.37,-10.47,0.44,0.16,0.40,424,432,309,336,359
3.69,-0.49,-9.63,0.68,0.28,0.24,425,433,315,341,358
2.79,-1.79,-8.76,0.69,0.39,0.39,426,433,321,349,358
3.63,-2.47,-8.59,0.56,0.27,0.18,427,433,327,355,358
3.67,-2.95,-8.46,0.47,0.13,0.04,428,433,331,356,358
3.85,-3.71,-7.94,0.35,0.13,0.03,429,433,335,357,358
3.53,-4.01,-7.61,0.24,0.09,-0.08,429,434,336,357,358
4.19,-3.83,-8.15,0.07,-0.10,-0.15,429,434,335,358,359
3.44,-3.57,-8.18,0.04,-0.10,-0.20,427,433,334,357,359
5.37,-3.37,-8.05,-0.06,-0.40,-0.41,425,430,329,354,360
2.91,-3.56,-7.86,-0.47,-0.04,-0.05,424,430,325,350,360
3.84,-1.97,-8.72,-0.53,-0.53,-0.40,423,429,321,346,362
2.91,-1.74,-9.31,-0.61,-0.39,-0.29,422,428,317,343,363
3.27,-0.37,-9.85,-0.49,-0.25,-0.09,421,425,314,342,366
2.43,0.07,-9.34,-0.48,-0.14,0.02,419,423,311,340,368
3.27,1.16,-10.07,-0.28,-0.15,-0.06,418,422,308,338,368
2.87,0.69,-9.86,-0.19,0.11,0.20,416,421,305,336,368
2.54,0.91,-9.31,-0.27,0.09,0.49,413,420,303,335,369
2.20,0.85,-9.78,-0.15,0.18,0.18,412,419,299,331,370
2.68,1.06,-9.22,-0.25,0.03,0.06,410,418,297,330,370
1.95,1.62,-9.34,0.01,0.10,0.09,409,418,296,329,370
2.91,1.41,-9.78,-0.13,-0.00,-0.15,407,417,295,329,370
END
3.37,1.33,-9.29,-0.15,-0.03,-0.02,429,430,320,344,363
4.39,-2.84,-8.00,-0.03,0.03,-0.02,429,429,317,344,363
4.43,-2.84,-8.23,-0.10,-0.04,-0.04,429,429,315,342,363
4.15,-2.79,-7.92,-0.15,-0.09,-0.05,428,428,314,342,362
4.49,-2.28,-8.79,-0.14,-0.15,-0.15,428,427,312,339,363
2.90,-2.93,-7.62,-0.62,-0.20,-0.16,428,425,304,335,364
4.69,-1.19,-8.94,-0.38,-0.43,-0.61,427,423,300,333,364
3.68,-0.28,-9.36,-0.53,-0.14,-0.15,423,422,298,331,363
2.95,0.57,-9.35,-0.47,-0.25,-0.09,422,421,296,330,363
3.62,0.64,-9.78,-0.50,-0.23,-0.00,420,420,295,330,362
3.07,1.34,-9.48,-0.22,0.02,0.22,418,420,293,329,362
3.17,1.26,-10.08,-0.12,-0.01,-0.14,415,419,292,329,360
3.35,2.33,-9.99,-0.13,-0.11,-0.01,414,419,292,328,360
3.19,1.46,-9.92,0.15,-0.01,-0.01,415,420,292,328,360
3.63,1.26,-9.70,0.19,-0.15,-0.10,415,422,294,328,360
2.59,1.36,-9.67,0.41,0.06,0.29,414,422,303,333,360
3.22,1.19,-10.24,0.56,0.16,0.18,415,424,315,342,360
2.20,-0.01,-9.32,0.56,0.17,0.23,417,425,319,346,360
3.56,-1.01,-8.94,0.61,0.11,0.06,418,426,321,349,359
2.81,-1.95,-9.09,0.68,0.28,-0.08,419,427,322,349,359
4.15,-2.63,-8.42,0.60,0.29,0.09,419,428,324,351,359
3.96,-3.91,-8.19,0.40,0.49,0.25,420,428,328,356,359
5.50,-3.74,-8.17,0.29,0.23,0.05,423,429,328,358,360
4.74,-3.74,-7.83,0.13,0.10,0.02,424,428,328,358,360
4.29,-3.73,-8.00,0.10,-0.03,-0.06,425,428,326,354,359
3.85,-3.55,-7.70,-0.15,-0.11,-0.07,424,427,322,351,359
3.50,-3.66,-7.68,-0.33,-0.54,-0.58,424,426,316,344,359
4.57,-2.77,-8.49,-0.50,-0.74,-0.52,424,424,309,340,359
3.22,-1.50,-9.22,-0.50,-0.39,-0.33,425,423,306,336,359
3.32,-0.88,-8.69,-0.58,-0.48,-0.28,423,422,303,335,359
2.79,-0.78,-9.58,-0.45,-0.21,-0.43,421,422,303,334,359
3.16,1.41,-9.42,-0.57,-0.16,0.03,418,420,301,334,359
3.24,2.62,-10.83,-0.16,-0.09,0.02,417,420,299,333,359
2.28,1.28,-10.28,-0.27,0.06,0.06,415,419,296,332,358
2.12,1.58,-9.22,-0.22,0.04,0.24,413,419,295,332,359
2.97,1.67,-9.76,-0.11,0.09,0.20,411,418,294,331,359
END
2.71,1.31,-9.22,-0.29,0.08,0.13,436,430,315,343,362
4.51,-3.19,-7.92,0.10,0.09,0.02,435,430,316,343,362
4.52,-3.22,-8.25,0.11,0.04,-0.12,435,430,316,343,362
5.01,-3.01,-7.94,0.11,0.09,-0.01,435,431,315,343,362
3.73,-3.72,-7.17,-0.06,-0.11,-0.20,438,431,312,340,361
4.57,-3.17,-7.75,-0.31,-0.36,-0.32,438,430,305,336,361
4.80,-2.40,-8.73,-0.56,-0.35,-0.25,439,430,299,331,362
5.06,-1.50,-8.84,-0.59,-0.63,-0.21,438,428,297,330,362
2.25,-0.97,-8.46,-1.09,-0.51,0.31,434,426,296,330,361
2.77,0.87,-9.60,-0.67,-0.38,0.35,430,424,296,330,361
3.54,1.16,-10.38,-0.26,-0.06,0.00,425,423,295,329,361
0.29,2.10,-9.82,-0.39,0.23,0.43,420,422,294,329,360
2.71,3.37,-11.00,-0.03,-0.19,-0.34,418,423,294,329,359
3.07,1.82,-10.65,0.11,-0.12,-0.23,418,424,294,329,359
2.68,1.06,-9.58,0.29,0.02,0.09,418,425,295,331,358
2.47,1.18,-10.12,0.37,-0.02,-0.16,419,427,306,336,358
2.33,0.98,-9.55,0.41,0.22,0.29,421,427,315,343,359
3.05,0.14,-9.96,0.57,0.21,0.16,423,429,326,351,359
2.53,-0.34,-9.55,0.47,0.18,0.17,425,429,329,354,358
3.50,-1.03,-9.55,0.58,0.21,0.15,426,430,334,359,358
3.22,-1.96,-9.04,0.64,0.26,0.04,427,431,338,363,358
3.54,-2.68,-8.76,0.68,0.30,-0.03,429,433,340,366,358
3.79,-3.45,-7.79,0.50,0.28,-0.03,429,434,342,368,358
4.72,-4.10,-7.34,0.23,0.11,-0.02,429,435,341,365,359
3.52,-3.57,-8.12,-0.02,-0.08,-0.31,427,435,329,354,361
3.98,-3.24,-7.93,-0.26,-0.24,-0.12,426,433,321,345,362
4.20,-2.53,-8.23,-0.35,-0.33,-0.24,426,432,312,339,363
4.41,-2.55,-9.20,-0.40,-0.29,-0.20,425,430,304,334,365
2.96,-1.25,-9.36,-0.51,-0.12,0.05,425,429,300,331,365
4.18,-0.37,-9.46,-0.25,-0.18,0.05,424,428,297,330,366
4.45,-1.55,-9.99,-0.13,-0.04,-0.08,422,427,296,330,365
3.63,-0.75,-9.50,-0.26,-0.05,0.16,419,425,295,329,364
2.94,-0.18,-9.45,-0.07,0.05,0.23,418,425,294,329,365
3.34,-0.34,-9.91,-0.15,0.06,0.03,417,424,293,328,364
3.68,-0.46,-9.33,-0.15,0.13,0.04,415,422,292,328,365
3.73,0.11,-9.76,0.00,-0.02,-0.15,415,421,292,328,364
END