1.41,-6.81,-6.81,0.13,0.13,0.13,323,305,301,353,326
1.97,-7.18,-7.18,-0.21,-0.21,-0.21,385,367,347,382,332
1.40,-6.32,-6.32,0.31,0.31,0.31,330,312,307,357,327
1.23,-7.51,-7.51,-0.50,-0.50,-0.50,326,306,302,352,324
1.46,-5.58,-5.58,0.09,0.09,0.09,414,372,356,389,327
1.43,-6.52,-6.52,0.40,0.40,0.40,335,313,311,358,324
1.44,-8.03,-8.03,-0.23,-0.23,-0.23,323,304,299,352,322
1.69,-7.30,-7.30,-0.02,-0.02,-0.02,384,363,351,387,327
1.63,-6.81,-6.81,0.23,0.23,0.23,328,311,309,358,324
0.94,-8.10,-8.10,-0.41,-0.41,-0.41,324,305,301,352,322
0.87,-4.87,-4.87,0.15,0.15,0.15,368,360,343,379,324
END
1.49,-7.73,-7.73,0.45,0.45,0.45,350,339,341,372,322
2.05,-6.94,-6.94,0.11,0.11,0.11,376,360,358,392,325
1.80,-7.87,-7.87,0.03,0.03,0.03,323,307,301,353,321
1.92,-7.93,-7.93,-0.05,-0.05,-0.05,378,373,367,392,328
1.20,-7.82,-7.82,0.40,0.40,0.40,335,318,320,360,326
1.41,-8.20,-8.20,-0.37,-0.37,-0.37,323,306,308,352,323
1.12,-7.12,-7.12,0.19,0.19,0.19,382,395,409,435,361
1.37,-7.96,-7.96,-0.01,-0.01,-0.01,322,303,299,353,324
2.33,-9.27,-9.27,-0.02,-0.02,-0.02,365,387,388,418,327
1.77,-7.54,-7.54,0.31,0.31,0.31,330,315,316,360,325
0.81,-7.01,-7.01,-0.42,-0.42,-0.42,328,306,307,355,325
END
1.03,-6.43,-6.43,0.07,0.07,0.07,396,385,369,410,333
1.68,-6.85,-6.85,0.15,0.15,0.15,334,316,317,361,331
1.51,-7.84,-7.84,-0.55,-0.55,-0.55,328,312,315,357,329
2.14,-6.50,-6.50,0.06,0.06,0.06,364,356,355,402,337
2.91,-8.10,-8.10,0.21,0.21,0.21,322,306,303,354,327
2.30,-6.99,-6.99,-0.25,-0.25,-0.25,340,356,346,384,333
1.98,-7.06,-7.06,0.45,0.45,0.45,328,318,322,367,331
1.88,-7.79,-7.79,-0.10,-0.10,-0.10,323,306,302,355,328
1.66,-7.74,-7.74,0.10,0.10,0.10,375,351,346,392,340
2.07,-7.26,-7.26,0.14,0.14,0.14,324,309,306,357,330
1.82,-6.91,-6.91,0.00,0.00,0.00,340,346,335,373,332
END
1.69,-6.38,-6.38,0.20,0.20,0.20,324,308,304,355,336
1.62,-6.50,-6.50,-0.02,-0.02,-0.02,423,389,419,457,379
1.53,-7.45,-7.45,0.15,0.15,0.15,330,310,305,359,333
2.04,-7.12,-7.12,0.18,0.18,0.18,360,363,367,405,332
1.19,-7.03,-7.03,0.31,0.31,0.31,339,323,326,370,334
2.10,-7.94,-7.94,-0.24,-0.24,-0.24,322,303,300,354,329
1.80,-7.51,-7.51,0.05,0.05,0.05,368,352,352,389,338
2.41,-8.50,-8.50,0.02,0.02,0.02,322,302,298,352,324
1.54,-7.11,-7.11,-0.02,-0.02,-0.02,358,364,358,403,327
2.04,-8.52,-8.52,0.31,0.31,0.31,325,310,308,359,323
0.79,-8.10,-8.10,-0.42,-0.42,-0.42,324,310,313,359,323
END
2.42,-7.50,-7.50,-0.02,-0.02,-0.02,324,333,335,368,324
1.31,-7.01,-7.01,0.11,0.11,0.11,346,345,347,384,327
1.39,-7.47,-7.47,0.03,0.03,0.03,321,303,299,352,323
1.16,-7.04,-7.04,0.04,0.04,0.04,409,384,382,410,326
1.23,-6.62,-6.62,0.22,0.22,0.22,359,337,338,378,326
1.11,-7.99,-7.99,-0.06,-0.06,-0.06,323,303,299,353,324
1.36,-6.97,-6.97,-0.03,-0.03,-0.03,401,370,368,399,326
1.16,-6.28,-6.28,0.26,0.26,0.26,338,314,314,363,325
1.51,-8.00,-8.00,-0.19,-0.19,-0.19,323,302,299,351,323
1.20,-7.36,-7.36,-0.04,-0.04,-0.04,413,402,405,440,327
1.62,-7.70,-7.70,0.27,0.27,0.27,324,303,300,352,324
END
0.55,-4.45,-4.45,-0.13,-0.13,-0.13,326,308,304,354,329
-0.14,-3.22,-3.22,-0.79,-0.79,-0.79,363,369,376,401,330
1.24,-5.36,-5.36,0.21,0.21,0.21,377,368,373,398,332
1.91,-6.59,-6.59,-0.04,-0.04,-0.04,323,303,300,350,327
1.81,-6.69,-6.69,0.07,0.07,0.07,420,410,401,438,334
1.64,-6.94,-6.94,0.43,0.43,0.43,333,313,310,359,329
0.70,-4.00,-4.00,-0.04,-0.04,-0.04,377,379,373,402,330
1.50,-5.97,-5.97,0.14,0.14,0.14,391,383,381,408,332
2.10,-7.52,-7.52,0.15,0.15,0.15,324,303,300,350,327
2.10,-6.70,-6.70,-0.31,-0.31,-0.31,393,410,399,433,335
1.52,-3.85,-3.85,0.26,0.26,0.26,372,365,362,396,334
END
2.01,-7.93,-7.93,-0.13,-0.13,-0.13,343,341,339,375,331
1.90,-7.83,-7.83,-0.28,-0.28,-0.28,324,312,310,355,327
1.27,-5.83,-5.83,-0.00,-0.00,-0.00,404,426,419,466,337
2.35,-7.80,-7.80,0.27,0.27,0.27,324,313,308,355,328
1.55,-5.89,-5.89,-0.35,-0.35,-0.35,338,351,356,389,329
1.18,-5.84,-5.84,0.08,0.08,0.08,393,407,403,445,336
2.33,-6.99,-6.99,0.22,0.22,0.22,323,311,305,353,328
2.60,-7.31,-7.31,-0.11,-0.11,-0.11,376,389,389,426,334
0.97,-6.63,-6.63,0.42,0.42,0.42,337,332,333,371,335
1.63,-6.53,-6.53,-0.06,-0.06,-0.06,323,310,305,353,329
1.23,-6.70,-6.70,0.02,0.02,0.02,395,403,401,439,333
END
1.87,-7.01,-7.01,0.16,0.16,0.16,412,380,405,442,334
2.10,-7.09,-7.09,0.14,0.14,0.14,326,314,310,355,329
1.01,-3.97,-3.97,-0.09,-0.09,-0.09,357,369,364,395,330
1.41,-5.30,-5.30,0.11,0.11,0.11,362,365,364,400,331
1.72,-7.01,-7.01,0.12,0.12,0.12,323,311,305,352,328
1.52,-6.66,-6.66,-0.16,-0.16,-0.16,386,395,395,426,331
1.02,-6.40,-6.40,0.23,0.23,0.23,360,361,365,397,331
1.79,-6.51,-6.51,-0.13,-0.13,-0.13,323,310,305,352,329
1.72,-5.58,-5.58,0.03,0.03,0.03,409,417,414,454,332
1.16,-6.46,-6.46,0.35,0.35,0.35,338,331,332,370,330
1.79,-7.13,-7.13,-0.08,-0.08,-0.08,324,310,304,352,328
END
2.40,-7.70,-7.70,-0.29,-0.29,-0.29,323,304,299,349,328
1.64,-6.09,-6.09,-0.17,-0.17,-0.17,396,403,408,441,332
1.18,-5.84,-5.84,0.32,0.32,0.32,362,362,370,404,332
1.99,-8.39,-8.39,-0.09,-0.09,-0.09,323,306,301,350,328
1.69,-7.19,-7.19,-0.29,-0.29,-0.29,423,427,430,457,334
0.91,-7.03,-7.03,0.64,0.64,0.64,330,315,311,356,329
1.82,-5.58,-5.58,-0.50,-0.50,-0.50,331,328,328,366,330
1.77,-5.65,-5.65,-0.02,-0.02,-0.02,416,422,409,448,338
2.02,-7.33,-7.33,0.31,0.31,0.31,327,312,308,356,329
1.76,-4.26,-4.26,-0.04,-0.04,-0.04,384,379,368,410,334
1.54,-6.43,-6.43,0.33,0.33,0.33,360,348,344,387,334
END
2.00,-7.98,-7.98,-0.14,-0.14,-0.14,337,318,318,361,333
1.54,-7.52,-7.52,-0.39,-0.39,-0.39,327,309,306,354,329
1.36,-5.40,-5.40,-0.09,-0.09,-0.09,439,431,420,458,338
3.00,-8.70,-8.70,0.41,0.41,0.41,330,310,305,355,330
1.38,-3.96,-3.96,0.05,0.05,0.05,388,387,373,411,334
0.68,-6.81,-6.81,0.48,0.48,0.48,333,316,311,357,332
0.80,-6.12,-6.12,-0.69,-0.69,-0.69,383,373,370,415,335
0.98,-5.44,-5.44,0.45,0.45,0.45,358,346,344,387,336
1.44,-3.11,-3.11,-0.47,-0.47,-0.47,345,324,321,366,335
1.19,-5.94,-5.94,0.12,0.12,0.12,391,374,364,413,340
1.52,-8.02,-8.02,-0.10,-0.10,-0.10,323,302,297,348,331
END
0.80,-5.83,-5.83,0.05,0.05,0.05,377,362,355,397,336
1.47,-7.80,-7.80,0.09,0.09,0.09,324,302,297,346,329
2.47,-6.60,-6.60,-0.03,-0.03,-0.03,393,392,387,417,334
0.99,-6.46,-6.46,0.29,0.29,0.29,369,357,354,385,335
0.57,-4.85,-4.85,-0.45,-0.45,-0.45,334,310,306,353,331
1.22,-6.20,-6.20,-0.05,-0.05,-0.05,440,408,399,444,338
1.97,-7.99,-7.99,0.31,0.31,0.31,326,307,302,353,332
2.45,-6.32,-6.32,-0.30,-0.30,-0.30,367,354,345,393,336
1.59,-5.71,-5.71,0.13,0.13,0.13,403,373,354,403,346
1.31,-8.66,-8.66,0.06,0.06,0.06,328,307,301,352,334
1.91,-6.30,-6.30,-0.07,-0.07,-0.07,425,408,392,434,343
END
0.93,-5.67,-5.67,0.56,0.56,0.56,326,309,304,354,332
1.87,-5.65,-5.65,-0.04,-0.04,-0.04,415,394,377,421,339
1.35,-6.37,-6.37,0.52,0.52,0.52,334,316,314,361,335
0.97,-6.25,-6.25,-0.57,-0.57,-0.57,375,353,349,387,336
1.29,-5.24,-5.24,0.12,0.12,0.12,374,349,342,385,338
1.06,-5.84,-5.84,-0.58,-0.58,-0.58,333,310,307,356,333
1.34,-6.03,-6.03,-0.02,-0.02,-0.02,424,399,383,424,342
2.68,-8.00,-8.00,0.39,0.39,0.39,325,305,300,351,333
0.84,-5.86,-5.86,-0.28,-0.28,-0.28,407,403,397,439,338
1.63,-6.44,-6.44,0.34,0.34,0.34,351,340,337,381,337
1.22,-4.50,-4.50,-0.36,-0.36,-0.36,345,328,326,366,335
END
1.87,-5.30,-5.30,0.24,0.24,0.24,431,410,399,446,338
1.99,-6.57,-6.57,0.36,0.36,0.36,330,308,303,354,331
1.26,-4.53,-4.53,-0.04,-0.04,-0.04,362,349,342,380,333
2.26,-6.41,-6.41,0.20,0.20,0.20,354,335,331,373,334
1.89,-6.44,-6.44,-0.02,-0.02,-0.02,324,306,302,352,330
1.90,-6.38,-6.38,0.09,0.09,0.09,410,386,367,410,336
1.97,-6.88,-6.88,0.46,0.46,0.46,335,314,314,361,331
2.02,-7.37,-7.37,-0.60,-0.60,-0.60,345,329,330,370,331
1.82,-5.87,-5.87,0.01,0.01,0.01,418,397,381,429,340
2.00,-6.83,-6.83,0.13,0.13,0.13,325,310,306,356,331
1.94,-4.08,-4.08,0.11,0.11,0.11,420,393,374,416,341
END
1.42,-6.45,-6.45,0.56,0.56,0.56,341,322,321,364,338
1.02,-7.44,-7.44,-0.75,-0.75,-0.75,336,318,317,362,333
1.62,-6.36,-6.36,0.08,0.08,0.08,388,388,380,430,337
2.30,-7.43,-7.43,0.05,0.05,0.05,327,311,305,358,331
1.73,-7.07,-7.07,-0.08,-0.08,-0.08,376,394,380,421,337
2.63,-8.76,-8.76,0.51,0.51,0.51,329,314,308,360,331
1.20,-5.25,-5.25,-0.30,-0.30,-0.30,403,372,374,414,333
1.41,-5.92,-5.92,0.17,0.17,0.17,417,377,373,420,336
1.88,-7.69,-7.69,-0.09,-0.09,-0.09,325,305,301,354,331
1.75,-4.98,-4.98,0.05,0.05,0.05,412,374,362,412,339
1.85,-7.15,-7.15,0.46,0.46,0.46,337,317,315,366,332
END
2.23,-6.47,-6.47,-0.42,-0.42,-0.42,329,315,312,358,332
1.60,-5.04,-5.04,0.16,0.16,0.16,371,363,358,394,334
1.75,-6.16,-6.16,0.15,0.15,0.15,395,379,369,411,337
1.72,-6.65,-6.65,0.12,0.12,0.12,325,308,303,354,331
2.33,-5.16,-5.16,0.03,0.03,0.03,397,386,367,410,338
1.98,-7.47,-7.47,0.37,0.37,0.37,329,317,314,360,332
1.42,-5.97,-5.97,-0.38,-0.38,-0.38,346,344,340,377,333
1.44,-5.89,-5.89,0.07,0.07,0.07,406,395,377,416,341
1.23,-6.70,-6.70,0.20,0.20,0.20,325,311,305,354,332
2.63,-7.63,-7.63,-0.20,-0.20,-0.20,387,390,377,416,337
1.76,-6.73,-6.73,0.39,0.39,0.39,336,322,321,363,335
END
1.34,-6.32,-6.32,-0.43,-0.43,-0.43,325,308,303,353,330
1.56,-5.99,-5.99,0.12,0.12,0.12,379,381,370,414,335
1.92,-7.89,-7.89,0.27,0.27,0.27,324,306,301,351,330
3.46,-5.00,-5.00,0.06,0.06,0.06,407,391,387,418,334
2.30,-8.14,-8.14,0.45,0.45,0.45,332,315,312,360,331
2.12,-6.69,-6.69,-0.48,-0.48,-0.48,379,361,355,392,334
1.93,-5.63,-5.63,0.16,0.16,0.16,389,360,352,395,336
1.84,-7.69,-7.69,-0.17,-0.17,-0.17,329,311,307,355,330
1.69,-6.13,-6.13,-0.03,-0.03,-0.03,433,401,383,421,335
2.04,-7.09,-7.09,0.16,0.16,0.16,325,308,302,352,329
2.05,-6.59,-6.59,-0.30,-0.30,-0.30,417,403,397,434,334
END
1.48,-7.54,-7.54,0.55,0.55,0.55,384,376,369,419,336
2.12,-7.01,-7.01,0.02,0.02,0.02,324,309,302,351,330
2.15,-6.80,-6.80,-0.06,-0.06,-0.06,412,398,387,431,335
2.32,-7.82,-7.82,0.42,0.42,0.42,330,314,309,357,331
1.13,-6.45,-6.45,-0.55,-0.55,-0.55,334,324,323,366,331
2.07,-6.42,-6.42,0.04,0.04,0.04,380,383,374,421,335
1.84,-6.00,-6.00,0.11,0.11,0.11,324,309,304,352,330
2.93,-7.81,-7.81,-0.15,-0.15,-0.15,420,402,396,437,335
2.07,-6.64,-6.64,0.47,0.47,0.47,333,315,311,357,331
1.67,-5.66,-5.66,-0.35,-0.35,-0.35,347,341,339,378,331
2.07,-6.28,-6.28,0.03,0.03,0.03,389,385,379,426,335
END
2.18,-8.05,-8.05,0.15,0.15,0.15,325,307,302,351,330
2.02,-5.51,-5.51,0.10,0.10,0.10,425,415,416,456,335
2.16,-7.53,-7.53,0.28,0.28,0.28,330,311,306,355,330
1.96,-5.89,-5.89,-0.42,-0.42,-0.42,339,320,323,364,330
1.95,-6.40,-6.40,0.11,0.11,0.11,415,396,399,445,333
2.18,-6.16,-6.16,0.07,0.07,0.07,326,310,305,356,329
3.63,-7.07,-7.07,0.04,0.04,0.04,429,405,398,438,334
2.46,-7.35,-7.35,0.37,0.37,0.37,335,315,311,361,330
1.62,-6.07,-6.07,-0.41,-0.41,-0.41,342,332,333,370,330
2.03,-6.14,-6.14,-0.04,-0.04,-0.04,409,405,404,447,335
2.42,-6.87,-6.87,0.13,0.13,0.13,325,309,303,352,329
END
2.97,-7.01,-7.01,-0.02,-0.02,-0.02,329,313,310,358,330
1.92,-6.58,-6.58,-0.04,-0.04,-0.04,407,401,393,437,336
2.12,-7.13,-7.13,0.08,0.08,0.08,331,313,308,360,330
2.59,-6.29,-6.29,-0.04,-0.04,-0.04,395,400,392,432,335
1.58,-5.66,-5.66,0.17,0.17,0.17,353,343,341,384,334
1.48,-7.00,-7.00,-0.19,-0.19,-0.19,329,313,308,358,331
1.74,-5.96,-5.96,-0.09,-0.09,-0.09,399,395,380,425,338
1.83,-6.18,-6.18,0.32,0.32,0.32,333,315,313,362,333
1.27,-5.53,-5.53,-0.10,-0.10,-0.10,372,367,362,400,334
1.39,-6.25,-6.25,0.18,0.18,0.18,388,378,374,420,336
1.88,-7.42,-7.42,0.05,0.05,0.05,325,309,304,355,330
END
-0.33,-6.49,-6.49,0.03,0.03,0.03,473,451,454,485,342
-0.17,-4.46,-4.46,0.01,0.01,0.01,329,306,303,358,330
-0.97,-2.12,-2.12,-0.09,-0.09,-0.09,371,377,377,406,334
1.05,-4.88,-4.88,0.05,0.05,0.05,398,412,412,445,337
1.51,-5.06,-5.06,-0.03,-0.03,-0.03,326,302,299,352,329
0.67,-6.47,-6.47,-0.08,-0.08,-0.08,388,403,398,433,335
0.99,-2.51,-2.51,0.44,0.44,0.44,348,347,342,388,333
0.89,-4.61,-4.61,-0.01,-0.01,-0.01,325,304,301,354,326
0.54,-4.74,-4.74,0.10,0.10,0.10,416,411,405,432,335
0.94,-4.48,-4.48,0.38,0.38,0.38,338,321,321,367,328
1.14,-6.60,-6.60,-0.01,-0.01,-0.01,323,300,296,348,325
END
0.50,-6.59,-6.59,-0.25,-0.25,-0.25,367,355,356,396,332
0.16,-5.13,-5.13,0.05,0.05,0.05,326,306,302,355,328
0.56,-4.32,-4.32,0.12,0.12,0.12,418,407,403,439,334
0.00,-3.85,-3.85,0.06,0.06,0.06,367,357,352,394,332
0.70,-5.40,-5.40,0.01,0.01,0.01,326,307,301,356,327
0.55,-5.60,-5.60,0.03,0.03,0.03,437,414,409,440,334
-1.48,-4.07,-4.07,0.22,0.22,0.22,399,382,371,409,334
0.93,-5.20,-5.20,0.05,0.05,0.05,327,309,303,358,329
0.50,-5.25,-5.25,0.01,0.01,0.01,412,395,387,424,332
0.15,-4.61,-4.61,0.19,0.19,0.19,410,388,382,426,334
1.13,-6.12,-6.12,0.02,0.02,0.02,324,305,300,357,327
END
-0.17,-4.87,-4.87,0.03,0.03,0.03,400,412,425,455,329
0.75,-4.94,-4.94,0.20,0.20,0.20,345,346,350,393,329
0.25,-5.86,-5.86,-0.00,-0.00,-0.00,326,304,299,353,326
0.67,-5.52,-5.52,0.03,0.03,0.03,399,399,395,422,328
0.39,-5.13,-5.13,0.21,0.21,0.21,380,374,366,403,328
1.13,-6.55,-6.55,0.06,0.06,0.06,329,305,299,353,325
0.12,-5.68,-5.68,0.05,0.05,0.05,405,394,403,423,327
0.38,-5.29,-5.29,-0.03,-0.03,-0.03,448,425,427,457,330
1.45,-7.19,-7.19,0.20,0.20,0.20,330,306,304,358,326
-1.50,-2.87,-2.87,-0.35,-0.35,-0.35,353,345,342,371,326
0.04,-5.58,-5.58,0.10,0.10,0.10,452,432,426,460,332
END
0.66,-6.42,-6.42,-0.02,-0.02,-0.02,326,303,299,353,327
-0.06,-4.59,-4.59,-0.17,-0.17,-0.17,371,392,393,432,332
1.82,-4.43,-4.43,0.15,0.15,0.15,373,379,372,416,337
0.14,-5.10,-5.10,-0.01,-0.01,-0.01,329,306,301,356,327
0.40,-4.97,-4.97,0.16,0.16,0.16,365,390,390,430,329
0.51,-5.17,-5.17,0.00,0.00,0.00,365,383,380,429,332
0.91,-5.88,-5.88,0.04,0.04,0.04,329,305,301,356,327
-2.43,-3.61,-3.61,-0.04,-0.04,-0.04,367,358,365,403,327
0.29,-5.50,-5.50,0.03,0.03,0.03,422,398,398,443,334
1.36,-7.44,-7.44,0.12,0.12,0.12,331,305,301,356,326
0.96,-5.75,-5.75,-0.05,-0.05,-0.05,335,359,373,402,326
END
0.27,-5.20,-5.20,0.05,0.05,0.05,395,388,385,418,332
0.72,-5.79,-5.79,0.13,0.13,0.13,326,304,300,354,327
0.58,-4.74,-4.74,-0.08,-0.08,-0.08,366,361,365,400,331
-0.19,-4.31,-4.31,0.07,0.07,0.07,414,402,403,440,335
0.49,-5.99,-5.99,0.08,0.08,0.08,328,305,300,354,327
0.52,-5.91,-5.91,0.02,0.02,0.02,374,386,386,422,331
-0.02,-4.90,-4.90,0.10,0.10,0.10,374,390,387,427,335
1.06,-6.35,-6.35,-0.03,-0.03,-0.03,325,306,302,356,329
-1.03,-3.93,-3.93,0.21,0.21,0.21,377,394,384,409,335
0.27,-4.87,-4.87,0.13,0.13,0.13,393,408,398,430,340
1.24,-6.00,-6.00,0.12,0.12,0.12,329,310,304,357,329
END
0.63,-6.07,-6.07,-0.34,-0.34,-0.34,426,421,423,467,330
1.07,-5.50,-5.50,0.25,0.25,0.25,349,341,337,384,327
0.93,-6.27,-6.27,-0.01,-0.01,-0.01,324,303,299,352,325
1.31,-5.37,-5.37,0.01,0.01,0.01,390,401,405,440,329
0.76,-4.94,-4.94,0.05,0.05,0.05,426,419,420,461,333
1.47,-6.09,-6.09,0.11,0.11,0.11,326,304,301,355,326
0.95,-4.83,-4.83,0.06,0.06,0.06,379,386,385,425,328
0.65,-5.53,-5.53,-0.00,-0.00,-0.00,430,423,420,466,333
1.36,-6.19,-6.19,0.09,0.09,0.09,326,305,301,356,327
0.86,-4.01,-4.01,0.03,0.03,0.03,345,355,357,391,327
1.48,-5.61,-5.61,0.02,0.02,0.02,393,404,409,450,331
END
0.95,-5.79,-5.79,0.06,0.06,0.06,327,310,307,359,327
0.45,-4.19,-4.19,-0.22,-0.22,-0.22,371,373,372,406,328
0.95,-4.75,-4.75,-0.02,-0.02,-0.02,437,420,415,460,333
1.01,-5.41,-5.41,0.13,0.13,0.13,330,309,306,359,328
0.47,-5.22,-5.22,-0.16,-0.16,-0.16,337,328,328,365,327
1.18,-5.56,-5.56,0.02,0.02,0.02,390,393,389,421,331
1.59,-5.89,-5.89,0.04,0.04,0.04,325,310,305,357,327
1.51,-6.03,-6.03,-0.27,-0.27,-0.27,328,318,317,364,327
1.03,-5.69,-5.69,0.07,0.07,0.07,420,406,402,444,330
1.13,-5.95,-5.95,0.09,0.09,0.09,333,310,306,359,326
0.78,-5.24,-5.24,0.06,0.06,0.06,344,348,353,386,327
END
1.25,-5.76,-5.76,-0.01,-0.01,-0.01,331,310,307,360,327
-0.26,-3.83,-3.83,-0.13,-0.13,-0.13,361,347,346,382,327
0.85,-4.72,-4.72,0.01,0.01,0.01,428,406,404,444,330
0.94,-5.27,-5.27,0.09,0.09,0.09,329,307,303,357,327
0.52,-3.76,-3.76,-0.02,-0.02,-0.02,342,337,341,384,327
0.93,-5.28,-5.28,0.00,0.00,0.00,415,404,407,454,331
1.74,-5.92,-5.92,0.14,0.14,0.14,328,306,301,355,326
-0.21,-3.97,-3.97,0.05,0.05,0.05,332,321,320,367,326
0.83,-5.19,-5.19,0.03,0.03,0.03,430,417,416,467,330
0.93,-5.67,-5.67,0.14,0.14,0.14,330,307,303,354,327
0.78,-4.82,-4.82,-0.27,-0.27,-0.27,339,334,337,383,327
END
0.68,-5.18,-5.18,-0.00,-0.00,-0.00,367,363,366,416,329
1.03,-6.37,-6.37,-0.04,-0.04,-0.04,327,306,303,356,326
1.28,-6.05,-6.05,0.08,0.08,0.08,428,416,415,459,328
0.94,-5.31,-5.31,0.12,0.12,0.12,343,333,333,378,327
0.81,-5.62,-5.62,-0.05,-0.05,-0.05,328,309,305,356,326
0.78,-5.08,-5.08,0.08,0.08,0.08,450,428,432,473,328
0.73,-5.41,-5.41,0.14,0.14,0.14,347,333,334,379,327
0.87,-5.69,-5.69,-0.08,-0.08,-0.08,325,304,301,354,327
0.52,-5.66,-5.66,-0.07,-0.07,-0.07,417,419,431,467,328
0.52,-5.27,-5.27,0.08,0.08,0.08,400,391,404,439,329
0.81,-5.23,-5.23,0.06,0.06,0.06,325,303,300,354,327
END
0.99,-5.03,-5.03,0.07,0.07,0.07,355,369,377,413,327
0.49,-5.32,-5.32,0.02,0.02,0.02,413,419,415,460,330
1.24,-6.15,-6.15,0.08,0.08,0.08,329,308,305,360,326
0.20,-5.01,-5.01,0.03,0.03,0.03,329,320,320,366,326
0.67,-5.83,-5.83,0.02,0.02,0.02,386,401,392,434,330
0.98,-5.69,-5.69,0.28,0.28,0.28,331,318,317,366,327
0.75,-5.40,-5.40,-0.16,-0.16,-0.16,324,307,303,355,326
0.97,-5.52,-5.52,0.02,0.02,0.02,406,407,400,440,327
0.55,-5.02,-5.02,0.26,0.26,0.26,366,367,359,403,327
0.88,-6.40,-6.40,-0.05,-0.05,-0.05,325,306,302,356,325
0.84,-4.92,-4.92,-0.01,-0.01,-0.01,389,386,381,426,328
END
0.51,-5.11,-5.11,0.15,0.15,0.15,365,355,351,402,328
0.77,-5.58,-5.58,0.03,0.03,0.03,329,307,302,357,326
1.07,-4.83,-4.83,0.07,0.07,0.07,419,400,391,437,328
0.70,-5.14,-5.14,0.18,0.18,0.18,367,355,351,399,327
0.80,-6.05,-6.05,-0.01,-0.01,-0.01,330,309,305,358,326
1.30,-5.66,-5.66,0.07,0.07,0.07,415,404,403,444,328
0.92,-5.80,-5.80,0.20,0.20,0.20,344,331,329,378,327
0.76,-6.01,-6.01,0.01,0.01,0.01,327,306,301,355,326
1.10,-6.65,-6.65,-0.00,-0.00,-0.00,420,403,393,441,330
0.90,-5.39,-5.39,0.28,0.28,0.28,353,348,341,390,329
0.63,-6.08,-6.08,0.04,0.04,0.04,326,309,304,357,326
END
0.99,-4.34,-4.34,0.12,0.12,0.12,387,385,382,428,329
0.98,-5.32,-5.32,0.23,0.23,0.23,342,330,328,376,328
1.06,-5.77,-5.77,0.02,0.02,0.02,325,306,302,355,326
1.31,-5.94,-5.94,-0.07,-0.07,-0.07,385,393,396,439,328
0.47,-4.82,-4.82,0.03,0.03,0.03,407,395,391,437,331
0.62,-4.51,-4.51,0.04,0.04,0.04,327,308,304,358,327
0.79,-3.91,-3.91,0.12,0.12,0.12,388,383,377,418,329
0.81,-5.25,-5.25,0.05,0.05,0.05,420,403,396,444,332
1.34,-5.17,-5.17,0.06,0.06,0.06,329,309,305,358,327
0.26,-4.46,-4.46,-0.02,-0.02,-0.02,361,364,362,400,327
0.56,-5.45,-5.45,0.02,0.02,0.02,414,412,406,453,330
END
0.98,-5.34,-5.34,0.07,0.07,0.07,329,312,307,359,327
0.21,-4.56,-4.56,-0.43,-0.43,-0.43,353,355,353,397,328
0.65,-5.09,-5.09,-0.07,-0.07,-0.07,435,424,415,467,333
0.98,-5.65,-5.65,0.39,0.39,0.39,335,319,316,365,329
1.39,-6.73,-6.73,-0.03,-0.03,-0.03,322,300,296,347,327
1.05,-5.80,-5.80,-0.03,-0.03,-0.03,378,391,386,426,329
1.38,-6.02,-6.02,0.31,0.31,0.31,339,330,330,376,329
1.22,-5.75,-5.75,0.09,0.09,0.09,321,299,295,344,325
1.94,-8.66,-8.66,-0.45,-0.45,-0.45,323,318,333,364,327
0.47,-5.15,-5.15,0.01,0.01,0.01,410,418,420,455,329
1.08,-6.37,-6.37,0.17,0.17,0.17,332,313,310,360,326
END
1.18,-6.21,-6.21,-0.27,-0.27,-0.27,325,305,301,353,327
0.62,-5.31,-5.31,-0.06,-0.06,-0.06,344,341,346,380,327
0.89,-5.74,-5.74,-0.01,-0.01,-0.01,397,390,389,435,330
0.58,-5.39,-5.39,0.02,0.02,0.02,327,308,304,356,327
0.07,-4.72,-4.72,-0.30,-0.30,-0.30,325,307,305,352,327
0.48,-3.60,-3.60,0.09,0.09,0.09,406,392,387,427,330
0.56,-5.01,-5.01,0.13,0.13,0.13,353,341,341,383,329
0.86,-6.14,-6.14,0.16,0.16,0.16,324,302,298,350,327
0.67,-3.83,-3.83,-0.00,-0.00,-0.00,336,347,346,384,328
-0.01,-4.69,-4.69,0.05,0.05,0.05,394,398,394,438,331
0.70,-5.04,-5.04,0.10,0.10,0.10,330,310,306,359,328
END
0.24,-4.68,-4.68,-0.26,-0.26,-0.26,326,308,304,354,327
0.90,-5.44,-5.44,0.10,0.10,0.10,419,413,412,450,330
0.85,-5.33,-5.33,0.17,0.17,0.17,357,348,349,389,329
0.69,-6.01,-6.01,0.10,0.10,0.10,328,304,300,352,327
1.13,-6.12,-6.12,-0.06,-0.06,-0.06,367,374,377,403,329
0.65,-4.64,-4.64,0.00,0.00,0.00,387,385,387,421,331
0.98,-5.99,-5.99,0.08,0.08,0.08,331,307,302,354,327
0.17,-3.93,-3.93,-0.10,-0.10,-0.10,341,345,345,381,328
0.85,-5.05,-5.05,0.04,0.04,0.04,387,394,394,438,331
0.82,-5.47,-5.47,0.10,0.10,0.10,333,310,306,360,327
0.60,-5.83,-5.83,-0.12,-0.12,-0.12,328,309,305,356,327
END
0.75,-4.39,-4.39,0.06,0.06,0.06,392,392,391,426,329
0.98,-5.82,-5.82,0.12,0.12,0.12,355,355,355,398,329
0.29,-5.91,-5.91,0.07,0.07,0.07,327,307,302,354,327
0.11,-4.33,-4.33,0.09,0.09,0.09,379,378,386,425,328
0.71,-5.04,-5.04,0.07,0.07,0.07,381,378,382,428,329
1.16,-6.36,-6.36,0.14,0.14,0.14,327,306,301,355,327
0.94,-4.60,-4.60,0.00,0.00,0.00,360,362,362,398,328
0.78,-4.97,-4.97,0.01,0.01,0.01,401,391,391,436,331
1.35,-5.51,-5.51,0.08,0.08,0.08,330,308,304,357,327
0.36,-4.50,-4.50,0.06,0.06,0.06,360,359,359,393,327
1.20,-5.64,-5.64,-0.02,-0.02,-0.02,414,399,396,439,329
END
0.88,-5.54,-5.54,0.05,0.05,0.05,344,326,326,368,327
0.59,-5.89,-5.89,0.04,0.04,0.04,324,303,298,349,326
0.90,-5.25,-5.25,0.07,0.07,0.07,374,374,373,407,327
0.67,-5.11,-5.11,0.00,0.00,0.00,393,384,379,416,329
1.33,-6.14,-6.14,0.11,0.11,0.11,327,304,299,352,326
0.70,-5.64,-5.64,-0.08,-0.08,-0.08,339,334,336,378,326
1.24,-5.69,-5.69,0.01,0.01,0.01,417,407,404,449,330
0.80,-5.72,-5.72,0.12,0.12,0.12,336,314,313,362,327
0.48,-4.89,-4.89,0.02,0.02,0.02,324,302,298,349,326
0.80,-4.74,-4.74,0.06,0.06,0.06,382,387,393,433,327
0.40,-4.91,-4.91,0.09,0.09,0.09,385,382,382,429,328
END
0.83,-5.28,-5.28,0.02,0.02,0.02,327,307,305,357,327
0.73,-6.25,-6.25,-0.23,-0.23,-0.23,322,305,305,354,326
0.88,-5.65,-5.65,-0.04,-0.04,-0.04,419,406,402,443,331
0.59,-4.65,-4.65,0.20,0.20,0.20,337,322,326,373,329
1.07,-6.26,-6.26,0.01,0.01,0.01,321,302,299,351,327
1.30,-6.02,-6.02,0.01,0.01,0.01,368,392,386,429,332
0.89,-4.80,-4.80,0.22,0.22,0.22,343,346,345,389,332
0.78,-6.36,-6.36,0.06,0.06,0.06,323,303,299,351,327
0.57,-5.30,-5.30,-0.04,-0.04,-0.04,370,366,368,405,328
0.64,-5.14,-5.14,0.06,0.06,0.06,410,389,386,430,331
0.91,-5.67,-5.67,0.08,0.08,0.08,332,308,303,356,327
END
0.25,-4.68,-4.68,-0.29,-0.29,-0.29,329,305,300,352,326
0.39,-4.03,-4.03,0.09,0.09,0.09,396,388,379,412,329
0.56,-5.86,-5.86,0.08,0.08,0.08,423,402,390,429,331
0.96,-6.04,-6.04,0.09,0.09,0.09,336,311,308,358,327
0.50,-6.04,-6.04,-0.43,-0.43,-0.43,340,330,332,377,327
0.04,-5.08,-5.08,0.01,0.01,0.01,436,420,411,453,335
0.52,-5.44,-5.44,0.34,0.34,0.34,343,324,322,371,329
0.42,-5.50,-5.50,0.07,0.07,0.07,331,307,301,356,327
0.38,-5.87,-5.87,0.07,0.07,0.07,445,416,400,438,334
0.35,-4.97,-4.97,0.00,0.00,0.00,421,398,387,429,334
0.53,-5.51,-5.51,0.25,0.25,0.25,331,307,300,356,328
END