2.15,-7.17,-8.47,-0.12,-0.14,-0.38,510,455,457,492,375
3.03,-4.40,-9.04,0.13,-0.32,0.33,509,454,459,496,366
-0.44,-4.00,-10.06,-0.20,-0.10,0.50,489,433,448,487,345
-2.72,-3.05,-9.66,0.29,0.03,0.22,417,391,405,444,339
3.38,-6.06,-9.96,-0.56,-0.03,-0.06,389,378,396,439,336
0.94,-2.68,-8.53,-0.25,-0.20,0.22,504,447,461,494,339
5.10,8.00,-11.63,1.74,0.88,-2.17,521,453,458,496,365
4.29,-5.20,-7.68,0.03,0.31,-0.73,519,454,455,493,374
3.55,-6.51,-8.40,-0.20,-0.23,0.38,516,453,455,495,371
2.15,-4.01,-8.64,-0.28,-0.06,0.44,502,443,454,495,348
0.25,-4.29,-9.10,-0.14,-0.12,0.36,442,398,412,454,335
0.74,-7.40,-9.02,0.89,0.23,-0.29,364,354,366,411,330
2.44,-3.90,-8.46,-0.12,-0.26,-0.01,425,391,403,447,329
-2.69,-4.82,-10.08,-0.67,-0.12,0.04,523,450,464,505,338
-3.73,-0.67,-10.49,0.73,0.48,-0.62,521,454,458,506,371
2.71,-5.85,-9.36,-0.45,-0.31,0.12,518,451,454,499,381
3.08,-4.12,-9.08,0.01,-0.04,0.16,516,451,452,497,375
1.50,-4.15,-9.13,-0.01,-0.04,0.36,510,446,453,498,352
1.11,-2.85,-9.07,-0.13,-0.23,0.67,472,413,427,471,338
-0.29,-3.93,-9.93,0.42,-0.02,-0.06,388,366,379,426,331
1.84,-5.59,-8.49,-0.17,-0.02,0.19,401,378,394,439,329
1.42,-1.82,-8.52,-0.27,-0.13,0.46,517,445,463,500,335
6.07,-5.08,-6.33,2.25,1.03,-1.87,520,451,456,500,357
2.09,-7.30,-11.06,0.51,0.63,-0.77,516,452,453,497,360
2.68,-6.83,-10.16,-0.58,-0.43,0.50,512,449,453,497,350
0.92,-2.35,-9.08,-0.13,-0.10,0.10,481,426,439,481,331
-1.50,-3.65,-10.17,0.69,0.12,0.06,393,381,391,437,324
1.62,-6.18,-8.33,-0.33,-0.37,0.26,426,398,412,455,324
-2.56,-0.79,-13.53,0.11,-0.23,-0.03,522,460,465,508,331
-2.52,-2.54,-12.49,0.32,0.41,-0.49,522,460,457,500,361
4.39,-6.12,-8.93,-0.63,-0.53,-0.04,515,456,455,494,371
1.09,-5.16,-10.24,0.18,-0.02,0.23,511,455,452,495,359
0.36,-3.68,-8.97,-0.29,-0.01,0.46,501,442,451,495,336
-0.34,-2.90,-9.13,0.30,-0.04,0.14,452,403,415,460,334
0.95,-8.56,-8.06,0.30,0.07,0.01,413,381,389,431,329
-0.97,-4.72,-7.57,0.34,0.05,-0.06,430,390,399,443,327
END
0.26,-0.95,-11.59,-0.10,-0.20,-0.37,448,407,418,465,327
-0.29,-5.83,-10.20,0.53,0.07,-0.29,379,364,373,421,324
1.58,-4.42,-8.25,-0.14,-0.12,-0.00,374,360,372,421,324
-1.22,-4.17,-9.25,-0.44,-0.25,-0.24,478,429,439,488,324
-0.06,-3.88,-10.00,-0.20,-0.07,0.46,522,455,464,516,340
1.01,-2.55,-8.26,-0.18,0.03,-0.28,520,455,460,510,363
4.94,-2.94,-7.46,0.36,0.40,-0.90,515,453,455,503,368
1.23,-6.28,-11.14,0.14,-0.06,-0.22,513,451,450,500,366
2.33,-2.69,-9.86,0.05,-0.12,0.13,509,449,451,501,348
0.29,-3.17,-7.56,0.30,0.03,0.69,490,430,438,488,330
-1.06,-5.49,-8.66,0.11,-0.11,-0.01,435,394,404,456,329
2.33,-3.83,-10.54,0.02,-0.15,0.06,411,390,401,465,328
-2.31,-2.34,-10.08,0.30,0.29,-0.44,495,440,451,510,331
0.68,-4.12,-8.20,-0.01,0.16,-0.58,520,453,453,506,359
2.54,-4.15,-7.66,-0.18,-0.26,0.27,514,452,450,503,358
1.16,-4.26,-9.36,0.07,0.00,0.01,505,444,447,499,339
-0.74,-2.68,-10.11,-0.35,-0.12,0.50,461,412,420,470,328
-0.93,-3.76,-9.55,0.28,0.07,-0.41,402,385,393,453,326
1.87,-3.01,-9.36,-0.35,-0.17,0.22,422,399,415,485,326
-1.55,-3.17,-10.00,-0.34,-0.24,0.37,510,455,459,517,333
-7.13,-2.97,-14.50,-0.01,0.35,-0.99,516,455,451,502,354
1.76,-5.43,-9.29,-0.75,-0.44,0.45,511,452,449,499,358
2.05,-2.96,-9.70,0.21,-0.03,-0.23,508,451,449,500,349
-0.85,-3.65,-9.30,-0.09,0.01,0.28,496,440,445,502,334
0.34,-2.93,-9.88,0.31,-0.22,0.28,454,405,415,470,332
0.11,-3.65,-9.45,0.40,-0.01,-0.12,403,380,388,440,329
-0.50,-4.82,-8.33,0.06,-0.08,-0.07,412,387,395,449,328
-0.04,-1.96,-8.41,-0.13,-0.32,-0.13,514,450,447,496,344
-0.05,-2.60,-9.55,0.37,0.42,-1.47,511,451,443,492,364
1.79,-6.73,-10.21,-0.13,-0.18,0.15,506,448,441,488,368
0.34,-4.04,-9.60,-0.15,-0.06,0.03,504,446,442,490,360
0.57,-3.19,-9.48,-0.01,-0.07,0.40,496,436,441,487,347
-0.95,-2.84,-9.44,0.15,-0.06,0.33,456,409,416,463,340
-0.47,-5.35,-8.40,0.18,-0.05,-0.05,422,399,407,451,334
-0.56,-4.89,-9.20,0.17,-0.04,0.04,468,426,432,469,332
-2.24,-4.46,-9.91,-0.27,-0.47,-0.59,516,453,448,493,353
END
2.69,-3.04,-5.62,-0.44,-0.19,-0.16,517,450,452,498,348
-0.24,-1.54,-8.72,0.21,0.70,-1.01,510,448,443,487,368
2.12,-5.53,-8.48,0.16,-0.01,-0.21,506,446,442,484,371
0.30,-3.45,-9.51,-0.05,-0.03,0.14,503,444,442,486,361
0.19,-3.67,-9.05,-0.03,-0.09,0.17,497,435,438,486,346
-0.22,-2.76,-9.81,0.07,-0.03,0.28,466,412,423,470,339
-0.09,-3.36,-9.35,0.24,-0.07,0.11,423,387,399,446,334
-0.40,-4.58,-9.00,0.04,-0.03,-0.20,446,408,416,463,330
-6.26,-3.21,-9.50,-0.17,-0.33,-0.12,512,451,452,498,348
-2.30,-3.85,-6.61,-0.00,0.39,-1.14,508,448,444,490,363
6.98,-3.23,-10.27,0.11,-0.18,-0.48,503,446,443,488,370
1.63,-3.39,-10.43,-0.15,0.14,0.20,501,442,441,487,363
0.76,-2.82,-9.75,0.05,-0.02,0.36,496,435,443,490,347
-0.53,-3.30,-9.76,0.11,-0.01,0.64,471,411,425,471,335
-0.59,-3.91,-9.71,0.21,-0.01,0.27,422,377,394,442,330
0.53,-4.71,-8.83,0.05,0.02,-0.09,422,380,394,443,327
-3.23,-2.91,-9.11,0.19,-0.34,-0.04,509,437,435,484,344
-1.00,-3.85,-8.97,0.35,0.49,-1.09,506,441,434,484,362
2.11,-5.97,-8.49,-0.10,-0.17,0.17,502,438,436,483,367
1.28,-4.63,-9.21,-0.07,0.01,-0.03,501,437,436,484,359
1.54,-4.64,-9.54,0.01,-0.16,0.29,499,433,439,487,342
-1.31,-3.45,-9.48,0.03,-0.13,0.59,480,415,426,475,331
-0.39,-4.43,-9.73,-0.05,-0.16,0.19,441,392,405,456,328
-1.24,-5.10,-9.04,0.19,-0.00,0.06,425,391,401,450,325
0.14,-5.12,-8.99,-0.14,-0.20,0.14,507,445,452,501,327
-1.13,-4.21,-5.43,0.58,0.49,-1.25,514,450,448,495,358
2.16,-5.58,-9.27,-0.01,-0.03,-0.15,508,446,445,490,363
1.56,-3.76,-7.85,-0.16,-0.13,0.12,507,445,444,489,354
-0.35,-3.82,-9.71,0.14,0.06,0.09,500,441,444,492,335
0.11,-3.58,-9.20,-0.23,-0.09,0.50,475,417,429,478,329
-0.30,-3.60,-9.55,-0.03,-0.04,-0.25,432,397,407,458,327
0.89,-4.57,-9.40,0.11,-0.03,0.08,466,422,430,479,325
-11.04,-1.63,-10.19,0.24,0.02,-0.19,511,449,444,496,347
1.41,-2.08,-4.94,-0.47,-0.09,0.01,506,444,440,492,365
2.65,-4.38,-9.16,0.39,0.42,-0.39,503,442,439,492,358
3.57,-4.13,-9.09,-0.13,0.22,0.27,497,439,440,492,336
END
1.81,-4.57,-8.74,-0.08,-0.16,0.68,395,377,384,433,325
-0.50,-3.21,-9.40,-0.05,-0.09,-0.05,439,404,412,462,325
-7.70,0.52,-11.67,-0.26,-0.36,-0.28,511,448,442,492,341
0.75,-4.18,-9.44,0.08,0.10,-0.48,503,442,438,490,359
2.81,-5.62,-6.15,-0.12,0.21,-0.08,500,440,439,488,359
1.63,-5.22,-9.44,0.05,0.02,0.01,498,437,436,485,349
2.40,-4.18,-8.89,-0.25,-0.10,0.30,493,430,436,484,334
-0.43,-3.93,-9.58,0.08,-0.18,0.36,468,409,421,468,330
-0.95,-3.42,-9.89,0.11,-0.09,0.21,421,390,400,449,327
-1.06,-5.29,-8.56,0.08,-0.03,0.05,412,389,399,449,325
0.66,-5.13,-10.04,-0.22,-0.37,0.16,509,447,447,497,336
-0.04,-0.76,-10.44,-0.72,0.74,-1.46,505,443,440,487,369
1.84,-5.53,-9.60,-0.13,0.00,0.09,499,437,437,484,372
2.07,-3.73,-9.76,0.09,-0.18,-0.03,496,435,438,484,359
-0.61,-3.32,-9.33,-0.00,-0.04,0.28,485,427,438,483,337
-0.97,-3.50,-9.49,0.39,-0.09,0.32,439,393,407,452,333
-0.38,-5.18,-8.89,0.37,0.10,-0.05,414,377,381,423,327
0.67,-5.53,-9.11,-0.38,-0.34,-0.01,486,410,418,467,334
-1.36,-0.01,-9.58,0.05,0.40,-0.26,507,434,432,478,367
6.86,-1.10,-5.28,-0.20,0.15,-0.35,504,431,429,474,371
1.69,-3.92,-9.35,0.46,0.05,0.12,500,428,427,471,364
0.73,-3.34,-9.87,-0.01,-0.05,0.07,493,422,428,472,344
-2.06,-3.40,-9.44,0.12,-0.06,0.37,469,402,412,459,336
0.26,-4.42,-9.20,0.10,-0.08,-0.11,433,384,392,441,334
-0.39,-4.26,-9.40,0.03,-0.02,0.21,428,383,391,438,330
0.50,-4.77,-9.62,-0.15,-0.20,-0.13,489,430,441,487,332
-2.80,4.90,-10.19,1.17,0.99,-1.74,510,443,444,496,366
2.40,-5.04,-9.32,0.14,0.34,-0.46,511,440,443,492,379
2.61,-6.02,-11.87,-0.21,-0.28,0.02,508,437,439,490,380
1.45,-3.74,-9.35,-0.22,-0.13,-0.08,506,437,439,489,370
0.90,-3.60,-9.62,0.16,-0.01,0.18,503,436,444,491,346
0.50,-3.48,-8.23,-0.18,-0.18,0.53,488,420,431,481,333
-0.01,-4.19,-9.60,0.05,-0.20,0.00,448,398,402,451,330
-0.04,-6.68,-9.15,-0.14,-0.08,0.12,464,415,421,468,328
-8.34,4.53,-12.33,-0.22,-0.09,-0.52,505,438,443,489,363
1.94,-5.31,-7.67,-0.51,-0.21,0.54,502,436,440,486,369
END
3.14,-4.75,-9.27,0.05,-0.12,-0.05,411,386,397,449,330
0.43,-5.74,-8.44,-0.03,0.03,0.04,384,373,384,435,326
0.57,-5.13,-9.55,-0.15,-0.26,0.05,452,419,433,484,327
-7.16,-2.99,-9.30,-0.32,-0.09,-0.08,507,447,447,497,354
2.95,-2.61,-5.46,-0.11,0.21,-0.38,499,440,441,491,360
1.92,-3.94,-8.99,0.24,0.18,-0.45,496,435,439,490,357
1.19,-4.69,-9.93,-0.04,-0.05,0.16,486,427,433,489,345
1.41,-3.14,-9.50,0.14,-0.14,0.56,436,395,410,464,332
-1.31,-5.62,-8.19,0.41,0.21,0.06,382,366,377,432,326
0.38,-4.37,-9.13,-0.02,-0.28,0.13,393,373,387,445,326
-0.83,-4.68,-9.18,-0.30,-0.10,-0.00,467,430,440,496,327
-8.33,-0.14,-8.96,0.21,0.17,-0.21,510,447,446,500,353
4.31,-4.33,-8.42,0.06,0.04,-0.14,504,439,444,497,356
2.17,-4.92,-8.84,0.15,0.18,-0.14,495,435,443,497,344
1.90,-3.55,-8.92,0.09,-0.02,0.23,473,416,432,485,330
-3.96,-4.72,-8.56,0.22,-0.09,0.51,414,390,400,453,325
1.02,-5.59,-8.91,-0.06,-0.12,-0.01,391,377,390,445,326
1.22,-4.50,-9.60,-0.10,-0.11,0.32,471,428,442,496,326
-3.31,3.03,-8.62,0.61,0.37,-1.13,507,443,444,496,349
4.16,-5.31,-7.45,0.07,-0.06,-0.20,504,439,443,490,360
2.30,-5.77,-9.20,-0.02,0.16,0.15,500,436,442,490,357
1.26,-4.57,-9.08,-0.05,-0.13,0.23,496,434,443,494,342
1.67,-4.08,-8.65,-0.21,-0.19,0.46,483,422,436,489,331
-1.53,-4.02,-9.31,0.09,-0.12,0.11,441,398,409,462,328
0.00,-5.80,-8.73,0.19,0.02,0.06,403,381,389,443,325
-0.92,-3.55,-8.93,0.00,-0.05,-0.18,409,384,391,447,325
-0.89,-5.54,-10.42,-0.21,-0.25,0.06,505,446,449,501,332
0.70,-3.81,-11.02,-0.36,0.39,-0.31,503,440,441,489,361
1.05,-6.75,-9.18,-0.37,-0.27,0.33,498,434,439,485,369
1.88,-2.83,-9.56,0.20,0.16,-0.38,496,432,438,487,356
-0.06,-3.84,-8.79,0.03,-0.05,0.13,491,429,439,488,340
-0.27,-4.19,-9.66,0.01,-0.13,0.28,466,407,420,471,334
-0.25,-3.88,-9.68,0.22,-0.04,-0.08,426,384,391,444,330
-0.93,-3.86,-9.29,0.11,0.04,0.06,409,377,384,437,328
-0.32,-1.93,-10.47,-0.36,-0.34,-0.31,500,438,441,490,342
-3.75,-6.72,-9.84,0.10,0.55,-1.11,500,437,439,486,369
END
1.02,-6.21,-9.88,-0.09,-0.21,0.27,390,368,379,423,333
1.95,-8.08,-6.07,0.20,0.37,0.13,348,334,342,380,326
1.62,-7.15,-6.81,0.11,-0.28,-0.32,368,350,369,430,332
-9.60,-3.89,-6.55,-0.49,-0.10,0.41,501,438,445,490,369
0.14,-2.52,-7.82,-0.09,0.27,-1.03,504,436,436,483,379
-0.22,-5.00,-10.51,0.11,0.05,0.05,498,431,434,480,377
1.83,-4.28,-8.99,-0.06,-0.06,-0.04,494,431,435,481,368
0.47,-3.14,-9.42,0.10,-0.04,0.00,479,423,434,479,353
-1.25,-3.01,-9.74,0.26,0.12,0.27,424,393,403,450,339
0.74,-5.76,-8.58,0.15,0.17,0.03,394,376,382,421,332
-0.01,-6.20,-8.74,-0.02,-0.07,0.00,414,388,398,442,331
-0.45,-2.45,-12.54,0.67,-0.15,-0.34,512,448,451,501,365
4.97,-2.33,-9.86,-0.40,0.42,-1.11,507,442,448,492,383
0.80,-6.32,-8.13,0.02,-0.24,0.27,501,439,445,490,380
0.16,-4.27,-9.68,-0.09,-0.13,0.20,497,437,443,489,365
1.06,-3.49,-9.07,-0.03,-0.21,0.19,484,424,436,482,346
-0.61,-2.58,-9.83,0.35,-0.11,0.57,423,388,396,443,335
-0.15,-7.16,-7.87,0.15,0.14,0.00,375,357,365,409,328
2.44,0.52,-13.11,-0.22,-0.41,-0.15,498,433,444,503,346
5.80,-4.06,-7.53,0.83,1.16,-1.83,511,439,444,494,375
3.94,-7.85,-9.75,-0.20,-0.29,-0.21,505,434,441,490,376
1.03,-3.85,-9.81,-0.10,0.21,0.09,504,433,440,490,365
1.49,-4.58,-9.16,0.02,-0.18,0.24,493,425,436,486,344
0.33,-3.71,-9.78,-0.01,-0.33,0.45,450,394,409,459,336
-0.99,-4.42,-9.35,0.35,0.11,0.01,390,366,375,429,329
0.68,-6.30,-8.50,-0.44,-0.35,-0.25,448,410,429,486,328
-10.27,3.80,-12.25,-0.50,-0.13,-0.01,512,445,447,497,367
3.80,-1.61,-3.83,-0.24,-0.01,-0.13,508,440,444,490,372
2.30,-4.06,-9.38,0.33,0.23,-0.29,505,437,443,489,369
0.63,-4.40,-9.55,-0.03,0.06,0.17,499,434,444,493,353
1.82,-3.51,-8.56,0.22,-0.18,0.17,487,422,435,488,340
-0.67,-4.60,-9.25,0.25,-0.12,0.02,438,389,400,456,334
-1.41,-4.49,-8.55,0.26,0.10,0.06,384,364,376,430,327
0.32,-5.20,-8.54,-0.05,-0.14,-0.26,417,391,409,473,326
-3.02,-7.75,-7.95,-0.01,-0.07,0.60,515,451,449,502,359
2.77,-6.12,-9.20,-0.01,0.04,-0.32,509,443,445,492,369
END
1.34,-5.07,-9.67,-0.31,-0.10,0.06,353,344,356,405,327
0.50,-6.53,-7.25,-0.26,-0.24,-0.26,395,377,399,467,328
-15.60,-5.62,-9.12,-0.09,-0.07,-0.04,514,446,447,500,369
1.62,-4.96,-7.05,-0.20,0.15,-0.63,509,440,446,494,378
2.26,-5.00,-9.15,0.07,0.04,-0.21,505,437,443,490,378
1.57,-4.18,-9.76,0.02,0.06,-0.03,502,435,442,492,363
1.31,-4.25,-9.02,-0.02,-0.19,0.19,495,428,440,492,345
-0.60,-3.22,-9.20,0.05,-0.12,0.12,447,398,410,466,336
-1.22,-5.69,-8.69,0.51,0.08,0.01,381,362,373,428,329
-0.29,-6.96,-8.15,-0.17,-0.03,-0.12,396,372,386,452,327
0.11,-3.19,-9.68,0.41,-0.15,0.52,512,445,444,499,360
1.11,-4.11,-8.20,-0.20,0.29,-0.57,504,439,441,492,363
1.02,-4.91,-8.95,0.19,0.09,-0.07,499,436,440,492,357
1.67,-4.16,-9.25,-0.09,-0.15,0.17,492,429,436,490,343
-0.75,-3.39,-10.17,-0.02,-0.20,0.42,450,399,410,466,334
-1.64,-4.66,-8.99,0.60,0.11,0.06,381,362,371,425,329
0.56,-7.66,-7.77,-0.16,-0.11,-0.23,377,357,369,424,327
-0.73,-4.80,-11.01,-0.30,-0.33,0.31,503,440,446,501,340
-4.14,-4.85,-6.40,0.48,0.55,-0.24,512,444,448,497,364
3.88,-7.24,-8.27,-0.59,-0.20,-0.02,506,439,444,492,369
1.28,-3.01,-10.27,0.23,-0.05,0.01,502,435,442,493,360
-0.30,-3.50,-9.20,0.04,0.01,0.20,494,429,438,490,342
-0.47,-4.26,-8.48,0.01,-0.09,0.34,452,402,411,463,332
-1.36,-5.22,-9.12,0.33,0.24,-0.19,381,365,370,414,328
1.47,-5.06,-8.44,-0.22,-0.12,0.06,447,381,385,438,327
-2.63,-5.40,-6.00,0.16,0.11,0.04,517,433,435,483,348
-1.67,-7.05,-9.46,0.41,0.51,-1.42,515,437,438,484,353
0.73,-7.01,-9.56,0.25,-0.36,0.08,511,434,436,483,355
1.40,-3.60,-10.47,-0.03,-0.07,0.16,506,432,434,482,340
-1.10,-3.78,-10.07,0.02,-0.15,0.71,476,411,414,465,329
-1.95,-4.86,-8.82,0.46,0.03,0.14,399,371,374,419,325
0.29,-6.17,-7.94,0.10,0.02,-0.13,368,351,356,400,324
0.74,-6.83,-8.85,-0.12,-0.06,0.00,410,382,395,457,324
-18.09,-4.82,-8.59,0.48,0.41,-0.19,516,447,446,498,345
1.36,-8.36,-6.99,-0.79,-0.35,-0.07,511,443,441,489,355
3.16,-3.87,-8.54,0.35,0.34,-0.40,507,441,440,488,348
END
1.07,-4.71,-9.48,0.03,-0.06,0.03,386,367,375,425,329
0.30,-5.25,-9.48,-0.07,-0.09,-0.03,429,396,405,459,329
-0.11,-3.95,-7.61,0.22,-0.01,0.30,508,446,447,495,347
3.04,-3.19,-7.28,0.38,0.35,-0.78,504,444,442,489,356
0.50,-5.53,-8.41,0.32,0.08,-0.29,499,439,440,485,357
1.26,-4.73,-8.88,-0.06,-0.11,-0.15,497,437,439,487,350
-0.20,-3.94,-9.19,0.03,-0.00,0.19,488,429,435,483,338
-0.30,-3.75,-9.04,0.11,-0.01,0.24,451,405,412,462,332
0.09,-5.97,-9.17,0.27,0.07,-0.08,415,384,389,441,327
0.65,-5.00,-10.44,-0.01,-0.11,0.02,475,423,432,492,329
-2.58,1.57,-9.48,-0.00,-0.07,-0.69,510,446,445,497,358
2.86,-4.65,-5.13,-0.01,-0.01,0.21,506,441,443,495,359
2.19,-5.05,-8.80,0.21,0.03,-0.20,502,438,441,495,351
0.46,-5.33,-9.16,-0.10,-0.16,0.36,490,428,436,487,336
-2.27,-3.70,-9.13,-0.15,-0.21,0.31,444,397,405,457,329
-0.04,-5.79,-8.83,0.32,-0.08,-0.37,390,370,372,423,328
-0.80,-6.98,-8.06,0.09,-0.02,0.14,386,367,372,437,328
-0.31,-3.32,-8.71,0.13,0.00,0.46,482,429,434,501,337
-1.23,-4.50,-7.28,0.18,0.29,-0.33,511,444,444,495,363
2.41,-5.13,-7.92,0.10,0.31,-0.59,506,440,437,488,367
1.59,-5.24,-9.55,0.01,0.04,-0.08,502,437,437,488,360
1.34,-4.36,-9.48,-0.06,-0.11,0.14,492,428,431,485,341
-0.73,-3.35,-8.92,-0.04,-0.13,0.37,454,403,407,462,332
-1.36,-4.51,-9.31,0.32,-0.01,-0.08,398,372,376,431,330
1.42,-5.61,-8.99,-0.09,-0.02,-0.11,405,372,379,443,329
-2.40,-0.59,-7.34,0.86,0.12,0.06,507,439,439,490,363
3.98,-5.36,-5.06,0.70,0.65,-1.03,505,439,440,490,366
-0.02,-9.64,-8.59,0.24,-0.02,-0.24,499,434,436,488,361
1.70,-5.33,-9.25,-0.26,-0.27,0.03,492,427,431,483,347
-0.52,-3.22,-8.71,0.05,-0.05,0.20,451,399,404,456,336
-3.12,-6.02,-8.92,0.74,0.25,0.06,372,356,358,401,330
0.65,-4.91,-7.61,-0.12,-0.01,-0.20,359,344,351,396,328
0.13,-5.61,-9.56,-0.54,-0.26,-0.23,418,383,401,471,331
-14.87,3.06,-8.31,0.56,0.29,-0.65,510,442,441,495,358
6.57,-6.65,-7.80,-0.28,-0.05,-0.54,504,438,441,492,365
1.09,-5.10,-9.41,-0.02,0.17,-0.08,501,435,439,491,358
END
1.39,-4.72,-8.16,0.03,-0.11,0.38,501,433,440,486,356
0.73,-2.94,-6.71,0.63,0.62,-1.50,500,437,440,487,357
-0.62,-5.54,-9.55,0.48,0.04,0.10,496,434,438,485,357
-0.34,-4.87,-9.17,-0.11,-0.08,0.00,492,430,436,484,344
0.10,-3.45,-9.60,0.04,-0.02,0.22,475,413,422,473,333
-1.03,-4.39,-8.99,0.21,-0.01,0.02,427,383,391,443,329
-0.32,-4.55,-9.35,0.46,0.15,-0.26,377,355,361,408,326
0.09,-5.08,-8.49,-0.48,-0.28,-0.37,409,378,388,446,326
-1.68,-4.06,-5.05,-0.17,-0.18,0.40,509,445,444,492,355
2.28,-2.38,-6.03,0.10,-0.02,-0.16,499,440,440,488,359
0.95,-5.16,-9.44,0.29,0.14,-0.12,496,437,439,487,356
1.87,-4.26,-9.16,-0.13,0.02,-0.04,493,433,437,487,341
0.05,-3.12,-9.66,-0.03,-0.15,0.30,468,413,421,472,332
-1.48,-4.28,-8.82,0.37,-0.01,-0.06,408,380,385,437,330
1.35,-6.43,-8.79,-0.04,0.06,-0.10,383,366,376,438,327
-0.44,-1.23,-8.75,-0.24,-0.50,0.40,504,446,449,496,355
0.19,-5.19,-9.71,-0.03,0.53,-1.29,503,442,445,490,358
-0.05,-7.82,-9.56,-0.10,-0.31,0.22,498,438,443,488,359
0.28,-4.76,-9.30,-0.18,-0.01,-0.06,495,432,440,487,345
0.83,-3.46,-9.19,-0.02,-0.03,0.36,488,425,433,481,334
-1.22,-4.16,-9.22,0.12,-0.09,0.42,452,400,408,455,331
-1.03,-3.63,-9.40,0.29,0.06,-0.13,394,372,374,424,328
1.20,-6.04,-7.77,-0.28,-0.04,-0.09,413,383,391,451,327
-1.31,-3.81,-6.91,0.15,-0.18,0.29,507,443,444,491,350
-0.17,-5.38,-8.97,0.19,0.59,-0.96,501,440,440,486,354
0.54,-6.32,-9.86,-0.04,-0.09,0.38,495,434,437,484,350
1.00,-4.03,-9.79,-0.20,-0.13,-0.06,489,428,431,480,340
-0.51,-3.38,-9.86,0.02,-0.02,0.25,467,410,417,466,332
-1.39,-4.00,-9.53,0.18,-0.06,0.18,429,389,396,446,330
0.15,-4.08,-8.86,0.23,0.03,-0.14,396,373,379,431,327
1.08,-9.60,-8.48,-0.37,-0.10,-0.23,436,400,409,466,327
-7.98,-0.75,-11.59,-0.30,-0.10,0.15,503,441,441,489,356
8.72,-1.31,-3.37,-0.87,0.02,0.06,495,436,438,485,359
2.33,-3.55,-9.98,0.46,0.22,-0.20,489,431,434,479,353
0.70,-2.16,-10.73,0.02,-0.09,0.10,480,422,428,475,338
-0.11,-2.96,-9.51,0.12,-0.00,0.31,441,399,406,457,328
END
-0.56,-6.12,-8.28,0.48,0.12,-0.06,494,432,436,482,362
1.92,-3.59,-9.61,-0.03,-0.10,0.15,485,423,430,479,351
0.24,-3.85,-10.43,0.18,-0.01,0.44,443,398,406,456,340
-1.96,-5.74,-8.72,0.54,0.12,0.11,383,365,372,421,335
0.18,-3.93,-8.37,-0.03,-0.09,-0.19,376,359,370,426,334
-0.62,-5.15,-10.17,-1.03,-0.47,-0.02,486,429,434,488,354
-3.65,-5.87,-11.85,0.12,0.23,-0.21,500,435,440,484,368
2.45,-5.85,-10.11,-0.13,-0.32,0.25,494,430,437,481,368
0.50,-4.44,-8.79,-0.07,0.30,-0.09,491,427,436,482,355
1.73,-3.78,-10.16,0.06,-0.27,0.20,474,413,423,473,345
-1.46,-3.77,-9.26,0.38,-0.05,0.34,422,384,393,444,337
-0.92,-5.37,-8.23,0.31,0.04,-0.02,389,365,373,421,334
1.79,-4.32,-10.01,-0.49,-0.39,-0.41,459,404,412,468,335
-11.98,0.82,-8.03,-0.58,0.05,-0.31,513,437,439,486,370
2.05,-5.59,-6.13,-0.97,-0.24,0.82,509,436,439,478,373
3.57,-5.60,-10.38,0.22,0.03,-0.27,507,432,437,482,367
-0.01,-2.76,-9.76,-0.12,0.01,0.10,503,431,436,482,352
-0.56,-3.02,-9.32,0.18,-0.13,0.37,485,417,424,472,339
-2.10,-4.07,-8.78,0.29,0.12,0.10,435,390,394,442,333
0.88,-5.90,-8.56,0.06,0.09,-0.19,398,372,371,419,328
1.65,-6.84,-8.34,-0.27,-0.17,-0.12,451,404,410,466,329
-13.23,0.22,-10.27,-0.38,0.30,-0.73,506,444,442,488,349
2.03,-5.14,-9.14,-0.38,-0.53,0.30,501,441,438,483,349
0.95,-4.27,-9.44,-0.05,0.10,-0.10,499,438,438,481,345
-0.57,-3.27,-9.35,0.01,0.07,0.01,496,436,436,482,337
0.37,-3.80,-9.03,0.07,-0.11,0.13,485,426,429,475,332
-0.55,-3.66,-9.56,0.33,0.01,0.28,437,397,400,443,331
-0.05,-5.68,-8.94,0.69,0.18,-0.19,374,361,363,403,328
1.37,-7.77,-7.28,-0.23,-0.21,-0.26,383,366,376,430,328
-7.01,-0.75,-6.60,0.31,-0.27,0.10,509,448,447,492,362
2.43,-4.00,-7.26,-0.10,0.07,-0.56,502,443,445,487,365
1.09,-5.09,-8.84,0.20,-0.00,-0.22,499,440,444,484,365
-0.06,-3.83,-9.20,0.05,0.11,-0.14,497,438,442,485,358
0.95,-3.80,-9.15,-0.10,-0.08,0.22,491,432,438,484,348
0.69,-3.58,-9.74,0.19,-0.04,0.28,451,407,414,460,339
-1.74,-3.67,-9.48,0.43,0.21,0.03,384,371,378,425,332
END
1.84,-9.48,-6.74,-0.22,-0.07,-0.04,491,431,435,476,354
0.44,-2.79,-9.83,-0.10,-0.06,0.13,487,424,432,474,346
-0.40,-3.95,-9.93,0.37,0.00,0.14,463,407,416,460,340
-1.16,-3.19,-9.57,0.07,-0.02,0.27,414,380,389,434,334
-0.52,-4.16,-9.88,-0.58,-0.12,0.07,379,363,372,414,328
1.27,-8.01,-8.05,0.34,-0.40,-0.16,462,409,421,464,329
-4.12,2.73,-9.33,0.49,0.64,-0.45,496,432,437,474,346
1.82,-4.27,-9.06,-0.20,-0.16,-0.06,492,430,436,473,344
-1.06,-4.76,-9.75,0.16,0.17,0.08,490,428,433,472,337
0.05,-2.99,-8.97,0.05,-0.01,0.14,485,421,430,472,333
-0.35,-4.56,-9.25,0.36,0.05,0.06,446,396,405,450,330
-1.19,-4.17,-9.15,0.54,0.15,-0.05,388,367,371,416,327
0.50,-6.12,-7.62,-0.06,-0.01,-0.21,379,360,366,408,326
0.53,-3.32,-9.71,-0.35,-0.30,0.02,489,432,440,483,336
8.13,-1.72,-9.66,0.60,0.61,-0.45,500,437,442,484,343
1.56,-5.75,-9.83,-0.21,-0.13,0.10,496,434,440,482,343
-0.14,-4.71,-9.47,-0.05,-0.00,0.08,495,432,438,482,340
0.76,-3.41,-9.22,-0.09,-0.12,0.27,489,424,431,476,335
-0.69,-4.53,-9.35,0.25,-0.05,0.31,449,397,405,448,333
-1.11,-4.43,-9.53,0.44,0.11,-0.07,392,370,375,413,328
-0.03,-5.62,-8.56,0.04,-0.05,-0.11,394,371,379,423,327
-2.25,-4.20,-7.85,0.08,-0.20,0.15,504,433,436,477,344
1.87,-3.98,-6.52,-0.35,0.35,-1.04,498,432,436,476,342
0.84,-4.57,-9.23,0.27,0.07,0.13,494,430,434,475,338
-0.57,-3.42,-9.69,-0.07,-0.13,0.15,486,421,429,471,333
-0.81,-3.84,-9.73,0.40,-0.03,0.23,436,393,400,442,328
0.24,-7.75,-9.01,-1.95,-0.22,0.49,374,357,359,401,323
1.06,-5.81,-11.75,1.85,0.39,-0.61,423,383,383,434,321
-2.81,-1.00,-14.97,-0.64,-0.54,0.08,513,447,446,495,328
-2.20,-8.01,-9.77,-1.06,0.00,-0.17,504,444,444,488,329
0.66,-5.63,-9.62,0.05,0.01,-0.09,500,441,441,486,329
0.67,-3.57,-9.73,-0.10,-0.09,0.07,494,436,440,487,327
-0.95,-2.93,-9.68,0.26,-0.03,0.09,459,414,418,465,326
-1.41,-6.40,-8.50,0.64,0.30,-0.16,390,378,378,424,323
-0.24,-4.13,-8.72,0.24,0.08,-0.10,370,359,362,408,322
2.22,-7.23,-7.73,-0.84,-0.49,-0.38,445,410,418,471,323
END
-12.28,2.58,-10.48,-0.57,-0.28,-0.11,371,355,360,406,326
-0.21,-1.58,-12.03,-1.08,-0.58,-0.09,494,437,440,492,337
-6.91,-7.07,-10.62,0.11,0.36,0.14,503,440,441,487,350
3.99,-6.07,-9.12,-0.45,-0.20,0.19,498,436,438,485,347
0.86,-4.06,-10.05,-0.06,0.00,-0.09,495,433,436,485,343
0.20,-3.07,-9.37,0.06,-0.10,0.14,482,419,423,474,336
-1.06,-3.79,-9.40,0.49,-0.03,0.26,409,379,386,436,331
-0.07,-5.00,-8.36,0.16,0.18,0.05,367,351,354,401,326
2.43,-5.63,-8.94,-0.34,-0.26,-0.25,415,384,395,463,327
-11.45,1.84,-6.63,-0.12,-0.06,-0.47,505,444,441,495,350
2.05,-3.30,-7.55,0.19,0.21,-0.53,502,441,440,493,349
1.23,-4.80,-8.90,0.11,0.14,0.06,497,438,439,492,344
1.73,-4.11,-8.96,-0.10,-0.24,0.27,488,428,434,487,339
-0.42,-3.43,-10.40,0.19,-0.16,0.28,427,393,398,451,333
-0.45,-5.78,-9.01,0.64,0.42,0.19,370,357,357,399,326
2.70,-9.64,-6.88,-0.19,-0.36,-0.14,388,369,378,441,327
-3.45,-3.93,-8.56,0.36,-0.05,0.04,505,442,442,490,357
3.33,-4.24,-4.47,-0.30,0.69,-0.53,499,440,442,488,352
1.90,-7.29,-9.58,0.57,0.00,-0.31,495,436,439,487,348
0.78,-3.56,-10.19,-0.09,-0.15,0.08,494,433,436,487,343
-0.58,-3.60,-9.73,-0.08,-0.10,0.35,478,418,424,475,338
-1.19,-3.26,-9.48,0.50,0.01,0.28,411,381,386,436,332
1.15,-7.70,-7.34,-0.03,0.15,-0.07,375,358,361,405,327
0.19,-3.80,-13.70,-0.93,-0.58,0.01,468,414,416,466,338
2.33,-2.86,-12.23,-0.35,0.46,-0.57,496,439,441,483,349
2.19,-6.91,-8.95,-0.24,-0.23,0.19,491,433,439,480,346
-0.35,-3.93,-9.72,-0.04,0.17,0.09,488,430,434,479,342
0.61,-3.09,-9.76,-0.02,-0.21,0.29,467,412,419,464,338
-0.27,-2.43,-9.54,0.29,0.01,0.01,410,380,385,434,334
0.34,-7.12,-7.90,0.50,0.13,-0.02,371,357,363,409,329
1.70,-6.81,-8.14,-0.52,-0.32,-0.34,425,396,407,464,332
-8.31,-0.06,-7.09,-0.01,-0.03,-0.41,503,441,443,489,355
2.63,-3.38,-6.08,-0.10,0.21,-0.53,497,440,442,487,353
1.84,-4.17,-9.71,0.26,0.27,-0.09,492,436,440,489,348
1.42,-3.63,-10.01,0.15,-0.16,-0.02,485,428,433,484,345
0.19,-4.64,-8.55,0.19,-0.01,0.14,448,401,408,463,340
END
-0.67,-4.70,-9.42,0.41,-0.05,-0.22,440,391,400,450,338
-1.34,-5.46,-8.86,0.75,0.10,0.02,373,356,363,411,331
0.01,-5.39,-7.70,-0.04,-0.18,-0.09,366,350,358,413,329
-6.13,1.20,-13.36,-0.93,-0.64,0.05,512,443,440,495,371
3.72,-3.82,-6.27,-0.43,0.47,-1.25,498,436,439,484,371
0.93,-6.40,-9.35,0.48,0.07,-0.04,495,432,438,483,369
0.78,-3.91,-9.27,0.08,-0.01,0.00,495,431,437,484,361
0.27,-3.91,-9.78,-0.09,-0.14,0.18,488,425,433,482,350
-0.90,-3.62,-9.50,0.23,-0.01,0.31,455,402,410,461,343
-1.30,-4.51,-9.07,0.74,0.09,-0.04,394,371,374,422,335
1.90,-9.88,-6.99,-0.50,-0.24,-0.43,439,403,412,462,334
11.13,11.67,-19.63,0.83,0.58,-0.90,499,437,440,483,363
6.56,-3.60,-7.10,-0.53,-0.15,0.28,494,433,438,481,359
0.62,-3.85,-9.75,0.29,0.09,0.17,494,432,438,481,353
0.11,-3.70,-8.74,-0.08,-0.18,0.18,491,429,435,481,343
0.63,-2.61,-9.59,0.00,-0.23,0.28,462,407,414,461,339
-1.91,-3.40,-9.04,0.39,0.02,0.03,395,371,376,422,333
0.07,-8.41,-7.23,0.10,0.09,-0.10,385,366,373,428,329
-14.46,3.85,-0.80,1.96,0.56,-0.64,506,433,438,483,362
4.65,-2.84,-8.20,-0.46,0.11,-0.69,493,430,436,479,360
-0.09,-5.38,-9.53,0.39,0.03,0.02,492,427,434,477,357
0.90,-4.39,-8.60,-0.14,-0.26,0.16,492,427,433,478,346
0.65,-3.05,-10.05,-0.01,-0.11,0.19,468,408,419,466,338
-2.29,-3.46,-9.26,0.50,0.10,-0.06,403,376,380,423,333
2.37,-9.72,-8.13,-0.17,-0.16,-0.18,435,394,401,465,338
-2.18,3.13,-2.66,0.58,0.40,-0.53,498,435,438,486,366
3.24,-5.03,-7.35,-0.25,0.09,-0.14,496,434,438,484,365
1.02,-4.52,-9.12,0.12,0.30,0.06,495,431,435,484,356
2.00,-3.42,-9.83,-0.02,-0.17,0.11,489,425,432,482,344
0.09,-3.17,-9.76,-0.05,-0.23,0.25,462,405,412,463,338
-1.17,-4.08,-8.82,0.15,-0.09,0.01,421,384,387,437,335
0.32,-5.56,-8.48,0.05,0.01,-0.13,404,375,377,427,332
0.51,-3.07,-8.81,-0.00,-0.11,-0.04,499,432,433,484,347
4.23,-3.91,-7.65,-0.13,0.30,-0.89,491,433,437,479,351
0.05,-5.46,-8.93,0.41,0.18,-0.09,490,431,435,480,347
1.15,-3.89,-8.77,-0.23,-0.01,0.09,489,429,434,480,342
END
0.74,-3.10,-9.94,0.13,-0.35,0.31,492,433,436,480,355
1.35,-3.94,-9.12,-0.12,-0.17,0.27,486,424,429,473,346
-1.72,-4.21,-9.76,0.29,-0.15,0.22,444,393,400,443,339
-2.07,-3.56,-9.15,0.32,-0.04,-0.14,390,363,369,410,334
1.36,-8.62,-7.95,-0.29,-0.19,-0.21,412,377,383,437,334
-7.29,1.37,-8.08,-0.03,0.10,-0.13,500,433,433,480,359
1.58,-3.54,-6.92,0.06,0.39,-0.48,497,432,431,480,354
1.59,-3.83,-9.68,0.10,0.15,-0.02,490,423,424,476,341
-0.25,-4.46,-10.12,0.01,-0.13,0.40,455,396,402,452,333
-1.09,-4.17,-9.18,0.34,-0.12,-0.13,395,366,371,417,330
-0.32,-6.47,-7.98,0.37,-0.03,0.09,372,352,358,401,328
1.52,-4.66,-9.08,-0.63,-0.28,-0.01,442,402,407,472,330
-8.61,-0.05,-9.62,0.21,0.43,-0.69,510,445,441,496,347
1.65,-6.61,-9.18,-0.34,-0.14,-0.03,499,439,436,489,347
1.74,-4.16,-9.78,-0.18,0.19,-0.07,492,432,433,491,337
1.21,-2.86,-9.74,0.15,-0.01,0.00,471,415,422,480,330
0.45,-3.80,-8.93,0.22,-0.19,0.24,417,386,393,450,328
-0.46,-4.65,-9.13,0.10,-0.03,-0.09,374,358,365,419,326
2.51,-6.40,-9.60,-0.18,-0.29,-0.02,408,379,387,458,328
-7.23,0.64,-4.95,-0.02,-0.11,0.20,496,428,429,486,353
1.18,-2.56,-6.10,-0.02,0.62,-1.05,487,423,427,484,349
0.07,-5.17,-10.55,0.56,-0.01,-0.09,481,415,421,480,347
1.28,-3.61,-8.86,-0.32,-0.26,0.11,468,402,414,473,341
0.29,-3.19,-10.04,0.23,-0.19,0.22,429,377,391,449,336
-1.06,-3.87,-9.39,0.57,-0.11,0.03,372,350,359,413,331
-0.53,-6.67,-7.66,0.01,-0.06,-0.07,368,344,356,410,329
-3.25,-2.10,-9.15,-0.02,-0.14,0.50,507,431,433,487,358
-1.62,-5.49,-7.37,-0.65,0.41,-0.69,494,425,430,481,359
1.42,-4.15,-9.14,0.33,0.03,-0.17,490,421,427,479,354
-0.04,-4.06,-9.77,0.00,-0.04,0.02,488,421,428,479,346
-0.01,-4.08,-10.84,0.02,-0.18,0.35,473,410,419,473,339
-1.57,-3.25,-9.20,0.19,-0.06,0.09,417,383,393,454,334
-0.17,-6.85,-8.05,0.11,0.04,-0.10,392,368,377,445,330
-8.71,-0.54,-7.58,0.26,0.11,0.18,498,429,432,487,356
0.42,-5.28,-6.97,-0.71,0.08,-0.58,496,428,432,484,357
0.38,-3.94,-9.24,0.38,0.25,-0.06,495,427,432,484,351
END
0.75,-3.37,-8.53,0.08,-0.13,0.21,479,415,417,463,343
-1.60,-3.23,-9.32,0.31,-0.15,0.07,436,390,392,435,338
-0.28,-6.88,-8.46,-0.40,-0.17,-0.22,495,416,417,463,341
1.46,-1.74,-9.30,0.22,0.24,0.15,509,436,434,478,357
0.70,-5.17,-9.77,0.03,0.05,-0.09,506,437,434,477,355
1.01,-4.20,-9.35,-0.15,0.05,0.23,500,431,430,475,346
-0.37,-3.08,-9.71,0.15,-0.14,0.17,475,410,411,455,341
-1.36,-4.17,-9.68,0.46,-0.10,-0.05,413,379,377,422,335
0.29,-8.60,-6.81,0.26,-0.10,-0.15,411,391,397,450,335
-10.06,3.70,-8.89,-0.31,-0.03,-0.56,506,447,442,487,363
1.70,-3.81,-7.70,0.03,0.27,-0.51,501,444,441,484,361
0.68,-4.78,-9.08,0.14,0.16,0.08,497,442,439,483,356
0.11,-4.24,-9.29,-0.00,-0.24,-0.03,490,437,436,481,352
-1.00,-3.83,-9.64,0.20,-0.06,0.49,463,412,416,458,345
-2.30,-3.32,-8.56,0.37,0.08,-0.07,417,384,383,423,336
0.54,-8.05,-7.28,0.00,-0.01,-0.15,406,375,374,415,332
-1.07,-4.40,-9.76,-0.28,-0.16,0.38,501,439,439,486,347
-10.87,-2.97,-10.86,-0.05,0.48,-0.14,503,437,438,480,362
0.37,-5.51,-10.63,0.10,-0.04,0.25,500,436,437,478,361
0.39,-4.44,-9.66,-0.14,-0.19,-0.01,498,434,436,479,351
0.02,-4.16,-9.24,0.01,-0.21,0.14,487,423,430,471,341
-1.62,-5.34,-8.84,0.43,-0.13,0.17,439,394,398,439,335
0.53,-7.52,-7.29,0.60,0.16,-0.12,388,368,367,409,332
-0.11,-6.23,-7.40,-0.25,-0.19,-0.14,420,387,388,447,334
-9.56,0.72,-10.26,-0.49,-0.01,0.12,501,437,436,484,359
1.46,-4.37,-7.70,-0.26,0.14,-0.36,499,437,435,483,361
0.67,-3.94,-10.02,0.07,0.09,-0.16,493,432,433,481,352
0.09,-3.38,-10.26,0.01,-0.18,0.19,468,409,415,464,342
-1.88,-1.51,-10.32,0.50,0.04,0.00,402,373,376,423,333
0.22,-8.27,-6.92,0.32,0.18,-0.08,381,359,362,408,329
-3.13,0.52,-11.59,0.22,-0.02,-0.03,502,434,433,483,360
0.95,-4.99,-8.78,-0.52,0.17,-0.57,497,435,435,480,358
0.93,-3.86,-10.16,0.15,0.11,-0.24,493,433,434,479,350
0.32,-3.66,-9.86,-0.07,-0.21,0.26,485,422,429,473,342
-0.52,-2.73,-9.65,0.22,-0.08,0.16,448,393,401,446,336
-1.76,-5.59,-8.84,0.40,0.05,-0.12,395,367,365,408,331
END
0.78,-6.64,-8.31,0.03,-0.06,-0.13,503,436,440,483,351
1.08,-3.12,-9.26,0.11,-0.07,-0.03,500,436,439,489,340
0.84,-3.85,-9.77,-0.04,-0.21,0.06,485,422,429,480,337
-0.74,-3.22,-9.43,0.16,-0.17,0.33,433,389,394,442,336
-0.93,-5.41,-8.84,0.28,0.17,-0.12,379,359,362,403,329
0.60,-3.92,-11.66,-0.77,-0.47,-0.17,473,423,429,486,339
5.52,1.72,-13.38,-0.01,0.61,-0.10,499,438,440,483,358
4.97,-6.68,-9.28,-0.49,-0.48,0.39,493,434,437,483,360
-0.46,-3.60,-10.27,-0.07,0.02,0.09,493,431,434,481,356
-0.08,-3.52,-9.80,-0.09,-0.15,0.21,486,420,429,474,347
-1.09,-2.71,-9.23,0.15,-0.02,0.30,448,392,402,449,338
-1.67,-4.81,-8.79,0.36,0.08,-0.23,387,364,369,416,333
1.60,-6.98,-9.12,-0.14,-0.22,-0.13,440,399,408,470,345
0.21,1.20,-10.04,-0.33,0.24,0.02,501,434,436,485,374
3.42,-2.97,-7.14,-0.31,-0.06,-0.11,497,431,436,482,373
1.50,-3.54,-9.64,0.27,0.05,-0.07,495,431,435,483,366
0.39,-4.64,-9.40,-0.08,-0.26,0.11,490,426,431,479,349
-0.93,-2.51,-9.20,0.01,-0.16,0.32,469,409,416,466,342
-1.92,-2.50,-9.27,0.27,-0.00,0.05,411,378,385,434,334
-0.39,-7.65,-6.73,0.70,0.39,0.14,372,355,361,404,328
-0.04,-1.99,-11.74,-0.50,-0.41,-0.36,485,432,443,504,346
-1.53,-4.82,-8.12,-0.46,0.33,-0.04,504,438,443,492,367
4.64,-2.81,-7.11,-0.08,0.11,-0.53,502,432,440,487,371
0.43,-3.75,-10.16,0.06,-0.01,-0.14,498,430,438,487,369
-0.25,-3.38,-9.35,0.07,-0.01,-0.10,494,429,437,489,353
-0.10,-3.42,-9.25,0.01,-0.14,-0.10,487,423,432,487,342
0.66,-2.66,-9.77,0.05,-0.15,0.02,446,402,411,471,335
-0.96,-3.63,-9.69,0.38,0.04,-0.36,392,375,382,443,329
0.73,-7.44,-8.68,-0.08,-0.17,-0.17,419,390,399,470,329
-11.59,-0.90,-7.56,-0.15,-0.14,-0.50,505,434,436,488,363
0.98,-3.23,-7.16,-0.43,0.31,-0.72,495,431,434,487,366
0.19,-3.52,-9.61,0.53,0.02,0.22,493,428,432,486,359
1.66,-4.09,-9.20,-0.08,-0.23,-0.07,492,427,432,488,341
0.22,-2.93,-9.54,0.06,-0.17,0.32,475,414,419,479,333
-2.62,-3.63,-8.87,0.42,-0.02,0.18,409,381,384,444,336
-1.40,-5.28,-8.73,0.10,0.03,-0.24,375,357,360,411,338
END
-2.69,-0.53,-10.75,0.19,0.06,0.44,479,412,424,469,341
-0.07,-4.22,-9.31,0.31,-0.04,0.23,441,384,395,441,336
-0.80,-4.19,-9.12,0.35,-0.10,-0.41,392,359,367,412,332
-0.11,-5.13,-8.18,0.34,0.06,-0.03,368,345,353,399,329
0.49,-4.24,-9.78,-0.48,-0.23,0.27,451,405,414,475,341
3.83,0.03,-11.94,0.28,0.66,-0.28,504,430,435,488,362
3.60,-5.48,-8.61,-0.38,-0.27,0.53,499,425,431,484,363
0.29,-3.46,-8.77,0.01,0.08,-0.02,493,421,427,482,353
-0.12,-4.03,-9.15,0.18,-0.05,0.26,480,408,421,471,342
-2.95,-4.74,-9.89,0.78,0.08,0.65,417,376,384,434,335
0.04,-7.03,-7.43,0.47,0.41,-0.00,373,352,353,396,329
0.62,-1.85,-10.93,-1.45,-0.96,-0.37,474,420,427,488,340
-1.93,4.13,-10.53,0.36,0.87,-0.69,507,440,440,490,362
3.18,-6.16,-8.62,-0.38,-0.15,0.37,502,436,435,488,357
1.31,-4.64,-9.22,-0.24,-0.01,-0.12,497,431,432,487,345
-0.07,-3.57,-9.73,0.15,-0.28,0.09,478,416,421,472,341
-1.92,-6.30,-8.33,0.25,-0.07,0.07,435,387,392,443,338
-1.07,-5.25,-8.61,0.38,0.02,-0.09,400,363,368,425,336
-2.14,-4.29,-11.48,-0.92,-0.29,-0.38,492,422,424,482,349
2.42,-5.48,-7.14,-0.17,0.13,-0.88,485,422,429,475,359
3.30,-5.86,-9.88,0.27,0.01,-0.54,483,418,425,476,355
0.86,-4.50,-9.07,-0.21,0.12,0.09,486,420,428,479,345
-0.19,-3.43,-9.48,0.25,-0.13,0.11,472,410,418,470,336
-1.92,-5.05,-9.07,0.75,0.02,-0.00,398,375,378,423,332
-0.64,-3.85,-8.62,-0.10,-0.01,-0.09,370,357,356,398,328
3.05,-5.00,-10.36,-0.34,-0.40,0.44,487,438,437,500,349
-3.56,-8.45,-7.13,0.09,0.67,-0.47,504,441,440,489,364
0.45,-6.78,-9.86,-0.17,0.02,0.05,497,433,436,487,361
1.65,-3.73,-8.74,-0.11,-0.00,0.02,494,430,434,486,349
1.37,-4.78,-10.65,0.28,-0.30,0.26,459,404,411,464,338
-4.24,-6.60,-7.67,0.71,0.35,0.04,386,368,357,391,330
1.87,-7.87,-7.36,-0.07,-0.44,-0.45,401,370,365,432,333
-9.71,-6.94,-2.56,0.62,0.26,0.69,508,437,437,491,363
1.41,-5.41,-8.29,0.09,0.01,-0.84,503,436,438,489,362
-0.35,-5.02,-9.56,0.12,0.12,0.07,500,433,435,487,359
1.03,-3.49,-9.45,-0.20,-0.20,-0.04,491,423,430,484,353
END
-1.38,-3.80,-9.21,0.32,-0.01,0.15,499,430,431,482,372
0.87,-4.57,-10.28,0.46,0.21,0.04,496,429,428,481,365
0.52,-4.64,-9.09,-0.07,0.08,0.18,490,424,427,480,351
0.62,-2.59,-10.76,0.02,-0.23,0.12,468,405,410,465,343
-1.23,-3.01,-9.85,0.21,-0.10,0.01,423,383,386,440,340
1.36,-7.19,-10.47,-0.23,-0.20,-0.13,470,418,423,485,346
0.04,4.43,-13.63,0.06,0.39,0.12,495,433,434,484,364
0.53,-5.95,-10.04,0.09,0.12,-0.24,491,430,433,483,361
1.82,-4.00,-8.55,-0.27,-0.03,0.20,488,425,431,482,349
0.43,-3.52,-10.95,0.39,-0.25,0.20,462,404,409,465,340
-2.48,-3.27,-10.05,0.32,-0.10,0.13,390,367,368,422,336
0.58,-9.94,-6.10,-0.89,-0.44,-0.50,418,386,390,455,341
-9.91,1.92,-8.00,-0.14,0.05,-0.14,498,431,435,485,367
2.71,-4.05,-7.98,-0.08,0.15,-0.59,493,432,436,482,366
-0.34,-3.86,-8.92,0.04,0.35,-0.01,490,429,434,484,356
0.67,-3.98,-9.80,0.02,-0.24,0.17,479,419,423,478,345
0.01,-2.76,-9.91,0.21,-0.14,0.12,420,389,392,447,337
-0.33,-8.58,-8.33,0.22,0.10,-0.13,414,392,400,453,334
-8.28,5.92,-10.88,-0.23,-0.02,-0.69,501,437,440,483,367
2.94,-2.73,-6.60,-0.71,0.03,-0.25,494,434,439,481,366
0.38,-3.43,-9.74,0.20,0.17,-0.09,492,434,438,482,356
0.84,-3.91,-9.75,0.09,-0.19,0.24,488,429,435,481,346
0.50,-2.57,-9.33,0.02,-0.16,0.37,447,403,409,456,338
-1.23,-5.35,-9.20,0.40,-0.01,-0.37,383,368,372,418,331
-0.31,-2.23,-9.61,-0.26,-0.11,0.46,502,435,434,485,361
1.06,-4.07,-7.65,-0.36,0.18,-0.76,493,432,436,479,363
0.87,-3.14,-9.03,0.37,0.20,-0.46,489,430,435,479,355
1.73,-3.65,-8.72,-0.07,-0.14,0.27,484,424,431,477,345
-0.20,-3.84,-9.52,0.16,-0.17,0.16,445,397,403,449,338
-1.59,-4.82,-8.89,0.39,0.03,-0.17,385,365,371,415,333
2.51,-7.70,-8.60,-0.23,-0.20,-0.14,444,403,409,462,340
3.37,0.18,-11.60,-0.38,0.25,-0.41,497,434,437,480,363
2.16,-5.37,-9.05,-0.14,-0.08,-0.14,492,430,435,478,361
0.57,-3.62,-8.76,0.02,0.16,0.01,490,428,434,479,352
0.24,-3.77,-10.29,0.03,-0.26,0.12,475,416,422,471,344
-0.11,-3.38,-9.37,0.19,-0.15,0.12,424,388,394,444,341
END
1.69,-4.18,-11.39,0.16,-0.05,-0.13,365,337,350,405,337
-4.96,-1.40,-5.59,0.20,-0.26,0.09,510,432,441,500,359
-0.88,-2.46,-8.06,0.15,0.10,-0.42,508,434,441,494,361
-0.66,-5.02,-10.16,0.17,-0.10,0.00,504,430,436,490,362
0.45,-3.62,-9.56,-0.10,0.04,-0.21,501,429,438,492,356
0.70,-3.42,-9.48,0.10,-0.10,0.25,497,425,435,490,351
-0.83,-4.64,-9.22,0.25,-0.10,0.22,467,405,410,460,344
-1.99,-3.90,-9.07,0.39,-0.09,-0.13,402,372,372,400,336
0.04,-5.13,-8.99,0.35,0.06,-0.31,368,351,349,379,333
1.69,-3.99,-9.99,-0.26,-0.07,0.30,448,407,408,475,341
-4.07,1.08,-10.37,-0.47,0.24,-0.53,514,444,442,495,361
0.45,-4.53,-8.64,-0.24,0.15,-0.10,507,436,439,488,363
0.74,-3.69,-9.98,-0.03,-0.04,-0.19,505,434,438,488,357
1.72,-2.86,-9.29,-0.03,-0.23,0.10,500,432,438,489,350
-0.47,-3.38,-8.97,0.27,-0.02,0.18,470,412,415,465,343
-3.04,-5.10,-8.73,0.42,0.02,0.05,408,379,377,397,334
2.35,-4.85,-8.09,-0.11,0.00,0.27,440,392,394,422,333
24.74,5.56,-8.34,0.32,0.57,-1.51,507,433,443,478,361
1.35,-6.61,-11.97,-0.98,-0.10,-0.39,503,430,441,474,364
-0.49,-1.00,-11.57,0.78,0.57,0.05,503,430,441,478,353
0.70,-4.60,-9.46,-0.28,-0.25,0.07,499,428,439,477,343
0.80,-2.53,-10.19,0.08,-0.35,0.04,482,410,422,458,337
-1.88,-1.97,-9.62,0.37,-0.15,-0.07,427,380,382,410,333
-0.90,-5.17,-7.79,0.24,0.21,-0.06,388,362,357,382,329
-1.12,-1.61,-12.25,-0.62,-0.11,0.34,490,423,430,486,342
-2.41,-3.86,-9.02,0.22,0.83,-0.01,499,432,441,486,355
1.90,-7.21,-12.65,0.08,-0.22,-0.13,494,428,439,482,356
2.51,-1.61,-9.54,0.53,0.41,-0.08,494,427,438,484,347
0.48,-2.99,-9.86,0.02,-0.06,-0.11,489,423,433,481,342
-0.04,-2.02,-9.72,0.23,-0.31,0.25,462,394,406,454,338
-1.75,-2.66,-9.62,0.52,-0.09,-0.11,398,361,364,397,333
-0.18,-5.63,-7.98,0.19,0.17,-0.09,368,349,352,386,329
-4.11,-0.52,-9.30,-0.16,-0.16,0.59,488,422,432,491,345
1.03,-5.00,-8.23,0.28,0.48,-0.90,499,432,440,489,352
1.54,-5.43,-10.37,0.06,-0.16,0.12,494,429,438,485,352
-0.47,-3.26,-10.04,-0.16,-0.01,-0.09,493,427,436,484,352
END
0.49,-2.05,-10.51,-0.14,-0.22,0.38,472,403,413,462,343
-0.65,-3.90,-9.61,0.42,-0.15,-0.04,408,369,375,415,337
-0.35,-4.57,-8.56,0.17,0.01,-0.19,374,350,354,389,333
-1.67,-3.60,-11.21,-0.57,-0.29,0.44,480,412,416,463,353
-2.89,-8.24,-7.95,-0.06,0.09,0.38,497,427,437,476,367
1.41,-5.07,-10.28,-0.08,0.08,-0.19,493,425,436,474,363
0.48,-4.01,-9.38,0.05,0.07,-0.10,491,423,433,476,354
0.83,-2.65,-9.85,0.26,-0.22,0.45,469,403,413,458,345
-2.71,-3.46,-9.60,0.68,0.02,-0.37,377,356,357,392,332
1.82,-11.56,-4.77,0.12,-0.10,0.03,377,352,353,415,331
-0.75,-6.39,-10.68,0.30,0.14,0.73,482,438,448,519,351
1.52,-0.47,-4.90,-0.23,0.33,0.09,511,446,444,502,361
1.92,-4.71,-9.46,0.05,-0.10,-0.25,506,441,441,497,363
1.40,-3.72,-9.51,-0.27,-0.01,0.07,502,438,443,501,355
0.04,-3.01,-10.31,0.15,-0.11,0.20,490,426,434,494,348
-0.78,-4.24,-9.17,0.25,-0.09,0.07,440,395,400,456,342
-0.19,-4.82,-8.82,0.08,-0.02,-0.30,410,380,380,438,336
-17.36,3.37,-6.42,-0.17,-0.51,-0.96,501,431,435,487,363
1.19,-5.67,-9.73,-0.83,-0.22,0.06,494,429,433,483,362
-0.04,-3.63,-9.41,0.10,0.30,0.06,491,425,431,485,352
1.21,-2.88,-9.46,0.11,-0.08,0.13,482,415,421,479,344
-0.11,-4.24,-9.39,0.07,-0.15,0.16,446,386,396,451,340
-1.29,-3.22,-9.52,0.15,-0.06,-0.11,406,367,373,428,336
-0.36,-3.98,-10.88,-0.29,-0.14,0.09,485,410,417,478,348
-5.47,-8.56,-9.17,-0.11,0.22,-0.48,494,428,432,483,359
0.44,-5.86,-10.15,0.10,0.15,-0.29,491,426,432,483,352
1.70,-3.19,-9.46,-0.08,0.02,0.29,487,418,429,486,342
0.31,-3.52,-10.29,0.10,-0.12,0.08,453,392,402,460,338
-1.71,-4.08,-9.11,0.35,0.04,-0.26,397,365,367,415,334
2.65,-7.80,-9.50,-0.65,-0.22,-0.02,474,413,419,475,341
-3.27,-2.84,-9.10,0.08,0.36,0.29,496,430,436,484,352
1.75,-6.19,-10.90,-0.47,0.01,-0.20,491,427,433,482,348
2.82,-3.04,-9.36,-0.24,-0.29,0.31,484,417,427,479,343
-0.66,-1.90,-9.88,0.23,-0.15,0.11,437,385,393,443,339
-1.35,-5.40,-8.40,0.36,0.02,-0.25,384,358,361,402,334
-2.11,1.34,-11.96,-0.32,-0.40,0.05,488,412,419,468,360
END
1.35,-5.15,-8.92,0.31,-0.14,0.14,505,445,447,487,350
1.58,-4.70,-9.12,-0.27,-0.07,-0.13,499,438,440,483,333
1.02,-3.47,-9.14,0.03,0.03,0.32,465,413,420,463,327
-0.92,-4.49,-8.39,0.33,-0.08,-0.19,404,382,389,430,327
1.26,-7.62,-8.02,-0.06,-0.00,-0.13,405,383,396,448,324
2.65,-5.74,-9.55,-0.08,-0.15,0.71,511,451,450,501,335
2.17,-3.98,-9.79,0.35,0.52,-1.14,511,453,451,497,350
1.41,-8.15,-7.82,-0.12,-0.10,0.09,505,449,448,494,349
1.68,-5.43,-8.97,-0.14,-0.19,-0.05,500,442,445,491,337
0.74,-4.11,-9.26,0.01,0.02,0.31,467,414,423,468,327
-1.28,-5.69,-9.10,0.68,0.03,-0.22,387,375,381,416,325
2.91,-7.10,-8.04,-0.57,-0.25,-0.05,412,391,402,458,324
-1.33,-4.70,-8.69,0.17,-0.27,0.48,514,456,453,503,347
2.27,-2.96,-7.09,0.10,0.45,-0.81,509,452,451,497,357
1.64,-5.84,-8.66,0.28,0.28,-0.25,505,448,450,496,354
2.09,-5.51,-8.97,-0.15,-0.12,0.10,502,442,450,495,341
0.22,-3.91,-9.93,0.01,-0.09,0.26,483,423,435,479,330
-1.09,-5.28,-8.80,0.46,0.00,-0.05,447,400,401,443,327
1.59,-6.99,-8.99,-0.32,-0.24,-0.06,484,426,432,485,327
-12.44,-5.16,-6.55,0.15,-0.21,0.36,515,450,447,495,357
4.16,-1.95,-4.25,0.10,0.07,-0.46,510,448,446,492,363
0.25,-4.79,-8.40,0.38,0.03,-0.28,508,445,445,491,358
0.39,-5.20,-9.11,-0.08,-0.14,0.03,502,440,441,490,338
-0.55,-3.22,-9.36,-0.03,0.06,0.33,475,417,421,470,329
-0.70,-4.14,-9.18,0.27,0.07,-0.09,408,381,385,431,328
1.51,-6.73,-9.86,-0.39,-0.04,-0.24,437,395,406,469,327
-12.03,-1.01,-9.65,-0.23,-0.49,0.47,511,446,449,499,359
4.77,0.34,-3.61,-0.40,-0.15,-0.11,504,441,445,492,370
1.26,-5.50,-9.48,0.46,0.18,-0.45,502,438,442,493,363
1.52,-4.29,-8.72,0.04,0.16,0.30,498,434,440,492,342
-0.60,-5.09,-8.77,0.26,-0.08,0.38,463,411,416,470,328
0.12,-9.49,-7.45,0.62,0.12,-0.33,406,384,384,425,325
2.82,-5.84,-9.25,0.08,-0.14,0.54,483,426,436,496,325
0.53,0.91,-13.94,-0.08,0.38,-1.18,513,448,447,496,361
2.68,-7.93,-8.59,-0.68,-0.47,0.16,509,443,444,494,365
0.95,-5.09,-8.85,-0.09,0.13,-0.06,506,442,442,495,350
END
1.32,-4.55,-8.74,0.21,0.00,0.34,498,434,436,483,330
0.32,-3.22,-9.89,0.13,-0.10,0.17,471,409,416,463,327
0.35,-4.47,-8.79,0.35,0.03,-0.32,400,373,379,422,326
0.56,-7.03,-7.03,0.01,-0.02,-0.04,387,365,373,416,324
-0.37,-4.83,-9.27,-0.20,-0.23,0.63,504,442,446,498,339
0.42,-5.43,-9.65,0.12,0.50,-0.83,510,444,446,492,362
2.13,-6.72,-8.10,-0.04,-0.04,-0.18,503,441,443,487,364
2.00,-5.50,-9.38,-0.11,-0.03,-0.09,501,438,441,487,351
2.34,-3.94,-8.67,-0.06,-0.00,0.16,495,430,436,483,334
-0.88,-4.50,-8.98,0.28,0.03,0.02,451,401,407,450,330
-0.70,-6.02,-9.21,0.47,0.14,-0.01,387,366,367,415,327
-1.00,-0.98,-8.59,-0.14,-0.18,0.28,505,434,442,491,364
-0.05,-4.72,-4.16,0.24,0.25,-1.20,499,436,442,486,369
1.96,-7.54,-8.47,0.22,0.01,0.14,496,434,439,484,366
1.51,-4.24,-9.35,-0.15,0.18,-0.12,494,430,435,483,347
2.15,-3.29,-10.44,0.14,-0.05,0.21,482,415,424,471,335
-1.01,-3.99,-9.10,0.27,0.01,0.02,428,383,393,436,331
1.31,-6.45,-8.46,0.06,-0.00,-0.23,396,369,377,421,327
-0.98,-2.32,-9.38,-0.24,-0.13,0.28,499,438,442,494,342
-2.05,-6.96,-8.92,0.22,0.68,-1.31,504,443,447,491,363
2.44,-8.00,-9.08,-0.33,-0.32,0.21,498,437,443,487,365
1.33,-4.38,-10.24,-0.03,-0.05,-0.18,497,434,439,485,352
1.02,-3.63,-9.39,-0.16,-0.04,0.45,485,423,431,476,335
-1.74,-4.26,-9.40,0.56,0.04,-0.05,412,387,392,431,329
1.46,-7.24,-8.16,-0.30,-0.17,-0.14,406,383,395,445,327
-6.60,-5.61,-7.65,-0.30,-0.33,0.72,510,448,448,495,357
3.47,-3.13,-7.89,-0.33,-0.21,0.06,502,441,445,488,360
2.33,-5.34,-9.23,0.11,0.26,-0.23,499,439,442,488,358
2.11,-4.68,-9.15,-0.03,-0.04,0.10,496,435,441,488,347
1.58,-3.32,-9.22,0.00,-0.13,0.36,476,417,426,473,340
-1.24,-5.18,-8.76,0.31,-0.01,-0.20,414,384,391,431,335
0.91,-3.82,-8.66,-0.03,-0.04,-0.06,392,372,380,423,331
-1.46,-2.28,-9.22,-0.03,-0.18,0.34,503,439,443,487,366
4.29,-2.18,-7.79,0.55,0.53,-1.20,504,440,447,487,381
1.93,-8.40,-9.18,0.35,-0.05,-0.05,500,437,445,486,376
0.95,-5.00,-9.29,-0.37,-0.06,0.04,495,432,440,480,356
END
0.48,-3.11,-9.81,0.05,-0.01,0.20,486,430,434,487,331
1.07,-3.65,-9.38,0.05,-0.04,0.01,439,400,406,455,326
0.31,-7.44,-8.04,0.17,-0.07,-0.41,387,373,376,422,324
1.06,-5.01,-9.09,0.02,-0.06,0.00,395,376,386,446,324
-2.01,-3.52,-5.36,0.45,-0.15,0.06,501,448,443,500,347
1.82,-7.95,-9.38,0.46,0.37,-1.26,501,447,444,493,355
0.31,-7.20,-8.54,-0.31,-0.04,0.34,496,441,441,491,352
2.71,-5.02,-8.45,-0.16,-0.30,0.04,494,436,439,489,341
0.96,-3.16,-9.76,-0.01,-0.16,0.42,473,420,425,475,331
-2.73,-6.47,-8.54,0.51,0.12,-0.01,395,380,386,430,326
1.12,-7.70,-7.85,0.04,-0.15,-0.15,389,375,387,448,325
2.29,-7.58,-10.66,0.03,-0.08,0.47,481,443,445,514,329
-0.03,0.65,-7.07,-0.46,0.18,0.09,509,449,445,499,354
1.55,-5.74,-8.00,0.24,0.24,-0.26,505,440,443,496,355
1.01,-5.66,-8.97,0.02,0.03,-0.12,501,437,440,497,348
3.24,-5.03,-7.39,-0.27,-0.38,0.36,498,434,438,496,336
0.07,-3.39,-10.09,-0.03,-0.32,0.44,473,420,423,476,330
-1.85,-7.29,-7.60,0.47,0.11,-0.10,405,389,392,434,326
0.62,-5.27,-10.09,-0.48,-0.41,0.44,497,440,441,490,336
0.64,-5.17,-8.41,-0.07,0.41,-0.49,500,435,439,482,359
1.52,-7.62,-9.70,0.25,-0.10,-0.38,496,433,437,482,356
1.44,-4.92,-8.78,-0.11,0.13,0.33,491,429,435,481,340
-0.27,-4.99,-10.18,0.14,-0.15,0.32,450,407,413,458,329
-1.39,-6.73,-8.13,0.52,0.24,-0.10,386,369,377,418,326
2.12,-6.35,-8.48,-0.26,-0.12,-0.12,432,407,423,486,331
-3.30,6.61,-10.70,0.20,0.58,-0.78,505,443,445,492,372
1.39,-6.55,-7.78,-0.47,-0.23,0.23,498,435,441,488,375
1.82,-4.99,-9.48,-0.08,0.19,-0.23,496,434,439,487,362
1.59,-4.42,-9.46,0.09,0.02,0.12,493,431,437,485,341
0.75,-4.39,-9.58,0.07,-0.11,0.26,476,417,420,471,332
-0.49,-4.05,-8.41,0.18,-0.02,0.14,454,404,408,457,328
-0.80,-5.75,-9.35,0.09,0.06,0.03,469,415,420,472,327
1.24,2.25,-12.84,-0.07,0.02,-0.86,498,436,440,487,361
1.06,-5.51,-7.30,-0.10,0.12,-0.20,495,433,438,484,361
1.49,-5.79,-8.75,0.08,0.06,-0.15,494,432,437,484,352
2.47,-4.55,-8.69,-0.07,-0.18,0.20,490,429,435,483,337
END
0.39,-3.97,-8.64,-0.09,-0.12,0.15,467,414,420,468,335
-2.91,-4.43,-9.68,0.66,-0.01,0.05,378,367,373,414,328
1.21,-9.45,-6.07,0.05,0.10,-0.13,362,353,362,400,323
-2.55,-3.07,-10.36,0.16,-0.23,0.94,505,441,443,495,347
2.20,-4.12,-8.88,-0.51,0.02,-0.45,507,436,441,484,362
-0.44,-4.77,-8.91,0.27,0.27,-0.27,504,434,440,484,358
3.27,-4.54,-6.79,0.09,0.08,0.12,499,432,440,486,343
2.86,-5.36,-9.15,0.25,-0.05,0.07,476,414,426,474,330
-2.00,-6.65,-8.32,0.24,-0.03,0.10,404,380,388,433,325
1.10,-5.24,-9.00,-0.15,-0.06,-0.25,390,369,374,418,324
1.55,-4.20,-7.56,0.27,-0.35,0.68,503,430,434,479,347
6.19,-6.45,-10.65,-0.30,-0.07,-0.79,495,426,432,473,358
-0.64,-5.84,-8.31,-0.03,0.24,-0.25,493,423,429,472,352
1.99,-4.87,-7.51,-0.00,0.19,0.23,492,423,431,474,339
3.47,-4.38,-9.60,-0.08,-0.40,0.36,478,410,420,465,329
-0.19,-4.10,-8.71,0.17,-0.02,0.11,421,378,388,428,327
0.35,-8.11,-8.10,0.25,0.02,-0.04,383,358,366,404,324
-0.83,-3.64,-10.64,-0.18,-0.22,0.68,493,431,438,491,335
1.64,-6.60,-10.39,-0.47,0.07,-0.22,498,432,439,483,357
1.94,-5.71,-7.22,-0.29,-0.15,0.06,493,427,437,480,359
1.76,-5.38,-8.77,-0.08,0.00,-0.19,495,427,437,481,350
2.23,-3.55,-8.29,-0.05,-0.03,0.17,490,422,434,480,335
0.28,-4.52,-9.15,0.34,-0.03,0.08,448,395,406,451,329
0.27,-6.33,-8.36,0.32,0.06,-0.18,382,364,370,407,326
1.89,-5.25,-8.28,-0.25,-0.20,0.18,450,406,420,477,331
6.07,1.56,-2.83,0.02,0.65,-1.76,498,433,441,487,363
4.98,-3.53,-6.21,0.51,0.28,-0.60,489,425,440,482,367
-0.88,-5.38,-9.56,-0.09,0.05,-0.30,487,422,436,481,363
1.72,-3.57,-9.02,0.17,0.39,-0.05,489,422,434,482,347
4.49,-4.54,-8.40,0.06,-0.24,-0.03,476,410,420,469,332
0.96,-5.57,-8.37,0.31,0.04,0.33,419,381,386,416,328
0.20,-3.77,-8.82,0.10,0.03,-0.06,388,365,366,396,327
2.73,-3.80,-12.87,-0.16,-0.11,0.22,481,420,423,478,342
2.49,-8.52,-10.72,-0.69,-0.18,-0.18,490,422,436,478,359
1.18,-4.95,-8.68,0.00,0.32,-0.08,486,416,430,475,349
2.99,-4.64,-8.08,-0.04,-0.05,0.18,479,411,425,472,338
END
2.38,-4.78,-9.35,0.26,-0.16,0.16,491,426,437,484,351
2.38,-3.55,-8.64,0.19,-0.01,0.12,483,420,429,481,338
0.74,-4.19,-8.74,0.08,-0.14,0.47,438,388,400,446,331
-0.75,-5.32,-8.57,0.32,-0.08,-0.16,375,350,360,395,327
0.76,-4.99,-8.29,0.06,-0.03,-0.08,355,329,340,376,325
0.16,-5.86,-7.93,0.09,0.13,-0.23,353,326,338,378,326
-0.09,-5.03,-8.48,-0.23,-0.19,0.56,499,423,433,492,357
3.24,-6.56,-9.91,0.02,-0.08,-0.57,507,430,443,486,364
0.37,-5.47,-9.71,0.20,0.10,-0.20,501,427,440,485,360
2.58,-4.21,-8.26,-0.00,-0.07,0.03,498,423,439,487,347
0.67,-3.76,-9.04,0.18,-0.04,0.23,463,400,415,462,336
-0.30,-6.07,-7.92,0.36,0.11,-0.47,390,365,375,407,328
2.84,-5.93,-8.75,-0.10,-0.10,-0.10,425,388,404,462,329
-13.59,-0.93,-4.77,-0.47,-0.37,-0.41,511,438,445,491,362
2.82,-5.39,-7.82,-0.25,-0.24,-0.31,502,431,441,486,369
0.50,-5.43,-9.32,0.09,0.24,-0.11,498,428,438,486,359
3.10,-4.04,-8.26,0.09,-0.22,0.18,493,424,435,485,341
0.79,-3.92,-8.66,0.17,-0.13,0.20,451,396,407,455,331
-1.84,-7.86,-7.87,0.42,0.12,-0.26,385,362,372,408,328
0.28,-4.31,-8.10,0.11,0.01,-0.02,373,354,366,409,326
2.21,-7.01,-8.55,0.09,0.32,0.70,507,446,443,506,346
-0.34,-8.27,-10.32,-0.02,0.23,-0.58,504,439,446,492,363
2.30,-7.51,-8.79,0.18,-0.04,-0.22,500,433,445,490,368
-0.05,-5.95,-9.40,-0.24,0.41,-0.36,499,432,443,492,356
3.54,-2.79,-7.52,0.29,0.02,0.10,499,432,443,495,337
1.74,-4.71,-8.56,0.23,-0.29,0.19,491,424,434,487,331
0.39,-5.13,-8.90,-0.14,-0.17,0.03,442,398,406,455,329
0.61,-6.75,-9.65,0.07,0.06,-0.26,429,396,407,460,326
-10.44,2.82,-6.70,0.01,-0.15,-0.61,502,433,440,484,349
1.86,-6.89,-9.88,-0.40,-0.10,-0.08,494,429,434,480,348
1.79,-4.65,-8.76,-0.06,0.44,-0.13,495,429,437,485,343
1.16,-4.49,-8.27,0.04,-0.26,0.22,492,426,434,481,339
1.57,-3.47,-8.11,-0.25,-0.24,0.19,458,403,413,461,335
-1.67,-4.24,-9.63,0.30,-0.05,-0.33,404,376,385,430,329
0.75,-4.85,-10.04,-0.01,-0.02,0.50,501,435,437,488,348
4.21,-5.89,-7.87,-0.42,-0.07,-0.54,493,430,437,482,356
END
1.59,-6.32,-10.07,0.18,0.23,-0.41,482,421,429,475,333
-1.36,-5.61,-8.82,0.46,-0.11,0.17,420,387,396,435,330
0.30,-5.89,-9.36,0.00,0.12,-0.18,395,375,377,422,327
-0.44,-3.94,-9.59,0.16,-0.15,0.91,499,435,442,495,348
-4.36,-6.73,-10.98,-0.57,0.05,-0.74,503,439,442,486,361
1.21,-5.46,-7.73,-0.31,-0.21,-0.05,499,436,440,484,359
1.13,-4.28,-7.96,0.03,0.19,-0.19,495,433,437,486,349
1.61,-4.95,-9.88,0.08,-0.21,0.27,477,416,424,472,342
-0.70,-3.82,-9.21,0.10,-0.08,0.16,422,388,391,435,334
-0.68,-5.45,-8.92,0.10,-0.02,-0.09,388,368,371,413,331
-1.87,-1.85,-11.33,0.13,0.31,0.31,497,429,431,482,345
2.95,-6.55,-7.55,0.48,0.72,-1.09,499,431,437,483,349
0.44,-8.38,-8.95,-0.39,-0.15,0.51,494,427,434,481,340
3.39,-4.20,-10.30,-0.17,-0.12,0.26,487,417,425,476,330
-0.26,-3.65,-9.07,0.19,-0.16,0.03,437,390,397,443,327
-0.30,-2.02,-9.80,0.51,-0.15,-0.15,380,359,362,402,324
0.50,-4.69,-8.54,-0.30,0.05,-0.37,396,367,370,440,330
0.45,-6.32,-10.99,-0.31,-0.18,0.56,512,445,439,509,349
4.54,-5.11,-7.77,-0.88,0.09,-0.04,504,435,442,498,358
4.43,-4.49,-10.33,0.04,0.27,-0.35,501,433,440,499,354
2.82,-3.75,-8.31,0.14,0.10,0.10,498,432,438,499,347
1.46,-5.28,-9.82,0.12,-0.21,0.07,482,420,426,486,341
1.79,-4.21,-9.10,0.25,-0.18,0.23,417,388,394,446,335
-0.33,-4.74,-8.84,-0.06,-0.08,-0.09,388,371,377,423,331
1.06,-3.58,-10.29,-0.03,-0.21,0.62,488,432,434,488,344
1.69,-5.53,-5.95,-0.22,0.61,-0.51,499,433,440,489,346
2.63,-5.96,-9.57,-0.07,0.06,-0.14,493,429,438,487,341
3.07,-4.05,-9.96,-0.03,0.01,0.02,489,424,434,485,336
0.91,-4.43,-8.54,0.15,-0.10,0.27,460,404,413,464,332
0.37,-5.17,-8.65,0.20,-0.10,-0.08,402,374,382,429,330
1.03,-4.34,-8.20,0.02,0.01,0.12,392,367,375,422,328
-1.79,-0.99,-8.37,0.21,-0.05,0.03,500,432,439,487,343
1.94,-3.87,-7.06,0.28,0.35,-0.82,493,428,438,485,345
1.23,-5.41,-9.15,0.10,-0.04,0.05,487,422,434,481,343
2.81,-3.71,-8.76,-0.14,-0.25,0.08,479,412,427,474,339
1.18,-4.36,-9.44,0.30,-0.17,0.29,433,381,400,441,334
END
-0.39,-6.83,-8.05,1.00,0.30,0.04,491,428,436,480,349
3.15,-6.20,-8.51,0.10,0.20,-0.10,488,424,435,479,342
1.42,-4.06,-9.25,-0.32,-0.29,-0.34,475,413,424,470,334
2.68,-3.63,-10.07,0.11,-0.31,0.19,415,377,392,435,329
0.80,-4.82,-8.61,0.43,0.37,0.23,373,352,363,394,326
2.32,-3.71,-9.99,0.25,-0.08,-0.16,373,353,366,413,325
0.70,-3.63,-7.85,0.62,0.29,0.82,505,447,445,501,350
1.11,-5.70,-7.90,0.06,-0.05,-0.74,504,438,445,489,359
1.19,-6.68,-9.57,0.10,-0.01,-0.14,498,433,442,487,357
2.63,-4.57,-9.69,-0.12,-0.25,0.14,496,429,441,487,342
1.17,-3.36,-9.52,-0.03,-0.17,0.20,484,419,434,479,334
-0.89,-4.72,-8.59,0.36,-0.02,0.01,439,395,406,445,331
1.23,-6.17,-9.02,0.03,-0.22,0.02,468,410,419,463,341
-1.02,-6.58,-9.03,-0.34,-0.09,0.20,496,425,433,475,364
0.88,-5.25,-7.78,-0.48,0.17,-0.22,489,422,430,473,358
2.86,-3.68,-10.79,0.07,-0.17,-0.06,479,411,424,466,350
0.57,-2.51,-9.54,0.17,-0.07,0.47,437,387,399,439,339
-1.59,-4.97,-8.86,0.47,0.12,-0.05,391,362,372,409,333
-0.42,-4.07,-10.86,-0.28,-0.24,0.38,484,416,428,477,349
-1.43,-5.53,-9.42,-0.39,0.14,-0.15,499,427,439,479,369
3.11,-6.27,-9.08,-0.38,-0.11,-0.00,494,423,437,477,365
1.65,-4.24,-9.42,-0.06,0.07,-0.01,491,421,434,476,352
2.02,-2.91,-10.04,0.00,-0.10,0.25,483,411,428,470,339
-1.51,-3.27,-9.42,0.51,-0.04,0.43,428,383,396,433,333
0.78,-8.85,-7.67,0.15,0.32,-0.11,419,380,392,434,329
-11.63,1.34,-4.39,0.01,0.01,-0.48,500,429,440,481,355
2.92,-4.69,-6.63,-0.26,0.01,-0.37,498,428,439,481,361
0.80,-4.36,-8.82,0.17,0.24,-0.25,496,426,438,480,354
3.29,-3.57,-9.66,-0.29,-0.21,0.20,486,417,431,473,348
0.71,-3.24,-9.99,0.12,-0.09,0.07,447,391,403,441,340
0.01,-6.64,-8.15,0.85,0.15,-0.10,394,365,369,400,333
0.11,-4.48,-9.92,-0.35,-0.25,0.01,476,413,419,460,350
3.87,-2.96,-6.85,-0.38,0.09,0.18,496,428,437,473,371
2.70,-5.99,-9.23,0.07,-0.07,-0.25,492,424,434,471,371
1.45,-4.52,-9.37,0.04,0.16,0.03,489,422,433,471,359
0.32,-4.13,-9.94,-0.11,-0.15,0.23,478,410,422,459,346
END
0.30,-3.17,-9.23,0.19,-0.01,0.02,451,394,404,448,336
-3.59,-0.11,-7.17,0.13,-0.20,0.44,501,429,437,477,363
0.52,-6.50,-8.42,-0.21,-0.03,-0.33,498,428,435,474,366
0.77,-4.89,-9.67,-0.08,0.09,-0.02,491,423,431,471,356
0.38,-2.89,-9.55,0.25,-0.07,0.09,464,404,411,450,346
-0.60,-4.29,-8.88,0.45,0.08,-0.11,411,376,383,419,337
0.93,-4.35,-9.57,-0.61,-0.37,0.11,486,422,427,471,360
1.06,-5.53,-9.99,-0.13,0.32,-0.35,495,428,436,472,376
1.71,-5.92,-9.50,0.03,-0.00,-0.31,490,425,436,471,367
2.36,-3.23,-8.25,-0.34,-0.19,0.29,488,422,434,472,352
1.48,-3.07,-9.88,0.41,-0.18,0.10,460,401,412,449,338
-1.54,-4.97,-8.59,0.36,0.09,-0.23,408,374,382,421,334
-1.40,-2.00,-2.76,0.19,-0.23,0.34,493,424,431,470,363
0.60,-6.01,-7.55,0.09,0.29,-0.50,489,425,433,471,363
1.92,-4.37,-8.86,-0.04,0.15,-0.11,485,421,431,471,352
2.12,-3.63,-9.97,0.18,-0.18,0.13,475,408,420,462,343
-1.88,-5.71,-8.76,0.28,-0.00,0.03,429,382,395,433,337
1.85,-6.58,-9.27,-0.11,-0.04,-0.04,460,401,413,458,335
6.28,0.72,-6.71,0.23,0.51,-0.40,496,428,437,475,359
3.16,-6.84,-8.19,0.05,0.16,-0.40,493,426,435,473,358
0.56,-4.88,-9.51,-0.10,-0.04,-0.05,492,425,434,473,356
1.64,-3.51,-9.34,0.06,-0.11,0.02,490,423,435,474,344
-0.27,-4.41,-8.71,0.16,-0.01,0.30,471,408,420,458,336
0.23,-4.76,-9.17,0.18,-0.02,-0.19,427,385,394,431,333
0.99,-5.35,-9.04,-0.03,-0.10,-0.01,443,396,408,453,333
-7.04,0.42,-6.75,0.10,0.11,-0.22,502,433,441,480,361
1.49,-4.80,-6.88,0.03,0.11,-0.43,496,430,438,475,367
0.32,-5.06,-8.94,0.09,0.09,-0.29,495,427,436,475,363
3.15,-3.27,-8.33,0.09,-0.13,-0.01,494,428,438,478,351
0.34,-2.92,-9.36,-0.04,-0.15,0.29,483,417,428,468,342
-0.71,-3.79,-8.89,0.12,-0.04,-0.11,448,396,404,441,336
2.15,-7.54,-9.75,-0.05,-0.04,-0.04,472,415,424,466,341
0.57,-6.97,-7.09,0.35,0.43,-0.13,491,428,437,476,367
1.96,-7.15,-8.41,-0.13,0.20,-0.35,485,421,432,474,363
3.08,-4.04,-8.98,-0.02,0.13,-0.12,484,420,432,476,351
0.78,-4.06,-10.52,-0.12,-0.28,0.32,476,413,425,467,340
END
0.66,-3.23,-9.13,0.04,-0.08,0.20,481,418,432,477,340
-0.84,-4.01,-10.45,-0.02,-0.26,0.24,447,390,405,445,335
-0.33,-3.12,-8.87,0.25,-0.05,-0.19,398,366,377,414,330
1.47,-1.53,-11.12,-0.35,-0.25,0.08,489,425,434,483,350
0.21,-8.69,-10.15,-0.18,0.34,-0.37,492,432,441,478,361
2.84,-5.94,-9.33,-0.00,0.08,-0.12,490,431,440,479,353
2.96,-4.11,-8.97,-0.12,-0.15,0.10,488,427,437,478,344
1.36,-2.94,-9.16,-0.00,-0.12,0.06,466,406,418,459,338
0.09,-4.22,-8.94,0.28,-0.02,-0.16,417,377,388,425,332
3.36,-6.27,-9.68,-0.20,-0.19,0.11,473,415,426,474,342
-2.79,-7.00,-9.40,-0.28,-0.03,0.38,492,430,441,476,369
2.99,-4.99,-9.38,0.12,0.18,-0.38,487,426,439,476,363
2.07,-5.23,-9.55,0.03,0.06,-0.12,484,423,435,475,356
2.20,-3.19,-9.25,-0.19,-0.25,0.07,470,409,419,463,346
0.37,-3.47,-7.62,0.25,-0.11,0.26,430,380,393,432,335
1.87,-8.50,-8.85,0.02,-0.14,-0.01,438,390,403,447,336
-1.09,-1.37,-7.62,-0.19,0.18,-0.08,488,427,440,478,364
3.36,-4.31,-6.83,0.05,0.32,-0.57,484,424,439,478,365
2.48,-4.67,-8.05,0.01,0.16,0.04,483,423,437,478,352
2.94,-3.40,-9.51,0.09,-0.34,0.14,479,416,429,475,342
0.45,-4.29,-8.90,-0.11,-0.30,0.29,450,393,406,447,337
-0.53,-3.29,-9.32,0.16,-0.14,-0.10,419,375,386,424,334
-0.58,-1.23,-9.12,0.50,-0.03,0.01,493,422,430,474,351
1.49,-5.81,-6.57,-0.25,0.33,-0.35,489,421,429,472,352
2.32,-4.92,-9.14,0.09,-0.04,-0.24,486,418,426,470,347
1.80,-3.75,-9.96,-0.01,-0.15,0.20,478,407,418,462,341
-0.60,-3.85,-9.40,0.10,-0.11,0.17,440,383,396,434,335
2.02,-5.71,-9.73,0.21,0.04,-0.29,451,397,407,451,337
1.46,0.19,-6.86,-0.10,-0.16,-0.34,489,424,433,471,369
0.43,-7.14,-9.68,-0.28,-0.10,-0.36,483,419,429,467,368
1.23,-4.23,-9.27,-0.07,0.21,0.15,484,419,432,469,352
1.84,-3.77,-9.14,0.12,-0.06,0.28,471,407,421,461,339
-0.13,-3.55,-9.43,0.28,0.10,-0.28,421,378,388,423,333
1.84,-5.99,-8.93,-0.04,-0.10,0.08,468,409,416,459,350
1.47,-5.33,-13.05,-0.16,0.09,-0.01,485,421,431,464,363
2.00,-6.48,-10.03,-0.36,-0.05,-0.06,481,419,428,461,359
END
1.30,-4.59,-8.83,0.02,0.08,-0.03,493,431,430,471,355
1.26,-6.44,-7.04,-0.29,0.33,-0.20,489,430,431,473,350
1.79,-3.65,-10.47,0.18,0.19,-0.18,481,421,426,474,337
2.12,-3.05,-7.88,0.09,-0.03,0.40,451,396,402,451,329
0.62,-4.62,-9.03,0.49,0.14,-0.22,405,375,373,418,326
1.72,-4.88,-7.57,-0.14,-0.23,0.65,486,426,430,487,345
0.71,-5.21,-10.33,0.15,0.46,-0.50,494,435,438,487,349
1.42,-6.02,-7.30,0.07,0.04,-0.15,490,432,436,486,343
3.01,-5.05,-8.99,0.02,-0.22,0.18,475,417,426,475,334
-0.36,-4.85,-9.39,-0.00,-0.17,-0.15,430,390,384,428,329
1.45,-5.97,-10.09,-0.02,0.05,-0.05,421,393,387,441,327
-3.55,-5.14,-4.29,0.12,-0.47,0.66,497,443,444,490,353
3.98,-3.37,-5.81,-0.10,0.27,-0.35,496,444,443,487,355
1.81,-6.09,-8.67,0.11,0.14,-0.20,494,441,441,487,349
3.04,-5.30,-8.74,-0.07,-0.02,0.11,489,436,438,485,339
1.49,-3.98,-8.63,0.06,-0.28,0.30,467,418,422,468,333
-0.31,-4.08,-8.60,0.22,-0.17,-0.08,414,388,388,430,329
1.77,-8.72,-7.83,-0.02,0.00,-0.20,404,389,395,445,327
-3.80,-3.71,-6.70,0.15,-0.12,-0.12,493,438,439,486,350
2.00,-7.12,-7.92,-0.10,0.14,-0.35,490,434,437,483,351
2.07,-5.57,-9.57,-0.35,-0.05,0.15,480,424,432,479,343
1.48,-2.71,-9.07,-0.05,-0.09,0.34,431,394,405,451,332
-0.34,-3.74,-9.22,0.30,-0.04,-0.27,370,359,372,417,329
2.61,-7.15,-8.78,0.13,0.03,0.05,417,394,408,486,343
-3.57,-7.52,-9.12,-0.35,0.18,-0.63,505,443,440,492,367
2.23,-6.13,-9.20,-0.02,-0.24,-0.15,496,434,438,488,371
1.68,-5.37,-8.00,-0.02,0.14,-0.21,492,432,437,486,364
3.50,-5.08,-8.24,0.09,-0.23,-0.04,490,429,436,486,351
1.25,-3.67,-9.20,-0.17,-0.08,0.35,471,417,423,472,338
-0.90,-3.72,-8.79,0.26,-0.06,-0.11,426,391,396,439,335
2.43,-5.63,-9.79,0.00,0.14,0.04,440,401,407,459,333
-3.90,-1.80,-7.68,-0.28,0.06,-0.25,495,433,439,485,358
6.46,-4.43,-6.03,-0.40,0.02,-0.35,489,427,435,481,361
2.95,-5.28,-8.94,0.13,0.12,-0.09,484,423,432,480,352
2.93,-4.10,-9.56,-0.22,-0.15,0.09,472,414,421,469,337
0.60,-3.17,-9.02,0.04,-0.20,0.26,441,393,401,442,332
END
-1.21,-2.68,-9.10,0.45,-0.08,0.10,481,415,430,475,346
1.17,-3.29,-8.84,0.16,-0.13,0.19,442,389,405,449,338
-0.51,-5.51,-8.59,0.19,-0.00,-0.22,408,373,386,432,336
-2.43,-0.31,-5.97,0.23,-0.07,0.07,488,420,433,479,361
1.02,-5.41,-7.32,-0.24,0.17,-0.50,485,418,432,475,364
2.52,-4.65,-9.27,0.12,0.16,-0.18,482,415,430,475,356
2.28,-3.51,-8.48,0.18,-0.07,0.14,466,402,416,465,348
0.58,-4.56,-9.01,0.18,-0.10,-0.18,412,371,387,423,343
4.67,-6.81,-9.40,0.30,-0.12,0.06,404,370,390,433,342
-5.05,1.26,-8.72,-0.23,-0.19,-0.18,494,425,440,481,367
2.22,-3.45,-6.07,-0.25,0.03,-0.54,486,421,436,477,367
1.46,-5.48,-9.30,0.19,0.04,-0.20,485,419,435,477,362
2.05,-4.81,-8.56,-0.05,-0.23,0.23,480,415,431,474,355
-0.27,-4.41,-8.56,0.03,-0.00,0.06,453,394,410,450,350
1.05,-4.38,-9.03,0.20,-0.02,0.00,415,373,385,422,345
1.72,-6.12,-9.30,0.16,0.16,0.16,476,412,424,478,354
0.29,-6.56,-10.72,0.24,0.66,-0.49,496,428,441,481,364
4.64,-7.27,-7.61,-0.49,-0.27,-0.08,488,424,438,479,362
2.75,-4.72,-9.15,-0.36,-0.23,-0.01,485,419,435,478,355
1.31,-2.17,-9.08,-0.11,-0.10,0.21,463,399,414,457,347
-0.48,-4.62,-8.91,0.31,-0.07,-0.01,403,369,378,413,338
3.65,-5.71,-9.68,-0.12,-0.07,-0.38,453,397,411,455,344
-1.39,-3.04,-9.26,0.20,0.76,-0.18,489,423,439,478,363
4.34,-6.91,-8.87,-0.32,-0.52,0.22,485,420,437,475,366
1.56,-4.90,-9.77,-0.10,-0.03,-0.08,484,417,433,472,359
1.34,-3.39,-9.32,0.05,-0.06,0.28,466,401,417,457,348
1.19,-3.21,-9.47,0.37,0.06,-0.11,430,379,393,430,341
1.00,-3.93,-7.44,0.12,-0.14,0.23,491,424,435,476,362
2.00,-4.73,-5.91,0.04,0.30,-0.42,489,427,437,476,364
2.58,-5.41,-8.31,-0.10,0.04,-0.12,487,425,435,474,356
2.70,-4.15,-9.88,0.16,-0.13,0.33,469,407,421,461,346
0.99,-4.19,-9.76,0.15,-0.06,-0.04,417,373,385,416,338
5.13,-5.83,-9.56,0.05,0.02,0.17,459,403,410,449,344
-1.02,-5.38,-10.41,0.37,0.45,-0.01,497,432,436,479,369
2.03,-7.55,-8.43,-0.49,-0.25,0.39,491,429,436,477,370
2.86,-4.26,-8.97,-0.27,-0.03,-0.07,487,425,433,472,359
END
1.34,-3.42,-10.10,0.12,0.01,0.17,489,427,432,490,357
2.66,-3.86,-9.06,0.14,-0.03,0.41,477,411,421,479,344
1.18,-3.60,-9.10,0.03,-0.05,0.09,428,383,390,438,336
1.66,-7.40,-9.67,0.03,0.13,-0.11,431,391,394,440,336
-0.99,-1.95,-8.16,-0.12,-0.20,0.10,493,436,435,483,365
4.52,-4.45,-5.95,-0.11,0.51,-0.36,488,434,434,482,360
1.85,-5.25,-8.00,0.05,0.04,-0.10,479,423,426,477,351
2.70,-4.03,-9.10,-0.10,-0.29,0.20,445,393,403,451,339
0.40,-4.48,-8.89,0.39,-0.04,-0.16,394,365,373,419,334
2.34,-3.10,-8.91,0.03,-0.15,0.48,486,418,426,485,358
-0.40,-7.72,-9.68,0.16,0.06,-0.26,497,430,437,480,382
3.07,-6.99,-7.78,-0.12,-0.07,0.05,491,427,435,478,377
2.23,-4.70,-8.54,0.03,0.19,-0.14,490,426,434,479,361
2.31,-4.37,-8.30,-0.08,-0.20,0.06,484,419,427,474,343
-0.56,-4.49,-8.73,0.23,-0.14,0.20,450,395,403,447,337
0.61,-6.91,-9.26,0.14,0.18,-0.39,442,393,399,453,334
-8.65,-1.34,-7.49,-0.03,-0.24,0.22,502,430,437,484,359
2.46,-6.39,-7.70,-0.01,0.10,-0.13,498,427,436,482,361
0.49,-6.02,-8.05,-0.11,0.30,-0.26,494,426,435,483,352
2.73,-4.21,-8.95,0.10,-0.04,-0.10,489,420,426,478,340
0.29,-4.56,-8.59,0.05,-0.15,0.18,464,400,410,456,336
0.78,-5.74,-9.73,0.19,0.03,-0.26,469,405,417,470,336
0.21,-4.71,-9.10,0.35,0.06,0.01,500,427,438,480,362
1.54,-7.47,-8.59,-0.61,0.31,-0.05,494,426,435,477,363
3.18,-5.02,-8.52,-0.08,0.05,-0.25,492,423,434,478,354
3.32,-3.55,-9.70,0.04,-0.15,0.29,482,413,425,471,340
-1.17,-4.44,-8.39,0.14,-0.01,-0.03,444,388,396,439,335
3.54,-5.26,-9.20,0.23,-0.16,0.18,481,410,415,469,346
1.13,-6.39,-8.78,0.19,0.53,-0.33,497,429,431,478,361
1.91,-8.05,-8.73,-0.23,-0.08,-0.08,492,427,428,476,358
3.98,-4.79,-9.40,-0.25,-0.18,-0.20,484,415,421,470,345
1.48,-3.32,-9.39,0.05,-0.03,0.17,449,390,394,440,335
3.60,-7.49,-10.53,0.22,0.01,-0.00,458,404,408,458,342
0.11,-7.18,-9.08,-0.13,0.06,0.32,498,430,434,481,365
2.40,-6.48,-8.74,-0.48,-0.06,-0.34,491,429,432,477,362
2.05,-4.45,-9.80,-0.07,0.01,-0.12,484,421,424,474,349
END
1.90,-3.61,-8.56,0.15,0.04,0.17,456,388,399,439,337
0.05,-7.67,-8.76,-0.07,0.24,-0.26,459,390,397,435,338
7.71,2.28,-9.18,-0.20,0.15,-0.12,487,418,431,473,367
7.83,-6.47,-9.19,-0.38,0.12,-0.01,484,416,429,470,363
4.26,-5.66,-7.89,0.18,-0.05,0.22,481,413,425,468,352
3.58,-2.87,-9.20,0.01,-0.35,0.28,457,388,401,443,340
-0.19,-3.22,-8.45,0.41,-0.05,0.01,415,364,373,409,335
1.44,-5.65,-8.36,0.08,-0.04,0.30,478,409,419,471,356
5.76,-6.74,-7.40,-0.10,-0.14,-0.29,488,422,433,474,367
1.74,-5.48,-9.32,0.22,0.10,-0.26,484,420,431,472,358
3.00,-4.45,-8.52,0.00,-0.25,0.19,474,407,420,463,348
1.69,-4.95,-8.59,0.19,-0.12,0.07,432,374,388,425,341
2.89,-5.50,-9.82,0.02,-0.03,-0.07,452,393,404,452,342
1.26,-4.91,-9.99,-0.05,0.13,-0.11,489,426,434,480,365
3.93,-6.38,-9.45,-0.60,0.06,-0.02,482,422,432,479,360
4.13,-4.44,-9.18,-0.26,-0.31,0.20,471,409,421,469,350
1.79,-3.08,-10.29,0.14,-0.16,0.06,429,376,391,436,340
1.53,-5.23,-9.50,0.17,-0.12,-0.07,443,391,403,457,346
0.55,-5.00,-10.15,0.19,0.03,-0.01,486,422,432,475,377
2.41,-7.23,-8.56,-0.27,-0.16,-0.08,479,418,430,473,376
1.59,-5.35,-8.50,-0.07,0.16,-0.20,476,416,426,472,362
2.96,-4.34,-9.19,0.04,-0.31,0.37,465,404,417,463,347
1.06,-3.67,-9.40,0.12,-0.09,0.24,423,377,389,431,338
1.93,-7.13,-8.71,0.23,0.10,-0.20,396,364,378,425,335
-2.61,-0.95,-6.16,0.36,-0.20,0.10,491,420,431,478,368
2.67,-5.13,-7.72,-0.32,0.02,-0.17,485,416,427,472,373
1.26,-4.29,-8.57,-0.01,0.14,-0.19,483,414,426,472,365
2.71,-3.55,-9.12,0.29,-0.13,0.24,477,408,419,466,349
0.31,-4.54,-9.14,0.14,0.06,0.13,426,374,389,426,337
2.22,-6.83,-8.70,0.20,0.12,-0.09,392,361,375,407,331
-1.17,-2.81,-5.11,0.52,-0.20,-0.06,490,427,435,471,362
0.02,-5.01,-7.21,0.02,0.11,-0.67,485,424,434,468,363
1.77,-5.96,-8.10,0.18,0.13,-0.12,482,423,434,469,353
3.33,-4.72,-9.12,-0.03,-0.29,0.30,478,418,431,465,344
0.50,-2.94,-9.56,0.25,-0.04,0.25,435,386,404,434,336
-2.00,-3.73,-8.76,0.83,0.45,0.04,365,354,351,379,332
END
3.27,-0.88,-10.90,-1.31,-0.33,-0.16,482,415,427,474,363
1.95,-6.26,-7.81,-0.10,0.13,-0.30,488,425,435,474,368
2.53,-5.10,-8.59,0.09,0.18,-0.31,485,424,434,475,360
3.08,-4.01,-8.28,-0.02,-0.01,0.27,477,414,424,469,348
2.68,-3.86,-9.25,0.08,-0.20,0.04,439,384,396,436,340
0.83,-3.17,-9.34,0.26,0.01,-0.11,389,358,365,392,336
3.83,-7.71,-8.95,-0.15,-0.13,-0.14,455,401,407,449,350
2.81,-8.33,-8.58,-0.19,0.09,0.04,487,427,435,475,368
2.62,-6.27,-8.81,-0.11,0.01,-0.23,481,423,432,473,363
2.89,-3.98,-9.04,0.01,-0.02,0.27,472,411,422,464,350
1.10,-2.57,-8.98,-0.02,-0.16,0.16,427,379,391,423,339
1.13,-5.15,-8.73,0.46,0.07,-0.41,383,356,361,380,334
0.05,-5.51,-7.52,0.00,-0.07,0.48,466,412,416,471,351
0.70,-8.29,-9.30,-0.38,0.05,-0.10,489,427,432,478,365
4.11,-5.64,-8.77,-0.30,-0.11,0.02,479,420,430,474,361
1.87,-2.05,-9.16,0.13,-0.05,0.05,456,397,410,449,350
0.91,-4.76,-8.90,0.46,-0.01,-0.18,395,364,373,406,338
4.29,-6.39,-8.30,-0.34,-0.34,-0.07,444,396,405,453,346
-3.95,0.13,-8.12,0.17,0.45,-0.57,500,431,435,478,375
1.31,-7.62,-8.59,0.05,-0.11,-0.18,494,428,433,475,375
3.01,-4.82,-8.58,0.05,0.34,-0.16,490,425,432,476,360
3.74,-4.02,-8.97,0.19,-0.23,0.13,475,408,418,462,345
0.23,-4.41,-9.30,0.48,-0.03,-0.30,406,374,378,412,335
1.63,-4.97,-8.20,-0.04,0.13,-0.04,387,361,360,400,330
1.26,-3.81,-8.26,0.37,-0.10,0.90,502,435,434,495,355
3.47,-5.28,-8.88,0.25,0.51,-0.91,502,436,434,484,361
2.15,-9.45,-9.20,0.07,-0.25,-0.03,498,431,432,480,361
2.11,-6.17,-8.22,-0.42,-0.03,-0.04,496,429,429,480,354
2.63,-3.60,-9.35,-0.30,-0.08,0.32,488,420,424,472,346
1.95,-3.79,-8.48,0.06,-0.10,0.21,453,398,402,445,339
0.03,-4.20,-10.09,-0.20,-0.03,-0.14,472,419,418,470,348
-3.27,-5.13,-10.88,1.14,0.97,-1.16,495,434,436,481,374
2.18,-12.01,-9.64,-0.59,-0.15,0.39,489,430,433,478,371
2.68,-5.26,-8.51,-0.35,-0.07,-0.01,487,426,428,476,354
2.38,-2.35,-8.92,0.06,-0.02,0.16,475,411,416,465,344
0.90,-4.20,-9.43,0.13,0.02,0.13,449,392,397,445,340
END
-1.63,0.03,-4.16,-0.19,-0.31,-0.70,421,391,406,445,330
-2.53,0.42,-8.61,-0.18,-0.25,-0.13,497,430,440,481,355
2.64,-6.11,-7.34,-0.13,-0.04,-0.25,491,428,437,478,355
3.18,-4.53,-8.12,-0.19,0.17,0.11,486,423,437,478,347
2.87,-3.55,-9.45,0.20,-0.08,0.14,452,397,413,455,336
0.11,-5.51,-8.46,0.34,0.05,-0.10,392,369,378,412,330
0.65,-3.46,-3.53,0.60,-0.30,0.36,494,427,436,479,364
-0.17,-4.07,-5.83,0.23,0.77,-0.96,490,429,437,476,367
4.96,-5.27,-7.10,0.34,0.18,-0.24,485,425,435,475,355
4.05,-3.80,-9.44,0.01,-0.14,0.14,466,410,424,466,340
-0.03,-4.69,-9.23,0.50,-0.09,-0.02,405,378,391,426,338
4.29,-7.15,-9.31,0.00,0.06,-0.22,398,377,390,436,341
-1.44,-2.69,-6.86,0.40,0.13,-0.22,486,427,435,484,359
2.09,-7.76,-8.26,-0.23,-0.17,-0.07,490,429,435,479,364
1.44,-4.83,-9.85,-0.14,0.01,-0.07,481,424,432,478,352
2.79,-4.49,-9.17,0.31,0.06,0.32,441,400,408,455,336
1.44,-5.23,-8.28,0.25,0.02,0.08,384,368,376,404,331
4.52,-7.63,-8.22,0.01,-0.11,-0.18,399,379,394,438,331
-4.19,0.88,-4.83,0.20,-0.20,-0.30,501,433,438,482,356
0.63,-6.34,-7.98,0.13,-0.08,-0.61,494,431,438,477,361
1.64,-4.74,-9.10,0.04,0.19,0.09,489,428,436,478,352
2.34,-4.06,-9.16,0.04,-0.04,0.35,465,409,418,461,340
0.64,-5.15,-8.74,0.27,0.10,-0.22,399,372,379,409,332
3.64,-7.25,-10.67,-0.41,-0.49,0.40,473,420,425,471,355
2.80,-5.94,-10.60,-0.74,0.13,0.02,486,422,433,469,373
2.93,-5.61,-8.93,0.07,0.17,-0.31,479,414,426,465,366
3.80,-4.49,-9.18,-0.02,-0.18,0.25,474,409,422,464,353
2.33,-3.32,-9.49,0.07,-0.08,0.27,451,391,404,443,340
-0.08,-4.07,-8.77,0.60,0.08,0.12,396,364,376,406,332
1.86,-5.79,-8.56,-0.39,-0.03,0.13,481,423,427,470,351
2.89,-8.09,-8.17,-0.20,0.19,-0.52,491,429,439,473,366
2.59,-5.61,-9.12,0.13,0.07,-0.23,486,425,437,471,358
2.89,-3.78,-8.91,-0.06,0.03,0.15,483,422,433,472,343
0.80,-3.29,-8.32,-0.05,-0.02,0.21,455,399,411,451,333
-1.00,-2.81,-8.81,0.31,0.03,-0.45,403,369,380,413,331
3.42,-2.18,-7.16,0.03,-0.17,0.03,478,415,428,468,363
END
5.55,-7.54,-6.81,0.15,0.40,-0.79,482,426,424,482,351
1.46,-3.21,-9.90,-0.22,0.11,-0.40,498,438,434,479,364
1.46,-6.55,-9.06,0.01,0.08,-0.20,493,434,432,478,360
3.38,-5.43,-8.30,-0.23,-0.05,0.21,484,425,427,473,348
2.34,-3.71,-8.98,0.35,0.01,0.37,445,398,398,435,335
0.86,-6.03,-9.29,0.49,0.32,-0.26,372,362,339,367,326
5.05,-8.48,-5.82,-0.15,-0.41,-0.22,403,382,384,444,329
-6.78,1.14,-4.64,-0.87,-0.39,-0.42,493,437,440,486,365
2.94,-5.32,-9.10,0.41,-0.13,-0.59,492,434,438,481,368
1.31,-5.56,-8.92,-0.05,0.30,0.01,486,431,437,481,358
2.94,-3.92,-9.70,0.10,-0.12,0.48,465,415,425,471,346
0.39,-3.81,-8.66,0.74,0.19,-0.42,379,367,370,406,332
2.30,-8.40,-6.39,-0.08,0.13,0.10,358,352,342,377,327
5.04,-8.66,-7.85,0.13,0.24,0.29,416,397,414,482,338
2.30,2.14,-10.06,0.06,0.23,-0.57,508,444,442,492,367
-0.17,-8.38,-9.32,-0.16,-0.08,-0.13,498,436,437,486,371
2.48,-5.89,-8.10,-0.17,0.12,0.08,494,432,436,487,358
3.43,-3.90,-8.30,0.10,0.01,0.30,482,421,427,480,344
1.17,-3.25,-8.79,0.20,-0.16,0.02,426,390,401,444,335
1.64,-6.78,-7.87,1.14,0.32,-0.52,368,356,353,387,328
3.73,-6.73,-7.99,-0.57,-0.32,-0.29,391,375,387,457,329
0.95,-3.37,-7.19,-0.91,-0.65,-0.21,501,441,439,493,360
3.64,-4.58,-4.94,-0.16,0.24,-0.43,497,434,436,486,360
3.64,-4.25,-8.66,0.39,0.14,-0.28,491,431,434,485,354
3.35,-4.40,-10.47,-0.19,-0.16,0.37,478,419,425,475,344
0.01,-3.19,-9.14,0.26,-0.13,0.32,422,388,398,441,336
0.62,-4.52,-8.95,1.31,0.30,-0.59,361,350,349,384,327
1.90,-7.29,-5.65,0.29,0.17,-0.07,353,342,341,388,325
4.39,-4.62,-7.82,-0.94,-0.37,0.74,481,423,423,488,344
1.14,-3.57,-10.19,-0.47,0.12,-0.36,495,424,428,480,362
1.06,-5.43,-9.91,0.11,0.16,-0.16,489,418,423,477,356
3.37,-4.24,-9.29,-0.00,0.18,-0.10,486,417,426,478,341
1.95,-3.51,-8.54,0.24,0.01,0.29,472,408,417,469,343
1.03,-3.50,-8.33,0.46,-0.20,-0.26,407,375,384,422,348
0.41,-5.27,-7.82,0.32,0.18,-0.34,368,352,355,384,349
4.55,-7.77,-8.20,-0.11,0.09,0.21,422,392,409,467,360
END
-4.17,-0.72,-9.10,-1.18,-0.33,-0.24,487,425,436,473,354
0.83,-3.55,-9.38,0.12,-0.22,0.29,460,403,415,449,343
-0.08,-3.68,-8.29,0.41,0.02,-0.13,397,371,378,399,334
3.40,-8.31,-7.62,0.14,-0.01,-0.36,403,376,387,425,332
0.80,-0.11,-8.03,0.15,-0.16,0.36,496,430,434,477,361
2.19,-6.81,-7.67,0.00,0.13,-0.61,494,432,435,474,367
2.88,-4.24,-10.02,0.02,0.06,-0.12,491,428,434,473,358
2.29,-3.70,-9.61,-0.07,-0.32,0.30,484,420,426,467,346
0.55,-4.01,-8.62,0.31,-0.23,0.33,441,392,401,433,337
-1.62,-3.50,-8.63,0.49,0.35,-0.18,383,363,366,388,332
2.73,-7.85,-9.32,-0.75,-0.25,0.18,488,429,433,482,351
5.05,-9.73,-8.70,-0.14,0.40,-0.26,501,435,440,477,369
2.07,-7.09,-11.02,0.39,0.21,-0.48,495,431,437,476,366
4.26,-3.88,-7.23,-0.11,-0.04,0.14,494,430,435,479,353
1.88,-2.70,-8.94,0.18,-0.12,0.10,478,416,419,465,341
-0.23,-4.49,-8.16,0.31,-0.12,-0.01,418,384,387,423,336
2.47,-8.92,-8.18,-0.11,0.08,-0.25,422,389,398,453,337
-11.40,3.12,-8.59,-0.98,-0.20,-0.70,501,435,439,484,372
5.30,-6.45,-9.73,-0.21,-0.34,-0.77,495,432,440,482,372
1.72,-3.70,-9.14,-0.09,0.40,0.10,491,429,438,482,359
3.33,-3.60,-8.52,0.31,-0.19,0.09,486,424,431,481,341
2.80,-3.85,-8.54,-0.01,-0.14,0.28,458,402,409,451,334
-1.36,-3.52,-8.87,0.06,0.00,0.01,407,377,379,398,329
4.57,-0.83,-8.31,0.24,-0.44,0.69,488,426,436,475,356
1.60,-5.18,-8.03,-0.35,0.55,-0.65,493,431,441,473,359
1.56,-5.54,-9.27,0.25,-0.24,-0.02,488,427,439,473,352
1.21,-2.63,-9.82,-0.04,-0.08,0.30,470,409,425,458,340
-0.90,-3.15,-8.98,0.23,0.00,-0.23,404,376,386,421,332
1.72,1.34,-12.63,-0.12,-0.11,-0.13,485,428,442,490,345
-1.54,-7.82,-7.68,-0.18,0.39,-0.08,496,435,442,485,357
2.46,-5.95,-9.07,0.03,0.17,-0.14,489,431,440,485,349
3.42,-3.27,-9.72,-0.05,0.08,0.11,472,415,427,472,337
0.84,-3.09,-9.89,0.14,-0.15,0.13,428,384,394,424,332
2.62,-5.30,-9.84,0.46,0.21,-0.13,412,379,391,424,330
-3.26,0.43,-8.13,-0.46,-0.24,-0.12,496,433,444,479,364
2.81,-4.72,-8.53,-0.40,-0.23,-0.20,491,431,441,475,370
END
2.00,-5.08,-9.10,-0.14,0.21,-0.05,484,420,432,474,352
2.94,-4.24,-9.07,0.07,-0.16,0.19,468,405,418,461,340
0.39,-3.73,-8.23,0.10,-0.23,0.05,430,381,393,432,335
1.49,-5.73,-10.43,-0.02,-0.02,-0.17,469,409,422,468,349
0.61,-4.36,-9.60,-0.07,-0.19,0.68,487,422,433,469,381
3.91,-9.71,-8.10,-0.33,0.33,-0.18,484,420,432,468,368
3.78,-7.97,-7.94,0.03,0.15,0.05,483,421,432,472,347
3.47,-3.39,-9.35,0.43,0.01,-0.02,462,405,414,455,343
0.75,-2.76,-8.71,0.20,-0.05,-0.20,421,383,390,430,340
1.59,-4.03,-6.05,0.01,-0.51,0.37,494,429,440,482,356
1.89,-5.69,-5.85,0.46,0.60,-0.75,489,429,443,480,358
3.81,-7.49,-7.61,-0.24,0.24,-0.26,487,427,442,481,349
3.75,-3.46,-9.58,-0.15,-0.12,0.26,481,420,432,473,344
1.00,-3.47,-8.68,-0.12,-0.21,0.09,455,398,410,446,344
0.84,-4.27,-9.36,0.24,-0.01,-0.24,437,388,401,443,343
2.60,-2.12,-6.73,0.06,-0.04,0.16,489,427,439,475,357
2.40,-6.63,-7.37,-0.43,0.16,-0.28,483,425,437,473,357
3.03,-5.39,-9.10,-0.03,0.00,-0.35,481,422,435,474,345
2.84,-3.59,-9.10,0.05,-0.08,0.47,460,402,415,454,336
0.22,-2.42,-9.27,0.09,-0.12,-0.33,404,370,378,410,334
7.33,-8.46,-9.73,0.08,0.15,-0.02,423,384,395,440,333
-7.12,4.01,-8.16,0.26,0.28,-0.35,496,432,439,479,358
2.15,-8.89,-9.42,-0.17,-0.27,-0.51,489,429,438,476,359
2.48,-4.23,-9.40,-0.24,0.09,0.13,485,425,435,477,348
2.42,-3.20,-8.38,0.15,0.07,0.27,460,403,413,455,337
1.79,-4.01,-8.69,0.35,-0.01,-0.16,412,375,383,415,335
6.27,-4.59,-6.32,0.06,-0.41,0.33,487,420,429,478,355
1.72,-7.00,-6.05,0.41,0.68,-0.70,493,430,437,475,357
2.52,-6.33,-8.00,0.27,0.10,-0.20,489,428,436,475,352
4.37,-3.98,-9.75,-0.06,-0.11,0.15,478,416,423,465,344
0.93,-3.97,-9.15,0.07,-0.15,0.23,439,389,397,429,338
2.59,-6.09,-11.37,0.20,0.10,-0.32,472,411,417,456,345
-1.69,-3.85,-8.76,0.52,0.66,-0.43,497,431,441,476,363
3.10,-9.93,-8.56,-0.31,-0.27,0.44,494,428,438,473,363
3.72,-5.00,-9.45,-0.54,-0.15,-0.17,489,422,432,468,354
2.73,-3.52,-9.53,-0.00,-0.07,0.07,469,404,414,450,342
END
1.25,-6.22,-8.83,0.34,-0.05,-0.06,460,406,404,483,352
1.59,-7.88,-9.69,0.17,-0.03,0.12,496,427,430,488,361
2.72,-6.07,-9.22,-0.02,0.02,-0.18,492,425,428,486,357
2.83,-4.39,-8.43,-0.07,-0.01,0.25,482,414,418,478,347
1.91,-4.24,-8.61,-0.04,-0.11,0.10,441,384,392,444,337
0.37,-4.70,-8.09,0.32,-0.03,-0.33,391,361,368,405,333
2.30,-2.18,-7.44,0.12,-0.19,0.43,482,415,420,476,355
1.33,-7.46,-9.50,-0.02,0.27,-0.34,488,425,430,476,360
3.52,-6.14,-8.49,-0.15,-0.07,-0.02,473,411,421,468,350
2.25,-2.33,-9.66,0.10,-0.10,0.18,416,373,384,419,334
2.52,-6.29,-9.02,0.73,0.40,-0.70,357,341,338,365,328
1.59,-2.95,-8.66,-0.09,-0.46,1.31,451,404,409,480,347
1.53,-4.58,-4.69,-0.28,0.38,-0.70,498,430,432,487,366
1.67,-6.17,-8.27,0.31,0.16,-0.41,493,426,429,484,360
3.40,-4.52,-9.25,0.11,0.07,0.21,479,415,419,479,343
1.13,-4.27,-9.56,0.02,-0.02,-0.08,414,377,386,438,332
2.99,-5.72,-8.02,0.32,0.15,-0.34,361,348,348,382,326
5.48,-4.76,-9.47,0.09,0.06,1.24,450,412,422,487,339
7.27,-0.97,-8.10,-0.61,-0.10,-0.26,503,437,439,487,361
0.40,-7.72,-8.13,-0.32,0.09,-0.03,495,431,432,485,356
2.18,-3.72,-8.59,0.01,0.12,-0.16,489,425,427,481,347
3.37,-4.85,-8.78,0.22,-0.21,0.22,461,401,404,455,338
1.67,-4.74,-8.51,0.25,0.01,-0.11,406,371,373,414,333
6.76,-10.65,-8.51,-0.19,-0.21,0.13,445,398,405,446,337
1.33,-7.77,-7.98,-0.77,-0.07,0.05,497,428,436,473,365
0.75,-6.42,-7.82,-0.19,0.21,-0.16,490,423,431,470,358
2.66,-4.83,-8.48,-0.08,0.04,0.05,484,419,427,469,348
1.37,-3.79,-8.76,0.02,-0.01,0.13,457,396,405,443,340
0.91,-3.48,-8.98,0.32,0.05,-0.09,414,373,377,411,336
-1.08,0.94,-5.74,0.25,-0.43,-0.00,492,423,432,473,362
0.90,-5.51,-6.28,-0.23,0.55,-0.45,488,423,431,473,361
2.25,-5.94,-7.54,0.19,0.09,0.00,485,420,425,471,353
3.21,-3.83,-9.32,0.03,-0.15,0.36,470,405,412,457,340
1.60,-4.36,-9.61,0.04,-0.13,0.11,425,371,382,423,334
4.46,-5.56,-11.16,0.02,-0.09,0.20,460,400,407,452,341
-0.75,-6.40,-9.29,-0.37,0.10,0.18,487,422,434,470,369
END
3.17,-8.05,-9.21,-0.30,0.16,-0.18,484,422,433,472,358
1.53,-5.38,-9.01,0.03,0.19,0.02,478,417,428,471,351
1.71,-4.62,-8.36,-0.05,-0.04,0.31,450,393,405,443,340
1.59,-4.16,-8.57,0.20,0.08,-0.24,390,359,367,389,333
6.31,-6.83,-10.14,-0.24,-0.07,-0.06,426,384,396,434,335
5.20,-1.68,-7.25,-0.43,-0.33,-0.07,491,423,433,472,363
-0.09,-7.77,-8.41,0.03,-0.05,-0.40,483,419,430,468,362
1.56,-5.11,-8.95,-0.24,0.21,-0.01,477,412,424,467,347
2.51,-3.21,-10.92,0.03,0.12,0.24,430,378,392,426,335
2.61,-3.14,-9.53,0.36,0.22,-0.58,364,346,352,377,330
5.48,-3.73,-4.49,0.58,-0.43,0.70,485,413,424,476,365
1.97,-10.26,-13.13,0.61,0.26,-0.94,493,426,435,473,370
0.37,-7.59,-8.41,0.09,0.14,-0.07,489,424,435,474,361
2.79,-4.72,-8.71,-0.22,-0.08,0.32,483,418,427,472,347
2.75,-2.50,-9.83,-0.11,-0.05,0.18,450,391,402,442,338
-0.24,-3.36,-8.98,0.30,0.02,-0.20,393,363,368,398,332
3.83,-0.83,-8.22,0.54,-0.08,0.60,492,423,429,483,352
2.74,-8.38,-8.20,-0.37,-0.00,-0.41,493,427,433,477,361
2.99,-5.89,-8.48,-0.36,0.09,0.09,488,423,430,476,352
2.86,-2.29,-9.50,-0.05,-0.04,0.33,469,405,415,462,343
1.88,-2.72,-8.87,0.32,-0.13,0.05,411,372,379,416,337
3.77,-8.75,-7.78,0.56,0.01,-0.29,408,377,389,437,339
-2.53,2.44,-8.29,0.30,0.30,-0.03,487,421,431,479,361
3.35,-6.88,-8.27,-0.16,0.12,-0.36,480,419,428,475,359
2.74,-4.33,-9.23,0.04,0.27,0.01,468,407,417,467,348
2.48,-3.46,-9.36,0.11,-0.02,0.03,429,378,389,428,339
2.26,-5.04,-9.51,0.32,0.06,-0.21,409,370,382,413,336
0.27,-1.03,-6.37,0.10,-0.22,0.14,487,420,432,473,359
1.77,-7.10,-8.25,-0.28,0.14,-0.09,480,420,431,469,356
2.37,-5.25,-8.95,-0.01,0.09,-0.01,469,409,421,465,347
1.65,-3.28,-9.22,-0.00,-0.03,0.31,430,377,391,429,339
0.97,-3.29,-8.87,0.24,0.06,-0.03,389,352,364,391,334
1.60,-1.08,-5.72,0.43,-0.24,-0.01,477,415,429,474,353
1.17,-6.91,-7.39,0.18,0.31,-0.40,487,426,436,476,356
2.91,-6.20,-9.24,-0.14,0.26,-0.13,480,422,432,475,347
3.50,-3.02,-9.52,-0.02,0.00,0.12,463,404,418,463,338
END