2.19,-6.51,-6.51,0.07,0.07,0.07,338,320,325,361,330
2.45,-6.09,-6.09,0.06,0.06,0.06,338,320,325,362,330
1.97,-5.29,-5.29,0.14,0.14,0.14,345,327,333,367,336
4.87,-7.37,-7.37,0.12,0.12,0.12,449,413,399,437,331
3.63,-7.21,-7.21,-0.16,-0.16,-0.16,536,457,447,498,336
-0.90,-3.98,-3.98,-0.07,-0.07,-0.07,533,455,447,498,335
-1.43,-3.51,-3.51,0.04,0.04,0.04,529,451,443,495,333
15.03,-3.14,-3.14,-0.10,-0.10,-0.10,520,446,441,491,334
8.59,-3.22,-3.22,0.05,0.05,0.05,518,446,439,488,333
8.61,-2.84,-2.84,0.07,0.07,0.07,516,445,438,487,333
8.67,-2.93,-2.93,0.00,0.00,0.00,515,444,437,486,332
END
8.31,-3.04,-3.04,0.02,0.02,0.02,333,316,304,347,323
1.56,-4.01,-4.01,-0.03,-0.03,-0.03,334,317,305,348,323
1.28,-1.84,-1.84,0.44,0.44,0.44,375,374,364,425,324
6.68,-4.70,-4.70,1.08,1.08,1.08,467,441,423,494,327
9.12,-7.01,-7.01,0.53,0.53,0.53,544,475,462,529,333
-0.19,-5.41,-5.41,-0.38,-0.38,-0.38,541,471,454,523,332
0.52,-3.78,-3.78,-0.07,-0.07,-0.07,536,469,450,520,335
3.39,-4.03,-4.03,-0.10,-0.10,-0.10,533,467,447,518,335
12.19,-3.17,-3.17,0.02,0.02,0.02,528,464,446,517,335
6.98,-2.70,-2.70,0.02,0.02,0.02,526,463,445,515,333
7.65,-3.14,-3.14,0.04,0.04,0.04,525,463,445,514,333
END
7.44,-2.82,-2.82,0.03,0.03,0.03,340,313,312,353,323
3.05,-3.94,-3.94,-0.08,-0.08,-0.08,363,342,341,375,324
3.17,-1.35,-1.35,0.40,0.40,0.40,491,429,428,482,334
5.71,-4.06,-4.06,0.89,0.89,0.89,512,416,439,491,336
1.67,-6.77,-6.77,-0.09,-0.09,-0.09,527,452,452,508,341
1.36,-3.34,-3.34,-0.23,-0.23,-0.23,519,447,444,507,356
-1.07,-4.29,-4.29,0.02,0.02,0.02,515,444,440,504,354
5.46,-3.58,-3.58,-0.33,-0.33,-0.33,512,433,438,502,354
15.78,-1.13,-1.13,-0.28,-0.28,-0.28,508,432,436,499,354
7.35,-1.90,-1.90,0.04,0.04,0.04,507,336,435,498,351
8.66,-1.51,-1.51,0.03,0.03,0.03,506,320,435,497,351
END
8.00,-1.45,-1.45,0.01,0.01,0.01,337,309,304,348,323
3.67,-4.02,-4.02,0.08,0.08,0.08,338,309,304,348,323
3.51,-0.90,-0.90,0.59,0.59,0.59,368,344,350,388,325
8.20,-5.54,-5.54,0.76,0.76,0.76,415,373,382,436,332
9.80,-5.08,-5.08,0.04,0.04,0.04,503,434,442,486,341
1.83,-3.19,-3.19,-0.03,-0.03,-0.03,513,440,445,493,348
-3.19,-4.47,-4.47,0.04,0.04,0.04,512,438,441,490,344
4.85,-3.29,-3.29,-0.17,-0.17,-0.17,510,430,439,488,343
13.76,-2.68,-2.68,0.03,0.03,0.03,504,434,437,486,344
8.20,-2.28,-2.28,0.08,0.08,0.08,503,430,437,485,344
8.07,-2.86,-2.86,0.07,0.07,0.07,502,418,436,485,344
END
8.50,-2.61,-2.61,0.05,0.05,0.05,339,309,305,350,327
0.98,-1.16,-1.16,0.14,0.14,0.14,343,318,313,357,327
8.69,-1.91,-1.91,0.57,0.57,0.57,462,422,422,490,336
9.55,-4.36,-4.36,0.59,0.59,0.59,513,441,444,507,347
1.03,-3.14,-3.14,0.18,0.18,0.18,506,437,440,506,351
1.55,-3.39,-3.39,0.11,0.11,0.11,503,435,437,505,351
1.95,-4.24,-4.24,-0.13,-0.13,-0.13,501,433,434,503,349
6.45,-1.83,-1.83,-0.20,-0.20,-0.20,499,432,433,502,348
13.70,-1.45,-1.45,-0.03,-0.03,-0.03,497,431,432,500,347
8.18,-0.93,-0.93,0.05,0.05,0.05,496,430,432,499,346
8.93,-1.46,-1.46,0.02,0.02,0.02,495,429,431,498,344
END
9.22,-1.62,-1.62,0.03,0.03,0.03,338,308,306,351,327
2.41,-3.30,-3.30,0.09,0.09,0.09,337,308,307,350,327
0.37,-1.20,-1.20,0.72,0.72,0.72,371,350,349,383,328
10.03,-5.08,-5.08,0.52,0.52,0.52,400,376,379,427,330
5.93,-4.85,-4.85,0.29,0.29,0.29,505,439,445,492,337
1.88,-4.40,-4.40,0.00,0.00,0.00,511,293,446,499,345
0.52,-4.43,-4.43,-0.07,-0.07,-0.07,506,350,441,495,343
5.53,-2.97,-2.97,-0.07,-0.07,-0.07,502,342,437,490,341
12.62,-2.07,-2.07,-0.12,-0.12,-0.12,498,437,436,488,341
9.54,-2.59,-2.59,0.00,0.00,0.00,495,434,434,486,341
8.61,-1.87,-1.87,-0.00,-0.00,-0.00,495,433,434,486,341
END
8.61,-1.93,-1.93,0.01,0.01,0.01,338,307,306,349,327
0.48,-2.66,-2.66,0.03,0.03,0.03,339,308,306,349,327
0.35,-1.59,-1.59,0.04,0.04,0.04,346,320,316,356,328
5.14,-1.97,-1.97,0.86,0.86,0.86,355,341,341,394,330
11.22,-0.86,-0.86,0.72,0.72,0.72,484,444,436,488,350
3.40,-4.09,-4.09,0.51,0.51,0.51,503,448,447,501,354
-0.58,-3.43,-3.43,0.08,0.08,0.08,497,446,443,501,352
1.31,-3.67,-3.67,-0.03,-0.03,-0.03,493,447,441,499,349
5.69,-2.56,-2.56,-0.46,-0.46,-0.46,489,446,439,498,351
16.96,-1.56,-1.56,-0.11,-0.11,-0.11,482,291,437,497,352
7.96,-1.18,-1.18,-0.04,-0.04,-0.04,482,330,436,496,350
END
9.00,-1.51,-1.51,0.05,0.05,0.05,335,313,306,350,342
4.05,-5.71,-5.71,0.19,0.19,0.19,334,312,306,350,342
4.83,-3.44,-3.44,0.57,0.57,0.57,337,316,320,357,341
11.22,-3.47,-3.47,0.68,0.68,0.68,377,377,386,448,336
3.29,-4.55,-4.55,0.07,0.07,0.07,504,446,452,507,342
-1.34,-3.91,-3.91,-0.16,-0.16,-0.16,504,448,451,511,350
3.29,-3.13,-3.13,-0.46,-0.46,-0.46,497,445,447,509,349
10.70,-1.49,-1.49,-0.26,-0.26,-0.26,493,443,444,507,348
8.67,-0.27,-0.27,-0.10,-0.10,-0.10,491,441,443,505,347
8.35,-0.34,-0.34,0.05,0.05,0.05,490,441,442,504,347
8.99,-0.51,-0.51,0.00,0.00,0.00,489,439,440,503,346
END
8.31,-0.47,-0.47,0.03,0.03,0.03,335,306,300,343,325
3.14,-3.65,-3.65,0.10,0.10,0.10,336,306,301,343,325
2.67,-1.94,-1.94,0.42,0.42,0.42,377,349,342,378,327
13.81,-1.89,-1.89,0.61,0.61,0.61,477,414,413,455,336
1.51,-3.28,-3.28,0.50,0.50,0.50,514,446,453,496,346
-0.17,-3.73,-3.73,0.08,0.08,0.08,508,445,459,511,347
-0.82,-3.75,-3.75,-0.11,-0.11,-0.11,505,443,454,511,345
6.95,-2.12,-2.12,-0.34,-0.34,-0.34,503,443,452,508,352
8.52,-1.56,-1.56,0.02,0.02,0.02,500,442,450,506,351
8.58,-1.21,-1.21,0.05,0.05,0.05,498,440,449,505,349
8.00,-1.31,-1.31,0.05,0.05,0.05,497,439,448,504,348
END
8.52,-0.89,-0.89,0.05,0.05,0.05,425,391,397,444,334
3.94,-2.20,-2.20,-1.09,-1.09,-1.09,332,308,304,347,328
-0.52,-1.69,-1.69,-0.03,-0.03,-0.03,333,308,303,345,327
1.88,-2.05,-2.05,0.38,0.38,0.38,352,330,326,359,328
8.15,-3.91,-3.91,0.55,0.55,0.55,380,372,371,431,327
1.79,-3.55,-3.55,-0.15,-0.15,-0.15,498,442,444,498,343
0.24,-4.03,-4.03,0.07,0.07,0.07,494,441,441,500,343
3.71,-3.05,-3.05,-0.26,-0.26,-0.26,491,436,438,497,343
6.65,-0.24,-0.24,-0.33,-0.33,-0.33,489,433,435,496,343
11.18,1.51,1.51,-0.03,-0.03,-0.03,485,433,434,494,343
8.43,0.45,0.45,0.05,0.05,0.05,485,433,434,493,342
END
8.79,0.25,0.25,0.05,0.05,0.05,330,305,300,343,326
0.76,-3.27,-3.27,0.12,0.12,0.12,331,305,301,344,326
0.26,-1.94,-1.94,0.11,0.11,0.11,340,320,325,367,328
8.38,-1.70,-1.70,0.62,0.62,0.62,453,418,417,477,341
4.75,-5.03,-5.03,0.34,0.34,0.34,507,446,448,505,344
0.85,-4.21,-4.21,0.07,0.07,0.07,493,439,437,501,333
4.68,-3.52,-3.52,-0.40,-0.40,-0.40,487,407,435,499,330
10.77,-0.19,-0.19,-0.28,-0.28,-0.28,483,432,433,496,330
10.11,-1.06,-1.06,0.05,0.05,0.05,481,431,432,495,329
10.09,-0.54,-0.54,-0.00,-0.00,-0.00,481,304,432,494,329
9.18,-1.12,-1.12,0.04,0.04,0.04,480,295,432,493,329
END
9.20,-0.87,-0.87,0.01,0.01,0.01,335,309,303,344,320
2.89,-2.69,-2.69,0.58,0.58,0.58,379,364,351,399,322
12.79,-3.30,-3.30,0.68,0.68,0.68,501,353,422,473,330
3.28,-5.38,-5.38,0.30,0.30,0.30,514,442,436,491,331
1.65,-4.13,-4.13,-0.00,-0.00,-0.00,510,448,445,495,329
0.70,-5.37,-5.37,-0.29,-0.29,-0.29,513,451,450,500,329
4.11,-3.37,-3.37,-0.29,-0.29,-0.29,509,449,444,496,329
12.11,-0.92,-0.92,-0.32,-0.32,-0.32,504,446,443,494,330
9.72,-1.44,-1.44,0.06,0.06,0.06,502,445,442,493,330
8.34,-1.18,-1.18,-0.04,-0.04,-0.04,501,444,441,492,330
8.30,-1.06,-1.06,0.05,0.05,0.05,501,444,441,491,329
END
7.59,-1.53,-1.53,-0.06,-0.06,-0.06,334,310,304,348,321
2.35,-2.17,-2.17,0.76,0.76,0.76,358,339,349,411,324
8.70,-2.99,-2.99,0.38,0.38,0.38,498,442,441,505,338
5.53,-5.10,-5.10,0.36,0.36,0.36,491,440,439,503,337
1.84,-4.41,-4.41,0.12,0.12,0.12,484,435,434,500,330
0.19,-4.21,-4.21,-0.03,-0.03,-0.03,484,435,433,498,329
7.92,-2.06,-2.06,-0.26,-0.26,-0.26,483,433,431,498,328
12.76,0.26,0.26,-0.13,-0.13,-0.13,483,432,430,496,328
10.31,-0.15,-0.15,0.04,0.04,0.04,483,431,430,494,327
9.30,-0.58,-0.58,0.06,0.06,0.06,482,431,429,494,326
8.89,-0.52,-0.52,0.05,0.05,0.05,482,431,429,493,327
END
9.21,-0.46,-0.46,0.08,0.08,0.08,332,305,302,343,319
3.12,-3.51,-3.51,0.39,0.39,0.39,375,373,373,422,322
8.37,-3.20,-3.20,0.41,0.41,0.41,495,459,459,515,332
7.85,-3.28,-3.28,0.59,0.59,0.59,508,283,458,512,339
3.31,-4.41,-4.41,-0.03,-0.03,-0.03,500,450,452,508,336
2.35,-3.04,-3.04,-0.03,-0.03,-0.03,496,448,449,506,335
1.64,-3.32,-3.32,-0.20,-0.20,-0.20,495,446,447,504,334
5.05,-0.47,-0.47,-0.40,-0.40,-0.40,493,444,446,505,334
9.97,1.18,1.18,-0.26,-0.26,-0.26,492,443,445,504,335
9.16,0.80,0.80,0.05,0.05,0.05,492,443,445,503,335
9.30,0.83,0.83,0.02,0.02,0.02,491,442,444,503,335
END
8.72,0.29,0.29,0.03,0.03,0.03,339,311,309,347,322
1.58,-2.51,-2.51,0.05,0.05,0.05,337,309,306,346,323
0.07,-1.75,-1.75,0.58,0.58,0.58,349,330,341,417,324
9.57,-5.10,-5.10,0.55,0.55,0.55,440,426,429,502,330
3.85,-3.67,-3.67,0.20,0.20,0.20,500,287,450,511,340
1.71,-3.80,-3.80,0.19,0.19,0.19,493,441,443,508,337
1.62,-4.18,-4.18,-0.19,-0.19,-0.19,490,439,441,506,336
6.29,-2.46,-2.46,-0.21,-0.21,-0.21,488,437,439,506,335
9.78,-0.34,-0.34,-0.56,-0.56,-0.56,487,435,439,504,336
9.63,0.96,0.96,-0.07,-0.07,-0.07,486,437,439,505,336
9.93,1.31,1.31,0.03,0.03,0.03,485,436,438,504,337
END
8.89,0.75,0.75,0.03,0.03,0.03,336,311,307,349,323
2.51,-3.86,-3.86,0.08,0.08,0.08,337,312,309,351,324
1.93,-2.38,-2.38,0.46,0.46,0.46,445,420,419,481,332
6.88,-2.84,-2.84,0.81,0.81,0.81,499,437,440,501,338
8.25,-5.28,-5.28,0.32,0.32,0.32,492,435,441,498,336
2.81,-3.81,-3.81,0.09,0.09,0.09,488,437,442,497,334
1.11,-4.21,-4.21,-0.04,-0.04,-0.04,486,435,440,496,334
4.05,-4.13,-4.13,-0.25,-0.25,-0.25,484,426,440,501,334
9.14,0.19,0.19,-0.37,-0.37,-0.37,482,427,439,499,332
10.00,0.91,0.91,-0.08,-0.08,-0.08,480,431,437,499,331
10.69,0.46,0.46,0.06,0.06,0.06,480,430,436,497,331
END
8.71,0.09,0.09,0.06,0.06,0.06,330,305,299,342,322
2.73,-3.53,-3.53,0.01,0.01,0.01,331,305,299,342,322
1.40,-1.11,-1.11,0.44,0.44,0.44,347,321,323,385,323
13.60,-2.94,-2.94,0.34,0.34,0.34,481,432,441,511,335
5.88,-4.99,-4.99,0.17,0.17,0.17,508,438,445,508,345
2.02,-3.72,-3.72,0.25,0.25,0.25,499,387,438,505,345
0.26,-3.99,-3.99,0.04,0.04,0.04,495,391,436,504,342
3.55,-3.35,-3.35,-0.20,-0.20,-0.20,494,383,436,502,340
5.91,-2.19,-2.19,-0.13,-0.13,-0.13,493,319,435,502,340
10.06,-1.79,-1.79,-0.07,-0.07,-0.07,492,320,434,501,340
10.29,-0.01,-0.01,0.05,0.05,0.05,490,316,434,500,337
END
9.84,0.05,0.05,-0.02,-0.02,-0.02,336,307,304,348,323
0.68,-2.78,-2.78,0.03,0.03,0.03,336,308,304,349,324
-0.86,-1.44,-1.44,0.08,0.08,0.08,337,308,306,350,324
4.47,-0.50,-0.50,0.27,0.27,0.27,359,341,354,444,326
8.03,-3.34,-3.34,0.20,0.20,0.20,466,436,443,525,351
2.90,-2.69,-2.69,0.69,0.69,0.69,509,446,451,518,342
0.83,-3.91,-3.91,0.16,0.16,0.16,501,441,445,513,338
0.64,-4.31,-4.31,-0.13,-0.13,-0.13,497,439,443,511,337
4.53,-2.76,-2.76,-0.30,-0.30,-0.30,492,433,438,509,337
9.84,-0.02,-0.02,-0.42,-0.42,-0.42,487,431,439,509,337
10.34,0.80,0.80,-0.07,-0.07,-0.07,486,429,438,508,337
END
9.30,0.59,0.59,0.06,0.06,0.06,334,308,300,344,321
0.93,-3.29,-3.29,0.06,0.06,0.06,334,308,300,342,321
0.42,-1.18,-1.18,0.03,0.03,0.03,355,332,334,369,325
6.07,-2.30,-2.30,0.67,0.67,0.67,397,364,374,429,328
9.56,-3.37,-3.37,0.57,0.57,0.57,502,441,455,504,340
5.35,-3.73,-3.73,0.31,0.31,0.31,486,435,449,502,339
0.19,-4.20,-4.20,-0.03,-0.03,-0.03,479,294,446,499,336
1.71,-4.27,-4.27,-0.17,-0.17,-0.17,477,306,444,497,336
5.35,-2.66,-2.66,-0.22,-0.22,-0.22,477,431,442,496,334
9.04,-1.13,-1.13,-0.26,-0.26,-0.26,477,431,441,494,333
10.62,0.58,0.58,-0.07,-0.07,-0.07,476,430,441,494,334
END
2.27,-4.91,-4.91,0.02,0.02,0.02,359,336,340,385,330
2.79,-5.33,-5.33,0.02,0.02,0.02,359,336,340,385,330
1.56,-3.38,-3.38,0.13,0.13,0.13,372,353,366,415,331
6.99,-4.52,-4.52,0.34,0.34,0.34,521,448,452,504,342
3.39,-4.47,-4.47,-0.09,-0.09,-0.09,507,451,456,512,343
1.69,-4.73,-4.73,-0.10,-0.10,-0.10,498,446,451,508,339
0.57,-3.93,-3.93,-0.38,-0.38,-0.38,495,444,449,506,340
4.94,-0.75,-0.75,-0.46,-0.46,-0.46,493,442,447,504,342
13.30,0.46,0.46,-0.01,-0.01,-0.01,490,440,445,502,342
8.07,-1.15,-1.15,0.03,0.03,0.03,490,355,444,501,341
7.75,-1.02,-1.02,0.09,0.09,0.09,489,356,444,500,341
END
8.03,-1.06,-1.06,0.03,0.03,0.03,351,330,329,372,324
2.71,-3.36,-3.36,0.05,0.05,0.05,349,326,331,380,326
0.67,1.13,1.13,0.46,0.46,0.46,384,384,398,472,337
12.54,-3.52,-3.52,0.38,0.38,0.38,517,453,456,515,346
5.97,-4.97,-4.97,0.57,0.57,0.57,502,448,448,511,333
0.86,-3.93,-3.93,-0.12,-0.12,-0.12,496,444,445,508,333
-0.01,-3.70,-3.70,-0.23,-0.23,-0.23,495,443,444,507,331
5.10,-1.87,-1.87,-0.45,-0.45,-0.45,494,441,443,505,332
13.40,0.27,0.27,-0.22,-0.22,-0.22,492,440,442,503,333
9.48,-0.38,-0.38,-0.00,-0.00,-0.00,491,439,441,502,333
8.25,-0.79,-0.79,0.08,0.08,0.08,491,438,440,501,333
END
8.65,-0.61,-0.61,0.07,0.07,0.07,339,318,311,350,321
6.84,-1.00,-1.00,0.95,0.95,0.95,443,415,416,469,325
10.93,-3.54,-3.54,0.71,0.71,0.71,503,449,455,507,333
3.96,-4.05,-4.05,0.14,0.14,0.14,491,445,446,509,333
0.55,-4.53,-4.53,-0.05,-0.05,-0.05,484,441,444,506,333
2.53,-3.75,-3.75,-0.23,-0.23,-0.23,483,439,442,505,334
5.66,-1.64,-1.64,-0.50,-0.50,-0.50,482,437,440,502,336
9.78,-0.97,-0.97,-0.05,-0.05,-0.05,479,435,439,500,335
11.69,-0.18,-0.18,0.02,0.02,0.02,477,433,438,499,336
8.84,-0.70,-0.70,-0.02,-0.02,-0.02,477,433,437,498,335
8.80,-0.92,-0.92,0.03,0.03,0.03,476,433,437,498,335
END
8.68,-1.22,-1.22,0.04,0.04,0.04,335,313,307,350,329
1.20,-4.26,-4.26,0.10,0.10,0.10,336,315,311,350,327
3.89,-2.56,-2.56,0.53,0.53,0.53,451,414,409,447,330
10.40,-3.85,-3.85,0.56,0.56,0.56,513,449,457,493,338
3.57,-2.79,-2.79,0.67,0.67,0.67,502,446,453,505,339
1.90,-3.73,-3.73,0.26,0.26,0.26,495,444,449,501,335
0.06,-4.01,-4.01,-0.10,-0.10,-0.10,492,441,447,498,335
2.99,-2.25,-2.25,-0.16,-0.16,-0.16,492,440,446,496,335
7.58,-1.58,-1.58,-0.20,-0.20,-0.20,492,439,444,495,331
9.06,-1.22,-1.22,-0.01,-0.01,-0.01,489,438,444,494,332
10.68,0.02,0.02,0.04,0.04,0.04,489,437,443,492,331
END
8.51,-0.96,-0.96,0.02,0.02,0.02,331,309,301,345,322
1.87,-4.62,-4.62,0.05,0.05,0.05,331,308,301,346,322
0.24,-2.06,-2.06,0.20,0.20,0.20,375,359,364,429,325
9.10,-1.74,-1.74,0.89,0.89,0.89,456,414,419,489,333
6.29,-5.86,-5.86,0.35,0.35,0.35,503,439,443,501,333
0.26,-3.92,-3.92,-0.08,-0.08,-0.08,509,444,446,504,334
-0.01,-4.95,-4.95,-0.17,-0.17,-0.17,503,441,441,499,335
5.19,-3.44,-3.44,-0.27,-0.27,-0.27,502,438,438,496,335
8.24,-0.71,-0.71,-0.22,-0.22,-0.22,499,437,437,495,337
10.29,-1.09,-1.09,0.04,0.04,0.04,496,436,436,493,337
8.67,-0.81,-0.81,-0.01,-0.01,-0.01,494,434,435,492,336
END
8.64,-1.02,-1.02,0.01,0.01,0.01,356,331,336,384,333
4.57,-3.09,-3.09,0.30,0.30,0.30,363,338,340,389,333
6.10,-1.86,-1.86,0.59,0.59,0.59,512,446,449,505,365
7.56,-4.92,-4.92,0.37,0.37,0.37,495,336,444,503,361
1.84,-4.44,-4.44,0.13,0.13,0.13,490,331,440,501,348
0.73,-4.20,-4.20,-0.11,-0.11,-0.11,487,326,439,499,347
4.47,-3.68,-3.68,-0.16,-0.16,-0.16,488,302,436,497,346
10.98,-1.06,-1.06,-0.70,-0.70,-0.70,488,435,435,496,347
9.83,0.39,0.39,0.02,0.02,0.02,486,434,434,495,346
9.34,-0.85,-0.85,0.09,0.09,0.09,486,433,434,494,345
8.64,-0.96,-0.96,0.05,0.05,0.05,485,433,433,493,345
END
9.01,-0.86,-0.86,0.21,0.21,0.21,328,306,300,346,319
1.31,-3.49,-3.49,0.10,0.10,0.10,330,307,303,347,319
6.57,-1.60,-1.60,0.70,0.70,0.70,336,312,318,358,322
8.79,-5.08,-5.08,0.49,0.49,0.49,446,428,434,477,331
2.67,-3.04,-3.04,0.22,0.22,0.22,493,444,458,502,351
1.21,-3.56,-3.56,0.10,0.10,0.10,486,406,453,498,347
-0.01,-4.56,-4.56,-0.18,-0.18,-0.18,483,393,450,494,345
3.91,-1.39,-1.39,-0.56,-0.56,-0.56,482,317,447,493,347
10.72,0.65,0.65,-0.39,-0.39,-0.39,479,416,446,491,350
10.62,-0.06,-0.06,0.07,0.07,0.07,477,431,445,490,349
8.79,0.18,0.18,0.08,0.08,0.08,476,431,444,489,349
END
7.94,0.28,0.28,0.11,0.11,0.11,336,311,305,348,344
0.83,-3.32,-3.32,0.07,0.07,0.07,336,312,306,349,342
2.71,-2.55,-2.55,0.40,0.40,0.40,384,361,359,405,341
6.46,-4.25,-4.25,0.55,0.55,0.55,473,429,429,499,343
6.87,-3.37,-3.37,0.71,0.71,0.71,505,447,452,512,350
2.79,-3.90,-3.90,0.12,0.12,0.12,497,323,445,507,349
0.78,-4.62,-4.62,-0.05,-0.05,-0.05,496,316,443,506,349
3.11,-3.92,-3.92,-0.28,-0.28,-0.28,495,387,441,504,350
5.10,-1.89,-1.89,-0.46,-0.46,-0.46,492,353,440,503,347
13.31,1.46,1.46,-0.16,-0.16,-0.16,490,425,439,502,341
8.89,-0.28,-0.28,0.05,0.05,0.05,488,438,438,502,337
END
9.15,-0.40,-0.40,0.06,0.06,0.06,339,310,311,350,327
1.23,-2.91,-2.91,-0.03,-0.03,-0.03,384,355,351,376,328
4.49,-2.14,-2.14,0.38,0.38,0.38,515,455,453,502,342
6.33,-5.74,-5.74,0.57,0.57,0.57,497,444,446,500,337
3.47,-6.05,-6.05,0.04,0.04,0.04,490,443,441,497,335
0.85,-4.24,-4.24,-0.05,-0.05,-0.05,488,441,440,496,334
1.85,-5.22,-5.22,-0.06,-0.06,-0.06,488,439,439,495,333
8.55,-2.81,-2.81,-0.24,-0.24,-0.24,486,437,436,494,331
14.23,1.16,1.16,-0.09,-0.09,-0.09,484,436,436,493,331
9.07,-0.75,-0.75,0.03,0.03,0.03,483,435,436,492,330
9.55,-0.75,-0.75,0.04,0.04,0.04,483,435,436,491,331
END
8.85,-0.60,-0.60,0.05,0.05,0.05,353,326,327,367,326
1.87,-2.79,-2.79,0.15,0.15,0.15,353,325,326,361,327
-0.45,-1.32,-1.32,0.09,0.09,0.09,396,372,371,413,329
8.76,-4.11,-4.11,0.91,0.91,0.91,477,429,431,484,336
9.06,-4.46,-4.46,0.42,0.42,0.42,490,431,435,488,337
4.06,-5.21,-5.21,0.10,0.10,0.10,482,427,432,486,334
0.42,-4.49,-4.49,0.01,0.01,0.01,477,401,432,485,333
2.79,-4.72,-4.72,-0.53,-0.53,-0.53,477,427,432,485,332
9.19,-2.05,-2.05,-0.22,-0.22,-0.22,476,426,432,484,332
12.45,-1.90,-1.90,-0.24,-0.24,-0.24,474,424,431,483,332
9.71,-0.81,-0.81,0.05,0.05,0.05,472,423,430,483,331
END
9.28,-1.22,-1.22,0.08,0.08,0.08,334,308,305,346,333
1.34,-4.92,-4.92,0.08,0.08,0.08,334,308,305,346,331
-0.77,-3.29,-3.29,0.08,0.08,0.08,354,337,329,371,328
9.81,-3.32,-3.32,0.74,0.74,0.74,493,441,430,499,330
10.15,-4.03,-4.03,0.16,0.16,0.16,501,446,445,509,340
2.60,-3.33,-3.33,0.21,0.21,0.21,494,444,441,507,340
0.27,-4.29,-4.29,0.06,0.06,0.06,490,442,438,505,338
3.52,-3.68,-3.68,-0.50,-0.50,-0.50,489,440,436,503,337
5.10,-1.92,-1.92,-0.33,-0.33,-0.33,488,305,435,501,337
11.20,-0.14,-0.14,-0.27,-0.27,-0.27,486,437,434,499,335
11.28,0.08,0.08,0.01,0.01,0.01,484,435,432,499,332
END
8.93,0.46,0.46,0.09,0.09,0.09,333,310,303,344,317
2.80,-3.82,-3.82,0.03,0.03,0.03,371,358,336,409,319
2.88,-0.85,-0.85,0.33,0.33,0.33,512,462,455,513,334
9.73,-2.05,-2.05,0.35,0.35,0.35,496,453,443,507,340
0.76,-3.81,-3.81,0.36,0.36,0.36,491,450,440,504,338
2.18,-4.70,-4.70,-0.01,-0.01,-0.01,486,446,437,501,339
1.30,-3.42,-3.42,-0.17,-0.17,-0.17,484,445,435,500,341
7.39,-3.29,-3.29,0.00,0.00,0.00,479,439,435,499,339
11.81,-1.62,-1.62,-0.15,-0.15,-0.15,477,440,433,497,336
10.52,-1.57,-1.57,-0.03,-0.03,-0.03,475,340,433,497,335
9.30,-1.56,-1.56,0.10,0.10,0.10,475,428,432,496,334
END
8.74,-1.93,-1.93,0.06,0.06,0.06,329,303,299,344,319
4.90,-2.32,-2.32,0.25,0.25,0.25,372,352,361,413,319
12.28,-1.94,-1.94,0.41,0.41,0.41,505,448,456,507,331
7.63,-2.40,-2.40,0.72,0.72,0.72,492,440,445,501,332
3.01,-3.63,-3.63,0.29,0.29,0.29,480,434,439,498,326
1.87,-3.82,-3.82,-0.17,-0.17,-0.17,478,432,438,496,324
6.77,-1.77,-1.77,-0.26,-0.26,-0.26,477,431,437,495,323
9.06,-1.36,-1.36,-0.15,-0.15,-0.15,476,430,436,493,323
11.40,0.01,0.01,-0.11,-0.11,-0.11,475,429,436,492,323
10.67,-0.30,-0.30,-0.00,-0.00,-0.00,475,428,435,491,324
8.88,-0.11,-0.11,0.03,0.03,0.03,474,428,435,490,324
END
9.85,-0.16,-0.16,0.07,0.07,0.07,332,307,302,344,323
1.84,-4.36,-4.36,0.09,0.09,0.09,331,307,302,344,323
5.18,-4.35,-4.35,0.18,0.18,0.18,501,450,456,513,333
9.77,-3.42,-3.42,0.46,0.46,0.46,487,442,449,507,340
4.52,-4.39,-4.39,0.40,0.40,0.40,475,437,443,506,332
1.72,-4.41,-4.41,-0.09,-0.09,-0.09,472,435,442,504,330
2.77,-4.18,-4.18,-0.18,-0.18,-0.18,471,434,440,502,330
5.70,-2.07,-2.07,-0.31,-0.31,-0.31,472,276,439,501,330
10.51,1.21,1.21,-0.52,-0.52,-0.52,471,432,437,499,331
10.58,0.31,0.31,-0.03,-0.03,-0.03,470,332,437,498,332
9.41,0.85,0.85,-0.00,-0.00,-0.00,470,323,436,497,332
END
8.87,0.87,0.87,0.03,0.03,0.03,329,305,301,342,326
0.83,-4.18,-4.18,0.06,0.06,0.06,330,306,302,343,326
4.94,-1.72,-1.72,0.93,0.93,0.93,430,401,408,467,333
6.07,-3.46,-3.46,0.07,0.07,0.07,499,448,455,508,345
3.17,-3.73,-3.73,0.31,0.31,0.31,488,442,448,505,343
0.24,-4.47,-4.47,-0.02,-0.02,-0.02,485,439,445,503,342
0.37,-2.87,-2.87,-0.39,-0.39,-0.39,486,438,443,501,341
6.04,1.67,1.67,-0.79,-0.79,-0.79,484,436,442,500,339
10.28,2.64,2.64,-0.29,-0.29,-0.29,481,434,440,499,338
10.07,3.28,3.28,-0.05,-0.05,-0.05,480,432,439,498,339
9.93,2.46,2.46,0.05,0.05,0.05,480,433,439,498,339
END
9.32,1.90,1.90,-0.01,-0.01,-0.01,332,308,302,346,330
1.32,-3.19,-3.19,0.01,0.01,0.01,340,322,321,357,330
3.37,0.78,0.78,0.12,0.12,0.12,428,402,403,454,334
7.97,-0.32,-0.32,0.54,0.54,0.54,494,447,457,507,345
6.63,-2.42,-2.42,0.47,0.47,0.47,477,440,449,506,341
1.97,-3.80,-3.80,0.18,0.18,0.18,472,437,446,504,337
1.27,-3.83,-3.83,-0.01,-0.01,-0.01,471,435,444,503,336
3.53,-2.49,-2.49,-0.33,-0.33,-0.33,471,434,443,501,335
8.32,0.17,0.17,-0.28,-0.28,-0.28,469,432,442,500,334
9.62,0.83,0.83,-0.25,-0.25,-0.25,468,431,441,498,334
11.46,1.37,1.37,-0.04,-0.04,-0.04,467,431,441,497,334
END
9.57,1.72,1.72,0.02,0.02,0.02,325,301,299,344,323
1.74,-4.65,-4.65,-0.00,-0.00,-0.00,328,304,306,347,323
5.55,-2.39,-2.39,0.30,0.30,0.30,485,278,451,511,336
8.42,-3.85,-3.85,0.74,0.74,0.74,485,441,447,507,348
0.89,-3.91,-3.91,0.05,0.05,0.05,477,436,442,503,349
-1.01,-4.48,-4.48,-0.09,-0.09,-0.09,476,434,441,501,348
5.27,-2.15,-2.15,-0.32,-0.32,-0.32,475,432,438,499,348
7.90,-0.19,-0.19,-0.12,-0.12,-0.12,473,431,438,498,346
12.18,0.72,0.72,0.06,0.06,0.06,469,429,437,497,345
9.61,0.77,0.77,0.04,0.04,0.04,469,429,437,496,345
9.15,0.14,0.14,0.03,0.03,0.03,469,428,436,495,345
END
9.12,0.24,0.24,0.07,0.07,0.07,341,316,307,352,346
2.76,-2.87,-2.87,0.10,0.10,0.10,342,317,309,353,346
2.32,-2.42,-2.42,0.15,0.15,0.15,341,315,307,347,343
6.67,0.47,0.47,0.16,0.16,0.16,423,402,406,447,342
6.61,-1.66,-1.66,0.15,0.15,0.15,490,444,457,495,355
3.85,-3.73,-3.73,0.61,0.61,0.61,470,437,451,494,352
-1.03,-3.47,-3.47,0.04,0.04,0.04,466,434,448,491,350
-0.46,-3.40,-3.40,-0.21,-0.21,-0.21,465,432,446,489,346
0.04,-2.53,-2.53,-0.12,-0.12,-0.12,465,430,445,489,343
7.03,0.52,0.52,-0.40,-0.40,-0.40,465,429,445,488,344
9.45,-0.23,-0.23,-0.08,-0.08,-0.08,464,428,444,487,345
END
9.88,1.55,1.55,-0.13,-0.13,-0.13,329,306,301,344,342
1.50,-4.70,-4.70,0.01,0.01,0.01,329,306,300,343,335
1.03,-1.55,-1.55,0.37,0.37,0.37,347,339,347,414,331
8.49,-2.18,-2.18,0.55,0.55,0.55,486,448,452,512,350
4.87,-4.51,-4.51,0.47,0.47,0.47,478,444,446,508,349
1.47,-5.00,-5.00,-0.08,-0.08,-0.08,473,440,442,505,345
0.50,-4.74,-4.74,-0.26,-0.26,-0.26,472,438,440,503,346
7.14,-1.30,-1.30,-0.35,-0.35,-0.35,470,436,439,502,342
9.89,1.00,1.00,-0.29,-0.29,-0.29,467,435,437,502,338
12.28,-0.52,-0.52,-0.06,-0.06,-0.06,466,435,437,500,339
9.43,-0.54,-0.54,0.15,0.15,0.15,465,433,435,499,342
END