8.85,3.20,0.65,0.03,0.01,-0.05,479,432,443,477,324
5.66,-2.88,-7.65,0.04,0.01,-0.08,479,432,443,476,324
5.84,-2.60,-7.92,0.06,-0.03,-0.01,480,432,443,477,324
5.70,-2.73,-7.72,0.08,-0.03,0.02,479,432,442,476,324
5.58,-2.90,-7.77,0.05,-0.05,-0.07,479,432,443,477,324
4.99,-3.50,-7.60,0.05,0.04,-0.16,479,432,442,476,324
5.65,-4.12,-8.12,-0.12,0.02,-0.18,478,433,443,477,324
6.59,-3.58,-7.98,-0.15,0.05,-0.17,477,432,443,476,325
6.96,-3.52,-7.50,-0.16,0.32,-0.62,475,432,443,477,326
5.50,-2.39,-7.08,-0.22,0.41,-0.23,473,432,442,477,326
8.03,-1.98,-7.24,-0.41,0.13,-0.29,472,432,442,476,328
5.33,0.33,-7.12,-0.35,0.28,-0.41,471,432,442,477,326
6.51,0.27,-6.19,-0.38,0.22,0.03,470,431,441,477,326
8.13,-0.19,-6.53,-0.34,0.21,-0.41,470,431,441,477,326
6.15,1.29,-6.05,-0.25,0.37,-0.14,469,431,441,477,326
6.16,0.62,-5.05,-0.33,0.39,0.11,470,431,442,477,326
9.85,1.65,-4.88,-0.34,0.39,-0.38,469,430,441,476,325
6.54,2.19,-4.64,-0.33,0.48,-0.29,470,430,442,476,326
8.60,2.31,-4.34,-0.36,0.45,-0.03,469,430,441,476,326
8.94,2.34,-3.62,-0.33,0.55,-0.38,469,431,441,477,326
7.76,3.04,-3.04,-0.29,0.55,-0.28,470,431,442,476,326
9.44,4.34,-2.09,-0.24,0.52,-0.22,469,430,441,477,326
8.72,3.35,-1.86,-0.22,0.56,-0.05,469,430,440,477,326
9.55,3.56,-2.33,-0.29,0.41,-0.38,467,431,440,477,326
7.91,3.52,-0.55,-0.23,0.47,-0.11,469,430,440,476,326
8.82,5.12,0.22,-0.10,0.48,-0.30,469,430,441,477,327
12.84,4.89,0.42,-0.25,0.64,-0.03,469,430,441,476,327
5.99,2.37,1.56,-0.29,0.80,-0.39,469,430,440,476,327
8.38,4.19,2.87,0.07,0.47,0.01,469,430,440,477,325
14.05,5.03,2.41,-0.17,0.29,-0.37,469,429,440,476,325
10.69,4.76,0.90,-0.26,0.33,-0.22,469,430,440,476,326
10.85,4.82,2.18,0.01,0.18,0.02,468,430,440,476,326
7.69,4.85,0.47,0.00,0.12,0.03,468,430,440,476,326
9.11,3.63,1.88,0.00,-0.03,-0.00,469,430,440,475,326
9.81,4.79,2.66,0.06,-0.04,-0.15,469,430,440,475,326
8.64,4.59,2.07,0.03,0.03,0.10,468,430,440,475,326
END
8.24,3.18,2.54,0.05,-0.05,0.02,475,428,441,475,321
6.53,-2.18,-8.18,0.01,-0.04,-0.06,474,427,440,475,321
5.17,-2.26,-8.05,0.03,0.03,-0.04,474,427,440,475,322
5.79,-2.40,-7.75,0.03,-0.00,-0.09,474,427,440,474,322
6.00,-2.12,-8.03,0.04,0.02,-0.03,473,427,441,474,322
6.35,-2.68,-7.96,-0.01,-0.01,-0.30,473,428,440,475,323
5.58,-3.22,-9.30,-0.05,0.23,-0.47,472,427,440,474,324
5.32,-2.51,-7.93,-0.13,0.08,-0.06,471,428,441,475,324
4.85,-2.32,-8.25,-0.21,0.13,-0.11,470,428,440,474,324
2.89,-1.56,-7.96,-0.23,0.21,0.14,469,427,440,475,324
7.16,-0.22,-7.26,-0.28,0.20,0.07,469,427,439,474,324
7.02,-0.21,-7.06,-0.30,0.23,-0.33,468,427,439,474,324
5.63,-0.12,-7.28,-0.18,0.21,-0.11,468,427,440,474,324
10.68,0.80,-5.69,-0.24,0.16,-0.20,468,427,439,475,324
6.47,-0.03,-6.62,-0.24,0.34,-0.39,468,427,438,474,324
6.22,0.67,-6.04,-0.26,0.24,-0.01,469,427,438,474,324
8.53,1.13,-5.33,-0.26,0.30,-0.13,467,427,439,474,324
3.27,1.47,-4.74,-0.32,0.52,-0.02,467,427,438,473,324
6.86,1.97,-4.33,-0.40,0.31,0.07,468,427,438,473,324
8.83,2.25,-3.23,-0.27,0.56,-0.36,466,428,438,474,324
7.98,2.81,-3.48,-0.29,0.53,-0.16,467,427,438,473,324
10.98,2.70,-4.01,-0.36,0.52,-0.31,467,427,438,473,324
10.56,2.96,-3.56,-0.26,0.42,-0.34,468,427,438,473,324
11.08,2.82,-2.72,-0.06,0.35,-0.19,467,427,439,474,324
8.82,2.99,-2.55,-0.18,0.39,-0.16,467,426,438,474,324
9.36,3.45,-1.87,-0.12,0.28,0.00,467,427,438,473,324
8.37,3.38,-1.45,-0.18,0.32,-0.02,468,427,438,473,325
8.23,3.50,-0.47,-0.12,0.33,-0.04,468,427,437,473,325
10.08,3.34,-0.21,-0.16,0.33,-0.20,467,426,437,474,325
7.59,3.46,-0.03,-0.12,0.55,0.04,467,427,438,473,325
10.14,3.43,0.98,-0.22,0.35,-0.29,468,427,438,473,325
9.07,4.88,2.01,-0.03,0.40,-0.23,468,427,437,473,325
7.89,4.74,2.18,-0.09,0.41,-0.09,468,427,438,473,325
7.81,4.10,1.88,-0.03,0.29,-0.05,468,427,438,473,325
10.42,4.89,1.87,-0.03,0.36,-0.16,467,427,437,474,325
8.92,3.64,0.71,-0.01,0.21,-0.06,467,427,437,472,326
END
12.92,3.34,0.52,-0.05,0.10,-0.14,474,428,439,473,324
4.38,-2.79,-8.48,-0.16,0.19,-0.12,473,427,439,473,324
5.28,-2.25,-8.16,-0.18,-0.12,-0.20,472,427,439,473,324
2.55,-1.87,-7.98,-0.05,0.11,-0.04,472,428,439,472,325
4.08,-1.74,-8.51,-0.26,-0.01,-0.01,472,428,438,472,325
6.73,-1.59,-8.13,-0.18,0.00,-0.01,471,427,438,472,324
5.86,-1.49,-8.06,-0.10,0.16,-0.30,471,428,439,473,325
5.06,-0.80,-7.07,-0.11,0.28,-0.13,471,428,439,473,325
3.62,-1.08,-7.88,-0.27,0.23,-0.09,470,427,438,472,324
7.52,-0.21,-7.67,-0.15,0.08,-0.40,470,427,438,472,325
5.56,0.85,-7.67,0.03,0.32,-0.19,469,427,438,472,324
2.56,-1.87,-7.98,-0.24,0.30,0.03,469,427,438,473,325
9.17,0.27,-6.56,-0.22,-0.09,-0.20,468,428,438,471,325
6.65,0.77,-7.19,-0.03,0.33,-0.28,468,429,438,471,324
4.01,0.15,-6.85,-0.28,0.46,-0.11,468,429,437,472,324
10.29,1.49,-5.84,-0.37,0.10,-0.11,467,429,437,471,324
8.19,2.37,-5.27,-0.17,0.49,-0.20,467,428,437,471,324
4.08,0.49,-5.61,-0.30,0.45,0.03,467,429,437,472,324
10.65,3.07,-4.95,-0.36,0.18,-0.23,467,428,437,472,324
5.69,2.82,-4.45,-0.17,0.67,-0.12,467,429,434,471,324
7.59,2.85,-3.91,-0.24,0.41,0.04,467,428,437,470,324
9.70,2.63,-3.66,-0.31,0.38,-0.24,466,428,437,471,324
8.40,3.19,-2.97,-0.20,0.47,-0.10,467,428,436,470,324
8.69,3.16,-2.57,-0.27,0.47,-0.05,467,428,437,471,325
10.37,3.54,-1.97,-0.20,0.40,-0.11,467,428,437,470,324
7.92,3.95,-1.18,-0.23,0.47,-0.24,467,428,437,471,324
8.15,3.86,-0.75,-0.19,0.43,-0.01,467,428,437,471,325
9.07,3.88,0.09,-0.19,0.38,-0.32,467,428,436,470,325
8.38,5.17,0.22,-0.07,0.35,-0.10,468,428,436,471,326
9.15,4.29,0.73,-0.18,0.33,-0.41,467,428,437,470,326
9.21,5.02,1.95,0.08,0.34,-0.04,468,428,436,470,326
8.69,4.76,0.37,-0.05,0.24,0.01,468,425,437,471,325
9.76,3.70,0.09,0.06,0.32,0.05,468,428,436,470,325
11.67,4.58,-0.52,-0.01,0.17,-0.25,467,427,436,471,325
10.80,4.53,-0.96,-0.02,0.21,-0.09,467,428,436,471,326
9.73,4.77,0.10,-0.01,-0.01,0.04,466,427,436,470,325
END
9.33,4.70,0.83,0.01,-0.16,-0.07,477,428,438,471,323
5.09,-2.79,-8.74,-0.08,0.02,-0.03,477,427,438,472,323
5.81,-2.62,-8.37,-0.09,0.16,-0.38,475,427,438,471,324
4.03,-2.12,-8.59,-0.03,0.11,0.05,475,428,438,471,324
4.83,-2.17,-8.23,-0.14,0.12,-0.11,474,427,437,471,324
4.47,-1.67,-8.27,-0.15,0.20,-0.14,474,427,438,471,324
4.95,-1.39,-7.95,-0.24,0.19,-0.14,474,428,435,470,325
4.62,-1.30,-7.43,-0.17,0.32,-0.19,473,427,436,471,326
7.30,0.09,-7.26,-0.15,0.28,-0.38,472,427,436,470,325
3.14,-1.06,-8.76,-0.15,0.25,-0.13,471,428,436,469,325
7.33,-0.61,-6.95,-0.30,0.24,-0.33,471,429,436,470,325
6.44,1.00,-6.72,-0.23,0.37,-0.14,469,429,436,469,325
5.15,0.25,-6.81,-0.32,0.43,-0.07,469,429,436,469,324
6.28,1.10,-6.04,-0.30,0.38,-0.16,469,430,436,468,324
8.00,1.44,-6.25,-0.26,0.39,-0.18,469,429,435,468,325
7.13,2.15,-5.61,-0.21,0.38,-0.28,468,428,435,468,324
4.19,1.84,-5.56,-0.39,0.60,0.05,467,428,436,469,324
7.37,1.69,-5.33,-0.49,0.11,0.14,467,428,435,468,324
14.34,5.00,-4.75,0.04,0.40,-0.58,467,428,435,469,324
7.58,2.99,-4.42,-0.11,0.58,-0.42,467,428,435,468,325
8.82,4.43,-2.61,-0.19,0.35,-0.04,467,428,436,468,325
9.27,2.70,-1.51,-0.35,0.70,0.04,467,427,435,468,325
9.71,2.73,-2.02,-0.44,0.52,-0.15,467,427,435,469,325
9.94,4.80,-1.05,-0.22,0.42,-0.52,467,427,435,468,325
6.58,3.25,-1.18,-0.19,0.69,0.01,466,427,436,468,325
9.61,3.61,0.90,-0.01,0.53,-0.47,467,428,435,469,326
7.87,6.14,-0.21,-0.28,0.60,-0.42,467,427,435,470,326
9.91,6.51,1.24,0.01,0.34,-0.08,467,427,435,469,326
8.39,4.67,0.83,-0.10,0.46,0.05,467,427,436,469,325
13.02,5.48,0.04,-0.12,0.13,0.12,467,427,435,468,325
11.46,4.19,0.65,0.07,0.15,-0.12,467,427,435,469,325
8.50,4.62,0.60,-0.00,0.14,0.13,466,427,435,469,325
9.80,4.33,1.54,-0.01,-0.02,0.01,467,426,435,468,325
8.76,4.08,1.49,0.02,-0.04,0.01,467,426,435,469,325
8.61,4.21,1.46,-0.05,-0.02,-0.06,467,427,435,469,325
9.03,4.24,1.44,-0.00,-0.01,0.03,467,427,435,469,325
END
8.70,4.29,1.44,-0.00,-0.04,-0.04,473,427,436,469,323
4.48,-3.14,-8.92,-0.09,-0.04,-0.13,473,427,438,470,324
5.47,-2.42,-7.78,-0.14,0.16,-0.10,473,428,437,469,324
4.87,-2.48,-8.45,-0.27,0.02,-0.10,473,427,437,470,324
5.60,-0.65,-8.27,-0.16,0.04,0.09,472,426,436,470,324
5.79,-1.21,-8.31,-0.24,0.08,-0.19,472,427,436,469,324
4.52,-0.78,-7.98,-0.14,0.18,-0.03,471,427,437,470,324
5.47,-0.49,-7.68,-0.25,0.08,0.06,471,427,435,469,324
6.11,-0.27,-7.52,-0.20,0.15,-0.15,471,427,436,469,324
3.42,-0.60,-7.26,-0.03,0.41,-0.07,471,426,436,470,326
7.65,0.07,-7.89,-0.23,0.20,0.03,471,426,436,468,325
8.55,-0.14,-7.49,-0.05,0.19,-0.15,470,426,436,469,326
6.20,0.49,-6.96,-0.10,0.46,-0.11,470,426,436,470,326
5.87,0.32,-7.21,-0.23,0.21,-0.00,469,426,435,470,325
12.21,2.18,-5.44,-0.14,0.10,-0.55,468,426,435,469,325
1.84,-1.46,-7.93,-0.25,0.72,0.07,468,427,435,469,325
11.66,1.54,-5.06,-0.39,0.05,-0.42,468,426,434,468,324
5.97,1.59,-5.36,-0.07,0.55,-0.16,467,426,434,469,325
7.31,2.63,-5.25,-0.33,0.14,0.09,467,425,434,469,325
8.15,2.29,-4.99,-0.34,0.53,0.00,467,425,435,469,325
7.92,1.74,-4.22,-0.13,0.33,-0.24,468,425,435,469,325
7.16,2.09,-3.46,-0.37,0.43,-0.09,467,426,435,469,325
9.27,3.50,-2.43,-0.27,0.41,-0.18,467,427,434,469,325
8.71,2.80,-3.13,-0.28,0.50,-0.12,467,426,434,468,325
9.07,3.62,-0.95,-0.28,0.41,-0.32,466,426,434,468,325
8.45,4.12,-1.50,-0.21,0.46,-0.13,467,426,434,468,325
8.97,3.14,-1.04,-0.24,0.51,-0.15,467,426,434,468,325
8.64,3.49,-0.06,-0.21,0.46,-0.14,467,426,434,468,325
9.55,4.14,0.55,-0.20,0.38,-0.27,467,425,433,468,325
9.78,4.92,-0.01,-0.16,0.51,-0.14,466,426,434,468,325
11.48,5.18,-0.19,-0.02,0.34,-0.12,466,425,433,469,325
10.89,4.10,-0.21,0.03,0.25,0.09,467,426,433,468,325
9.83,4.33,0.10,-0.04,0.15,-0.07,466,426,434,468,325
10.67,4.71,0.14,0.07,0.05,-0.01,466,426,434,468,325
9.04,3.63,0.45,0.05,0.01,0.04,467,425,434,468,325
9.06,4.31,0.88,0.06,-0.09,0.01,466,426,433,467,325
END
8.67,3.74,1.00,0.02,-0.07,-0.05,468,427,436,470,327
5.05,-3.51,-7.93,-0.00,0.05,-0.35,468,427,435,470,327
5.13,-1.35,-8.06,-0.01,0.02,-0.15,467,426,435,470,327
5.56,-2.28,-8.61,-0.08,-0.02,-0.20,467,427,435,469,327
4.66,-1.55,-8.07,-0.07,0.11,-0.14,464,427,434,470,326
5.14,-1.26,-7.56,-0.10,0.11,-0.01,466,426,434,469,326
5.86,-0.98,-7.86,-0.14,0.02,-0.08,466,426,434,469,326
3.77,-1.64,-8.31,-0.16,0.20,0.13,465,425,434,469,326
6.40,-1.26,-7.63,-0.18,0.11,-0.17,466,426,434,469,327
2.97,-0.57,-7.92,-0.20,0.29,-0.23,465,425,434,469,326
4.94,-0.30,-7.39,-0.24,0.14,0.19,465,425,434,468,326
9.58,0.39,-7.47,-0.20,0.26,-0.42,464,425,434,469,326
4.27,-0.26,-7.14,-0.16,0.33,0.03,464,425,434,468,326
6.71,0.27,-7.06,-0.34,0.22,-0.00,464,425,434,468,326
7.20,1.88,-6.04,-0.23,0.26,-0.35,464,424,433,469,326
5.24,1.24,-6.37,-0.26,0.27,0.11,464,425,433,468,326
7.22,0.31,-6.17,-0.36,0.24,-0.07,464,425,433,468,326
6.89,1.42,-5.49,-0.31,0.44,-0.25,464,425,433,468,325
8.54,2.18,-4.57,-0.30,0.33,-0.14,465,426,433,468,325
7.84,3.02,-4.69,-0.32,0.40,-0.20,464,425,433,467,325
6.59,2.50,-4.69,-0.33,0.55,-0.05,464,425,433,467,325
9.17,2.34,-3.54,-0.34,0.35,-0.17,464,425,433,467,326
8.89,2.73,-3.17,-0.30,0.46,-0.22,463,425,433,467,325
9.63,3.66,-1.34,-0.25,0.39,-0.32,464,423,432,468,325
6.35,3.88,-0.55,-0.32,0.57,-0.17,464,425,432,467,324
7.47,4.47,-1.99,-0.49,0.42,-0.28,464,425,432,468,324
8.05,3.38,1.79,-0.51,0.55,-0.20,464,425,432,467,324
7.57,6.57,-0.31,-0.18,0.69,-0.52,464,425,432,468,324
7.46,5.86,2.08,-0.23,0.57,0.12,464,425,432,467,324
10.58,3.96,1.63,-0.08,0.40,-0.15,463,425,432,468,324
10.11,4.97,-0.83,-0.19,0.50,-0.33,464,425,432,467,325
12.15,6.02,1.21,-0.11,0.29,-0.17,463,425,432,467,325
12.67,5.46,0.70,0.07,0.14,0.06,464,425,432,467,325
8.90,4.21,2.07,-0.01,0.08,-0.00,464,424,431,467,325
8.03,5.14,1.72,0.05,-0.02,-0.01,464,425,432,467,325
7.92,5.28,1.75,0.03,-0.12,-0.01,463,425,432,466,325
END
8.45,4.90,2.45,0.02,-0.06,-0.02,479,426,435,467,324
3.93,-2.80,-8.59,0.04,0.00,-0.06,479,427,436,468,323
3.92,-2.88,-9.08,-0.01,-0.04,-0.04,478,427,436,467,324
5.13,-3.14,-8.63,0.02,0.03,-0.12,478,427,436,468,324
3.06,-3.23,-8.61,0.07,0.10,-0.13,477,426,435,467,324
4.21,-3.52,-9.17,-0.12,0.02,-0.19,477,426,435,467,324
5.01,-3.22,-8.98,-0.14,0.18,-0.24,475,426,435,467,325
2.28,-3.20,-8.28,-0.09,0.43,-0.45,473,426,434,468,327
2.72,-2.38,-9.29,-0.36,0.27,0.04,472,426,434,467,327
8.08,-1.21,-8.28,-0.27,0.14,-0.30,472,426,434,467,327
2.13,-1.26,-7.56,-0.05,0.54,-0.29,471,425,434,467,328
1.13,-1.56,-7.11,-0.75,0.18,0.21,470,425,433,468,327
10.35,0.06,-6.57,-0.25,0.41,-0.63,470,425,434,468,327
3.13,1.31,-5.37,-0.28,0.84,-0.40,470,425,434,468,327
2.99,2.10,-5.66,-0.85,0.51,0.04,469,424,434,467,327
10.41,1.59,-5.22,-0.51,0.60,-0.30,469,424,433,467,326
7.85,3.60,-4.38,-0.21,0.90,-0.50,469,424,433,467,326
5.22,4.52,-3.37,-0.59,0.56,-0.03,469,425,433,467,326
9.27,2.60,-3.37,-0.62,0.68,0.34,468,424,432,467,326
13.98,4.07,-1.29,-0.49,0.55,-0.85,468,425,432,467,326
6.23,4.45,-1.69,-0.30,0.67,-0.31,467,424,432,467,326
9.08,6.12,-0.41,-0.44,0.48,-0.46,468,424,432,467,326
11.19,6.57,-0.05,-0.31,0.67,-0.14,467,425,433,468,326
7.06,4.82,0.90,-0.38,0.70,-0.17,467,424,432,467,327
11.02,6.90,-0.56,-0.19,0.29,-0.49,468,424,432,468,327
8.74,6.70,0.98,-0.22,0.55,-0.17,467,424,433,467,328
9.55,5.95,1.52,-0.10,0.43,0.07,467,424,432,467,328
7.21,4.74,2.10,-0.16,0.34,-0.08,467,423,430,468,329
8.15,6.84,2.77,-0.31,0.16,-0.21,467,423,432,468,331
6.29,5.28,3.29,0.04,0.32,0.14,466,423,432,468,332
9.07,6.19,2.56,-0.03,0.12,-0.14,466,423,433,468,332
8.74,5.35,2.96,0.05,0.22,0.21,466,423,433,467,332
8.05,5.07,2.65,0.02,0.19,0.11,466,424,433,468,331
8.74,5.71,2.95,0.05,-0.06,0.05,467,423,433,467,331
7.98,5.42,3.50,0.06,0.03,-0.03,466,424,432,468,331
7.00,5.41,2.99,0.12,0.04,0.06,467,423,433,468,330
END
7.29,5.06,2.88,0.05,-0.07,0.09,480,427,437,468,325
3.39,-3.09,-8.61,0.03,-0.02,-0.14,479,427,438,468,326
4.02,-3.50,-8.57,-0.01,0.00,-0.09,479,427,438,468,326
4.17,-2.94,-8.81,-0.09,0.05,-0.17,479,428,437,468,326
3.66,-2.58,-8.47,-0.03,-0.01,0.01,479,427,437,467,326
4.03,-2.90,-8.72,-0.09,-0.01,-0.11,479,428,437,468,326
2.31,-2.98,-8.59,-0.11,0.11,-0.17,478,428,437,467,326
4.64,-3.01,-9.03,-0.19,0.09,-0.08,477,427,437,468,326
4.97,-2.28,-8.30,-0.12,0.44,-0.42,476,427,437,468,327
1.96,-2.73,-8.09,-0.28,0.31,-0.13,476,427,437,468,326
5.97,-1.04,-8.29,-0.44,0.26,-0.22,474,426,437,469,326
4.08,-1.28,-8.67,-0.22,0.55,-0.07,474,426,437,467,326
4.88,-0.45,-8.46,-0.42,0.27,-0.16,473,425,436,468,326
7.05,1.90,-6.93,-0.36,0.44,-0.35,471,425,436,467,326
3.70,0.83,-6.45,-0.36,0.64,-0.32,469,425,435,468,325
6.63,1.29,-5.35,-0.52,0.35,-0.03,471,425,435,468,325
6.36,3.53,-4.50,-0.26,0.78,-0.67,470,425,435,467,325
3.46,2.87,-3.99,-0.42,0.73,-0.16,469,425,435,468,325
8.64,3.04,-4.41,-0.49,0.40,0.04,470,425,435,468,325
10.29,3.40,-2.01,-0.26,0.87,-0.53,468,424,434,468,325
5.39,3.87,-3.06,-0.41,0.94,-0.52,467,423,433,468,324
5.66,3.86,-2.28,-0.50,0.51,0.24,467,423,433,468,323
12.81,4.85,-0.22,-0.07,0.95,-0.66,467,423,433,469,322
8.28,5.94,-0.20,-0.44,0.73,-0.53,466,423,433,468,322
9.04,5.24,0.97,-0.42,0.38,0.17,466,423,433,469,322
9.86,5.05,1.66,-0.46,0.50,-0.35,466,423,433,468,322
7.91,6.10,1.65,-0.26,0.62,0.27,465,423,433,469,322
8.66,4.62,1.33,-0.03,0.69,0.09,465,422,432,468,322
9.41,5.70,1.60,-0.14,0.31,-0.34,465,423,432,468,323
7.79,5.13,2.90,-0.06,0.33,0.04,465,423,432,468,323
10.62,4.13,5.43,0.01,0.16,0.01,465,423,433,468,323
8.17,5.15,2.35,0.12,0.35,0.16,465,422,432,467,323
9.46,4.05,3.07,-0.04,0.06,0.01,465,422,432,468,323
9.67,5.22,3.09,0.00,-0.01,-0.34,464,422,432,467,323
6.96,5.21,3.12,0.10,0.05,0.08,463,422,433,467,323
7.65,4.06,3.40,0.02,-0.02,-0.01,465,422,432,467,323
END
8.19,4.14,3.61,0.07,-0.04,-0.02,474,423,435,468,322
4.00,-2.83,-8.78,0.06,0.11,-0.09,474,423,434,468,323
2.56,-2.87,-9.36,0.09,0.09,0.04,475,423,435,468,323
4.44,-2.91,-8.89,-0.07,-0.06,-0.04,475,423,435,467,323
3.22,-3.00,-8.66,0.04,0.01,-0.07,474,424,435,467,323
2.55,-3.44,-8.49,-0.02,0.06,-0.30,475,424,435,467,323
3.96,-3.76,-8.96,-0.14,0.05,-0.13,473,423,435,467,323
3.70,-3.10,-8.73,-0.09,0.25,-0.28,471,423,434,467,324
3.50,-2.48,-8.63,-0.11,0.34,-0.12,471,423,434,467,324
6.47,-2.48,-9.20,-0.31,0.05,-0.01,470,423,434,468,324
2.91,-2.17,-8.65,-0.12,0.39,-0.27,469,422,434,467,324
6.40,-0.82,-7.54,-0.27,0.10,0.22,468,419,434,467,324
5.69,-1.40,-8.01,-0.26,0.19,-0.20,467,422,433,467,324
3.09,-0.88,-7.00,-0.11,0.28,-0.09,467,423,434,468,324
5.81,-1.37,-7.16,-0.36,0.15,-0.18,467,423,433,468,324
4.09,0.22,-6.30,-0.14,0.59,-0.28,467,423,434,467,324
5.18,-0.57,-7.30,-0.31,0.44,0.12,466,422,433,467,324
4.74,-0.66,-5.68,-0.35,0.63,-0.36,467,422,432,467,324
7.57,2.09,-3.99,-0.37,0.55,-0.38,466,422,433,467,324
5.10,1.23,-4.19,-0.59,0.66,-0.08,466,423,432,466,324
6.42,2.05,-3.18,-0.52,0.80,-0.56,466,422,433,467,324
8.03,4.34,-1.42,-0.42,0.58,-0.20,465,421,432,466,324
10.71,3.26,-2.32,-0.57,0.71,-0.34,465,421,432,466,323
7.55,3.84,-1.46,-0.32,0.97,-0.16,465,421,432,466,324
9.31,4.55,-0.67,-0.48,0.71,-0.27,466,422,432,466,325
12.87,4.99,0.22,-0.44,0.53,-0.43,465,421,432,466,324
8.64,4.26,1.95,-0.16,0.79,-0.12,465,421,433,467,325
10.99,5.23,0.98,-0.35,0.61,-0.59,465,421,432,466,327
6.98,4.22,3.47,-0.23,0.62,0.21,465,422,432,467,329
10.80,4.80,2.37,-0.17,0.27,-0.34,465,421,432,466,328
7.72,6.42,2.77,-0.26,0.39,-0.13,465,421,432,466,328
6.39,4.17,4.16,-0.05,0.42,0.55,465,422,431,466,327
10.24,5.27,2.96,-0.27,0.08,-0.07,463,423,431,465,327
7.17,2.79,3.73,-0.12,0.35,-0.02,465,422,431,465,327
9.26,4.50,3.66,-0.11,0.24,-0.16,464,422,431,466,327
8.33,4.97,3.99,-0.02,0.17,0.04,464,421,431,465,327
END
8.27,4.07,4.07,-0.06,0.11,-0.05,476,424,434,466,324
2.97,-3.03,-8.95,0.00,0.08,-0.13,476,424,435,467,324
2.87,-3.24,-8.92,-0.02,0.11,-0.07,475,423,434,467,324
4.52,-2.89,-8.99,-0.14,0.05,-0.31,474,423,434,466,325
2.67,-2.48,-9.65,-0.03,0.07,0.08,473,423,433,466,325
2.45,-2.54,-9.45,-0.16,0.03,0.00,473,423,433,466,325
4.36,-2.23,-8.84,-0.23,0.13,-0.36,472,422,433,466,325
3.27,-1.74,-8.98,-0.08,0.26,-0.24,470,422,433,466,325
4.50,-2.06,-8.88,-0.25,0.18,0.06,469,422,432,466,326
2.69,-1.80,-8.25,-0.31,0.21,-0.23,468,422,433,466,325
3.26,0.04,-8.28,-0.38,0.07,-0.26,466,422,432,466,325
5.15,-0.73,-8.47,-0.37,0.34,-0.02,465,421,432,466,325
0.67,-0.11,-8.33,-0.16,0.60,-0.20,465,421,431,467,325
6.65,0.93,-7.52,-0.47,0.24,0.05,465,421,431,467,324
6.87,0.50,-6.91,-0.25,0.82,-0.46,464,420,431,466,324
3.49,1.67,-7.09,-0.36,0.21,-0.08,463,420,430,466,324
7.42,2.22,-5.61,-0.35,0.48,-0.07,462,420,430,466,324
9.31,2.00,-5.32,-0.40,0.71,-0.26,462,419,430,466,324
4.24,1.29,-4.73,-0.42,0.86,-0.33,462,420,430,465,324
6.22,5.06,-4.14,-0.47,0.57,-0.07,462,421,429,465,323
7.77,4.84,-4.13,-0.36,0.70,0.06,462,420,430,465,324
8.55,3.74,-3.01,-0.47,0.68,-0.22,462,421,429,465,324
8.36,4.90,-1.33,-0.35,0.58,-0.25,462,421,429,464,324
8.38,4.72,-1.47,-0.29,0.68,0.06,461,421,429,464,324
8.95,3.57,-0.83,-0.39,0.62,0.01,462,420,429,464,325
10.88,4.12,-0.04,-0.26,0.50,-0.09,462,421,430,464,324
7.91,5.22,-0.06,-0.29,0.56,-0.20,462,419,430,465,325
8.53,4.27,1.15,-0.23,0.46,0.04,462,420,429,465,325
9.57,5.46,2.27,-0.13,0.32,-0.43,462,420,429,464,326
7.39,4.67,1.69,-0.18,0.54,-0.04,462,420,429,464,325
8.54,4.88,2.06,-0.13,0.28,-0.19,462,420,430,464,326
8.61,4.96,3.13,-0.25,0.34,-0.20,462,420,429,464,325
9.18,5.62,1.79,-0.28,0.37,0.02,462,421,429,464,325
9.25,4.03,4.08,0.10,0.25,0.22,462,420,430,465,325
9.76,5.28,1.94,-0.13,0.22,-0.17,461,420,429,464,326
9.27,5.09,3.04,-0.00,0.09,-0.05,462,420,429,463,327
END
7.78,4.08,3.46,0.02,0.03,0.05,477,424,433,466,323
2.73,-2.94,-9.00,0.05,0.03,0.01,476,424,433,465,323
3.06,-2.84,-9.25,0.01,0.01,-0.05,476,423,431,466,323
2.51,-3.17,-9.98,-0.10,-0.03,-0.08,475,423,432,465,323
2.87,-3.42,-9.10,0.04,0.06,-0.23,475,422,433,466,323
2.02,-3.53,-9.55,0.02,0.18,-0.01,475,423,433,465,324
2.65,-3.07,-9.30,-0.21,0.10,-0.28,473,423,432,465,325
2.30,-2.74,-8.78,-0.15,0.29,-0.12,473,423,432,466,325
4.54,-1.51,-8.18,-0.32,0.25,0.01,471,423,432,466,325
3.80,-1.57,-9.22,-0.36,0.33,-0.48,471,424,432,462,325
3.52,-1.24,-8.03,-0.30,0.30,-0.16,470,422,432,466,325
6.60,0.95,-7.44,-0.31,0.44,-0.27,469,422,432,465,325
1.74,-0.75,-8.16,-0.12,0.67,-0.22,470,423,431,464,325
6.82,0.40,-7.76,-0.58,-0.01,-0.22,469,423,431,464,324
6.58,2.53,-6.97,-0.11,0.69,-0.95,470,424,430,464,324
-0.52,1.81,-5.97,-0.32,0.91,-0.16,469,423,431,464,324
5.99,1.61,-5.85,-0.84,-0.20,0.17,469,423,430,464,323
8.15,2.66,-5.73,0.13,0.83,-0.35,467,422,430,463,323
2.36,1.66,-5.38,-0.57,0.56,0.42,468,423,430,464,324
10.16,3.11,-3.96,-0.80,0.19,-0.25,467,423,431,464,324
7.65,5.20,-3.69,-0.30,0.84,-0.35,468,423,431,464,324
3.99,3.07,-3.17,-0.51,0.53,0.30,467,422,430,464,324
12.72,4.53,-2.35,-0.62,0.27,-0.13,466,422,430,464,324
10.12,4.54,-1.97,-0.11,0.65,-0.22,467,422,430,464,324
7.29,4.65,-2.02,-0.27,0.56,-0.15,466,422,430,464,324
9.73,3.37,-0.74,-0.40,0.40,-0.17,467,422,430,464,325
7.29,5.57,0.63,-0.10,0.67,-0.45,467,422,430,464,325
7.36,4.81,1.00,-0.38,0.45,-0.07,466,422,430,465,325
8.87,4.91,0.58,-0.34,0.53,0.13,467,422,430,465,325
9.46,5.80,1.79,-0.25,0.55,-0.25,467,423,430,465,325
6.68,5.52,2.65,-0.17,0.53,0.23,467,422,430,464,325
7.07,4.59,3.19,-0.29,0.45,0.14,467,422,430,464,325
12.80,6.12,1.18,-0.09,0.11,-0.17,467,422,430,464,325
10.30,5.60,1.31,-0.03,0.17,-0.26,466,423,430,464,325
7.76,4.13,3.84,0.07,0.13,0.17,467,421,429,464,325
9.36,4.59,2.85,0.00,0.06,0.08,466,422,430,464,325
END
8.64,3.89,3.17,-0.06,-0.14,-0.11,476,423,431,464,323
3.26,-3.18,-9.03,-0.01,-0.01,-0.06,477,423,431,464,323
1.95,-3.27,-8.98,-0.00,0.06,-0.16,477,424,432,464,323
2.84,-2.81,-9.88,-0.01,0.04,0.12,476,423,432,464,323
2.86,-2.76,-9.10,-0.14,0.03,-0.16,475,423,431,465,323
3.87,-3.01,-8.79,-0.08,0.03,-0.28,474,422,431,465,324
1.26,-2.25,-9.17,-0.17,0.30,-0.12,474,423,432,465,325
3.25,-1.87,-8.37,-0.45,0.04,-0.20,472,422,431,465,325
6.78,-1.36,-7.63,-0.46,0.10,-0.27,471,422,430,465,326
0.93,-1.02,-8.52,-0.25,0.53,-0.09,470,422,430,464,326
5.01,-0.11,-8.84,-0.58,0.09,-0.01,469,421,430,465,325
8.43,1.44,-8.53,-0.03,0.57,-0.37,468,421,431,464,325
0.76,-0.62,-8.36,-0.20,0.63,-0.15,467,423,429,464,325
5.68,1.44,-7.93,-0.53,-0.21,0.07,466,421,428,465,324
12.83,3.23,-6.20,0.07,0.60,-0.93,466,420,429,465,324
-1.18,0.70,-6.19,-0.47,0.70,-0.11,465,421,430,464,324
6.10,2.51,-5.36,-0.61,-0.10,0.41,464,420,429,463,324
11.19,3.11,-4.86,-0.01,0.69,-0.54,464,420,429,464,323
4.46,2.90,-4.85,-0.22,0.67,-0.01,465,420,429,465,323
5.06,2.79,-4.14,-0.57,0.64,0.27,464,420,429,464,323
12.23,3.95,-3.09,-0.37,0.51,-0.35,464,420,429,463,322
7.25,3.96,-3.04,-0.29,0.73,-0.19,464,419,429,464,323
8.43,3.30,-1.59,-0.26,0.35,0.17,463,420,428,463,323
9.98,3.79,-2.47,-0.28,0.61,-0.24,464,419,428,463,324
6.48,3.68,-1.83,-0.22,0.80,-0.06,464,420,429,464,324
11.07,4.74,-0.22,-0.27,0.34,-0.27,464,419,429,465,323
10.23,4.78,0.58,-0.21,0.53,-0.27,463,420,429,464,324
6.33,4.44,0.78,-0.18,0.43,0.19,463,420,428,465,324
10.17,3.75,0.41,-0.21,0.34,0.19,464,420,430,464,323
10.85,3.07,1.44,-0.16,0.31,-0.18,463,420,428,464,324
8.82,5.56,1.09,-0.10,0.22,-0.35,463,418,429,463,324
7.06,5.19,2.11,0.05,0.24,-0.53,464,419,429,464,324
6.73,5.62,2.12,-0.00,0.31,0.32,463,419,429,464,324
10.97,4.87,1.95,-0.09,0.16,-0.03,463,419,428,464,323
9.79,4.52,1.36,-0.06,0.12,-0.22,464,419,428,464,324
8.44,4.56,2.35,-0.03,0.17,-0.03,464,420,429,464,324
END
9.12,4.62,2.58,-0.02,0.14,0.01,476,423,432,464,324
2.35,-3.37,-9.04,-0.01,0.01,-0.07,476,423,432,463,323
2.95,-3.59,-8.58,-0.04,0.07,-0.03,475,423,432,464,323
4.00,-3.59,-9.28,-0.07,0.06,-0.12,475,422,432,464,323
2.81,-3.42,-9.22,-0.12,0.06,-0.12,474,423,432,464,323
4.13,-3.09,-9.33,-0.12,0.05,-0.01,474,423,432,463,323
2.07,-2.92,-9.41,-0.05,0.38,-0.34,472,422,431,463,324
2.34,-3.21,-8.58,-0.33,-0.01,-0.03,472,422,431,463,324
4.41,-1.70,-8.89,-0.28,0.33,-0.32,470,422,431,464,324
5.08,-0.44,-8.95,-0.19,0.29,-0.44,470,421,431,464,324
3.65,-0.90,-8.22,-0.23,0.49,-0.18,468,422,430,464,324
7.32,-0.27,-7.72,-0.39,0.14,-0.26,468,421,431,465,324
6.68,0.40,-7.67,-0.22,0.35,-0.19,467,421,430,465,324
3.84,0.66,-7.11,-0.19,0.47,-0.27,467,421,431,465,324
4.94,0.27,-7.28,-0.43,0.19,0.15,466,420,430,465,323
11.18,2.09,-6.93,-0.22,0.47,-0.41,466,420,430,465,323
3.50,0.46,-7.03,-0.04,0.69,-0.14,466,420,430,465,323
6.15,0.67,-5.67,-0.46,0.26,0.24,465,420,429,464,323
11.59,2.99,-4.95,-0.17,0.65,-0.50,465,420,430,464,323
3.80,1.74,-5.22,-0.15,0.73,-0.19,465,420,430,466,323
14.95,1.60,-4.93,-0.85,0.23,-0.13,464,421,430,467,321
7.95,3.22,-4.14,-0.24,0.72,-0.34,464,420,429,464,322
7.87,4.28,-2.50,-0.39,0.59,0.09,464,419,430,467,321
6.84,2.43,-2.99,-0.31,0.56,0.13,463,419,430,467,322
9.25,4.44,-1.79,-0.26,0.55,-0.57,464,419,429,466,322
7.71,5.69,-0.62,-0.18,0.69,0.08,463,419,429,465,322
7.48,3.70,0.54,-0.27,0.63,-0.06,463,421,429,466,322
9.15,4.37,-0.98,-0.24,0.49,0.05,463,419,429,466,322
9.08,3.60,1.39,-0.23,0.54,-0.10,462,419,429,465,322
9.07,4.72,2.05,-0.09,0.47,-0.15,464,419,429,466,322
4.68,3.88,3.34,-0.19,0.72,-0.11,464,419,429,466,323
10.33,4.66,1.84,0.02,0.50,0.13,463,419,429,465,322
10.24,4.43,2.02,-0.19,0.35,-0.28,463,419,428,465,322
11.18,4.43,2.40,-0.04,0.28,-0.13,463,419,429,465,322
8.98,4.33,2.46,-0.06,0.17,-0.22,463,419,428,464,323
9.53,4.19,3.88,-0.03,0.17,-0.04,463,419,429,465,323
END
8.72,5.23,2.97,-0.04,0.13,-0.04,474,421,431,464,323
2.52,-3.17,-9.02,0.03,-0.02,-0.05,474,421,430,463,323
3.14,-3.20,-9.14,0.05,-0.02,-0.03,474,421,431,464,323
2.35,-3.12,-8.94,0.05,-0.03,-0.03,474,422,430,463,323
2.88,-2.94,-9.09,0.02,-0.02,-0.05,473,421,428,464,323
2.18,-3.27,-8.94,0.03,-0.04,-0.03,474,421,431,464,323
2.27,-3.70,-9.12,-0.03,0.02,-0.18,474,421,431,464,323
0.58,-4.06,-9.19,-0.07,0.18,-0.15,474,422,431,464,323
3.00,-3.83,-9.95,-0.24,0.18,-0.14,473,421,431,464,323
2.20,-2.23,-9.31,-0.11,0.49,-0.46,472,421,431,465,324
3.06,-2.11,-8.84,-0.36,0.25,-0.17,470,420,430,464,324
2.08,-1.85,-9.34,-0.31,0.57,-0.23,469,420,431,465,325
4.26,-0.06,-7.19,-0.26,0.60,-0.09,467,419,431,466,325
5.65,0.60,-7.23,-0.30,0.45,-0.21,465,419,431,466,324
5.23,-0.74,-7.78,-0.34,0.33,-0.15,464,418,430,466,324
8.55,1.17,-6.15,-0.28,0.36,-0.37,464,419,429,466,323
3.55,0.98,-6.85,-0.29,0.56,-0.02,464,418,429,466,323
10.19,0.76,-6.69,-0.46,0.11,0.24,463,419,429,466,323
7.44,2.02,-5.71,-0.09,0.71,-0.33,463,418,429,465,323
2.75,1.38,-6.17,-0.34,0.55,0.11,462,419,429,465,323
11.57,1.52,-4.87,-0.45,0.36,-0.04,462,418,428,464,323
8.79,2.25,-4.26,-0.21,0.79,-0.29,462,418,426,464,323
6.46,3.23,-3.77,-0.25,0.61,-0.11,462,418,428,463,323
9.38,1.97,-4.25,-0.45,0.39,0.13,462,418,428,464,323
12.18,3.53,-1.13,-0.05,0.67,-0.50,462,418,428,464,323
3.96,4.00,-2.86,-0.12,0.63,-0.34,462,418,428,463,323
4.24,4.74,-2.79,-0.21,0.16,0.45,462,418,428,464,323
13.71,3.45,0.31,-0.08,0.38,-0.64,463,419,428,464,323
10.22,4.69,0.15,-0.29,0.52,-0.36,463,419,428,464,324
5.59,3.85,0.18,-0.04,0.60,-0.01,464,419,427,464,325
9.48,5.15,0.80,-0.28,0.42,-0.33,463,419,429,464,325
10.18,3.62,1.68,-0.15,0.58,-0.41,464,419,428,464,325
7.94,5.09,1.30,-0.16,0.48,-0.25,464,419,428,463,325
8.48,5.94,2.89,-0.17,0.31,-0.04,464,419,428,463,326
8.08,5.48,1.80,-0.22,0.49,0.27,464,419,429,463,326
9.02,3.35,3.38,-0.38,0.43,0.37,465,419,428,464,326
END
12.61,6.64,1.25,-0.07,0.10,-0.35,478,422,432,464,323
1.22,-3.09,-9.53,-0.02,-0.02,-0.02,479,422,433,465,324
2.94,-3.22,-9.59,-0.10,-0.04,-0.37,478,423,433,465,324
1.65,-3.22,-9.40,0.02,0.08,-0.03,478,422,432,465,324
1.67,-2.85,-9.38,-0.16,0.00,-0.32,478,423,432,464,324
0.88,-2.70,-9.70,0.01,0.29,-0.00,477,422,432,465,325
2.71,-2.50,-9.22,-0.10,0.12,-0.11,477,422,432,464,325
1.46,-2.63,-8.63,-0.01,0.38,-0.11,476,422,432,465,325
1.79,-2.78,-9.29,-0.28,0.30,-0.07,474,422,432,465,325
2.63,-2.20,-8.75,-0.24,0.31,-0.15,473,422,432,464,325
6.88,-1.28,-7.07,-0.46,0.34,0.14,472,422,431,463,324
2.71,-1.08,-9.39,-0.37,0.37,-0.30,471,421,430,463,324
4.50,0.57,-7.80,-0.41,0.26,-0.28,470,421,431,464,324
3.78,0.08,-8.99,-0.26,0.58,0.13,470,421,430,463,324
3.78,0.37,-7.72,-0.36,0.50,-0.58,470,421,431,464,324
6.74,2.00,-6.41,-0.39,0.46,0.10,469,420,430,465,324
4.24,-0.49,-7.24,-0.51,0.74,0.02,469,420,431,464,324
7.49,1.80,-5.87,-0.50,0.54,-0.47,469,420,431,463,323
7.76,4.62,-4.91,-0.62,0.53,-0.28,467,420,430,464,323
5.00,2.98,-5.18,-0.52,0.66,0.21,467,420,430,463,323
10.22,3.09,-4.05,-0.42,0.49,0.05,467,419,429,462,323
8.56,3.47,-3.67,-0.13,0.82,-0.12,468,420,429,463,323
8.85,3.90,-2.18,-0.30,0.41,-0.20,467,420,429,463,323
10.32,4.95,-1.82,-0.19,0.52,-0.19,467,420,430,462,323
7.30,3.43,-2.81,-0.30,0.69,0.10,467,420,430,463,323
10.90,4.33,0.06,-0.26,0.42,-0.44,468,420,430,463,323
8.59,5.10,-1.28,-0.19,0.63,-0.31,467,420,429,462,323
6.53,4.17,-0.93,-0.44,0.66,-0.03,466,420,429,462,323
9.89,4.81,0.33,-0.28,0.24,-0.27,466,420,429,463,323
8.07,5.01,1.69,-0.20,0.59,-0.26,466,419,429,463,323
7.29,4.88,2.84,-0.09,0.62,0.11,466,420,429,463,323
11.42,5.02,2.05,-0.17,0.43,0.26,466,420,428,462,323
10.41,4.89,2.48,0.02,0.34,-0.20,465,419,429,462,323
8.86,4.39,2.23,0.03,0.28,0.04,465,419,428,462,323
7.86,3.96,2.92,0.00,0.32,0.19,466,420,430,463,323
9.03,4.96,2.24,0.13,0.12,0.27,465,419,429,462,323
END
9.55,3.79,2.96,0.01,0.07,-0.10,475,420,430,463,324
2.23,-3.45,-8.96,-0.14,0.07,-0.26,475,421,431,464,324
3.16,-2.90,-9.30,-0.06,0.08,0.16,474,420,430,463,324
4.07,-2.05,-10.42,-0.07,0.06,-0.13,475,421,431,462,324
1.86,-2.49,-9.39,0.11,0.13,-0.03,474,420,430,463,324
2.38,-3.04,-9.52,-0.09,-0.00,0.04,474,421,430,462,324
3.80,-3.05,-8.99,-0.01,0.28,-0.31,474,421,431,463,325
0.42,-3.41,-8.71,-0.06,0.43,-0.12,474,421,430,463,325
3.85,-3.06,-8.87,-0.43,0.16,-0.25,472,421,430,463,325
0.11,-1.74,-7.26,-0.05,0.82,0.06,472,421,430,463,325
3.43,-1.74,-8.67,-0.65,0.12,-0.24,471,421,430,463,325
5.52,0.98,-7.07,-0.29,0.61,-0.18,470,420,429,463,325
5.51,-0.32,-8.18,-0.46,0.57,-0.14,470,421,429,463,325
4.14,0.83,-6.73,-0.40,0.41,-0.38,469,420,429,463,325
7.20,2.04,-5.89,-0.39,0.38,0.15,468,420,430,463,324
3.85,0.31,-6.38,-0.21,0.99,-0.32,468,420,429,462,324
6.24,2.53,-5.24,-0.48,0.14,-0.15,467,419,429,463,324
8.14,1.64,-5.72,-0.34,0.91,-0.25,467,419,429,462,324
5.66,2.02,-3.76,-0.32,0.75,-0.16,466,419,428,462,324
10.84,3.14,-3.58,-0.54,0.54,-0.46,466,420,429,463,324
7.62,3.29,-2.70,-0.34,0.60,-0.20,466,419,429,462,325
10.41,4.83,-2.29,-0.48,0.50,-0.32,465,419,429,462,323
7.97,4.29,-2.58,-0.31,0.65,-0.09,465,419,428,463,323
10.38,4.67,-0.37,-0.34,0.60,-0.47,465,419,428,462,322
7.31,4.57,-1.12,-0.22,0.66,0.04,464,419,429,462,322
11.04,4.16,0.48,-0.37,0.47,-0.16,463,419,429,463,321
9.06,4.27,0.76,-0.07,0.67,-0.09,464,418,428,462,321
9.42,4.64,1.13,-0.26,0.39,-0.04,464,419,428,463,322
10.77,4.93,1.92,-0.19,0.43,-0.17,464,418,428,462,322
8.60,5.88,1.41,-0.10,0.34,-0.45,464,419,428,462,322
5.28,4.93,3.93,-0.06,0.51,0.22,464,418,428,463,323
8.25,5.70,2.91,-0.19,0.31,0.10,464,419,429,463,323
8.38,3.90,3.27,0.07,0.50,0.22,464,418,428,463,323
10.24,4.16,3.09,-0.19,0.33,-0.19,464,418,429,463,323
10.57,4.77,2.60,-0.10,0.20,-0.27,464,418,428,463,323
8.74,5.67,3.50,0.11,0.24,-0.11,464,418,428,463,324
END
7.74,6.22,4.28,0.01,-0.02,0.02,477,422,431,463,323
1.60,-3.58,-9.24,-0.02,0.04,-0.07,477,422,431,462,323
0.78,-3.30,-9.30,0.03,0.10,0.14,477,422,432,463,323
2.38,-2.83,-9.22,-0.10,0.06,-0.20,477,422,432,463,323
1.64,-2.93,-9.23,-0.02,0.17,-0.09,477,422,432,463,324
2.24,-2.79,-9.42,-0.16,0.08,-0.07,477,422,432,463,324
1.52,-2.48,-9.61,-0.13,0.17,-0.14,477,422,432,464,324
1.99,-2.43,-8.99,-0.14,0.36,-0.31,477,423,432,464,325
3.92,-1.97,-9.47,-0.17,0.12,-0.10,475,422,433,464,326
2.25,-2.07,-8.35,-0.05,0.40,-0.19,474,421,432,465,328
3.61,-0.90,-8.41,-0.29,0.42,-0.18,473,421,432,464,328
4.04,-1.18,-8.24,-0.22,0.22,-0.23,472,421,432,464,327
3.44,-0.47,-7.52,-0.19,0.56,-0.10,472,421,431,464,326
3.83,-0.67,-8.09,-0.32,0.59,-0.09,471,421,431,464,326
6.71,0.06,-8.04,-0.36,0.34,-0.33,469,421,431,463,325
4.11,1.31,-7.65,-0.13,0.76,-0.28,469,421,430,464,325
8.33,-0.65,-7.63,-0.73,0.17,0.15,468,420,430,464,325
6.63,1.62,-5.61,0.04,0.97,-0.50,468,420,430,463,325
4.01,1.54,-5.33,-0.70,0.44,0.21,468,419,430,464,324
11.67,2.28,-3.90,-0.26,0.60,-0.41,467,419,430,463,324
6.68,3.15,-3.31,0.02,1.20,-0.41,467,419,429,463,324
7.23,1.97,-3.56,-0.61,0.54,0.42,467,419,430,463,324
11.16,3.60,-0.51,-0.31,0.98,-0.69,466,419,429,462,324
6.22,5.61,-0.36,-0.23,0.90,-0.57,465,418,429,463,323
7.92,4.02,-0.75,-0.27,0.74,-0.79,465,418,428,463,324
12.56,6.24,1.56,-0.35,0.77,-0.80,464,418,428,462,324
8.02,5.54,1.52,-0.06,0.61,-0.00,464,418,430,462,324
9.46,5.71,1.77,-0.29,0.42,-0.41,464,418,428,463,324
8.99,5.54,2.07,-0.04,0.47,0.14,464,418,428,463,323
8.28,4.39,2.89,-0.18,0.25,-0.18,464,418,428,462,324
8.99,5.98,2.12,-0.12,0.31,-0.04,464,418,428,463,324
8.01,5.82,2.57,-0.21,0.36,-0.16,464,418,428,462,324
9.89,5.69,3.12,-0.07,0.14,0.17,464,417,428,463,324
10.06,5.66,2.10,-0.12,0.23,-0.08,464,417,428,462,324
8.97,4.87,3.10,-0.01,0.03,0.15,464,417,428,463,324
7.67,5.34,3.80,-0.02,-0.14,-0.18,464,417,428,461,325
END
7.96,4.75,3.26,0.04,0.00,0.18,478,422,431,463,323
2.23,-3.32,-9.32,0.01,-0.03,-0.04,477,421,431,462,323
1.26,-3.42,-9.24,0.02,-0.01,-0.00,478,422,431,462,323
0.62,-3.95,-8.88,-0.05,0.00,-0.15,477,421,431,462,324
0.66,-4.03,-8.99,0.01,0.18,0.10,478,422,431,462,323
3.09,-3.14,-9.85,-0.16,0.17,-0.18,478,422,431,463,324
3.06,-2.94,-9.59,0.04,0.35,-0.40,477,422,431,462,324
1.97,-2.96,-9.33,-0.08,0.23,0.15,475,422,430,462,324
5.69,-2.85,-8.98,-0.24,0.32,-0.39,475,422,430,462,326
-2.69,-2.58,-6.97,0.02,0.98,-0.75,473,421,430,464,326
-1.92,-2.65,-8.14,-0.48,0.02,0.05,472,421,430,462,326
7.02,-1.25,-7.42,-0.48,0.26,-0.08,471,422,430,462,325
5.69,0.94,-5.95,-0.05,0.77,-1.26,470,421,429,462,325
-1.88,0.06,-6.65,-1.03,0.10,0.31,468,421,429,462,325
15.12,3.04,-6.56,0.07,0.35,0.09,468,421,429,461,324
11.36,0.58,-5.81,0.07,0.78,-0.59,467,420,429,462,324
3.42,1.02,-5.08,-0.48,0.60,-0.05,466,420,429,462,324
6.50,1.16,-6.25,-0.62,0.24,0.24,466,420,428,461,324
14.74,3.20,-5.48,-0.14,0.38,-0.26,467,420,428,462,324
4.20,1.86,-4.73,-0.05,0.84,-0.23,466,419,428,461,324
7.45,2.67,-4.56,-0.66,0.21,0.18,465,419,428,462,324
10.27,1.57,-2.45,-0.13,0.75,-0.39,466,419,428,461,324
6.86,3.96,-2.25,-0.22,0.69,-0.28,465,420,428,462,324
8.84,3.72,-2.46,-0.52,0.42,0.21,466,419,428,462,324
9.33,2.77,-1.58,-0.24,0.66,-0.29,465,416,428,461,324
8.60,3.19,0.26,-0.32,0.54,-0.45,465,419,429,462,325
6.58,5.70,0.05,-0.12,0.66,-0.17,466,419,429,461,325
10.42,4.06,2.18,-0.53,0.63,-0.10,465,419,429,462,325
9.38,4.78,0.85,-0.25,0.58,-0.18,465,419,428,462,325
11.11,4.90,2.65,-0.21,0.32,-0.44,465,419,428,460,325
8.89,5.17,1.39,0.00,0.61,-0.01,465,419,429,462,327
9.90,5.35,1.90,-0.37,0.14,0.16,465,418,428,462,328
8.56,4.13,2.43,0.03,0.47,-0.01,465,419,428,462,329
10.04,4.19,2.35,-0.03,0.22,-0.35,465,418,428,461,328
9.69,5.29,2.46,0.12,0.21,0.13,465,418,428,462,328
8.90,3.70,2.96,0.01,-0.02,0.12,465,419,428,461,328
END
8.71,4.02,2.84,-0.00,-0.14,-0.05,477,421,430,462,324
2.10,-3.32,-9.07,0.05,0.05,-0.09,477,422,430,462,324
2.09,-3.68,-9.04,0.06,0.02,-0.04,476,421,430,462,324
2.46,-3.83,-8.94,0.00,0.01,-0.06,476,421,427,462,324
2.39,-3.59,-9.22,-0.01,0.03,0.03,477,421,430,461,324
1.86,-3.16,-9.09,0.02,0.03,-0.14,476,421,430,462,324
0.98,-4.46,-9.07,-0.14,0.02,-0.11,473,421,430,462,325
-0.09,-4.17,-8.87,-0.11,0.30,-0.29,476,421,429,462,325
2.80,-3.70,-9.46,-0.26,0.39,-0.37,474,421,430,462,326
1.52,-2.30,-8.66,-0.24,0.48,-0.34,472,421,430,463,326
3.69,-1.65,-7.57,-0.42,0.22,-0.03,472,421,430,461,325
5.73,-1.44,-8.54,-0.52,0.23,-0.07,472,421,429,459,325
5.41,0.17,-8.62,-0.22,0.61,-0.60,471,421,429,461,325
2.25,-0.90,-7.47,-0.48,0.38,-0.10,471,421,429,462,326
8.29,2.31,-8.41,-0.58,0.28,0.14,469,420,429,460,325
4.88,0.85,-6.99,0.11,0.91,-0.50,469,420,428,461,325
3.80,0.83,-6.28,-0.59,0.35,-0.14,469,420,428,461,325
10.77,3.19,-7.14,-0.61,0.49,-0.44,467,419,428,462,325
7.54,4.57,-4.72,-0.27,0.66,-1.04,464,418,428,462,324
3.18,3.63,-4.87,-0.55,0.50,0.14,464,417,428,464,324
6.92,2.84,-4.76,-0.62,0.39,0.14,463,418,428,463,324
10.58,5.25,-3.40,-0.14,0.44,-0.36,463,417,427,463,323
5.28,4.62,-4.08,-0.15,0.59,0.04,463,418,428,464,323
9.63,3.54,-3.23,-0.44,0.27,0.25,463,417,428,463,323
9.15,3.57,-1.86,-0.15,0.48,-0.29,462,418,424,462,323
9.06,5.75,-1.67,-0.17,0.47,-0.10,462,417,427,463,323
6.98,2.79,-0.80,-0.21,0.53,0.11,462,417,427,462,322
11.15,5.40,-0.10,-0.21,0.37,-0.22,462,417,427,462,323
5.81,4.40,-0.25,-0.13,0.68,-0.08,461,417,427,462,322
8.07,3.79,0.17,-0.20,0.50,0.25,461,417,428,462,323
9.79,3.03,1.96,-0.25,0.49,-0.26,462,417,428,462,323
7.58,5.28,2.51,-0.35,0.64,-0.23,461,417,427,463,323
6.90,5.71,3.09,-0.28,0.56,-0.13,461,417,427,462,323
8.00,4.64,2.25,-0.35,0.52,0.39,461,416,427,463,323
9.78,2.02,2.84,-0.25,0.38,0.31,461,417,427,462,323
14.44,6.20,2.59,0.06,0.09,-0.55,461,416,426,461,322
END
6.60,4.57,4.11,-0.09,0.44,-0.06,473,420,429,461,322
2.32,-3.37,-9.13,0.04,0.01,-0.07,473,420,430,462,322
2.50,-3.60,-9.13,0.00,-0.01,-0.01,473,420,430,461,322
2.00,-3.47,-9.00,0.03,0.03,-0.08,473,420,429,461,322
2.07,-3.67,-9.34,-0.00,0.02,0.01,473,420,430,461,322
1.82,-3.60,-9.13,-0.06,0.02,-0.16,473,420,430,462,322
1.20,-3.88,-9.04,-0.11,0.12,-0.19,473,420,429,461,323
2.66,-3.70,-9.13,-0.21,0.22,-0.27,472,420,429,461,323
2.25,-3.52,-8.46,-0.29,0.63,-0.43,470,420,430,461,324
3.50,-2.87,-8.93,-0.31,0.55,-0.13,468,418,429,462,325
1.88,-1.55,-7.77,-0.39,0.79,-0.29,467,418,429,462,325
7.22,-0.49,-6.81,-0.39,0.31,-0.01,466,418,429,462,324
1.90,-1.45,-6.84,-0.16,0.94,-0.36,466,417,428,463,324
7.20,0.20,-5.79,-0.71,0.28,-0.11,465,417,428,461,323
9.32,1.42,-6.48,-0.32,0.86,-0.62,464,417,428,462,323
5.99,1.34,-6.58,-0.36,0.64,-0.49,464,417,427,462,323
9.42,3.09,-4.39,-0.23,0.52,-0.20,463,416,427,463,323
5.48,1.84,-5.61,-0.32,0.69,-0.13,462,416,427,462,323
9.47,2.08,-4.85,-0.31,0.26,-0.34,462,415,426,461,323
8.05,3.42,-4.22,-0.16,0.52,-0.34,462,416,427,462,323
7.31,2.29,-4.36,-0.28,0.41,0.06,461,416,427,461,323
10.19,3.12,-3.37,-0.26,0.39,-0.36,461,414,427,461,323
8.31,4.26,-2.22,-0.16,0.54,-0.27,461,415,426,461,323
7.11,3.52,-2.25,-0.17,0.48,0.01,462,415,426,462,323
10.49,4.00,-1.53,-0.28,0.39,-0.23,461,415,427,462,323
8.43,4.20,-0.70,-0.09,0.64,-0.25,462,416,427,460,323
9.20,4.65,-0.80,-0.09,0.42,-0.03,462,416,426,461,323
11.16,4.22,-0.32,-0.17,0.39,-0.19,463,416,426,462,323
8.05,3.70,0.80,-0.06,0.58,-0.12,462,416,426,461,323
9.64,4.34,0.89,-0.06,0.42,0.02,461,416,426,461,323
9.79,3.63,1.18,-0.15,0.44,-0.27,462,416,427,461,323
8.23,4.52,2.15,-0.09,0.44,-0.32,461,415,426,461,323
9.96,4.90,3.03,-0.12,0.56,-0.23,461,415,426,461,323
7.44,5.53,3.30,-0.03,0.48,0.18,461,416,425,461,324
7.08,4.24,2.81,-0.16,0.29,-0.22,461,416,426,459,325
9.35,5.82,3.27,-0.06,0.33,-0.14,460,415,426,460,324
END
9.64,5.08,0.27,-0.04,-0.01,0.01,459,412,425,464,322
5.80,-2.69,-8.04,0.12,-0.09,-0.21,460,412,425,464,322
6.67,-2.69,-7.60,0.07,-0.36,-0.19,459,413,425,464,322
5.20,-3.29,-7.54,0.04,0.03,-0.34,459,413,424,463,322
6.82,-2.65,-8.15,0.03,-0.16,-0.04,457,412,424,462,322
5.89,-2.98,-8.46,-0.02,-0.08,-0.01,458,413,424,462,322
5.74,-3.07,-8.46,-0.02,0.01,-0.06,458,413,424,462,322
4.88,-2.76,-7.98,-0.07,-0.12,-0.07,458,412,424,463,322
3.38,-2.38,-7.95,-0.09,0.08,0.14,457,412,423,463,323
6.23,-2.43,-7.56,-0.10,0.06,-0.04,457,412,424,462,323
4.97,-2.53,-7.87,-0.21,0.11,-0.10,456,412,424,463,324
3.92,-1.22,-7.53,-0.22,0.16,-0.25,456,411,423,462,324
6.36,-0.42,-7.05,-0.18,0.14,0.01,455,412,423,463,324
5.97,-0.87,-7.47,-0.23,0.10,-0.17,454,411,423,461,324
4.83,-0.42,-7.86,-0.15,0.15,-0.14,454,410,423,462,324
7.44,-0.22,-6.76,-0.14,0.18,-0.02,454,411,423,463,324
5.33,-1.15,-7.49,-0.26,0.28,-0.47,454,411,423,462,323
8.59,1.62,-6.67,-0.13,0.05,-0.07,454,410,423,463,322
5.91,-1.03,-6.68,-0.21,0.32,-0.16,454,411,423,462,323
7.47,1.25,-6.38,-0.17,0.25,-0.50,453,411,423,463,323
6.03,1.21,-5.78,-0.23,0.35,0.10,453,411,423,463,323
9.63,0.74,-5.61,-0.24,0.27,-0.40,454,411,421,462,323
6.41,2.47,-5.31,-0.24,0.40,-0.19,453,410,423,462,323
6.58,1.55,-5.57,-0.27,0.40,0.04,454,410,423,462,323
9.57,2.56,-4.83,-0.30,0.30,-0.33,453,410,422,462,323
7.92,2.98,-4.07,-0.21,0.19,-0.10,454,410,422,462,323
9.09,3.78,-3.68,-0.18,0.18,-0.25,454,410,423,461,323
6.47,2.23,-4.35,-0.33,0.29,0.01,454,411,423,462,323
10.29,3.09,-2.33,-0.30,0.23,-0.46,454,411,423,461,323
7.45,4.12,-2.28,-0.32,0.53,-0.12,454,410,423,461,323
7.41,3.64,-2.04,-0.40,0.57,-0.19,454,411,423,461,323
9.33,4.38,-0.55,-0.35,0.46,-0.30,455,410,423,461,323
6.67,5.31,0.22,-0.34,0.75,-0.06,454,410,424,463,323
8.18,4.51,0.09,-0.36,0.64,0.12,454,411,423,461,323
10.83,5.53,0.27,-0.31,0.60,-0.39,454,411,424,461,323
11.01,6.02,0.29,-0.24,0.62,-0.15,455,411,423,461,323
END
12.94,6.20,0.74,-0.03,0.32,-0.10,462,412,426,462,322
4.30,-3.45,-8.42,-0.06,0.03,-0.14,462,412,425,461,322
5.21,-3.72,-8.58,-0.23,0.10,-0.37,462,412,426,461,323
2.77,-3.08,-8.38,-0.25,0.19,-0.08,462,411,426,461,322
6.39,-1.11,-7.96,-0.30,0.11,-0.06,459,411,425,462,323
8.03,-0.65,-8.12,-0.17,0.06,-0.13,459,411,425,463,323
1.96,-1.21,-8.28,-0.15,0.26,-0.24,458,411,425,463,323
4.25,-0.07,-7.95,-0.14,0.08,-0.03,458,410,425,462,322
6.86,-1.16,-8.26,-0.16,0.27,0.03,458,410,424,463,323
4.83,-0.64,-6.87,-0.11,0.28,-1.01,456,410,424,462,324
5.37,-0.05,-7.90,-0.04,0.39,-0.45,455,409,423,463,324
7.72,0.92,-6.97,-0.19,0.20,0.07,454,409,424,461,324
10.70,1.45,-6.33,-0.14,0.17,-0.40,455,409,423,461,323
3.73,-0.62,-9.16,-0.23,0.29,0.02,455,409,423,462,324
6.92,1.97,-6.73,-0.24,0.08,-0.13,454,409,423,461,324
8.14,1.88,-5.97,-0.23,0.28,0.05,453,409,422,461,323
5.64,0.82,-6.21,-0.26,0.27,-0.21,454,409,423,462,323
7.75,2.49,-5.62,-0.28,0.31,-0.09,454,409,423,462,323
5.47,1.07,-5.59,-0.28,0.42,0.11,454,409,423,461,323
11.18,3.16,-4.49,-0.24,0.25,-0.37,453,409,423,461,323
5.94,2.67,-4.91,-0.28,0.54,-0.05,454,410,423,461,323
8.24,2.71,-4.24,-0.30,0.32,-0.01,453,409,423,460,323
9.73,3.21,-2.92,-0.29,0.43,-0.28,453,409,423,460,323
7.83,2.42,-2.15,-0.48,0.39,0.14,454,409,423,461,323
8.56,4.09,-1.28,-0.35,0.49,-0.52,453,409,422,461,322
5.01,4.35,-2.01,-0.15,0.54,0.24,452,409,422,461,322
10.15,3.90,-0.15,-0.39,0.43,-0.33,453,409,422,461,323
6.96,5.35,-0.02,-0.12,0.48,-0.39,455,409,423,461,324
9.58,4.53,-0.92,-0.16,0.48,0.32,454,409,423,460,324
7.42,4.34,-0.73,0.04,0.63,-0.49,455,410,422,460,324
7.46,4.37,-0.12,-0.19,0.58,-0.19,454,408,422,460,324
14.39,5.03,2.72,0.24,0.56,-0.89,455,408,423,460,325
10.12,7.54,2.74,-0.13,0.69,-0.05,455,409,422,461,325
11.02,6.50,1.80,-0.16,0.43,0.42,455,409,422,460,325
7.95,3.37,1.07,-0.05,0.25,0.20,455,409,422,460,325
9.02,3.90,1.99,-0.08,0.03,0.04,453,409,423,460,325
END
7.90,3.39,2.66,-0.04,0.00,-0.07,463,412,424,460,322
4.01,-2.73,-8.71,0.04,0.03,-0.08,463,412,425,461,323
3.35,-2.57,-8.51,0.00,0.05,-0.03,463,412,425,461,323
5.33,-2.13,-8.73,-0.13,0.03,-0.29,462,412,425,461,323
5.69,-2.07,-8.92,-0.05,-0.02,-0.05,462,411,424,460,322
2.13,-2.45,-8.60,0.01,0.15,-0.07,461,411,424,460,323
3.00,-2.48,-8.07,-0.09,0.10,-0.05,461,411,425,460,324
5.76,-2.37,-8.69,-0.18,0.23,-0.12,460,411,424,460,325
7.11,-1.85,-7.89,-0.10,0.43,-0.73,458,410,423,462,326
4.95,0.58,-8.00,-0.19,0.51,-0.81,455,409,423,462,321
-0.89,-0.20,-9.55,-0.34,0.17,0.18,455,409,422,461,319
7.26,0.60,-7.36,-0.22,0.05,-0.47,455,408,422,461,319
7.80,0.71,-6.55,-0.10,0.34,-0.33,454,408,422,461,318
5.23,-0.34,-6.45,-0.22,0.38,0.03,454,409,422,461,318
6.14,0.14,-5.91,-0.39,0.12,0.07,454,407,422,461,318
8.08,2.64,-6.68,-0.44,0.38,-0.16,453,408,421,462,319
4.32,1.74,-6.68,-0.41,0.45,-0.06,452,407,422,462,318
7.58,1.08,-6.88,-0.34,0.25,0.05,452,407,420,461,318
11.01,3.23,-4.85,-0.23,0.36,-0.11,452,407,421,461,318
6.82,2.94,-5.68,-0.27,0.42,0.07,452,407,420,460,318
7.95,2.56,-6.17,-0.18,0.29,-0.01,452,407,421,461,318
9.07,2.31,-4.67,-0.26,0.31,0.06,451,407,421,460,318
10.06,4.18,-2.18,-0.20,0.43,-0.15,451,407,421,460,318
5.48,2.41,-5.64,-0.16,0.43,0.01,452,407,421,460,318
9.69,2.02,-3.17,-0.35,0.32,-0.24,451,407,421,461,318
9.12,4.45,-1.69,-0.13,0.32,-0.33,452,407,421,459,319
6.93,3.43,-2.42,-0.19,0.63,0.03,452,407,422,460,318
8.74,2.87,-1.67,-0.37,0.46,-0.16,452,407,421,460,319
9.35,4.44,-0.09,-0.20,0.54,-0.40,452,406,421,460,319
5.83,3.58,0.31,-0.27,0.57,0.20,453,407,421,459,319
9.32,3.83,2.23,-0.28,0.51,-0.35,453,407,421,460,319
6.47,5.43,0.58,-0.20,0.82,-0.02,452,406,421,460,320
9.57,4.86,2.63,-0.40,0.71,-0.31,454,407,421,460,320
10.21,5.68,1.26,-0.14,0.73,-0.38,454,407,420,460,320
9.66,5.46,2.12,-0.05,0.62,0.19,454,407,421,460,321
13.43,3.71,1.94,-0.11,0.29,-0.26,454,406,421,460,321
END
9.14,5.32,1.11,-0.04,0.24,0.16,468,413,426,460,319
4.16,-2.76,-8.99,0.06,0.01,-0.03,468,413,426,460,319
4.11,-2.84,-8.57,0.04,-0.08,-0.04,468,413,425,460,319
3.15,-2.96,-8.51,0.08,0.05,0.04,468,413,426,460,319
4.98,-2.56,-8.97,0.01,-0.09,-0.06,468,413,425,461,319
3.17,-2.58,-8.66,0.09,0.09,0.06,468,413,426,460,319
3.53,-3.19,-8.61,-0.03,-0.00,-0.22,468,413,425,461,319
2.37,-3.91,-8.51,-0.07,0.13,-0.03,467,413,425,460,320
3.69,-3.91,-8.96,-0.32,0.43,-0.39,465,412,425,460,320
4.50,-3.96,-9.12,-0.31,0.49,-0.15,463,412,423,460,321
4.29,-0.90,-8.62,-0.49,0.60,-0.67,461,410,425,461,322
4.28,1.69,-8.87,-0.55,0.22,0.07,457,409,424,460,320
12.56,0.54,-6.80,-0.17,0.06,-0.25,457,409,423,461,321
3.05,2.36,-5.97,0.05,0.78,-0.68,457,408,422,460,322
2.12,-0.73,-6.07,-0.76,0.03,0.54,455,408,423,461,323
14.83,3.78,-2.67,-0.19,0.54,-1.02,455,407,421,460,325
0.41,-0.19,-6.03,-0.39,0.89,-0.09,455,408,421,459,324
12.29,3.24,-4.11,-0.66,0.28,-0.06,454,407,422,460,322
7.66,5.94,-3.65,0.02,1.05,-0.91,454,407,421,459,320
4.52,2.88,-4.92,-0.75,0.54,0.40,453,407,420,460,319
15.53,3.52,-1.32,-0.39,0.32,-0.71,453,407,420,460,318
6.12,4.09,-1.46,-0.12,0.70,-0.09,452,407,420,460,318
9.97,3.40,-2.31,-0.49,0.37,-0.39,452,405,421,460,318
9.11,5.48,-1.08,-0.31,0.32,-0.07,452,407,421,459,318
8.10,5.94,-0.90,-0.27,0.46,-0.20,453,407,420,459,319
8.56,4.81,-0.32,-0.29,0.32,0.02,453,407,421,459,319
5.46,5.48,0.06,-0.32,0.67,-0.33,453,407,420,460,319
10.75,5.36,1.84,-0.18,0.38,0.10,452,407,420,460,318
6.64,4.67,0.91,-0.24,0.51,-0.05,452,406,421,460,319
8.13,4.49,2.46,-0.32,0.30,0.01,452,406,420,459,319
9.63,6.45,4.68,-0.11,0.55,-0.37,452,406,420,459,319
5.94,4.65,3.25,-0.19,0.48,0.26,452,406,420,459,319
12.86,5.12,3.52,-0.13,0.27,-0.07,452,406,420,459,319
9.20,4.98,3.09,-0.08,0.31,-0.09,452,406,420,460,319
9.23,5.94,3.68,-0.05,0.24,0.12,452,407,420,459,320
8.42,5.15,3.76,0.00,0.08,0.14,452,406,421,459,319
END
8.39,4.46,3.63,0.02,-0.03,0.00,464,412,425,459,319
2.81,-2.94,-8.76,0.00,0.10,-0.10,463,412,425,459,320
3.75,-4.08,-8.62,-0.09,0.08,-0.14,463,412,425,460,320
5.08,-2.18,-9.51,-0.16,-0.06,0.06,463,411,424,459,320
4.08,-2.66,-8.61,0.02,0.04,-0.14,463,411,425,459,320
3.04,-2.71,-8.97,-0.05,0.05,-0.07,463,411,424,460,320
4.49,-3.22,-8.76,-0.26,0.03,-0.30,463,411,424,459,320
1.96,-1.92,-8.76,-0.16,0.32,-0.31,462,410,424,459,321
3.03,-1.90,-9.12,-0.37,0.10,-0.01,460,410,424,460,321
7.34,-1.46,-8.53,-0.24,0.41,-0.32,460,409,424,459,321
2.93,-0.50,-6.30,-0.32,0.44,-0.41,459,409,423,459,321
2.27,-0.12,-9.23,-0.85,0.02,0.38,458,408,424,461,321
10.18,1.63,-8.08,-0.00,0.46,-0.70,457,408,423,461,320
3.22,1.46,-7.78,0.09,0.65,-0.51,456,408,422,460,320
3.07,0.70,-8.37,-0.47,0.08,0.46,456,408,423,460,320
11.26,2.48,-6.22,-0.12,0.37,-0.53,456,408,422,459,320
2.06,0.95,-7.51,-0.19,0.34,0.10,456,408,422,460,320
3.97,1.66,-8.08,-0.65,-0.05,0.35,455,408,422,459,319
10.88,2.16,-5.49,-0.13,0.44,-0.32,456,408,423,459,319
3.74,2.48,-5.86,-0.27,0.40,-0.06,456,408,422,460,320
10.23,2.58,-4.51,-0.44,0.31,0.25,456,408,421,459,320
8.34,2.54,-4.06,-0.22,0.61,-0.27,455,407,422,459,320
7.96,3.52,-3.08,-0.14,0.57,0.07,455,407,422,458,320
8.54,2.78,-4.23,-0.29,0.69,-0.07,455,407,422,459,320
9.40,2.86,-3.49,-0.22,0.56,-0.34,455,408,422,459,320
8.46,4.11,-2.12,-0.26,0.55,-0.13,453,407,422,459,320
10.62,4.31,-1.64,-0.31,0.36,-0.06,455,408,422,459,319
7.35,2.88,-1.10,-0.31,0.46,-0.19,455,408,422,458,320
9.98,5.45,-0.60,-0.29,0.30,-0.15,454,407,421,458,320
7.84,4.00,0.36,-0.26,0.55,-0.13,456,408,422,458,320
8.14,4.57,0.25,-0.27,0.40,-0.13,455,408,422,459,320
7.41,3.73,0.82,-0.28,0.53,0.06,455,408,422,458,320
9.10,3.79,2.32,-0.26,0.55,-0.35,455,407,421,458,320
8.43,5.06,2.39,-0.18,0.59,-0.08,455,407,422,459,320
9.65,5.74,3.08,-0.23,0.80,-0.27,455,407,421,457,321
8.87,6.22,3.23,-0.10,0.51,-0.00,454,407,421,459,321
END
10.56,4.87,3.76,0.06,0.50,0.07,466,411,425,459,319
3.06,-3.49,-9.17,-0.01,0.06,-0.06,466,412,425,459,320
3.84,-3.12,-8.32,0.07,0.08,0.06,466,411,424,459,319
4.77,-3.01,-8.46,-0.01,0.08,-0.09,465,411,424,459,320
3.52,-3.13,-9.93,-0.00,0.04,-0.17,465,412,424,460,321
1.08,-3.54,-9.01,-0.10,0.01,-0.17,465,411,424,460,321
4.86,-3.40,-9.30,-0.31,0.08,-0.33,464,411,425,459,321
5.99,-2.21,-8.06,-0.05,0.37,-0.54,462,410,423,459,322
-0.52,-2.62,-8.70,-0.26,0.54,-0.36,461,410,424,460,324
3.60,-1.11,-7.43,-0.66,0.25,0.32,460,409,423,459,323
9.91,-0.38,-8.06,-0.32,0.66,-0.89,459,408,423,457,323
2.09,2.21,-7.28,-0.32,0.64,-0.82,459,409,422,458,323
0.63,-0.19,-7.81,-0.64,0.35,0.25,458,409,423,458,322
11.92,2.99,-5.78,-0.38,0.38,-0.53,457,409,423,457,321
2.64,2.47,-6.28,-0.15,0.74,-0.39,457,409,423,458,321
3.81,2.04,-6.23,-0.48,0.19,0.29,456,409,422,457,321
11.61,2.97,-4.98,-0.26,0.43,-0.27,456,409,422,457,320
5.46,1.54,-5.56,-0.20,0.55,-0.20,455,409,422,457,321
5.12,2.39,-5.00,-0.37,0.35,0.43,455,409,422,457,320
13.09,3.32,-3.54,-0.37,0.31,-0.27,455,408,422,457,321
6.76,3.68,-3.75,-0.06,0.74,-0.10,454,408,421,457,321
9.58,2.18,-4.11,-0.43,0.17,0.14,455,408,421,458,321
9.81,3.68,-0.90,-0.18,0.47,-0.44,455,408,421,457,321
6.93,3.92,-1.66,-0.26,0.47,-0.10,454,408,421,457,321
9.05,3.54,-2.05,-0.32,0.37,-0.13,455,408,422,458,321
10.22,4.01,0.52,-0.25,0.53,-0.54,456,408,421,457,321
6.63,5.00,-0.39,-0.16,0.48,-0.12,455,408,421,458,322
9.02,3.40,0.12,-0.28,0.37,0.12,455,408,421,457,322
10.70,3.63,1.26,-0.19,0.42,-0.14,456,408,421,457,321
6.28,3.52,0.65,-0.23,0.59,0.17,455,408,421,458,322
11.67,5.30,1.55,-0.17,0.08,-0.10,455,407,421,457,322
7.34,3.29,2.35,-0.09,0.54,-0.05,455,407,421,457,323
9.27,5.71,2.43,-0.11,0.38,0.18,455,408,421,457,323
7.52,4.80,1.90,-0.05,0.27,0.33,456,408,421,458,323
9.39,2.26,1.26,-0.14,0.09,0.23,456,408,422,458,323
12.62,4.57,2.24,0.01,0.08,-0.37,456,407,421,457,323
END
8.75,3.85,2.76,0.11,0.07,-0.22,466,411,425,458,321
3.68,-2.81,-9.34,-0.07,-0.12,0.03,466,411,425,459,322
2.76,-2.68,-9.26,0.03,0.01,-0.09,466,411,425,458,321
3.00,-2.44,-9.08,-0.07,-0.05,0.03,466,411,424,458,321
2.60,-2.06,-9.14,-0.09,0.17,-0.15,465,411,424,458,321
2.15,-2.20,-9.13,-0.12,0.03,0.03,465,411,425,458,321
3.11,-2.39,-9.15,-0.19,0.19,-0.24,464,410,424,458,322
1.41,-2.39,-8.91,-0.22,0.36,-0.17,464,410,425,459,322
4.96,-1.57,-8.88,-0.33,0.55,-0.35,463,410,424,459,323
4.34,-0.45,-7.81,-0.21,0.60,-0.28,461,410,424,459,322
4.01,-0.42,-8.10,-0.29,0.68,-0.51,460,409,423,460,324
5.64,-0.03,-7.37,-0.45,0.30,-0.05,458,409,422,459,324
5.73,2.23,-6.61,-0.37,0.49,-0.30,458,408,422,459,323
5.71,1.23,-6.07,-0.51,0.56,-0.10,457,408,421,458,323
6.56,1.78,-6.20,-0.43,0.37,-0.36,457,407,421,458,322
7.48,3.30,-5.79,-0.40,0.62,-0.03,456,407,421,458,322
6.32,0.88,-5.53,-0.44,0.40,-0.16,457,407,421,458,321
8.66,4.34,-4.20,-0.37,0.45,-0.22,456,407,421,458,321
7.09,3.12,-4.71,-0.31,0.61,-0.03,456,407,421,458,321
7.62,3.12,-2.91,-0.38,0.52,0.05,456,407,420,458,321
9.79,5.27,-2.46,-0.28,0.51,-0.33,454,407,421,458,321
7.06,4.77,-1.76,-0.31,0.71,-0.02,456,406,421,457,321
8.56,3.01,-1.77,-0.51,0.38,-0.25,456,406,420,457,321
9.51,5.28,0.22,-0.37,0.49,-0.22,456,406,421,458,321
6.22,4.59,0.26,-0.39,0.57,0.01,456,407,420,457,321
10.25,5.33,1.84,-0.50,0.41,-0.46,455,406,421,457,321
9.35,6.20,0.82,-0.06,0.56,0.12,455,406,419,458,322
9.66,3.53,0.51,-0.28,0.51,0.16,456,406,420,457,322
8.13,2.44,3.11,-0.47,0.48,0.04,456,406,420,457,322
11.92,5.22,3.64,0.21,0.64,0.15,455,406,420,457,323
8.66,5.70,1.80,-0.15,0.29,-0.26,455,406,420,457,323
8.69,3.57,1.85,-0.17,0.18,0.11,456,406,420,458,324
10.72,4.23,2.33,0.01,-0.07,-0.06,455,406,420,456,323
9.24,4.87,2.14,0.06,0.03,-0.05,456,406,420,456,324
8.53,3.55,2.93,0.11,-0.11,0.04,455,406,420,456,324
8.04,3.27,3.15,0.05,-0.09,-0.11,456,406,420,457,323
END
6.32,3.09,3.37,0.00,-0.01,0.02,465,410,423,457,321
1.72,-3.84,-8.99,0.04,0.08,0.06,465,410,422,457,322
4.33,-2.05,-9.58,-0.05,-0.11,-0.18,465,409,422,458,321
2.20,-2.29,-9.58,0.10,-0.02,0.03,465,410,423,457,321
2.89,-3.40,-9.07,0.04,-0.03,-0.12,465,409,423,457,322
2.63,-2.99,-9.32,0.11,0.07,-0.03,465,410,422,457,321
1.69,-4.41,-9.33,-0.29,-0.00,-0.42,465,410,423,457,322
1.49,-3.24,-8.96,-0.21,0.56,-0.67,464,409,423,457,322
2.66,-1.97,-8.23,-0.42,0.42,-0.37,461,409,422,458,322
6.52,-0.60,-9.22,-0.43,0.19,-0.20,459,408,422,457,321
3.54,-0.39,-8.05,-0.32,0.45,-0.62,458,408,422,457,322
7.03,2.28,-7.48,-0.30,0.26,0.32,457,407,421,458,321
1.61,-1.23,-8.53,-0.27,0.44,0.02,457,407,421,457,322
6.51,2.01,-7.13,-0.31,0.24,-0.37,457,406,421,458,321
4.60,1.90,-7.21,-0.32,0.48,0.22,457,406,421,457,321
7.90,0.48,-6.81,-0.26,0.32,-0.16,457,406,421,458,321
3.96,2.38,-5.86,-0.06,0.81,-0.07,457,406,421,458,321
7.98,0.65,-6.77,-0.53,0.25,0.05,458,407,420,456,322
10.23,2.57,-4.62,0.09,0.69,-0.34,458,406,420,456,322
3.55,2.37,-4.67,-0.28,0.76,0.02,457,406,421,457,322
11.14,2.42,-3.96,-0.63,0.16,-0.14,457,406,421,456,322
7.52,3.17,-4.07,0.01,0.82,-0.30,457,407,420,456,322
7.30,3.56,-3.06,-0.55,0.32,0.22,458,407,420,456,323
9.56,2.91,-3.07,-0.36,0.55,-0.25,457,407,421,456,323
8.34,4.00,-1.56,-0.30,0.58,-0.08,457,407,421,456,322
11.41,3.56,-1.01,-0.31,0.48,-0.54,458,407,420,456,322
7.33,4.24,-0.29,-0.15,0.66,-0.02,458,407,420,457,323
9.99,3.92,-1.12,-0.42,0.44,-0.07,457,407,421,457,323
10.99,5.28,0.78,-0.12,0.46,-0.18,458,407,420,456,322
8.20,4.29,0.85,-0.12,0.45,0.11,458,406,420,456,323
9.70,3.42,1.75,-0.28,0.51,0.31,458,406,421,456,323
8.09,5.51,2.17,-0.18,0.39,-0.25,457,406,420,457,323
9.30,5.61,2.38,0.02,0.54,0.14,457,406,420,456,323
7.57,2.78,2.35,-0.02,0.56,0.11,458,407,420,456,323
11.02,3.39,3.33,-0.13,0.35,-0.28,458,405,419,456,323
9.94,4.44,2.76,0.07,0.50,0.13,458,406,420,456,323
END
12.12,3.42,1.74,-0.10,0.09,-0.15,469,412,425,457,322
2.81,-2.55,-9.17,-0.09,0.01,-0.14,468,411,424,457,322
2.93,-2.87,-9.73,-0.05,-0.02,-0.01,467,411,424,457,322
2.94,-3.03,-8.91,-0.09,0.01,-0.09,467,411,424,457,322
3.26,-2.38,-9.36,-0.03,0.01,-0.01,467,411,424,458,322
3.82,-2.39,-9.57,-0.08,0.08,-0.17,466,411,423,457,322
2.12,-3.17,-9.23,-0.04,0.26,-0.18,466,411,424,457,323
1.09,-3.17,-8.99,-0.23,0.42,-0.04,465,410,423,457,322
3.11,-1.36,-8.03,-0.36,0.55,-0.20,464,409,423,457,323
7.48,0.17,-7.25,-0.42,0.51,-0.61,463,408,422,456,322
2.62,-0.54,-7.50,-0.47,0.47,-0.21,462,408,422,457,322
6.07,1.22,-7.08,-0.64,0.44,-0.22,461,408,422,457,322
8.14,1.79,-7.77,-0.44,0.43,-0.15,460,407,421,456,322
6.19,1.46,-7.05,-0.27,0.41,-0.24,460,407,422,457,322
7.35,2.82,-5.87,-0.30,0.41,-0.15,459,407,421,457,322
7.68,1.38,-6.68,-0.35,0.30,0.03,459,407,421,456,322
7.82,2.58,-5.81,-0.27,0.52,-0.33,459,407,421,456,322
4.71,3.51,-4.75,-0.23,0.69,-0.16,459,406,421,457,322
7.47,2.71,-5.65,-0.37,0.37,0.10,459,407,420,456,322
10.01,3.13,-4.08,-0.19,0.62,-0.23,459,407,420,456,321
6.28,2.90,-3.29,-0.24,0.55,0.07,458,408,421,456,322
8.09,3.09,-3.07,-0.29,0.53,-0.10,459,407,421,453,321
7.68,3.49,-0.41,-0.21,0.77,-0.18,459,407,421,456,322
12.12,4.09,-3.37,-0.63,0.35,-0.25,459,407,420,455,322
7.40,3.63,0.37,-0.04,0.89,0.04,461,407,421,456,323
11.32,5.58,0.45,-0.45,0.54,-0.51,460,407,421,456,323
9.04,4.19,1.89,0.26,0.88,0.43,459,407,421,456,322
7.43,4.31,0.81,-0.43,0.71,-0.40,460,407,421,457,323
10.14,4.85,3.17,-0.16,0.39,-0.14,460,407,421,456,323
8.41,5.43,2.60,-0.22,0.59,0.03,460,408,420,456,323
10.44,3.80,2.98,-0.09,0.39,0.08,459,407,421,456,323
8.20,3.50,4.02,0.00,0.41,-0.05,459,407,421,457,324
9.02,5.90,3.49,-0.09,0.34,-0.14,460,408,420,456,325
9.42,4.29,2.99,0.02,0.22,0.20,460,407,422,457,325
9.21,2.91,3.67,-0.02,0.17,0.01,459,407,420,456,325
8.26,4.65,3.77,0.04,0.11,-0.18,460,407,420,457,326
END
7.13,4.27,3.92,-0.03,0.02,0.09,468,412,424,457,323
4.72,-1.97,-9.37,-0.24,0.08,-0.13,468,411,424,456,323
2.85,-1.72,-8.66,-0.18,0.43,-0.05,466,411,423,457,323
4.47,-1.38,-8.68,-0.26,0.16,-0.22,465,410,423,457,322
6.41,-0.30,-8.53,-0.23,0.23,-0.05,464,410,423,457,322
3.98,-1.31,-9.01,-0.19,0.13,0.21,464,410,422,456,322
3.93,-0.67,-7.49,-0.33,0.34,-0.20,463,409,422,456,322
4.75,-0.18,-6.99,-0.25,0.39,-0.03,463,409,422,457,323
2.60,-0.22,-6.70,-0.31,0.56,-0.05,462,408,422,456,323
5.43,1.69,-5.99,-0.25,0.75,-0.44,462,408,421,456,323
5.33,0.09,-7.19,-0.46,0.59,-0.09,461,409,421,456,323
8.18,2.62,-4.77,-0.31,0.66,-0.45,461,408,421,456,322
4.95,2.71,-4.21,-0.48,0.80,0.00,460,408,421,455,322
9.74,1.91,-4.16,-0.61,0.43,-0.02,461,409,422,455,322
9.50,4.37,-2.47,-0.25,0.72,-0.46,460,408,420,455,322
7.57,4.58,-2.51,-0.38,0.56,0.15,460,408,421,452,322
10.58,2.78,-3.22,-0.59,0.38,-0.13,461,408,421,456,322
8.99,4.14,-0.80,-0.15,0.67,-0.38,461,408,421,456,323
8.43,5.40,-2.21,-0.44,0.31,-0.15,462,408,421,456,324
9.92,3.94,-1.01,-0.30,0.45,0.00,462,408,421,455,324
8.43,4.31,-0.02,-0.32,0.67,-0.35,463,408,421,455,325
10.27,4.97,0.35,-0.12,0.42,-0.10,463,409,422,456,325
8.62,4.74,2.49,-0.11,0.80,-0.11,463,408,421,455,326
8.11,4.97,1.40,-0.15,0.67,-0.07,463,409,422,456,327
7.64,4.74,3.70,-0.26,0.69,-0.14,463,409,421,456,328
7.85,5.19,2.49,-0.25,0.52,0.34,462,408,421,455,328
11.25,3.29,2.62,-0.19,0.53,-0.15,463,409,421,455,328
10.15,4.52,3.78,-0.05,0.51,-0.27,463,409,421,455,329
6.91,4.92,4.34,0.16,0.45,0.50,462,408,418,455,329
4.52,5.31,4.31,-0.54,0.07,0.47,463,408,421,455,328
11.05,3.34,4.43,-0.31,-0.43,0.00,462,408,421,456,328
6.85,4.36,3.92,0.46,0.39,-0.05,463,408,421,455,328
7.25,4.26,4.82,-0.09,-0.35,-0.11,462,408,421,456,328
6.50,3.96,4.40,0.06,-0.00,0.01,462,408,421,456,328
8.32,2.39,4.94,0.05,-0.09,0.06,462,408,420,455,328
7.77,3.12,4.71,0.03,-0.06,-0.14,461,408,421,456,328
END
7.07,4.08,4.57,0.01,-0.02,-0.03,467,410,423,456,323
3.96,-2.71,-9.11,-0.02,-0.09,-0.09,468,411,423,457,324
2.87,-2.89,-9.02,0.04,-0.05,-0.03,467,411,423,456,323
2.57,-2.65,-8.63,-0.06,0.00,-0.01,467,411,424,457,324
2.92,-2.55,-9.07,-0.08,0.01,-0.02,467,411,424,457,324
2.60,-2.84,-8.70,-0.09,0.21,-0.11,467,410,424,456,325
3.49,-2.89,-8.29,-0.21,0.23,-0.10,467,410,423,456,325
1.79,-2.77,-8.64,-0.20,0.62,-0.11,466,410,420,456,326
3.29,-1.95,-7.80,-0.48,0.31,-0.21,464,409,422,456,326
6.20,0.27,-6.85,-0.37,0.70,-0.30,462,409,422,456,326
5.47,0.40,-8.00,-0.37,0.45,-0.45,460,409,421,456,325
5.33,0.88,-7.29,-0.33,0.35,-0.43,460,409,420,456,325
7.34,1.54,-6.95,-0.41,0.51,-0.21,459,408,421,456,324
3.73,0.90,-7.59,-0.29,0.51,-0.11,459,408,421,456,325
9.93,3.01,-5.93,-0.36,0.21,-0.11,458,408,420,455,324
4.27,1.12,-6.63,-0.29,0.75,-0.08,458,408,420,455,324
7.52,1.45,-4.90,-0.52,0.33,0.01,458,408,420,455,324
6.96,2.78,-3.98,-0.38,0.72,-0.22,458,408,420,455,324
8.52,3.76,-3.07,-0.30,0.52,0.00,458,408,421,455,324
6.63,2.60,-3.12,-0.48,0.73,-0.06,458,408,421,455,324
9.32,4.20,-1.56,-0.43,0.70,-0.24,458,408,420,455,324
7.95,4.68,-1.77,-0.41,0.38,-0.14,457,407,420,455,323
10.09,4.59,-0.83,-0.25,0.71,0.01,458,407,420,454,323
7.65,4.31,-0.84,-0.37,0.55,-0.06,458,407,420,454,323
9.66,3.78,1.08,-0.26,0.49,-0.20,458,407,420,455,323
8.99,5.45,1.59,-0.23,0.70,-0.15,458,407,420,453,324
8.92,3.83,1.60,-0.41,0.43,-0.32,459,407,420,455,324
9.42,4.22,2.31,-0.36,0.59,-0.21,459,407,419,456,325
8.36,4.62,3.29,-0.25,0.56,-0.08,459,407,420,456,326
9.71,3.07,2.57,-0.22,0.57,0.06,459,407,420,455,326
8.94,5.31,4.16,-0.08,0.52,0.06,458,407,420,455,327
9.58,6.07,3.22,-0.16,0.47,-0.04,459,407,420,456,327
7.11,3.09,3.99,-0.03,0.35,0.33,458,407,420,455,327
10.55,2.94,5.64,-0.11,0.05,-0.41,459,406,419,456,328
9.02,4.57,3.00,0.09,0.13,0.01,459,406,419,455,328
6.66,4.55,4.90,-0.06,-0.13,-0.02,458,407,420,455,328
END
7.42,2.90,4.98,0.09,-0.15,0.09,467,411,423,455,323
4.55,-2.69,-9.60,-0.01,-0.02,-0.07,467,411,423,455,323
3.66,-2.56,-8.93,-0.02,0.00,-0.04,466,411,422,455,323
2.46,-2.66,-9.00,-0.02,-0.03,-0.07,466,411,422,456,323
5.18,-2.48,-9.46,-0.20,-0.03,-0.08,465,411,423,456,323
1.74,-2.46,-8.99,0.03,0.09,-0.18,465,410,423,456,323
2.60,-2.15,-8.92,-0.17,0.13,0.07,465,410,422,456,323
4.86,-1.88,-8.81,-0.22,0.25,-0.11,464,409,422,456,324
2.00,-2.32,-8.94,-0.14,0.25,-0.07,463,409,421,455,324
3.26,-1.26,-8.00,-0.25,0.30,-0.02,462,409,421,455,324
5.26,-0.78,-7.98,-0.30,0.41,-0.17,462,408,422,456,324
2.96,-1.41,-8.58,-0.29,0.27,0.06,461,409,421,456,324
5.82,-0.10,-7.67,-0.27,0.39,-0.03,461,408,421,455,324
3.12,-0.68,-8.12,-0.32,0.63,0.11,461,408,422,456,324
5.84,-0.32,-7.47,-0.30,0.49,-0.09,461,408,420,455,324
3.85,0.14,-4.95,-0.26,0.99,0.03,461,408,421,456,324
4.64,0.17,-4.31,-0.37,0.63,0.03,460,408,420,456,324
11.59,2.18,-2.53,-0.57,0.46,-0.48,459,407,420,455,324
4.87,2.43,-3.69,-0.23,1.11,0.07,459,407,419,454,324
12.10,1.64,-2.03,-0.77,0.53,-0.87,460,407,420,455,325
6.91,4.98,-1.72,-0.12,0.96,-0.48,460,407,420,455,326
12.28,3.05,-3.04,-0.93,0.33,-0.05,461,406,419,455,327
11.98,3.96,1.08,0.17,0.89,-0.52,461,406,419,455,328
7.94,3.91,-0.76,-0.32,0.78,-0.14,461,406,420,455,328
9.38,4.80,1.49,-0.61,0.74,-0.58,461,406,419,455,331
10.54,5.35,2.45,-0.07,0.66,-0.31,461,407,420,455,331
9.93,5.23,0.55,-0.25,0.83,-0.19,461,406,420,455,332
11.12,4.98,1.16,-0.32,0.45,-0.21,460,407,420,455,332
10.58,4.71,2.15,0.06,0.36,0.19,461,407,419,455,331
9.27,6.22,2.46,0.05,0.37,0.04,461,406,419,455,332
9.10,5.30,1.76,0.04,0.02,0.37,461,406,419,454,331
6.62,3.65,4.23,0.03,0.15,-0.20,461,406,419,454,332
8.03,4.55,3.21,0.12,0.05,0.17,460,406,419,455,331
7.95,3.79,3.89,0.02,0.04,-0.07,461,406,419,454,331
7.34,3.63,3.09,0.09,0.04,0.19,461,406,419,454,331
9.58,3.53,3.42,-0.14,-0.10,-0.38,460,406,419,455,331
END
5.43,4.73,4.00,0.17,0.11,0.28,469,412,424,455,323
3.60,-2.73,-9.53,0.02,-0.05,0.03,469,411,424,455,323
3.25,-2.87,-9.14,0.02,-0.07,-0.03,468,412,424,456,323
3.19,-3.08,-9.19,-0.01,-0.01,-0.07,468,411,424,456,323
2.60,-3.02,-9.63,-0.10,-0.01,-0.04,467,411,423,455,323
3.45,-3.26,-8.92,-0.12,0.10,-0.14,467,411,423,455,323
1.05,-2.78,-8.95,-0.20,0.33,-0.04,465,411,423,456,324
3.73,-2.56,-8.61,-0.39,0.01,-0.03,464,410,423,456,324
4.31,-0.57,-8.07,-0.20,0.41,-0.20,464,410,422,456,324
3.32,-1.76,-8.89,-0.48,0.17,-0.05,463,410,422,455,324
5.40,0.97,-6.99,-0.15,0.71,-0.18,462,409,423,457,324
4.52,-0.93,-8.52,-0.42,0.43,-0.07,462,409,420,457,324
5.30,0.84,-7.24,-0.31,0.48,-0.39,461,409,422,456,324
3.81,1.74,-7.03,-0.39,0.49,0.10,461,409,422,456,323
8.15,1.47,-7.20,-0.47,0.21,-0.24,462,409,422,456,324
2.61,1.16,-5.36,-0.15,0.83,-0.14,461,409,422,455,324
6.35,1.09,-5.33,-0.71,0.44,-0.02,460,408,421,455,323
8.50,2.10,-5.26,-0.37,0.71,-0.06,461,409,421,456,324
9.72,3.84,-3.20,-0.42,0.63,-0.49,460,406,421,453,324
5.58,2.43,-4.36,-0.41,0.67,0.01,460,408,421,455,323
11.63,2.53,-2.86,-0.75,0.53,-0.12,460,408,421,455,323
10.62,4.53,0.11,-0.31,1.05,-0.56,460,408,421,455,323
8.45,5.30,-0.94,-0.43,0.53,-0.10,459,407,420,455,323
11.36,4.57,-1.85,-0.36,0.46,-0.08,459,407,420,455,323
9.02,4.62,0.11,-0.20,0.59,-0.15,459,407,420,455,324
7.52,4.67,-0.29,-0.25,0.49,0.06,460,407,420,455,324
9.91,4.08,0.27,-0.27,0.34,0.06,459,407,420,455,324
9.45,5.53,1.39,-0.16,0.58,-0.22,459,407,420,455,324
8.60,5.63,2.17,-0.20,0.60,0.24,460,407,419,455,325
11.23,4.55,2.45,-0.19,0.17,0.03,459,407,420,454,325
8.70,3.65,2.58,0.00,0.40,-0.07,460,407,420,456,325
10.24,4.74,1.69,-0.06,0.25,-0.24,459,405,421,454,325
8.25,3.84,3.16,0.10,0.17,0.17,459,406,420,455,325
9.17,2.76,3.11,0.01,0.20,0.01,460,407,419,454,326
6.96,3.49,3.11,0.11,0.28,0.20,459,407,419,453,326
6.92,4.06,3.84,-0.07,0.32,-0.11,459,407,419,455,326
END
8.63,4.44,3.71,0.06,0.17,0.05,470,411,423,456,324
1.69,-2.89,-8.91,0.12,0.01,0.05,469,411,423,455,324
2.28,-2.83,-9.15,-0.02,-0.02,-0.05,470,411,423,455,323
3.17,-2.89,-9.29,0.03,0.02,-0.05,470,411,423,455,323
2.40,-2.75,-8.99,0.06,0.02,-0.14,470,412,423,456,324
0.77,-3.60,-8.72,0.08,0.16,-0.23,471,413,423,455,323
4.41,-3.49,-9.71,-0.25,0.21,-0.42,471,414,422,454,323
2.86,-2.21,-8.72,-0.08,0.47,-0.57,469,413,422,454,324
1.19,-2.83,-9.10,-0.50,0.32,-0.16,468,411,421,454,324
6.54,-1.09,-8.15,-0.40,0.31,-0.69,465,412,422,455,324
2.79,-0.22,-7.67,-0.29,0.63,0.07,463,411,421,455,324
7.24,-0.80,-7.94,-0.54,0.17,-0.42,463,411,421,456,324
4.62,1.82,-6.20,-0.27,0.50,-0.12,462,410,421,456,324
4.72,-0.68,-7.48,-0.63,0.34,0.22,461,410,422,455,324
7.11,2.04,-6.07,-0.46,0.42,-0.28,461,409,422,455,324
6.05,3.01,-5.93,-0.42,0.60,-0.07,462,409,421,455,324
6.31,1.84,-5.50,-0.56,0.47,-0.05,462,410,421,455,324
8.79,4.01,-4.54,-0.45,0.35,-0.41,461,408,420,454,324
5.56,3.81,-4.90,-0.44,0.60,0.20,460,409,420,454,324
10.33,2.95,-4.13,-0.63,0.44,-0.47,461,409,421,454,323
5.39,4.93,-3.38,0.04,0.87,-0.27,460,409,420,454,324
8.45,4.49,-3.42,-0.58,0.27,0.20,460,408,421,454,324
9.90,3.57,-2.01,-0.16,0.63,-0.20,460,408,420,454,324
8.60,5.33,-1.46,-0.33,0.41,-0.18,460,409,420,455,323
9.78,5.13,-1.13,-0.35,0.47,-0.09,460,408,421,454,324
7.52,5.22,0.41,-0.23,0.50,-0.06,461,409,420,454,324
8.69,6.02,0.04,-0.42,0.39,-0.45,460,409,420,454,324
7.87,5.87,0.39,-0.24,0.34,0.18,460,408,420,455,324
8.88,5.64,2.04,-0.24,0.46,-0.22,460,408,420,454,325
8.22,4.86,1.74,-0.15,0.52,0.23,460,409,420,454,325
10.01,4.26,1.82,-0.19,0.42,-0.11,460,408,420,454,325
8.51,5.20,1.64,-0.16,0.47,0.04,460,408,420,455,326
7.78,5.70,2.68,-0.08,0.31,-0.12,460,407,419,454,326
8.10,4.41,3.05,0.07,0.43,0.16,461,408,419,454,326
9.30,6.13,3.16,-0.14,0.29,-0.02,460,408,419,454,326
8.37,4.92,2.38,-0.01,0.05,0.00,460,407,419,455,326
END
6.60,4.26,3.92,-0.07,0.03,-0.11,470,412,423,456,323
3.36,-2.86,-8.97,-0.14,-0.05,0.08,469,411,423,455,323
2.61,-3.06,-9.07,0.05,0.29,-0.24,468,411,424,456,323
3.98,-2.22,-7.44,-0.14,-0.11,0.06,467,411,423,456,323
4.13,-1.90,-8.38,0.04,0.18,-0.25,467,411,423,456,323
2.23,-1.91,-8.51,-0.10,0.22,0.01,466,409,423,455,324
5.15,-1.69,-8.74,-0.33,-0.00,0.01,463,410,423,456,323
2.42,-1.31,-8.19,-0.16,0.43,-0.21,463,409,421,455,324
2.58,-1.43,-8.45,-0.40,0.37,-0.11,462,409,422,456,323
3.29,-1.16,-7.70,-0.27,0.56,-0.31,461,409,422,456,324
7.52,1.06,-7.21,-0.44,0.44,-0.39,459,408,421,455,324
3.36,-0.07,-7.73,-0.44,0.53,-0.14,459,408,420,455,324
7.37,1.77,-6.45,-0.43,0.38,-0.12,458,407,421,456,324
6.83,2.27,-6.27,-0.38,0.68,-0.13,458,407,420,455,324
5.94,1.80,-6.58,-0.41,0.29,-0.05,459,407,420,455,324
8.94,3.22,-5.10,-0.33,0.39,-0.24,458,407,420,454,323
4.43,1.53,-6.98,-0.38,0.62,0.04,458,407,421,455,323
10.04,2.51,-3.84,-0.56,0.19,-0.09,458,407,420,455,323
9.23,4.02,-2.90,-0.23,0.66,-0.27,458,406,420,454,324
6.84,3.57,-4.50,-0.31,0.57,-0.03,459,406,420,455,324
9.68,3.61,-3.06,-0.42,0.42,-0.47,459,406,419,455,324
9.59,4.93,-2.66,-0.20,0.42,-0.10,458,407,420,455,325
7.90,3.44,-1.72,-0.27,0.52,0.01,458,407,420,455,325
8.68,4.57,-1.13,-0.31,0.45,-0.29,459,408,419,454,325
7.72,4.43,-0.95,-0.27,0.60,-0.09,459,408,420,453,325
10.54,5.08,0.03,-0.20,0.34,-0.17,458,408,419,453,326
8.79,4.31,0.41,-0.12,0.60,0.04,458,407,418,454,327
8.43,4.60,0.08,-0.23,0.52,-0.16,458,407,419,454,328
8.70,4.96,1.47,-0.09,0.49,0.01,459,408,419,454,329
8.23,4.66,1.88,-0.29,0.58,0.02,458,408,419,453,329
9.17,5.53,2.90,-0.09,0.51,-0.12,459,408,419,453,328
8.33,5.64,2.20,0.02,0.47,0.19,459,407,419,453,329
10.04,3.86,2.76,0.07,0.36,0.16,459,407,419,454,328
10.42,3.70,2.74,0.04,0.35,-0.04,459,407,418,453,328
8.46,4.28,2.91,0.01,0.15,-0.13,458,407,419,453,328
8.79,3.79,3.67,0.03,0.07,0.02,459,406,419,454,328
END
8.09,4.28,3.57,0.02,0.05,0.01,468,410,423,455,323
1.76,-3.65,-9.47,-0.02,0.06,-0.15,468,411,423,455,323
4.40,-3.69,-9.94,-0.12,0.01,-0.05,468,411,423,455,323
1.92,-2.60,-9.10,0.05,0.01,0.07,468,410,424,456,323
1.46,-2.30,-9.25,-0.08,0.05,0.06,467,410,423,456,323
3.37,-2.38,-8.37,-0.19,-0.05,-0.06,466,410,423,455,324
4.03,-2.42,-8.43,-0.14,0.23,-0.22,465,410,423,456,324
1.77,-2.29,-8.77,-0.18,0.28,-0.14,464,409,422,455,325
3.27,-2.38,-8.74,-0.40,0.11,-0.06,464,409,422,455,325
3.60,-0.81,-8.00,-0.24,0.43,-0.10,463,408,422,456,326
2.66,-0.57,-8.51,-0.30,0.47,-0.16,462,408,420,455,326
2.81,-1.27,-8.02,-0.30,0.35,-0.20,462,408,420,454,326
7.50,1.17,-7.31,-0.32,0.42,-0.17,461,407,420,453,328
5.12,0.78,-8.00,-0.26,0.71,-0.34,461,407,419,453,328
2.76,-0.41,-7.88,-0.19,0.48,0.14,461,407,419,454,327
7.43,1.49,-6.88,-0.54,0.49,-0.25,461,407,420,454,327
6.63,0.59,-6.31,-0.35,0.60,-0.03,461,407,419,453,326
7.77,2.76,-4.59,-0.37,0.52,-0.23,461,407,419,454,327
3.99,2.25,-5.29,-0.37,0.84,-0.01,460,407,419,453,326
11.63,2.96,-4.24,-0.57,0.12,-0.31,460,406,419,453,326
6.04,3.22,-4.12,-0.02,1.03,-0.00,459,406,419,453,326
5.67,3.23,-3.40,-0.46,0.51,0.11,459,407,419,454,326
13.34,3.63,-1.62,-0.46,0.40,-0.03,459,406,419,453,326
7.59,3.83,-2.19,-0.31,0.79,-0.14,458,405,419,453,325
8.76,3.05,-1.87,-0.15,0.51,-0.07,458,405,418,454,326
10.17,3.32,-0.12,-0.33,0.59,-0.29,458,406,418,453,326
10.44,4.35,0.27,-0.17,0.59,-0.26,458,406,418,454,326
9.79,4.69,0.04,-0.21,0.44,-0.22,458,405,418,451,326
9.32,4.59,0.32,-0.12,0.47,-0.01,458,405,419,453,326
9.31,4.61,1.08,-0.16,0.42,-0.08,458,405,418,453,326
9.18,4.45,1.86,-0.02,0.41,0.21,458,405,419,453,326
9.78,3.31,2.12,-0.03,0.39,-0.05,458,405,418,454,327
9.29,4.00,1.98,0.11,0.32,0.28,458,405,418,453,327
7.95,3.90,2.86,0.16,0.30,0.36,457,404,418,454,327
8.87,3.30,3.49,0.12,0.39,0.06,457,405,417,453,327
9.27,2.63,2.90,0.24,0.36,0.29,457,405,417,452,327
END
8.56,2.85,2.28,0.09,0.40,-0.06,466,409,423,453,324
2.76,-3.19,-8.99,-0.03,-0.03,-0.11,466,409,422,455,324
3.54,-3.19,-9.31,-0.18,-0.13,-0.04,464,410,422,454,324
1.49,-2.91,-8.97,-0.06,0.09,-0.01,465,409,422,454,324
2.61,-2.76,-9.31,-0.15,0.05,0.03,465,409,422,454,324
2.56,-2.51,-8.94,-0.22,0.19,-0.21,465,409,421,455,324
2.86,-2.51,-8.98,-0.24,0.25,-0.10,464,409,422,454,325
1.34,-2.35,-8.24,-0.31,0.42,0.04,464,409,421,454,325
4.19,-1.92,-8.15,-0.39,0.42,-0.26,462,408,421,454,325
3.14,-1.24,-7.96,-0.40,0.68,-0.07,462,408,421,455,325
5.33,-0.25,-7.80,-0.57,0.43,-0.18,461,407,420,454,325
5.28,1.21,-6.54,-0.36,0.84,-0.30,459,407,420,453,326
4.40,0.68,-7.44,-0.42,0.57,-0.10,458,407,419,454,325
6.50,2.74,-5.26,-0.51,0.67,-0.29,458,406,419,454,327
6.68,1.03,-6.30,-0.57,0.56,-0.18,458,406,419,453,325
10.18,4.21,-3.54,-0.33,0.65,-0.30,457,403,418,454,326
5.04,1.77,-5.50,-0.35,0.77,0.31,457,405,419,453,326
11.35,3.09,-3.12,-0.56,0.47,-0.35,457,405,416,452,325
8.42,4.10,-2.74,-0.28,0.68,-0.17,457,406,419,453,325
9.43,3.33,-2.65,-0.26,0.53,0.11,457,407,419,453,325
8.92,3.17,-1.90,-0.42,0.73,-0.34,457,405,418,452,325
8.74,5.27,0.04,-0.19,0.48,-0.10,457,405,418,453,326
10.58,3.81,-0.60,-0.39,0.64,-0.09,457,405,419,453,325
9.46,3.41,2.00,-0.17,0.61,-0.30,457,405,419,454,326
10.29,5.08,1.66,-0.33,0.61,-0.43,457,406,419,453,326
7.90,4.66,1.89,-0.17,0.72,0.13,457,406,418,453,327
12.59,4.03,2.51,-0.41,0.36,-0.23,457,405,416,453,327
8.36,4.72,3.22,-0.04,0.59,-0.15,457,405,418,453,328
9.15,5.46,2.96,-0.19,0.50,-0.11,456,405,418,453,328
7.66,5.56,3.57,-0.01,0.45,-0.10,456,405,418,452,328
9.25,3.91,3.48,0.03,0.36,0.38,456,404,417,453,329
6.63,5.00,4.11,-0.01,0.62,-0.19,456,404,417,453,330
8.84,3.70,4.25,-0.03,0.12,-0.02,456,404,417,453,329
8.55,4.67,4.61,0.01,0.12,-0.03,456,404,416,453,329
6.84,3.95,3.88,-0.03,0.14,0.25,456,404,417,452,329
8.54,4.56,5.36,-0.11,-0.11,-0.23,456,404,417,453,330
END
6.83,3.85,4.97,0.16,0.04,0.18,470,412,424,455,324
2.55,-2.46,-9.57,-0.02,-0.03,-0.06,470,412,424,455,325
1.87,-2.64,-9.10,-0.02,0.01,-0.15,470,412,423,455,325
2.41,-2.63,-9.02,-0.14,0.01,-0.12,469,411,423,454,325
2.63,-2.43,-9.06,-0.08,0.05,-0.02,468,411,424,455,325
1.54,-2.43,-9.16,-0.07,0.19,-0.16,468,411,424,454,326
1.25,-2.47,-8.72,-0.22,0.25,0.00,467,410,423,454,326
3.85,-1.92,-8.71,-0.35,0.39,-0.25,466,410,422,454,327
1.77,-1.06,-8.05,-0.24,0.54,-0.21,464,410,422,454,327
3.67,-0.77,-8.46,-0.46,0.37,-0.09,463,408,421,455,327
5.01,0.03,-8.41,-0.43,0.46,-0.34,462,408,421,454,327
4.08,1.22,-6.66,-0.37,0.63,-0.16,461,408,420,454,328
5.79,-0.04,-7.96,-0.48,0.40,-0.28,460,407,421,452,327
5.70,2.79,-5.83,-0.34,0.70,-0.27,460,407,420,454,327
4.46,1.28,-6.96,-0.47,0.59,0.20,459,407,419,454,327
10.26,3.12,-4.74,-0.41,0.40,-0.51,459,406,419,453,326
4.76,2.99,-5.38,-0.34,0.87,-0.07,459,407,419,452,326
9.70,2.73,-4.69,-0.86,-0.04,0.29,458,406,419,452,326
13.29,5.00,-3.29,0.16,0.71,-0.51,458,406,419,452,326
5.79,3.05,-4.54,-0.31,0.69,-0.02,458,407,418,452,330
10.01,2.96,-2.39,-0.56,0.46,-0.04,458,407,419,452,335
10.94,5.02,-1.78,-0.22,0.52,-0.33,457,407,419,453,336
6.65,3.72,-1.84,-0.21,0.66,0.23,457,407,419,452,336
12.43,4.42,-0.85,-0.44,0.30,-0.29,457,407,419,452,335
8.25,3.73,0.03,-0.09,0.68,0.07,456,406,420,452,334
8.51,4.19,0.03,-0.29,0.47,-0.25,457,407,419,452,333
9.96,4.69,1.24,-0.19,0.48,-0.17,456,407,419,452,331
8.15,4.28,1.52,-0.22,0.66,-0.07,456,406,419,452,331
9.38,3.90,1.59,-0.16,0.53,0.11,456,406,419,452,331
9.81,4.74,2.09,-0.22,0.51,-0.13,456,406,419,452,331
8.21,4.38,3.58,-0.03,0.48,0.08,456,406,418,452,332
7.74,3.90,3.40,-0.08,0.45,0.16,456,406,419,452,332
10.71,4.11,3.22,0.06,0.33,0.17,457,406,418,452,331
6.94,3.40,4.33,0.09,0.47,0.18,456,405,418,453,332
7.53,4.33,3.83,0.18,0.40,0.56,456,405,418,452,332
10.75,2.48,3.66,-0.17,0.08,-0.15,456,404,417,452,332
END
10.42,1.98,4.03,0.13,0.18,0.13,470,412,423,455,326
2.69,-3.75,-9.43,-0.01,-0.06,-0.09,471,412,423,454,326
1.95,-3.52,-9.05,-0.02,-0.04,-0.01,471,412,422,453,326
2.18,-3.26,-9.38,-0.06,-0.01,-0.06,471,412,423,454,326
2.92,-3.24,-9.13,-0.14,0.01,-0.15,471,412,423,454,326
3.90,-2.74,-9.43,-0.17,0.15,-0.10,471,412,424,455,326
1.83,-2.85,-9.98,-0.06,0.15,0.04,471,413,423,454,326
1.74,-2.54,-8.69,-0.25,0.22,-0.08,470,410,423,454,327
3.99,-1.63,-9.20,-0.23,0.16,-0.11,469,412,423,454,326
2.76,-1.98,-8.35,-0.14,0.36,-0.01,468,411,423,454,327
0.62,-1.46,-7.77,-0.31,0.60,-0.27,467,411,422,454,327
4.92,-0.35,-7.67,-0.44,0.36,0.06,464,410,423,455,327
5.02,0.31,-7.59,-0.20,0.62,-0.55,464,410,422,454,327
3.47,0.73,-6.67,-0.45,0.68,-0.37,462,410,420,453,326
6.82,1.20,-7.04,-0.74,0.47,-0.27,461,409,420,453,326
10.11,2.08,-5.81,-0.31,0.72,-0.74,460,409,420,453,326
5.00,3.39,-4.74,-0.44,0.77,-0.09,460,409,420,452,326
4.55,2.07,-6.29,-0.79,0.74,0.03,459,409,419,452,326
9.32,2.96,-3.73,-0.53,0.59,-0.26,459,408,419,453,326
5.84,3.37,-2.38,-0.54,1.05,0.06,458,408,419,452,326
10.71,6.77,-2.55,-0.64,0.19,0.18,456,407,418,451,325
7.93,3.35,-2.71,-0.19,0.84,0.08,455,407,419,453,325
10.27,4.03,0.48,-0.62,0.62,0.03,455,406,418,452,325
10.19,5.70,-2.53,-0.41,0.61,-0.05,455,405,417,453,327
9.88,4.13,0.44,-0.11,0.60,-0.06,454,405,417,452,328
8.99,3.04,0.17,-0.16,0.58,0.08,454,405,418,453,327
10.27,3.54,2.45,-0.15,0.42,-0.15,454,405,417,453,327
8.63,3.05,2.68,-0.09,0.59,0.15,454,404,418,453,327
9.73,3.72,2.47,-0.14,0.42,-0.06,453,405,418,453,327
7.77,3.75,2.20,-0.13,0.57,0.11,454,405,418,453,327
8.73,3.55,4.63,-0.15,0.61,-0.12,454,405,418,453,328
6.44,4.17,4.29,-0.17,0.65,-0.20,453,404,418,453,327
9.93,4.61,3.96,0.10,0.46,0.41,454,404,418,452,327
10.60,3.45,3.49,-0.02,0.33,-0.20,453,404,417,452,326
8.41,2.97,4.23,-0.04,0.03,-0.22,453,404,417,452,327
6.45,3.68,4.83,0.04,-0.00,0.09,453,404,417,453,327
END
7.17,3.01,4.90,0.05,-0.00,-0.03,462,407,420,453,324
2.97,-2.48,-9.07,0.03,0.02,-0.16,462,408,421,454,324
3.17,-2.66,-9.72,0.04,0.04,-0.09,462,407,420,454,324
2.89,-2.56,-9.27,0.04,0.03,0.02,462,407,421,454,324
3.69,-2.96,-9.50,-0.02,0.01,0.02,463,407,420,453,323
2.77,-3.04,-9.35,0.01,0.07,-0.14,462,408,420,453,323
4.33,-3.05,-9.99,-0.18,-0.00,-0.06,463,408,421,454,324
1.20,-2.38,-9.58,-0.11,0.35,-0.48,461,408,419,453,325
3.42,-1.69,-9.20,-0.26,-0.00,-0.12,459,406,420,454,324
3.23,-0.58,-8.65,-0.29,0.34,0.03,459,406,419,453,324
4.66,-1.31,-8.71,-0.42,0.28,-0.35,457,405,418,454,325
4.18,0.82,-7.61,-0.24,0.17,-0.32,456,405,419,454,324
4.16,0.37,-8.46,-0.27,0.37,-0.01,456,404,418,454,324
4.10,-0.85,-8.57,-0.27,0.11,-0.21,455,405,417,454,325
7.40,1.81,-6.47,-0.22,0.37,-0.16,455,404,418,454,323
2.08,-0.85,-7.96,-0.31,0.54,0.20,455,404,418,454,324
9.31,0.75,-7.62,-0.74,0.24,-0.06,454,403,418,455,324
3.47,2.33,-5.16,-0.14,0.79,-0.17,454,404,418,454,324
4.03,1.59,-6.73,-0.52,0.42,0.36,454,403,418,454,322
9.76,2.53,-4.93,-0.44,0.60,-0.43,454,403,417,454,323
6.04,4.26,-4.38,-0.23,0.69,-0.14,453,403,418,454,323
6.65,2.56,-5.43,-0.40,0.52,0.02,455,403,417,454,323
8.32,2.21,-2.66,-0.51,0.75,-0.19,454,403,417,453,323
8.71,3.83,-1.82,-0.38,0.59,-0.15,453,403,417,454,324
10.43,3.87,-1.01,-0.39,0.64,-0.08,454,403,417,454,323
7.70,4.41,-0.98,-0.33,0.69,-0.21,454,403,417,453,323
7.72,3.11,-0.84,-0.27,0.60,0.10,454,404,417,453,324
9.54,4.41,2.61,-0.52,0.58,-0.47,453,403,417,454,324
7.03,4.80,1.72,-0.19,0.75,0.26,454,403,417,453,324
9.15,4.36,2.33,-0.42,0.53,-0.16,453,403,418,453,324
9.90,5.68,2.87,-0.19,0.77,-0.07,453,403,417,453,324
7.75,4.18,3.28,-0.19,0.58,-0.02,453,403,417,453,324
7.03,4.29,4.41,-0.35,0.73,-0.09,454,403,417,453,325
12.32,4.67,3.26,-0.24,0.57,-0.22,453,402,416,453,325
11.22,4.34,4.64,-0.08,0.54,0.31,453,402,416,453,325
9.86,4.05,3.60,-0.05,0.11,-0.01,453,402,416,452,326
END