3.98,-6.96,-6.96,-0.05,-0.05,-0.05,480,423,431,485,343
3.66,-7.28,-7.28,0.03,0.03,0.03,480,423,430,485,343
2.78,-7.20,-7.20,-0.04,-0.04,-0.04,480,423,430,485,343
3.12,-6.30,-6.30,-0.54,-0.54,-0.54,479,422,430,485,351
6.76,-2.04,-2.04,-1.20,-1.20,-1.20,464,413,427,483,364
11.55,3.80,3.80,-0.18,-0.18,-0.18,448,403,420,479,365
10.66,0.98,0.98,-0.02,-0.02,-0.02,448,403,420,479,363
9.82,0.86,0.86,0.02,0.02,0.02,449,403,420,478,362
9.73,0.96,0.96,0.05,0.05,0.05,449,403,420,479,361
9.78,0.83,0.83,0.04,0.04,0.04,450,404,420,479,361
9.61,0.91,0.91,0.05,0.05,0.05,450,404,420,479,360
END
9.89,0.73,0.73,0.03,0.03,0.03,477,419,427,481,352
1.96,-6.83,-6.83,-0.01,-0.01,-0.01,476,419,427,481,352
0.87,-6.51,-6.51,0.06,0.06,0.06,476,419,427,481,352
1.41,-6.13,-6.13,0.23,0.23,0.23,473,418,427,484,355
5.79,-5.25,-5.25,-0.15,-0.15,-0.15,467,415,426,484,362
7.42,-2.69,-2.69,-0.24,-0.24,-0.24,462,411,425,484,363
9.14,0.19,0.19,0.14,0.14,0.14,459,410,424,483,366
11.19,0.66,0.66,0.01,0.01,0.01,456,408,424,483,366
10.09,1.30,1.30,-0.01,-0.01,-0.01,457,408,423,483,364
9.95,0.93,0.93,0.01,0.01,0.01,457,408,423,482,363
9.51,0.94,0.94,0.02,0.02,0.02,457,408,423,482,363
END
9.59,0.90,0.90,0.03,0.03,0.03,476,405,427,482,359
1.29,-6.80,-6.80,0.01,0.01,0.01,476,416,427,482,359
0.96,-6.96,-6.96,0.00,0.00,0.00,475,416,426,482,358
1.93,-6.75,-6.75,0.04,0.04,0.04,478,418,427,484,354
4.54,-6.22,-6.22,-0.13,-0.13,-0.13,480,421,429,485,358
6.48,-3.60,-3.60,0.14,0.14,0.14,475,418,429,485,358
8.76,-3.14,-3.14,-0.04,-0.04,-0.04,472,417,428,485,358
10.42,-1.08,-1.08,-0.03,-0.03,-0.03,469,415,427,484,358
9.71,-0.33,-0.33,-0.02,-0.02,-0.02,467,415,427,484,360
9.81,-0.01,-0.01,-0.06,-0.06,-0.06,465,415,426,483,360
10.48,0.49,0.49,0.02,0.02,0.02,465,414,426,483,361
END
9.86,0.52,0.52,0.02,0.02,0.02,475,419,426,481,355
1.54,-6.81,-6.81,0.10,0.10,0.10,478,419,426,480,352
1.46,-6.31,-6.31,0.01,0.01,0.01,477,419,426,480,351
4.66,-5.86,-5.86,-0.24,-0.24,-0.24,472,418,425,480,360
6.51,-3.55,-3.55,-0.13,-0.13,-0.13,467,415,424,480,365
7.07,-2.77,-2.77,0.14,0.14,0.14,464,414,423,480,368
8.24,-1.84,-1.84,-0.06,-0.06,-0.06,463,413,423,480,367
9.65,-0.86,-0.86,-0.08,-0.08,-0.08,463,413,423,480,366
9.71,0.32,0.32,-0.07,-0.07,-0.07,462,397,423,479,366
10.50,0.89,0.89,0.01,0.01,0.01,461,413,423,479,365
9.72,0.84,0.84,0.01,0.01,0.01,461,413,423,479,365
END
9.53,0.93,0.93,0.05,0.05,0.05,488,424,428,479,349
0.63,-6.19,-6.19,0.05,0.05,0.05,486,423,427,479,348
-0.10,-6.04,-6.04,0.07,0.07,0.07,485,422,427,479,347
3.36,-4.86,-4.86,-0.22,-0.22,-0.22,477,419,425,479,360
6.68,-3.09,-3.09,-0.07,-0.07,-0.07,469,416,424,479,362
7.82,-1.73,-1.73,-0.08,-0.08,-0.08,466,394,423,479,363
10.02,-0.57,-0.57,-0.09,-0.09,-0.09,463,413,422,478,365
9.00,0.94,0.94,-0.05,-0.05,-0.05,462,413,422,478,365
9.32,2.07,2.07,-0.11,-0.11,-0.11,458,411,421,477,365
9.23,2.68,2.68,-0.03,-0.03,-0.03,456,410,420,477,365
9.45,2.68,2.68,0.02,0.02,0.02,456,409,420,477,364
END
9.35,2.58,2.58,0.02,0.02,0.02,470,413,422,475,348
1.87,-5.29,-5.29,-0.00,-0.00,-0.00,469,413,422,475,348
5.76,-4.69,-4.69,-0.23,-0.23,-0.23,467,407,421,475,356
7.18,-2.86,-2.86,-0.10,-0.10,-0.10,463,404,420,475,362
9.19,-1.21,-1.21,-0.12,-0.12,-0.12,460,407,419,475,362
8.81,-1.28,-1.28,-0.01,-0.01,-0.01,459,410,419,475,363
8.67,0.06,0.06,-0.04,-0.04,-0.04,459,410,419,475,364
9.25,0.80,0.80,-0.04,-0.04,-0.04,458,409,419,474,365
8.59,1.21,1.21,-0.04,-0.04,-0.04,457,409,418,474,366
10.06,2.04,2.04,-0.02,-0.02,-0.02,457,409,418,474,366
9.90,1.59,1.59,0.03,0.03,0.03,456,409,418,474,365
END
9.61,1.64,1.64,0.04,0.04,0.04,470,400,421,474,354
2.55,-5.17,-5.17,-0.04,-0.04,-0.04,469,399,420,474,354
1.46,-5.25,-5.25,-0.00,-0.00,-0.00,468,411,420,474,354
4.82,-5.07,-5.07,-0.14,-0.14,-0.14,466,415,420,474,357
4.74,-4.60,-4.60,-0.08,-0.08,-0.08,464,414,419,473,361
6.17,-3.55,-3.55,-0.11,-0.11,-0.11,463,413,419,473,361
6.71,-2.92,-2.92,-0.09,-0.09,-0.09,462,413,419,473,361
9.17,-1.55,-1.55,-0.08,-0.08,-0.08,462,413,419,473,361
7.56,-0.36,-0.36,-0.03,-0.03,-0.03,462,413,419,473,360
9.58,0.33,0.33,-0.10,-0.10,-0.10,462,413,418,473,360
8.87,1.12,1.12,-0.03,-0.03,-0.03,461,413,419,473,361
END
8.97,1.51,1.51,-0.03,-0.03,-0.03,479,419,421,473,353
1.70,-5.85,-5.85,-0.00,-0.00,-0.00,478,419,421,473,352
0.65,-5.76,-5.76,-0.02,-0.02,-0.02,476,418,421,473,352
2.24,-5.10,-5.10,-0.07,-0.07,-0.07,472,417,420,473,350
3.65,-4.95,-4.95,-0.12,-0.12,-0.12,472,417,420,473,352
6.78,-3.42,-3.42,-0.18,-0.18,-0.18,470,416,420,473,352
6.47,-2.50,-2.50,-0.11,-0.11,-0.11,468,415,419,473,353
7.03,-1.50,-1.50,-0.11,-0.11,-0.11,467,415,419,473,354
8.33,-1.12,-1.12,-0.12,-0.12,-0.12,466,414,419,473,355
7.94,0.21,0.21,-0.11,-0.11,-0.11,466,414,419,472,356
7.58,0.80,0.80,-0.08,-0.08,-0.08,465,414,419,472,355
END
9.81,1.69,1.69,-0.12,-0.12,-0.12,472,417,419,471,348
0.17,-5.85,-5.85,-0.11,-0.11,-0.11,471,416,419,471,348
2.82,-4.64,-4.64,-0.19,-0.19,-0.19,469,415,419,472,347
4.56,-4.29,-4.29,-0.34,-0.34,-0.34,468,415,418,471,347
5.49,-1.91,-1.91,-0.14,-0.14,-0.14,467,415,418,471,345
6.11,-1.39,-1.39,-0.04,-0.04,-0.04,466,414,418,471,346
7.59,-0.75,-0.75,-0.09,-0.09,-0.09,466,414,418,471,347
7.86,-0.17,-0.17,-0.09,-0.09,-0.09,464,413,418,471,347
8.33,0.66,0.66,-0.03,-0.03,-0.03,463,413,418,471,349
8.97,1.32,1.32,-0.05,-0.05,-0.05,463,413,417,471,351
9.09,1.75,1.75,-0.02,-0.02,-0.02,462,414,417,471,352
END
9.55,1.91,1.91,0.04,0.04,0.04,471,418,421,472,343
5.67,-5.29,-5.29,-0.08,-0.08,-0.08,470,418,420,473,344
4.77,-4.20,-4.20,-0.14,-0.14,-0.14,469,417,420,473,344
6.58,-3.65,-3.65,-0.07,-0.07,-0.07,468,417,420,473,345
7.16,-1.62,-1.62,-0.19,-0.19,-0.19,468,416,419,472,346
9.55,-0.67,-0.67,-0.18,-0.18,-0.18,468,416,419,472,348
8.67,0.29,0.29,-0.04,-0.04,-0.04,467,416,419,471,348
8.61,0.65,0.65,-0.06,-0.06,-0.06,466,415,419,471,348
10.12,1.74,1.74,-0.09,-0.09,-0.09,466,415,419,471,348
9.12,1.46,1.46,0.01,0.01,0.01,466,415,418,471,348
9.25,1.54,1.54,0.02,0.02,0.02,466,415,418,471,348
END
9.49,1.55,1.55,0.01,0.01,0.01,469,416,418,471,343
2.31,-5.51,-5.51,-0.01,-0.01,-0.01,469,416,418,471,344
4.64,-5.22,-5.22,-0.08,-0.08,-0.08,468,415,418,471,344
3.79,-4.15,-4.15,-0.00,-0.00,-0.00,466,414,418,471,349
5.72,-3.35,-3.35,-0.10,-0.10,-0.10,463,413,417,471,350
7.59,-2.28,-2.28,-0.06,-0.06,-0.06,463,412,417,470,351
7.88,-1.14,-1.14,-0.04,-0.04,-0.04,462,412,417,470,351
8.85,0.14,0.14,-0.06,-0.06,-0.06,462,412,417,470,350
8.91,0.89,0.89,0.02,0.02,0.02,462,413,417,470,349
10.37,1.48,1.48,-0.03,-0.03,-0.03,462,412,417,470,349
9.68,1.46,1.46,0.00,0.00,0.00,462,412,419,470,349
END
9.37,1.35,1.35,0.02,0.02,0.02,468,414,417,469,345
2.31,-5.56,-5.56,0.03,0.03,0.03,467,414,417,469,344
3.04,-5.28,-5.28,0.00,0.00,0.00,467,414,416,469,344
2.73,-5.15,-5.15,-0.02,-0.02,-0.02,467,414,417,469,344
4.38,-4.98,-4.98,-0.09,-0.09,-0.09,466,413,417,469,344
5.53,-3.96,-3.96,-0.13,-0.13,-0.13,465,413,416,469,345
6.03,-2.53,-2.53,-0.11,-0.11,-0.11,465,413,416,469,345
7.80,-1.77,-1.77,-0.14,-0.14,-0.14,465,413,416,469,345
8.64,-1.09,-1.09,-0.05,-0.05,-0.05,465,412,416,469,345
8.25,-0.62,-0.62,0.03,0.03,0.03,464,412,416,469,345
8.82,-0.27,-0.27,-0.02,-0.02,-0.02,465,412,416,469,345
END
9.20,0.75,0.75,-0.13,-0.13,-0.13,467,413,416,468,341
2.15,-5.15,-5.15,-0.04,-0.04,-0.04,466,414,416,468,339
0.47,-5.33,-5.33,-0.00,-0.00,-0.00,466,412,416,468,339
2.20,-5.07,-5.07,0.02,0.02,0.02,465,412,416,468,346
4.23,-3.93,-3.93,-0.06,-0.06,-0.06,465,412,416,468,347
5.10,-3.20,-3.20,-0.12,-0.12,-0.12,464,412,416,468,349
7.33,-2.68,-2.68,-0.19,-0.19,-0.19,464,412,416,468,349
7.80,-1.23,-1.23,-0.13,-0.13,-0.13,463,411,416,468,349
7.57,-0.75,-0.75,-0.12,-0.12,-0.12,463,411,415,468,350
7.85,-0.04,-0.04,0.01,0.01,0.01,463,411,415,468,350
8.00,0.26,0.26,0.01,0.01,0.01,462,411,415,468,350
END
9.15,1.06,1.06,-0.03,-0.03,-0.03,466,412,416,468,345
1.58,-5.36,-5.36,0.01,0.01,0.01,466,412,416,468,345
0.88,-5.37,-5.37,-0.08,-0.08,-0.08,466,412,416,468,345
4.25,-3.88,-3.88,-0.18,-0.18,-0.18,465,411,416,468,345
7.09,-2.28,-2.28,-0.44,-0.44,-0.44,464,411,415,468,346
8.47,-0.43,-0.43,-0.04,-0.04,-0.04,463,411,415,468,346
8.51,0.14,0.14,-0.06,-0.06,-0.06,462,411,415,468,346
9.19,0.83,0.83,-0.05,-0.05,-0.05,462,411,415,468,346
9.44,1.09,1.09,-0.04,-0.04,-0.04,462,410,415,468,346
8.78,1.13,1.13,-0.03,-0.03,-0.03,462,411,415,467,347
9.50,0.95,0.95,0.00,0.00,0.00,462,410,415,467,350
END
9.52,1.05,1.05,0.03,0.03,0.03,464,411,415,467,341
1.39,-5.59,-5.59,-0.09,-0.09,-0.09,464,411,415,467,341
1.32,-5.19,-5.19,-0.02,-0.02,-0.02,463,411,415,467,340
0.81,-5.17,-5.17,-0.03,-0.03,-0.03,463,410,415,467,340
4.24,-4.92,-4.92,-0.09,-0.09,-0.09,463,411,415,467,343
5.10,-3.85,-3.85,-0.07,-0.07,-0.07,463,411,415,467,343
5.23,-3.66,-3.66,-0.07,-0.07,-0.07,462,411,415,467,343
5.89,-2.46,-2.46,0.06,0.06,0.06,462,411,415,467,343
7.72,-1.78,-1.78,-0.09,-0.09,-0.09,461,411,415,467,343
7.21,-0.88,-0.88,-0.07,-0.07,-0.07,461,411,414,467,344
7.94,-0.29,-0.29,-0.03,-0.03,-0.03,461,411,414,466,344
END
9.54,0.46,0.46,-0.09,-0.09,-0.09,465,412,415,467,341
1.48,-5.46,-5.46,0.01,0.01,0.01,464,411,415,466,340
0.70,-5.42,-5.42,-0.06,-0.06,-0.06,464,411,414,466,340
3.87,-4.29,-4.29,-0.13,-0.13,-0.13,463,411,415,467,342
5.84,-3.73,-3.73,-0.14,-0.14,-0.14,463,411,414,466,343
5.53,-2.95,-2.95,-0.02,-0.02,-0.02,462,411,414,466,345
6.89,-2.19,-2.19,-0.11,-0.11,-0.11,462,411,414,467,344
7.08,-0.78,-0.78,-0.05,-0.05,-0.05,462,411,414,467,345
9.20,0.02,0.02,-0.13,-0.13,-0.13,462,411,414,467,345
9.32,0.70,0.70,-0.08,-0.08,-0.08,461,410,414,466,346
9.27,0.83,0.83,-0.06,-0.06,-0.06,461,410,414,466,346
END
8.94,0.88,0.88,-0.04,-0.04,-0.04,462,410,414,466,341
2.07,-5.37,-5.37,-0.01,-0.01,-0.01,461,410,414,466,342
1.84,-5.46,-5.46,-0.08,-0.08,-0.08,462,410,414,466,342
4.64,-3.75,-3.75,-0.20,-0.20,-0.20,461,410,414,466,342
5.29,-2.96,-2.96,-0.08,-0.08,-0.08,461,409,414,466,342
6.28,-2.30,-2.30,-0.10,-0.10,-0.10,460,409,414,466,342
8.10,-1.31,-1.31,-0.10,-0.10,-0.10,460,409,414,466,342
8.74,0.09,0.09,-0.11,-0.11,-0.11,460,409,414,466,343
9.50,0.90,0.90,-0.05,-0.05,-0.05,459,409,414,466,343
9.01,1.54,1.54,-0.05,-0.05,-0.05,459,409,413,466,344
9.52,1.93,1.93,-0.02,-0.02,-0.02,459,409,415,466,345
END
9.48,2.03,2.03,0.02,0.02,0.02,462,410,414,465,340
0.83,-5.38,-5.38,0.04,0.04,0.04,462,410,414,465,340
1.48,-5.05,-5.05,-0.04,-0.04,-0.04,462,409,413,465,340
2.98,-5.29,-5.29,-0.12,-0.12,-0.12,462,409,414,465,340
3.94,-3.77,-3.77,-0.06,-0.06,-0.06,461,409,413,465,340
5.55,-3.48,-3.48,-0.01,-0.01,-0.01,461,410,413,465,341
7.19,-2.91,-2.91,-0.11,-0.11,-0.11,460,408,413,465,342
6.37,-2.28,-2.28,-0.02,-0.02,-0.02,460,410,413,465,342
7.51,-1.39,-1.39,-0.05,-0.05,-0.05,460,410,413,465,343
8.05,-0.61,-0.61,-0.05,-0.05,-0.05,459,409,413,465,343
8.99,0.65,0.65,-0.13,-0.13,-0.13,459,409,413,465,343
END
9.15,1.00,1.00,-0.09,-0.09,-0.09,465,412,414,465,340
1.74,-5.83,-5.83,0.03,0.03,0.03,465,411,414,465,340
0.34,-5.86,-5.86,-0.03,-0.03,-0.03,465,411,414,465,340
3.47,-4.77,-4.77,-0.16,-0.16,-0.16,464,411,414,465,341
3.54,-4.09,-4.09,-0.17,-0.17,-0.17,463,410,413,465,341
5.85,-2.67,-2.67,-0.13,-0.13,-0.13,462,410,414,465,340
8.54,-0.55,-0.55,-0.12,-0.12,-0.12,460,409,413,465,341
8.44,-0.25,-0.25,-0.03,-0.03,-0.03,460,409,413,465,341
8.56,0.07,0.07,-0.08,-0.08,-0.08,460,409,413,465,340
8.83,0.57,0.57,-0.03,-0.03,-0.03,459,409,413,465,341
9.19,0.80,0.80,-0.04,-0.04,-0.04,459,409,413,465,341
END
3.45,-4.98,-4.98,0.02,0.02,0.02,485,431,435,486,329
3.02,-5.04,-5.04,0.04,0.04,0.04,487,432,435,485,330
1.05,-5.23,-5.23,-0.20,-0.20,-0.20,493,428,436,486,332
3.48,-4.13,-4.13,-0.22,-0.22,-0.22,491,435,436,488,335
4.25,-3.16,-3.16,-0.24,-0.24,-0.24,488,434,436,488,339
8.20,-0.93,-0.93,0.06,0.06,0.06,483,433,436,488,339
8.56,-0.65,-0.65,-0.17,-0.17,-0.17,481,431,435,487,340
9.25,0.73,0.73,-0.21,-0.21,-0.21,480,431,435,486,339
10.39,0.70,0.70,-0.06,-0.06,-0.06,479,430,435,486,341
9.44,0.57,0.57,0.01,0.01,0.01,478,429,434,485,342
9.37,0.90,0.90,-0.00,-0.00,-0.00,478,429,434,485,341
END
9.42,0.70,0.70,0.05,0.05,0.05,480,429,432,483,336
1.51,-5.39,-5.39,0.05,0.05,0.05,480,429,432,483,336
1.31,-5.43,-5.43,-0.20,-0.20,-0.20,478,428,431,483,336
4.27,-3.88,-3.88,-0.12,-0.12,-0.12,476,427,431,483,337
5.50,-2.28,-2.28,-0.18,-0.18,-0.18,470,425,430,483,345
7.63,-1.60,-1.60,-0.09,-0.09,-0.09,469,424,430,482,344
8.20,-0.29,-0.29,-0.16,-0.16,-0.16,469,424,429,482,344
10.52,1.05,1.05,-0.15,-0.15,-0.15,469,425,430,482,345
10.70,1.62,1.62,-0.07,-0.07,-0.07,468,424,430,482,347
9.38,1.07,1.07,0.01,0.01,0.01,468,424,429,482,347
9.07,0.95,0.95,0.04,0.04,0.04,468,424,429,482,346
END
9.64,0.95,0.95,0.04,0.04,0.04,474,425,428,480,336
1.95,-5.19,-5.19,0.01,0.01,0.01,474,425,428,480,335
0.48,-5.40,-5.40,-0.01,-0.01,-0.01,474,424,428,480,334
3.32,-4.13,-4.13,-0.16,-0.16,-0.16,472,424,428,480,333
6.08,-2.99,-2.99,-0.28,-0.28,-0.28,472,424,428,480,333
3.91,-2.07,-2.07,-0.15,-0.15,-0.15,471,424,428,480,333
6.63,-1.13,-1.13,-0.21,-0.21,-0.21,471,423,427,480,334
9.14,0.37,0.37,-0.21,-0.21,-0.21,471,424,427,479,334
9.97,1.34,1.34,-0.30,-0.30,-0.30,470,424,427,479,334
9.78,2.40,2.40,-0.12,-0.12,-0.12,470,423,427,479,334
9.53,1.82,1.82,0.02,0.02,0.02,470,423,427,479,335
END
10.13,1.91,1.91,0.06,0.06,0.06,476,424,426,477,331
0.74,-5.16,-5.16,0.02,0.02,0.02,476,424,426,477,331
-0.38,-4.53,-4.53,-0.05,-0.05,-0.05,476,424,426,477,328
3.53,-3.97,-3.97,-0.19,-0.19,-0.19,474,423,426,477,327
5.97,-2.72,-2.72,-0.22,-0.22,-0.22,473,423,426,477,327
7.77,-0.56,-0.56,-0.17,-0.17,-0.17,472,423,425,477,327
7.92,-0.45,-0.45,-0.15,-0.15,-0.15,472,423,425,476,328
8.68,0.47,0.47,-0.14,-0.14,-0.14,473,422,425,477,329
9.69,1.20,1.20,-0.02,-0.02,-0.02,472,422,425,476,330
9.43,1.14,1.14,-0.06,-0.06,-0.06,470,421,425,476,331
9.43,1.16,1.16,-0.00,-0.00,-0.00,470,421,425,476,332
END
9.28,0.98,0.98,0.04,0.04,0.04,478,424,425,475,327
0.76,-5.41,-5.41,0.03,0.03,0.03,478,424,425,475,327
-1.98,-5.17,-5.17,-0.01,-0.01,-0.01,478,424,427,475,327
3.60,-4.28,-4.28,-0.13,-0.13,-0.13,477,424,425,474,327
5.97,-3.05,-3.05,-0.22,-0.22,-0.22,476,423,424,474,328
7.13,-1.78,-1.78,-0.11,-0.11,-0.11,475,423,424,474,328
7.93,-0.98,-0.98,-0.13,-0.13,-0.13,474,423,424,474,330
9.64,0.50,0.50,-0.07,-0.07,-0.07,472,422,423,474,334
8.89,0.65,0.65,-0.08,-0.08,-0.08,471,422,423,474,335
10.56,1.14,1.14,-0.02,-0.02,-0.02,471,422,423,474,337
9.10,0.84,0.84,0.03,0.03,0.03,471,422,423,473,337
END
9.32,0.79,0.79,0.01,0.01,0.01,474,422,422,472,324
1.37,-4.70,-4.70,0.03,0.03,0.03,473,422,422,472,324
-3.21,-4.67,-4.67,-0.00,-0.00,-0.00,474,422,422,472,324
8.83,-1.56,-1.56,-0.48,-0.48,-0.48,471,421,422,472,325
8.56,-0.36,-0.36,-0.23,-0.23,-0.23,470,421,422,472,326
7.42,-0.38,-0.38,-0.07,-0.07,-0.07,469,420,421,472,326
7.35,0.36,0.36,-0.07,-0.07,-0.07,468,420,421,472,326
8.23,0.88,0.88,-0.11,-0.11,-0.11,467,420,421,471,327
7.73,0.35,0.35,-0.08,-0.08,-0.08,466,419,421,471,327
9.52,1.43,1.43,-0.05,-0.05,-0.05,466,419,421,471,327
9.21,1.59,1.59,-0.03,-0.03,-0.03,465,419,421,471,327
END
10.68,2.05,2.05,-0.06,-0.06,-0.06,465,420,420,471,322
3.95,-4.97,-4.97,-0.01,-0.01,-0.01,465,420,420,471,322
2.46,-5.35,-5.35,-0.12,-0.12,-0.12,465,420,420,471,322
5.15,-3.35,-3.35,-0.45,-0.45,-0.45,464,419,420,471,322
4.97,-1.90,-1.90,-0.14,-0.14,-0.14,465,420,420,471,322
8.44,0.17,0.17,-0.13,-0.13,-0.13,465,420,419,470,323
7.85,0.39,0.39,-0.13,-0.13,-0.13,465,420,419,470,323
9.81,1.13,1.13,-0.12,-0.12,-0.12,465,419,419,470,323
8.71,1.55,1.55,-0.12,-0.12,-0.12,466,419,419,470,324
9.97,2.54,2.54,-0.12,-0.12,-0.12,465,419,419,469,325
8.95,2.46,2.46,-0.02,-0.02,-0.02,465,419,419,469,326
END
9.20,2.37,2.37,0.08,0.08,0.08,469,420,419,469,325
1.36,-5.59,-5.59,0.02,0.02,0.02,469,420,418,469,324
-0.44,-5.58,-5.58,0.01,0.01,0.01,469,420,418,469,324
5.58,-4.23,-4.23,-0.26,-0.26,-0.26,466,419,418,469,325
4.82,-2.37,-2.37,-0.16,-0.16,-0.16,466,418,418,468,325
6.76,-2.04,-2.04,-0.13,-0.13,-0.13,465,418,418,468,325
6.35,-0.70,-0.70,-0.14,-0.14,-0.14,464,418,418,468,326
7.87,0.90,0.90,-0.17,-0.17,-0.17,464,417,417,469,327
7.87,1.50,1.50,-0.15,-0.15,-0.15,463,417,418,468,327
9.04,2.76,2.76,-0.09,-0.09,-0.09,463,417,417,468,327
9.19,2.96,2.96,-0.08,-0.08,-0.08,463,417,417,468,328
END
8.53,3.04,3.04,0.02,0.02,0.02,466,418,417,467,322
2.40,-4.81,-4.81,-0.03,-0.03,-0.03,465,418,416,467,322
1.70,-4.99,-4.99,-0.06,-0.06,-0.06,465,418,417,467,322
3.40,-4.11,-4.11,-0.06,-0.06,-0.06,465,418,416,467,322
4.06,-3.56,-3.56,-0.19,-0.19,-0.19,465,417,417,467,322
4.91,-2.66,-2.66,-0.18,-0.18,-0.18,465,417,417,467,323
7.54,-1.13,-1.13,-0.17,-0.17,-0.17,465,417,416,467,323
8.41,-0.19,-0.19,-0.18,-0.18,-0.18,465,417,416,467,324
8.79,0.85,0.85,-0.04,-0.04,-0.04,464,417,416,467,324
7.70,0.84,0.84,-0.03,-0.03,-0.03,464,417,416,466,324
10.38,3.15,3.15,-0.09,-0.09,-0.09,463,417,416,467,325
END
9.18,2.63,2.63,0.02,0.02,0.02,463,417,416,466,322
3.19,-4.71,-4.71,-0.01,-0.01,-0.01,463,417,416,466,322
2.30,-4.35,-4.35,-0.06,-0.06,-0.06,463,417,416,466,322
3.85,-3.85,-3.85,-0.20,-0.20,-0.20,463,417,416,466,322
5.36,-2.39,-2.39,-0.29,-0.29,-0.29,462,416,415,466,322
5.00,-1.23,-1.23,-0.15,-0.15,-0.15,462,417,415,466,323
6.74,0.01,0.01,-0.17,-0.17,-0.17,461,416,415,466,323
7.63,1.18,1.18,-0.14,-0.14,-0.14,461,416,415,466,323
8.18,1.55,1.55,-0.13,-0.13,-0.13,461,416,415,465,323
7.61,2.07,2.07,-0.11,-0.11,-0.11,461,416,415,465,324
8.59,2.81,2.81,-0.09,-0.09,-0.09,461,416,415,465,324
END
9.68,3.69,3.69,-0.08,-0.08,-0.08,464,417,415,465,323
2.23,-4.87,-4.87,-0.05,-0.05,-0.05,463,416,415,465,323
1.97,-4.67,-4.67,-0.11,-0.11,-0.11,463,416,415,464,323
4.48,-3.37,-3.37,-0.24,-0.24,-0.24,463,416,414,464,323
4.77,-2.73,-2.73,-0.07,-0.07,-0.07,462,416,415,464,323
6.80,-1.74,-1.74,-0.10,-0.10,-0.10,462,416,415,464,324
6.25,-1.17,-1.17,-0.12,-0.12,-0.12,462,416,414,464,324
7.16,0.32,0.32,-0.17,-0.17,-0.17,462,416,414,464,324
8.82,1.13,1.13,-0.09,-0.09,-0.09,461,415,414,464,324
8.00,1.90,1.90,-0.07,-0.07,-0.07,461,415,414,465,325
10.22,3.21,3.21,-0.13,-0.13,-0.13,461,415,414,465,325
END
8.65,3.02,3.02,-0.03,-0.03,-0.03,464,416,414,464,322
2.02,-4.71,-4.71,-0.12,-0.12,-0.12,464,416,414,464,322
2.92,-3.83,-3.83,-0.11,-0.11,-0.11,463,416,414,464,323
4.84,-2.62,-2.62,-0.12,-0.12,-0.12,463,416,414,464,323
5.75,-1.80,-1.80,-0.18,-0.18,-0.18,463,416,414,464,323
7.01,-0.69,-0.69,-0.16,-0.16,-0.16,463,416,414,464,323
7.42,0.29,0.29,-0.15,-0.15,-0.15,463,415,413,464,324
6.73,1.21,1.21,-0.19,-0.19,-0.19,462,415,414,464,324
8.31,2.33,2.33,-0.05,-0.05,-0.05,461,415,414,464,324
9.32,3.27,3.27,-0.19,-0.19,-0.19,461,415,414,463,325
9.38,3.39,3.39,-0.10,-0.10,-0.10,461,415,414,464,326
END
9.90,3.55,3.55,-0.05,-0.05,-0.05,461,415,413,463,323
1.69,-4.53,-4.53,-0.00,-0.00,-0.00,461,415,413,464,323
1.51,-4.48,-4.48,-0.09,-0.09,-0.09,460,415,413,464,322
2.95,-3.87,-3.87,-0.11,-0.11,-0.11,459,414,413,464,323
4.30,-2.43,-2.43,-0.19,-0.19,-0.19,457,414,413,463,323
5.76,-0.80,-0.80,-0.10,-0.10,-0.10,457,414,413,463,323
5.15,-0.85,-0.85,-0.16,-0.16,-0.16,457,413,413,463,324
7.66,0.98,0.98,-0.18,-0.18,-0.18,456,413,412,463,324
7.70,1.80,1.80,-0.12,-0.12,-0.12,456,413,412,462,324
8.72,1.88,1.88,-0.06,-0.06,-0.06,456,413,412,462,325
9.35,2.40,2.40,-0.10,-0.10,-0.10,455,413,412,462,324
END
9.68,2.68,2.68,-0.02,-0.02,-0.02,463,415,413,462,324
1.03,-4.87,-4.87,-0.00,-0.00,-0.00,463,415,413,462,324
1.45,-4.29,-4.29,-0.04,-0.04,-0.04,462,414,413,462,324
0.96,-4.75,-4.75,-0.01,-0.01,-0.01,463,415,413,462,323
1.68,-3.74,-3.74,-0.20,-0.20,-0.20,461,414,412,462,324
4.82,-2.20,-2.20,-0.21,-0.21,-0.21,460,414,413,462,324
7.81,-0.62,-0.62,-0.25,-0.25,-0.25,459,413,412,462,324
8.62,0.52,0.52,-0.23,-0.23,-0.23,458,413,412,462,324
8.91,1.27,1.27,-0.11,-0.11,-0.11,458,413,412,461,325
9.40,1.66,1.66,-0.17,-0.17,-0.17,457,413,412,461,325
12.02,2.63,2.63,-0.23,-0.23,-0.23,457,412,412,461,325
END
9.40,2.74,2.74,0.01,0.01,0.01,463,415,412,461,323
0.95,-4.70,-4.70,0.01,0.01,0.01,462,414,412,461,322
1.59,-4.56,-4.56,-0.10,-0.10,-0.10,462,415,412,461,323
2.30,-4.19,-4.19,-0.16,-0.16,-0.16,461,415,412,461,323
4.39,-2.66,-2.66,-0.12,-0.12,-0.12,461,414,412,461,323
5.38,-2.11,-2.11,-0.22,-0.22,-0.22,459,414,412,461,323
8.71,0.04,0.04,-0.38,-0.38,-0.38,458,414,411,461,324
8.37,1.23,1.23,-0.22,-0.22,-0.22,457,414,411,460,324
9.12,2.07,2.07,-0.13,-0.13,-0.13,457,413,411,461,324
9.88,2.18,2.18,-0.16,-0.16,-0.16,457,413,411,461,324
9.77,2.71,2.71,-0.01,-0.01,-0.01,457,413,411,461,325
END
9.43,2.51,2.51,0.04,0.04,0.04,463,415,412,460,323
0.50,-4.63,-4.63,-0.01,-0.01,-0.01,463,415,412,460,323
0.63,-4.47,-4.47,-0.11,-0.11,-0.11,463,415,411,461,323
4.25,-2.68,-2.68,-0.31,-0.31,-0.31,458,413,411,461,327
5.44,-1.82,-1.82,-0.19,-0.19,-0.19,458,413,411,461,327
5.87,-1.03,-1.03,-0.22,-0.22,-0.22,457,413,411,461,326
6.65,0.75,0.75,-0.23,-0.23,-0.23,456,412,411,461,328
8.82,3.09,3.09,-0.19,-0.19,-0.19,455,412,411,461,328
9.15,2.63,2.63,-0.13,-0.13,-0.13,455,412,410,460,328
9.54,3.07,3.07,-0.06,-0.06,-0.06,454,411,410,460,328
9.53,2.99,2.99,0.03,0.03,0.03,454,411,410,460,328
END
9.39,2.84,2.84,0.00,0.00,0.00,464,415,412,460,323
1.18,-4.56,-4.56,0.02,0.02,0.02,464,415,412,460,323
-0.15,-4.86,-4.86,-0.03,-0.03,-0.03,463,415,412,460,323
3.76,-3.26,-3.26,-0.17,-0.17,-0.17,463,415,412,460,324
5.54,-2.69,-2.69,-0.17,-0.17,-0.17,461,414,411,460,324
7.04,-1.00,-1.00,-0.14,-0.14,-0.14,460,414,411,460,324
7.77,0.90,0.90,-0.16,-0.16,-0.16,459,413,411,460,324
7.70,1.54,1.54,-0.13,-0.13,-0.13,458,413,411,460,324
9.76,2.22,2.22,-0.14,-0.14,-0.14,457,413,411,460,325
9.59,2.99,2.99,-0.17,-0.17,-0.17,457,412,411,460,325
9.61,3.39,3.39,-0.08,-0.08,-0.08,456,412,411,460,326
END
9.38,3.42,3.42,0.01,0.01,0.01,462,414,411,460,323
0.79,-4.64,-4.64,0.01,0.01,0.01,462,415,411,460,323
1.64,-4.54,-4.54,-0.07,-0.07,-0.07,462,414,411,460,323
2.58,-3.48,-3.48,-0.11,-0.11,-0.11,460,414,411,461,323
4.80,-2.76,-2.76,-0.16,-0.16,-0.16,459,414,411,461,324
4.84,-1.86,-1.86,-0.20,-0.20,-0.20,457,413,410,460,324
6.38,-1.26,-1.26,-0.00,-0.00,-0.00,456,413,410,460,326
7.49,-0.04,-0.04,-0.23,-0.23,-0.23,455,412,410,460,326
8.78,0.62,0.62,-0.14,-0.14,-0.14,453,412,410,460,328
8.36,1.23,1.23,-0.09,-0.09,-0.09,453,411,410,460,331
10.42,2.27,2.27,-0.05,-0.05,-0.05,452,411,410,460,331
END
9.44,2.22,2.22,-0.00,-0.00,-0.00,460,413,411,459,324
0.84,-4.67,-4.67,0.03,0.03,0.03,460,413,411,460,324
0.82,-4.44,-4.44,-0.10,-0.10,-0.10,460,413,411,460,324
2.88,-3.68,-3.68,-0.12,-0.12,-0.12,459,413,411,460,324
4.28,-2.63,-2.63,-0.28,-0.28,-0.28,459,412,410,459,324
7.99,-0.70,-0.70,-0.21,-0.21,-0.21,457,412,410,459,324
9.14,0.62,0.62,-0.20,-0.20,-0.20,456,411,410,459,324
8.21,1.38,1.38,-0.16,-0.16,-0.16,455,411,410,459,325
8.89,2.87,2.87,-0.04,-0.04,-0.04,454,411,410,459,324
9.85,3.50,3.50,-0.01,-0.01,-0.01,454,410,410,459,325
9.08,2.96,2.96,0.03,0.03,0.03,453,411,410,459,325
END