-0.59,-7.06,-7.06,-0.17,-0.17,-0.17,331,313,318,345,336
1.41,-7.76,-7.76,0.03,0.03,0.03,332,314,318,345,336
3.12,-6.36,-6.36,0.03,0.03,0.03,476,441,429,349,355
4.87,-9.25,-9.25,0.75,0.75,0.75,515,456,451,349,397
1.35,-6.62,-6.62,0.37,0.37,0.37,506,449,461,345,423
-0.76,-7.40,-7.40,0.20,0.20,0.20,505,448,462,345,419
0.82,-8.61,-8.61,-0.30,-0.30,-0.30,502,447,459,345,411
4.52,-11.74,-11.74,0.66,0.66,0.66,497,444,458,343,408
2.02,-8.35,-8.35,-0.04,-0.04,-0.04,493,441,455,341,403
-0.78,-8.14,-8.14,-0.00,-0.00,-0.00,492,440,455,341,401
-0.34,-8.61,-8.61,0.02,0.02,0.02,492,440,452,342,401
END
0.04,-8.76,-8.76,0.03,0.03,0.03,336,311,308,339,332
-0.78,-6.68,-6.68,0.04,0.04,0.04,335,311,307,339,333
-1.25,-6.64,-6.64,0.06,0.06,0.06,335,310,307,339,334
4.35,-7.37,-7.37,0.77,0.77,0.77,479,433,429,345,368
3.37,-7.58,-7.58,0.37,0.37,0.37,501,441,447,345,406
1.41,-7.11,-7.11,0.34,0.34,0.34,499,439,447,345,410
0.24,-7.94,-7.94,0.00,0.00,0.00,495,436,444,345,402
-3.47,-7.67,-7.67,0.06,0.06,0.06,493,436,444,344,397
0.95,-10.08,-10.08,0.16,0.16,0.16,489,434,443,340,395
2.49,-8.25,-8.25,-0.10,-0.10,-0.10,486,432,442,339,394
0.08,-8.41,-8.41,0.00,0.00,0.00,485,432,441,339,393
END
0.49,-9.11,-9.11,0.04,0.04,0.04,339,313,313,341,329
-1.14,-5.96,-5.96,0.10,0.10,0.10,338,313,314,341,329
-2.18,-4.81,-4.81,0.36,0.36,0.36,400,374,359,343,335
3.04,-8.33,-8.33,1.03,1.03,1.03,516,446,435,342,367
6.92,-7.34,-7.34,0.55,0.55,0.55,516,453,451,342,401
-0.82,-7.80,-7.80,0.16,0.16,0.16,512,452,452,342,397
0.40,-7.70,-7.70,0.01,0.01,0.01,509,450,451,342,395
4.07,-9.41,-9.41,-0.20,-0.20,-0.20,505,450,448,341,395
-1.74,-9.52,-9.52,-0.56,-0.56,-0.56,501,448,447,339,394
2.78,-7.14,-7.14,-0.32,-0.32,-0.32,498,446,447,338,396
0.87,-7.61,-7.61,0.09,0.09,0.09,497,445,446,338,395
END
0.32,-8.60,-8.60,0.04,0.04,0.04,332,311,306,338,332
-2.01,-6.50,-6.50,0.08,0.08,0.08,332,312,307,338,332
-2.00,-6.19,-6.19,0.08,0.08,0.08,332,312,307,338,332
-2.73,-4.88,-4.88,0.77,0.77,0.77,378,357,355,339,337
6.55,-10.26,-10.26,0.90,0.90,0.90,401,381,387,338,346
4.19,-6.40,-6.40,0.67,0.67,0.67,511,446,445,340,401
1.40,-7.54,-7.54,0.30,0.30,0.30,504,374,447,340,411
1.26,-8.76,-8.76,-0.57,-0.57,-0.57,498,384,444,340,404
5.00,-9.34,-9.34,-0.73,-0.73,-0.73,494,418,445,339,404
7.72,-7.52,-7.52,-0.33,-0.33,-0.33,489,342,446,338,404
0.86,-7.97,-7.97,0.03,0.03,0.03,487,329,445,337,401
END
0.74,-8.15,-8.15,0.04,0.04,0.04,339,316,310,339,334
-1.64,-7.32,-7.32,0.08,0.08,0.08,338,316,311,339,335
-1.81,-4.49,-4.49,0.46,0.46,0.46,434,409,392,340,348
7.54,-7.70,-7.70,0.81,0.81,0.81,493,391,446,345,390
4.88,-7.49,-7.49,0.44,0.44,0.44,486,433,451,344,398
1.29,-7.60,-7.60,0.37,0.37,0.37,475,430,447,343,390
0.14,-8.41,-8.41,0.01,0.01,0.01,472,427,446,341,387
-0.47,-9.14,-9.14,-0.44,-0.44,-0.44,472,426,445,341,387
2.45,-8.56,-8.56,-0.00,-0.00,-0.00,471,425,445,339,385
3.60,-8.33,-8.33,0.08,0.08,0.08,470,424,444,339,385
0.62,-8.41,-8.41,0.02,0.02,0.02,470,424,448,338,390
END
1.44,-8.47,-8.47,0.07,0.07,0.07,331,311,307,341,331
-2.21,-6.68,-6.68,0.08,0.08,0.08,330,310,305,337,331
-2.96,-5.48,-5.48,0.34,0.34,0.34,409,401,384,339,332
3.87,-8.41,-8.41,0.38,0.38,0.38,520,474,454,378,353
6.33,-7.10,-7.10,0.53,0.53,0.53,508,466,449,353,381
-0.41,-7.83,-7.83,0.18,0.18,0.18,504,464,445,344,384
-0.90,-7.98,-7.98,0.16,0.16,0.16,502,463,446,345,380
1.08,-9.18,-9.18,-0.17,-0.17,-0.17,501,462,446,345,381
-0.64,-11.19,-11.19,-0.12,-0.12,-0.12,496,462,454,343,396
2.23,-8.33,-8.33,-0.14,-0.14,-0.14,493,461,452,342,396
0.50,-8.66,-8.66,0.11,0.11,0.11,491,460,451,342,392
END
0.46,-8.60,-8.60,-0.01,-0.01,-0.01,337,311,302,339,326
-2.37,-5.51,-5.51,0.07,0.07,0.07,340,312,304,339,329
1.72,-2.82,-2.82,1.05,1.05,1.05,395,370,377,340,350
6.96,-7.54,-7.54,0.37,0.37,0.37,518,459,455,348,387
1.92,-6.68,-6.68,0.36,0.36,0.36,509,452,445,345,397
-0.24,-6.88,-6.88,0.06,0.06,0.06,505,450,444,344,399
5.80,-7.93,-7.93,-0.29,-0.29,-0.29,502,450,444,343,399
7.32,-8.13,-8.13,-0.70,-0.70,-0.70,497,448,444,342,406
4.74,-7.77,-7.77,-0.38,-0.38,-0.38,494,447,445,341,406
1.97,-7.90,-7.90,0.21,0.21,0.21,493,447,446,340,406
2.87,-9.15,-9.15,0.06,0.06,0.06,492,446,445,341,406
END
2.30,-8.51,-8.51,0.04,0.04,0.04,336,317,313,339,336
0.20,-7.42,-7.42,0.43,0.43,0.43,359,355,358,340,340
8.54,-7.70,-7.70,0.30,0.30,0.30,487,439,448,341,368
4.49,-8.94,-8.94,0.67,0.67,0.67,491,406,451,343,410
3.35,-6.73,-6.73,0.36,0.36,0.36,487,444,452,342,407
1.91,-7.22,-7.22,-0.03,-0.03,-0.03,483,442,450,343,403
0.50,-9.26,-9.26,-0.00,-0.00,-0.00,477,440,450,343,398
0.57,-10.62,-10.62,-0.23,-0.23,-0.23,476,439,449,341,397
2.87,-9.25,-9.25,-0.14,-0.14,-0.14,474,438,448,341,397
0.90,-8.82,-8.82,-0.01,-0.01,-0.01,474,438,449,341,394
1.36,-9.42,-9.42,0.10,0.10,0.10,473,437,448,341,394
END
1.43,-9.26,-9.26,0.08,0.08,0.08,329,309,301,340,332
-1.31,-7.01,-7.01,0.07,0.07,0.07,329,309,301,340,332
-0.47,-4.48,-4.48,1.20,1.20,1.20,462,427,416,355,356
8.15,-8.55,-8.55,0.54,0.54,0.54,494,444,443,360,394
6.60,-7.06,-7.06,0.65,0.65,0.65,492,296,447,347,404
1.42,-6.82,-6.82,0.18,0.18,0.18,489,358,447,343,398
3.26,-7.11,-7.11,-0.02,-0.02,-0.02,488,328,446,344,399
0.29,-9.60,-9.60,-0.47,-0.47,-0.47,487,387,447,347,401
5.86,-10.25,-10.25,-0.09,-0.09,-0.09,486,442,448,350,404
2.75,-9.06,-9.06,-0.18,-0.18,-0.18,485,383,447,347,400
-0.03,-9.19,-9.19,-0.01,-0.01,-0.01,484,355,446,347,399
END
1.35,-9.51,-9.51,-0.03,-0.03,-0.03,329,307,304,338,332
1.52,-8.01,-8.01,0.99,0.99,0.99,335,316,323,338,343
9.49,-5.94,-5.94,0.43,0.43,0.43,343,322,331,338,352
6.44,-5.29,-5.29,0.51,0.51,0.51,493,437,428,346,359
3.17,-8.09,-8.09,0.24,0.24,0.24,497,436,433,345,387
1.82,-6.65,-6.65,-0.17,-0.17,-0.17,492,433,437,342,392
3.24,-8.28,-8.28,-0.34,-0.34,-0.34,491,430,444,343,399
2.86,-10.55,-10.55,-0.00,-0.00,-0.00,490,384,444,341,395
2.66,-9.11,-9.11,-0.22,-0.22,-0.22,486,434,443,341,395
1.02,-8.77,-8.77,0.07,0.07,0.07,484,433,442,341,394
1.96,-9.43,-9.43,0.16,0.16,0.16,483,432,442,341,393
END
0.96,-9.33,-9.33,0.09,0.09,0.09,325,306,302,341,340
-0.39,-7.82,-7.82,0.13,0.13,0.13,324,305,302,340,340
2.53,-6.79,-6.79,0.99,0.99,0.99,399,376,376,341,342
12.34,-5.72,-5.72,0.68,0.68,0.68,483,435,439,348,370
4.87,-4.74,-4.74,0.59,0.59,0.59,485,434,439,344,389
1.53,-7.15,-7.15,0.13,0.13,0.13,482,435,438,340,390
2.00,-7.29,-7.29,-0.05,-0.05,-0.05,480,434,437,341,387
6.10,-9.23,-9.23,0.08,0.08,0.08,478,434,440,342,400
6.58,-8.82,-8.82,-0.45,-0.45,-0.45,478,435,445,342,408
5.23,-7.39,-7.39,-0.32,-0.32,-0.32,477,434,444,342,405
2.28,-8.79,-8.79,-0.00,-0.00,-0.00,476,434,444,342,405
END
2.98,-8.99,-8.99,-0.03,-0.03,-0.03,328,309,301,339,335
-1.56,-7.52,-7.52,0.08,0.08,0.08,328,309,300,338,335
-2.56,-6.70,-6.70,0.15,0.15,0.15,332,313,307,338,335
4.81,-7.29,-7.29,0.69,0.69,0.69,405,367,390,341,350
6.66,-6.95,-6.95,0.49,0.49,0.49,488,426,435,352,386
3.25,-7.65,-7.65,0.37,0.37,0.37,483,423,435,341,393
1.73,-7.07,-7.07,0.09,0.09,0.09,478,422,433,340,390
2.09,-7.97,-7.97,-0.51,-0.51,-0.51,475,421,431,340,384
2.83,-9.40,-9.40,0.21,0.21,0.21,475,421,431,340,385
4.46,-9.78,-9.78,0.05,0.05,0.05,475,421,432,340,385
2.13,-9.09,-9.09,-0.01,-0.01,-0.01,473,420,431,340,384
END
1.64,-9.58,-9.58,-0.04,-0.04,-0.04,327,305,305,341,337
-3.45,-3.57,-3.57,0.30,0.30,0.30,453,424,409,339,343
10.73,-5.30,-5.30,0.30,0.30,0.30,492,439,431,345,382
7.44,-6.30,-6.30,0.74,0.74,0.74,492,441,440,344,390
2.98,-6.08,-6.08,0.47,0.47,0.47,486,435,437,344,383
0.68,-6.41,-6.41,-0.09,-0.09,-0.09,480,362,435,343,374
1.15,-6.55,-6.55,-0.53,-0.53,-0.53,480,434,437,342,381
5.13,-10.61,-10.61,0.52,0.52,0.52,478,433,437,343,388
2.55,-9.53,-9.53,-0.21,-0.21,-0.21,474,430,435,341,386
1.18,-8.79,-8.79,-0.03,-0.03,-0.03,473,430,435,341,384
0.93,-9.23,-9.23,-0.01,-0.01,-0.01,473,429,435,341,383
END
1.75,-9.38,-9.38,0.01,0.01,0.01,470,426,423,357,365
6.77,-4.95,-4.95,0.56,0.56,0.56,496,437,441,355,397
5.82,-5.20,-5.20,0.73,0.73,0.73,488,434,439,346,395
1.54,-6.37,-6.37,0.29,0.29,0.29,486,433,438,345,391
2.84,-6.52,-6.52,-0.19,-0.19,-0.19,485,431,437,345,389
4.08,-7.26,-7.26,-0.35,-0.35,-0.35,484,432,442,348,397
6.78,-7.91,-7.91,-0.59,-0.59,-0.59,475,429,446,345,402
6.79,-9.31,-9.31,-0.23,-0.23,-0.23,473,429,446,345,402
3.32,-8.73,-8.73,0.06,0.06,0.06,473,429,444,344,399
3.14,-9.01,-9.01,-0.02,-0.02,-0.02,469,428,443,343,399
3.43,-8.88,-8.88,-0.02,-0.02,-0.02,469,427,442,343,398
END
2.61,-8.94,-8.94,-0.07,-0.07,-0.07,386,349,355,344,345
6.32,-6.91,-6.91,0.30,0.30,0.30,474,417,416,342,365
3.91,-7.10,-7.10,0.56,0.56,0.56,481,430,436,342,397
1.90,-7.50,-7.50,0.29,0.29,0.29,479,430,437,340,400
3.55,-7.80,-7.80,-0.11,-0.11,-0.11,476,429,436,339,399
2.00,-7.62,-7.62,0.01,0.01,0.01,473,428,440,340,405
3.07,-8.84,-8.84,0.35,0.35,0.35,481,436,443,338,408
6.91,-9.55,-9.55,-0.41,-0.41,-0.41,479,434,443,339,407
1.38,-9.22,-9.22,-0.02,-0.02,-0.02,477,433,442,340,405
1.56,-9.48,-9.48,0.02,0.02,0.02,476,433,441,340,405
1.26,-9.44,-9.44,-0.07,-0.07,-0.07,475,432,440,340,405
END
0.11,-9.04,-9.04,-0.10,-0.10,-0.10,333,311,312,346,336
1.62,-8.00,-8.00,0.82,0.82,0.82,331,310,310,349,338
8.89,-6.68,-6.68,0.40,0.40,0.40,407,408,400,351,350
5.03,-7.08,-7.08,0.42,0.42,0.42,474,435,434,355,379
3.50,-6.67,-6.67,0.64,0.64,0.64,474,429,443,347,391
1.44,-6.60,-6.60,0.12,0.12,0.12,471,430,448,345,396
6.55,-7.47,-7.47,-0.15,-0.15,-0.15,467,429,449,346,399
3.50,-6.88,-6.88,-0.34,-0.34,-0.34,466,431,453,345,401
4.95,-9.77,-9.77,-0.18,-0.18,-0.18,461,428,457,345,410
1.93,-9.32,-9.32,-0.04,-0.04,-0.04,461,428,456,345,406
4.15,-8.72,-8.72,-0.05,-0.05,-0.05,459,427,455,344,405
END
4.11,-8.94,-8.94,0.10,0.10,0.10,336,309,307,340,323
-2.94,-7.57,-7.57,0.36,0.36,0.36,335,313,318,340,325
-0.28,-6.26,-6.26,0.61,0.61,0.61,415,379,391,339,337
10.11,-7.30,-7.30,0.74,0.74,0.74,484,429,432,341,381
6.60,-6.86,-6.86,0.91,0.91,0.91,477,430,429,339,375
3.42,-6.27,-6.27,0.25,0.25,0.25,473,429,429,339,377
4.26,-7.42,-7.42,-0.20,-0.20,-0.20,469,426,427,339,370
6.30,-7.68,-7.68,-0.65,-0.65,-0.65,466,424,431,345,376
5.33,-8.39,-8.39,-0.44,-0.44,-0.44,464,422,434,346,387
6.13,-8.82,-8.82,-0.06,-0.06,-0.06,461,421,432,345,384
3.07,-8.76,-8.76,-0.07,-0.07,-0.07,460,420,432,344,384
END
2.79,-9.07,-9.07,-0.01,-0.01,-0.01,329,307,307,342,329
-1.42,-8.16,-8.16,0.05,0.05,0.05,328,307,307,342,329
-3.29,-8.27,-8.27,0.02,0.02,0.02,345,331,329,342,334
10.23,-5.17,-5.17,0.30,0.30,0.30,459,414,413,346,370
5.87,-5.30,-5.30,0.87,0.87,0.87,469,423,423,342,388
4.64,-7.10,-7.10,0.37,0.37,0.37,468,423,425,341,391
3.47,-7.87,-7.87,0.13,0.13,0.13,468,423,425,342,391
7.05,-9.40,-9.40,0.02,0.02,0.02,465,424,428,342,399
-0.42,-8.78,-8.78,-0.16,-0.16,-0.16,467,425,430,341,388
-4.06,-6.08,-6.08,-0.20,-0.20,-0.20,465,423,428,340,385
-4.17,-6.55,-6.55,-0.00,-0.00,-0.00,463,422,427,340,383
END
-4.56,-6.68,-6.68,-0.02,-0.02,-0.02,327,305,301,341,325
-3.22,-7.25,-7.25,0.07,0.07,0.07,328,306,303,341,326
-3.12,-5.66,-5.66,0.34,0.34,0.34,417,379,386,341,346
3.57,-7.20,-7.20,0.50,0.50,0.50,482,420,431,345,387
4.55,-6.01,-6.01,0.67,0.67,0.67,488,433,445,343,416
4.17,-7.36,-7.36,0.42,0.42,0.42,488,434,444,342,412
-3.42,-7.22,-7.22,0.37,0.37,0.37,484,433,442,344,405
-7.47,-9.54,-9.54,-0.37,-0.37,-0.37,480,431,440,344,399
-1.43,-7.37,-7.37,-0.43,-0.43,-0.43,475,429,439,341,396
-5.30,-5.64,-5.64,-0.10,-0.10,-0.10,473,427,438,340,393
-4.32,-6.75,-6.75,0.03,0.03,0.03,473,426,437,340,393
END
-0.83,-5.73,-5.73,0.04,0.04,0.04,332,312,319,344,341
-1.10,-6.29,-6.29,0.04,0.04,0.04,332,312,319,344,340
-2.27,-5.09,-5.09,0.37,0.37,0.37,451,412,403,343,346
5.37,-8.64,-8.64,0.45,0.45,0.45,483,428,429,346,365
1.75,-7.40,-7.40,0.11,0.11,0.11,497,436,441,346,389
0.88,-6.36,-6.36,0.41,0.41,0.41,495,435,447,344,409
-0.01,-7.72,-7.72,0.09,0.09,0.09,494,435,446,344,409
2.48,-8.62,-8.62,-0.15,-0.15,-0.15,500,437,448,344,415
0.74,-9.69,-9.69,0.10,0.10,0.10,497,436,447,343,410
-0.48,-6.75,-6.75,-0.35,-0.35,-0.35,490,423,442,343,400
-2.25,-7.02,-7.02,-0.15,-0.15,-0.15,486,431,441,343,398
END
-2.40,-6.59,-6.59,-0.06,-0.06,-0.06,336,307,308,340,325
-1.90,-5.46,-5.46,0.05,0.05,0.05,336,307,308,340,325
-1.68,-3.80,-3.80,0.19,0.19,0.19,388,377,364,339,331
4.25,-8.41,-8.41,0.55,0.55,0.55,445,440,434,338,393
1.56,-7.50,-7.50,0.40,0.40,0.40,452,448,446,337,415
1.70,-6.72,-6.72,0.44,0.44,0.44,450,449,444,339,408
0.29,-8.51,-8.51,0.03,0.03,0.03,443,446,443,341,407
-1.64,-9.65,-9.65,-0.39,-0.39,-0.39,452,446,443,343,411
-0.48,-6.27,-6.27,-0.20,-0.20,-0.20,445,443,442,339,404
-0.87,-5.76,-5.76,-0.10,-0.10,-0.10,442,442,440,339,402
-2.61,-5.99,-5.99,0.04,0.04,0.04,441,441,440,339,401
END
-2.01,-6.39,-6.39,0.12,0.12,0.12,327,305,305,340,332
-1.62,-5.21,-5.21,0.03,0.03,0.03,327,305,305,340,333
-3.34,-4.69,-4.69,0.32,0.32,0.32,355,336,341,342,333
3.40,-7.06,-7.06,0.67,0.67,0.67,411,413,405,345,345
2.73,-9.66,-9.66,0.32,0.32,0.32,502,447,439,343,379
3.12,-6.91,-6.91,0.37,0.37,0.37,496,444,438,343,405
0.12,-7.49,-7.49,-0.01,-0.01,-0.01,491,442,440,346,407
1.59,-10.86,-10.86,-0.39,-0.39,-0.39,488,442,443,348,409
0.82,-8.63,-8.63,-0.18,-0.18,-0.18,485,442,443,346,404
0.55,-7.02,-7.02,-0.51,-0.51,-0.51,483,442,441,343,397
-1.06,-5.81,-5.81,-0.23,-0.23,-0.23,483,441,444,341,398
END
-1.23,-5.97,-5.97,0.04,0.04,0.04,330,309,309,342,338
0.17,-7.21,-7.21,0.44,0.44,0.44,345,317,330,340,339
4.95,-7.45,-7.45,0.25,0.25,0.25,435,401,421,361,355
4.24,-8.73,-8.73,0.62,0.62,0.62,481,430,441,352,396
1.32,-8.62,-8.62,0.19,0.19,0.19,474,427,439,346,388
-0.88,-7.25,-7.25,-0.05,-0.05,-0.05,489,427,438,345,386
1.01,-8.21,-8.21,0.15,0.15,0.15,494,427,437,348,385
-3.78,-11.49,-11.49,-0.24,-0.24,-0.24,482,425,434,347,378
0.31,-7.99,-7.99,-0.56,-0.56,-0.56,471,420,431,343,373
-1.03,-4.92,-4.92,-0.50,-0.50,-0.50,467,417,430,340,371
-2.30,-4.99,-4.99,0.00,0.00,0.00,466,415,428,339,368
END
-2.53,-5.33,-5.33,0.06,0.06,0.06,355,322,326,338,343
-2.96,-6.80,-6.80,0.47,0.47,0.47,476,423,425,340,354
9.18,-6.69,-6.69,0.84,0.84,0.84,496,440,437,348,395
2.01,-7.09,-7.09,0.77,0.77,0.77,493,438,437,340,393
1.61,-7.49,-7.49,0.05,0.05,0.05,492,437,444,340,404
2.71,-8.76,-8.76,0.26,0.26,0.26,492,438,451,346,417
5.05,-9.32,-9.32,-1.09,-1.09,-1.09,488,436,453,348,421
0.35,-8.20,-8.20,-0.50,-0.50,-0.50,488,435,451,344,416
-2.42,-4.86,-4.86,-0.39,-0.39,-0.39,490,438,455,341,414
-3.79,-3.72,-3.72,-0.00,-0.00,-0.00,488,438,452,340,413
-2.90,-4.57,-4.57,0.06,0.06,0.06,486,437,449,340,410
END
-2.54,-4.72,-4.72,0.01,0.01,0.01,331,307,304,336,331
-1.28,-6.27,-6.27,0.06,0.06,0.06,330,307,304,336,331
-1.16,-3.78,-3.78,0.70,0.70,0.70,411,390,393,338,340
4.85,-8.13,-8.13,0.88,0.88,0.88,498,439,438,353,362
5.80,-8.07,-8.07,0.33,0.33,0.33,491,435,434,347,386
3.37,-5.82,-5.82,0.47,0.47,0.47,489,440,450,344,382
1.23,-7.11,-7.11,0.02,0.02,0.02,487,439,448,345,381
1.59,-9.45,-9.45,-0.38,-0.38,-0.38,490,436,447,353,413
3.93,-9.68,-9.68,-0.24,-0.24,-0.24,491,435,447,354,412
-1.56,-6.63,-6.63,-0.51,-0.51,-0.51,487,434,444,348,400
-3.18,-3.60,-3.60,-0.16,-0.16,-0.16,482,433,443,344,393
END
-1.90,-5.04,-5.04,0.15,0.15,0.15,323,303,297,335,326
-1.90,-6.13,-6.13,0.00,0.00,0.00,323,304,299,336,326
2.49,-7.24,-7.24,0.77,0.77,0.77,361,350,366,337,339
6.41,-7.15,-7.15,0.57,0.57,0.57,356,392,406,344,352
3.65,-6.98,-6.98,0.17,0.17,0.17,498,452,445,348,350
2.29,-7.21,-7.21,0.26,0.26,0.26,503,454,448,351,394
2.32,-7.42,-7.42,0.30,0.30,0.30,500,455,456,354,410
2.11,-9.55,-9.55,-0.46,-0.46,-0.46,495,454,463,356,418
-1.26,-10.14,-10.14,-0.31,-0.31,-0.31,492,454,458,349,407
0.62,-8.26,-8.26,-0.32,-0.32,-0.32,481,461,457,336,400
-1.92,-5.66,-5.66,0.17,0.17,0.17,479,459,454,334,399
END
-0.96,-8.00,-8.00,0.03,0.03,0.03,331,307,302,338,334
-0.42,-6.22,-6.22,0.15,0.15,0.15,329,307,301,337,335
1.13,-4.54,-4.54,0.57,0.57,0.57,393,363,370,334,338
12.38,-3.88,-3.88,0.75,0.75,0.75,440,388,389,335,356
5.61,-5.41,-5.41,0.92,0.92,0.92,504,437,427,337,359
2.96,-6.69,-6.69,0.30,0.30,0.30,499,442,439,343,355
2.41,-7.21,-7.21,0.08,0.08,0.08,502,444,447,351,399
3.24,-7.04,-7.04,-0.46,-0.46,-0.46,503,441,465,357,426
2.38,-9.59,-9.59,-0.06,-0.06,-0.06,498,438,468,356,431
3.11,-9.22,-9.22,-0.34,-0.34,-0.34,497,436,467,350,428
0.06,-7.16,-7.16,-0.43,-0.43,-0.43,495,438,464,346,413
END
-1.42,-6.37,-6.37,-0.04,-0.04,-0.04,325,304,299,336,329
-2.70,-6.58,-6.58,0.54,0.54,0.54,328,304,304,336,331
6.26,-8.03,-8.03,0.80,0.80,0.80,421,416,412,346,342
5.72,-7.87,-7.87,0.36,0.36,0.36,506,457,449,371,379
6.09,-8.32,-8.32,0.70,0.70,0.70,505,459,449,361,401
2.42,-6.91,-6.91,0.21,0.21,0.21,502,458,449,350,400
1.23,-8.10,-8.10,-0.05,-0.05,-0.05,499,456,450,349,398
0.94,-9.73,-9.73,-0.07,-0.07,-0.07,498,456,450,350,399
-0.81,-9.99,-9.99,-0.09,-0.09,-0.09,497,455,450,348,398
-1.49,-8.53,-8.53,-0.18,-0.18,-0.18,494,454,449,346,397
-0.80,-7.44,-7.44,-0.06,-0.06,-0.06,491,452,448,345,394
END
-1.55,-8.06,-8.06,0.02,0.02,0.02,507,430,433,360,347
5.01,-8.66,-8.66,0.37,0.37,0.37,502,443,437,363,368
2.97,-7.72,-7.72,0.42,0.42,0.42,500,443,444,359,386
6.98,-8.51,-8.51,0.52,0.52,0.52,500,444,450,354,396
4.71,-6.56,-6.56,0.12,0.12,0.12,498,437,448,350,393
2.60,-7.38,-7.38,0.01,0.01,0.01,498,443,448,350,393
1.23,-8.11,-8.11,-0.06,-0.06,-0.06,497,443,448,350,391
1.35,-8.75,-8.75,-0.03,-0.03,-0.03,496,443,450,349,393
2.89,-9.83,-9.83,-0.44,-0.44,-0.44,497,442,451,346,396
-1.71,-9.45,-9.45,-0.27,-0.27,-0.27,497,441,450,344,394
-0.87,-7.82,-7.82,-0.23,-0.23,-0.23,496,433,449,344,393
END
-1.11,-7.30,-7.30,-0.05,-0.05,-0.05,323,304,300,339,331
-1.60,-6.43,-6.43,0.78,0.78,0.78,323,305,309,336,330
4.31,-5.62,-5.62,0.79,0.79,0.79,397,409,419,337,345
6.60,-6.64,-6.64,0.49,0.49,0.49,462,441,442,355,388
1.83,-7.24,-7.24,0.28,0.28,0.28,505,441,441,354,393
1.45,-7.49,-7.49,0.09,0.09,0.09,503,443,444,353,402
4.84,-10.36,-10.36,-0.13,-0.13,-0.13,498,443,457,356,423
3.70,-10.24,-10.24,-0.37,-0.37,-0.37,496,443,455,351,416
-1.00,-6.16,-6.16,-0.52,-0.52,-0.52,493,441,454,348,408
-1.57,-6.11,-6.11,-0.07,-0.07,-0.07,489,440,452,346,406
-1.65,-6.85,-6.85,0.12,0.12,0.12,485,438,451,346,403
END
-2.18,-7.57,-7.57,0.07,0.07,0.07,325,305,300,338,329
-1.51,-7.35,-7.35,0.04,0.04,0.04,324,305,300,338,330
-1.89,-8.08,-8.08,-0.03,-0.03,-0.03,327,323,311,338,331
3.83,-8.00,-8.00,0.51,0.51,0.51,492,443,431,350,352
2.94,-8.35,-8.35,0.18,0.18,0.18,510,454,440,354,382
2.19,-7.13,-7.13,0.41,0.41,0.41,507,454,445,351,398
0.27,-7.03,-7.03,0.11,0.11,0.11,504,451,445,350,398
3.21,-8.70,-8.70,-0.14,-0.14,-0.14,502,452,444,350,397
-0.80,-8.68,-8.68,-0.28,-0.28,-0.28,501,451,446,350,398
1.01,-8.35,-8.35,-0.27,-0.27,-0.27,499,450,446,346,396
0.34,-7.04,-7.04,-0.03,-0.03,-0.03,497,449,445,346,395
END
-0.38,-7.34,-7.34,0.06,0.06,0.06,329,305,303,339,332
-2.35,-6.22,-6.22,0.04,0.04,0.04,329,305,303,339,332
-2.48,-6.30,-6.30,0.10,0.10,0.10,329,305,304,339,333
-0.66,-6.37,-6.37,0.54,0.54,0.54,479,425,424,346,351
1.90,-8.87,-8.87,0.01,0.01,0.01,485,432,434,348,381
-2.50,-9.18,-9.18,0.03,0.03,0.03,482,431,435,346,378
-4.31,-6.13,-6.13,-0.06,-0.06,-0.06,482,431,434,345,377
-6.21,-6.09,-6.09,0.15,0.15,0.15,482,431,434,345,376
-3.91,-7.86,-7.86,0.50,0.50,0.50,481,431,434,344,376
-1.93,-9.29,-9.29,0.15,0.15,0.15,480,429,435,344,382
-0.83,-6.60,-6.60,-0.09,-0.09,-0.09,479,429,435,344,383
END
-1.65,-6.81,-6.81,0.09,0.09,0.09,327,305,302,340,331
-2.65,-5.38,-5.38,0.04,0.04,0.04,328,305,303,340,331
-2.76,-5.23,-5.23,0.66,0.66,0.66,459,406,382,345,336
1.14,-9.86,-9.86,0.11,0.11,0.11,502,433,427,353,378
-0.59,-7.21,-7.21,-0.03,-0.03,-0.03,497,434,433,349,385
-2.75,-6.81,-6.81,0.06,0.06,0.06,498,437,433,348,388
-4.39,-6.83,-6.83,0.03,0.03,0.03,497,437,434,347,386
-4.52,-7.93,-7.93,0.19,0.19,0.19,496,436,434,347,388
-2.37,-7.74,-7.74,0.23,0.23,0.23,494,435,434,346,388
1.31,-7.16,-7.16,0.04,0.04,0.04,494,435,435,346,390
0.03,-7.31,-7.31,-0.01,-0.01,-0.01,493,434,434,346,389
END
-0.85,-7.05,-7.05,0.02,0.02,0.02,326,303,303,337,327
-4.68,-5.13,-5.13,0.29,0.29,0.29,358,334,349,339,351
-0.11,-8.38,-8.38,0.40,0.40,0.40,498,442,434,357,371
0.89,-7.85,-7.85,0.09,0.09,0.09,504,448,445,357,407
-1.90,-7.32,-7.32,0.10,0.10,0.10,501,447,448,354,408
-2.76,-7.37,-7.37,0.11,0.11,0.11,498,444,445,352,403
-2.43,-8.41,-8.41,0.07,0.07,0.07,494,443,443,348,400
0.55,-7.59,-7.59,0.04,0.04,0.04,491,442,441,344,398
2.73,-6.55,-6.55,-0.15,-0.15,-0.15,491,441,441,344,397
-0.09,-6.96,-6.96,0.02,0.02,0.02,490,440,440,344,395
0.14,-6.83,-6.83,0.17,0.17,0.17,489,440,440,344,395
END
0.83,-7.38,-7.38,0.05,0.05,0.05,409,376,391,348,331
1.01,-8.36,-8.36,0.21,0.21,0.21,502,445,437,356,375
0.07,-9.10,-9.10,0.18,0.18,0.18,499,444,442,354,387
-2.02,-7.51,-7.51,0.03,0.03,0.03,495,442,442,354,390
-2.10,-7.77,-7.77,0.04,0.04,0.04,494,442,442,353,390
-3.35,-7.54,-7.54,-0.15,-0.15,-0.15,491,440,441,352,382
-1.69,-6.62,-6.62,0.10,0.10,0.10,489,439,440,349,378
2.47,-6.96,-6.96,-0.23,-0.23,-0.23,486,437,441,346,383
0.56,-6.34,-6.34,0.09,0.09,0.09,486,436,440,346,382
0.67,-6.50,-6.50,0.11,0.11,0.11,485,436,439,346,381
0.04,-6.73,-6.73,0.06,0.06,0.06,485,436,439,346,381
END
0.51,-6.88,-6.88,0.06,0.06,0.06,329,307,304,337,326
-1.35,-6.28,-6.28,0.11,0.11,0.11,328,306,304,336,326
-5.08,-6.51,-6.51,0.25,0.25,0.25,433,406,388,341,333
6.65,-6.67,-6.67,0.55,0.55,0.55,497,439,435,362,397
-0.62,-7.24,-7.24,0.15,0.15,0.15,494,439,436,352,397
-3.46,-6.93,-6.93,0.09,0.09,0.09,492,438,436,350,397
-3.05,-8.41,-8.41,0.05,0.05,0.05,491,438,436,350,395
-4.57,-7.45,-7.45,-0.09,-0.09,-0.09,506,439,435,350,395
-1.49,-8.18,-8.18,0.08,0.08,0.08,502,438,435,350,395
4.11,-7.98,-7.98,0.16,0.16,0.16,499,437,434,350,396
0.88,-7.43,-7.43,0.01,0.01,0.01,498,436,434,350,394
END
1.17,-7.39,-7.39,0.00,0.00,0.00,329,308,308,343,328
-1.78,-6.68,-6.68,0.11,0.11,0.11,333,318,316,346,329
-3.00,-6.05,-6.05,0.09,0.09,0.09,364,351,345,348,333
-1.66,-6.77,-6.77,0.31,0.31,0.31,418,401,387,358,347
1.39,-9.32,-9.32,0.11,0.11,0.11,512,315,445,364,371
1.68,-7.54,-7.54,0.15,0.15,0.15,503,460,443,353,390
-0.93,-7.70,-7.70,0.13,0.13,0.13,501,459,441,350,394
-2.86,-7.43,-7.43,0.06,0.06,0.06,500,459,442,350,396
-3.40,-7.49,-7.49,0.01,0.01,0.01,498,444,443,349,396
-2.44,-7.52,-7.52,0.10,0.10,0.10,497,453,441,352,396
1.46,-7.14,-7.14,0.21,0.21,0.21,496,455,438,350,393
END
0.23,-7.44,-7.44,-0.04,-0.04,-0.04,333,310,304,338,332
-2.00,-5.54,-5.54,0.04,0.04,0.04,333,310,304,337,332
-4.08,-7.54,-7.54,0.04,0.04,0.04,353,338,327,338,334
3.87,-7.37,-7.37,0.46,0.46,0.46,456,409,404,339,352
5.64,-7.43,-7.43,0.10,0.10,0.10,497,439,436,342,378
1.67,-7.87,-7.87,0.33,0.33,0.33,492,438,436,344,398
-2.40,-7.30,-7.30,0.14,0.14,0.14,489,437,434,344,398
-2.38,-7.57,-7.57,0.01,0.01,0.01,486,437,433,346,397
-2.10,-8.69,-8.69,-0.01,-0.01,-0.01,485,436,434,347,397
0.70,-7.86,-7.86,-0.10,-0.10,-0.10,486,438,442,347,411
4.02,-6.86,-6.86,-0.12,-0.12,-0.12,485,417,441,346,408
END