7.66,-2.80,-2.80,0.05,0.05,0.05,476,438,446,328,369
8.00,-1.94,-1.94,0.06,0.06,0.06,476,438,446,328,369
7.88,-2.25,-2.25,0.04,0.04,0.04,476,438,446,328,369
8.05,-2.34,-2.34,-0.05,-0.05,-0.05,477,438,446,329,371
8.74,-3.82,-3.82,-0.09,-0.09,-0.09,478,438,445,331,371
7.23,-4.84,-4.84,-0.04,-0.04,-0.04,479,438,445,331,373
4.92,-7.75,-7.75,0.08,0.08,0.08,482,439,445,331,373
1.54,-9.21,-9.21,0.07,0.07,0.07,487,440,445,331,380
-4.02,-8.10,-8.10,0.24,0.24,0.24,489,441,446,331,382
-5.82,-8.07,-8.07,0.02,0.02,0.02,489,439,445,331,381
-7.09,-7.09,-7.09,-0.20,-0.20,-0.20,487,437,445,331,379
END
-6.77,-7.26,-7.26,0.05,0.05,0.05,480,439,444,327,379
8.08,-2.15,-2.15,0.07,0.07,0.07,480,439,444,327,379
7.98,-2.38,-2.38,-0.03,-0.03,-0.03,480,439,444,327,379
5.65,-4.67,-4.67,-0.10,-0.10,-0.10,482,440,444,329,382
6.66,-7.08,-7.08,0.04,0.04,0.04,485,440,444,330,388
1.96,-9.66,-9.66,-0.01,-0.01,-0.01,491,441,445,330,390
-2.44,-8.51,-8.51,0.33,0.33,0.33,492,441,444,330,389
-5.02,-8.08,-8.08,0.08,0.08,0.08,491,440,443,330,387
-5.65,-7.31,-7.31,0.10,0.10,0.10,489,439,444,330,380
-4.85,-8.46,-8.46,-0.06,-0.06,-0.06,486,437,444,330,379
-5.91,-7.62,-7.62,0.02,0.02,0.02,485,437,444,330,379
END
-5.84,-7.73,-7.73,0.05,0.05,0.05,476,437,442,328,379
8.10,-2.30,-2.30,0.09,0.09,0.09,477,438,443,328,383
8.28,-2.68,-2.68,0.05,0.05,0.05,477,438,443,328,385
5.86,-4.36,-4.36,-0.08,-0.08,-0.08,479,439,443,329,387
6.07,-5.23,-5.23,-0.08,-0.08,-0.08,482,440,444,330,388
4.89,-7.99,-7.99,0.09,0.09,0.09,483,440,443,330,387
1.03,-9.35,-9.35,0.01,0.01,0.01,486,440,443,330,387
-3.55,-8.74,-8.74,-0.06,-0.06,-0.06,485,439,442,330,385
-4.98,-7.65,-7.65,0.01,0.01,0.01,483,437,442,330,383
-6.05,-8.06,-8.06,0.22,0.22,0.22,481,435,444,330,381
-5.99,-8.20,-8.20,-0.10,-0.10,-0.10,480,434,441,330,381
END
-5.87,-7.80,-7.80,-0.03,-0.03,-0.03,478,429,442,328,386
8.29,-1.50,-1.50,0.04,0.04,0.04,478,438,442,328,387
8.66,-2.51,-2.51,0.03,0.03,0.03,478,439,441,328,387
9.02,-2.97,-2.97,0.01,0.01,0.01,479,439,441,329,390
7.55,-6.33,-6.33,0.05,0.05,0.05,480,439,441,330,392
4.67,-6.49,-6.49,0.08,0.08,0.08,481,439,441,330,391
1.19,-9.27,-9.27,0.14,0.14,0.14,484,439,440,330,389
-3.89,-8.66,-8.66,0.03,0.03,0.03,485,439,440,331,390
-6.30,-7.23,-7.23,0.04,0.04,0.04,483,436,439,330,385
-6.47,-7.67,-7.67,-0.07,-0.07,-0.07,479,434,439,330,385
-6.86,-7.80,-7.80,0.01,0.01,0.01,476,432,438,330,385
END
-6.81,-7.06,-7.06,0.12,0.12,0.12,473,434,437,328,376
7.97,-2.77,-2.77,0.03,0.03,0.03,473,434,437,328,378
5.05,-4.83,-4.83,0.15,0.15,0.15,474,434,437,329,384
3.13,-9.32,-9.32,0.06,0.06,0.06,476,434,437,331,384
-1.24,-9.08,-9.08,0.24,0.24,0.24,480,435,437,330,384
-5.78,-8.21,-8.21,0.32,0.32,0.32,480,435,437,331,383
-6.07,-7.89,-7.89,0.20,0.20,0.20,477,433,436,330,384
-6.38,-7.57,-7.57,0.12,0.12,0.12,475,432,435,331,382
-4.77,-8.41,-8.41,0.14,0.14,0.14,474,431,435,331,381
-5.64,-8.10,-8.10,-0.08,-0.08,-0.08,473,431,435,331,381
-4.10,-8.68,-8.68,-0.11,-0.11,-0.11,474,431,435,331,380
END
-4.92,-8.87,-8.87,-0.27,-0.27,-0.27,473,433,435,329,381
7.49,-3.79,-3.79,0.01,0.01,0.01,473,433,435,330,381
5.22,-6.71,-6.71,-0.03,-0.03,-0.03,474,433,435,330,383
4.33,-7.84,-7.84,-0.03,-0.03,-0.03,476,435,437,331,388
1.64,-9.35,-9.35,0.18,0.18,0.18,479,435,437,331,388
-3.14,-9.53,-9.53,0.28,0.28,0.28,480,435,437,331,387
-5.68,-8.08,-8.08,0.21,0.21,0.21,480,435,437,332,385
-6.52,-7.79,-7.79,0.03,0.03,0.03,478,434,437,331,384
-5.53,-8.28,-8.28,0.08,0.08,0.08,475,432,437,331,382
-5.97,-8.00,-8.00,0.04,0.04,0.04,476,432,437,331,381
-6.02,-7.81,-7.81,0.14,0.14,0.14,475,432,436,331,381
END
-5.42,-7.99,-7.99,-0.04,-0.04,-0.04,470,432,435,328,379
7.87,-2.87,-2.87,0.03,0.03,0.03,471,433,435,328,380
8.47,-3.79,-3.79,0.05,0.05,0.05,471,432,435,328,381
1.48,-8.27,-8.27,0.19,0.19,0.19,477,434,435,329,383
-3.26,-9.05,-9.05,0.23,0.23,0.23,479,434,436,330,384
-3.07,-8.30,-8.30,0.20,0.20,0.20,479,434,435,331,384
-6.45,-7.47,-7.47,0.19,0.19,0.19,479,432,434,331,380
-6.65,-7.44,-7.44,0.10,0.10,0.10,477,432,434,331,379
-6.58,-7.62,-7.62,0.01,0.01,0.01,476,431,434,331,379
-6.58,-7.07,-7.07,0.05,0.05,0.05,475,431,434,331,378
-6.63,-7.31,-7.31,0.04,0.04,0.04,475,431,433,331,377
END
-6.54,-7.50,-7.50,0.03,0.03,0.03,469,431,433,328,378
7.87,-2.94,-2.94,0.04,0.04,0.04,469,431,433,328,378
8.74,-3.86,-3.86,0.05,0.05,0.05,469,431,433,328,379
5.88,-7.13,-7.13,-0.10,-0.10,-0.10,472,432,433,329,381
5.12,-7.43,-7.43,0.05,0.05,0.05,474,432,433,330,383
1.77,-9.31,-9.31,0.16,0.16,0.16,477,432,433,331,383
0.15,-9.12,-9.12,0.29,0.29,0.29,478,432,434,331,383
-5.81,-8.15,-8.15,0.20,0.20,0.20,478,432,434,331,379
-5.37,-8.56,-8.56,-0.04,-0.04,-0.04,477,431,433,331,377
-5.60,-7.87,-7.87,0.03,0.03,0.03,476,430,433,331,377
-5.91,-7.98,-7.98,0.05,0.05,0.05,475,430,433,331,377
END
-5.66,-7.98,-7.98,0.04,0.04,0.04,471,430,432,329,376
7.06,-2.80,-2.80,0.03,0.03,0.03,471,430,432,328,377
8.15,-3.41,-3.41,0.04,0.04,0.04,471,430,432,328,378
3.06,-6.08,-6.08,-0.09,-0.09,-0.09,474,431,433,330,380
4.10,-6.80,-6.80,-0.07,-0.07,-0.07,475,431,432,330,382
3.86,-7.81,-7.81,0.14,0.14,0.14,475,431,433,331,383
0.69,-9.24,-9.24,0.28,0.28,0.28,476,431,432,331,383
-0.73,-8.93,-8.93,0.17,0.17,0.17,475,430,432,331,383
-6.52,-8.01,-8.01,0.16,0.16,0.16,476,430,432,330,380
-6.58,-7.43,-7.43,0.13,0.13,0.13,474,429,432,331,380
-6.23,-8.08,-8.08,-0.05,-0.05,-0.05,473,429,432,331,379
END
-6.21,-7.72,-7.72,-0.02,-0.02,-0.02,471,430,431,330,375
7.79,-3.92,-3.92,0.06,0.06,0.06,471,430,431,330,377
8.10,-4.49,-4.49,0.14,0.14,0.14,471,430,431,330,377
2.58,-7.09,-7.09,0.20,0.20,0.20,474,430,431,330,380
-1.99,-9.45,-9.45,0.24,0.24,0.24,475,430,431,331,380
-4.03,-8.91,-8.91,0.14,0.14,0.14,476,430,431,331,380
-4.81,-8.15,-8.15,0.22,0.22,0.22,477,429,431,331,380
-5.83,-7.52,-7.52,0.05,0.05,0.05,476,429,431,331,379
-4.93,-7.92,-7.92,0.10,0.10,0.10,475,428,431,331,378
-6.14,-7.85,-7.85,0.05,0.05,0.05,474,428,431,331,378
-6.51,-7.50,-7.50,0.05,0.05,0.05,474,428,431,331,377
END
-6.22,-7.49,-7.49,0.06,0.06,0.06,487,444,436,328,388
7.50,-4.16,-4.16,0.02,0.02,0.02,486,442,436,329,387
5.92,-6.04,-6.04,-0.13,-0.13,-0.13,486,442,438,329,396
3.77,-7.90,-7.90,-0.12,-0.12,-0.12,488,442,437,330,395
2.51,-9.02,-9.02,0.12,0.12,0.12,489,432,437,330,396
-0.99,-9.27,-9.27,0.14,0.14,0.14,489,437,437,330,395
-5.66,-8.17,-8.17,-0.06,-0.06,-0.06,488,440,437,331,393
-5.00,-6.82,-6.82,0.16,0.16,0.16,486,439,437,331,388
-6.71,-7.70,-7.70,-0.03,-0.03,-0.03,481,436,436,331,385
-6.18,-7.87,-7.87,0.00,0.00,0.00,480,435,436,331,384
-6.09,-7.42,-7.42,0.03,0.03,0.03,480,435,436,331,384
END
-6.21,-7.60,-7.60,0.01,0.01,0.01,476,436,435,328,386
7.58,-3.70,-3.70,0.03,0.03,0.03,476,436,435,329,386
7.66,-4.83,-4.83,0.02,0.02,0.02,476,435,436,329,387
4.03,-8.20,-8.20,-0.00,-0.00,-0.00,479,436,435,330,387
4.01,-7.82,-7.82,-0.03,-0.03,-0.03,480,398,435,331,387
0.06,-8.92,-8.92,0.23,0.23,0.23,483,437,435,331,388
-3.08,-8.82,-8.82,0.16,0.16,0.16,484,437,435,331,386
-5.30,-8.30,-8.30,0.09,0.09,0.09,482,435,434,330,384
-7.31,-7.03,-7.03,-0.31,-0.31,-0.31,479,433,432,330,378
-6.71,-7.35,-7.35,0.01,0.01,0.01,477,431,432,330,377
-6.93,-6.82,-6.82,0.05,0.05,0.05,477,431,431,331,377
END
-7.19,-7.16,-7.16,0.05,0.05,0.05,473,334,432,330,381
8.09,-2.54,-2.54,0.03,0.03,0.03,473,299,432,329,381
9.26,-4.08,-4.08,0.06,0.06,0.06,473,433,432,329,383
5.21,-8.85,-8.85,0.03,0.03,0.03,475,434,432,330,383
4.19,-7.98,-7.98,-0.13,-0.13,-0.13,475,434,432,331,384
3.83,-8.55,-8.55,0.08,0.08,0.08,477,434,432,331,386
-1.66,-9.11,-9.11,0.20,0.20,0.20,477,434,431,331,385
-3.00,-8.72,-8.72,0.24,0.24,0.24,476,433,432,331,385
-5.29,-8.33,-8.33,0.22,0.22,0.22,476,432,432,331,381
-7.44,-7.24,-7.24,-0.02,-0.02,-0.02,474,430,432,331,379
-6.77,-6.87,-6.87,-0.04,-0.04,-0.04,471,428,431,331,378
END
-6.99,-7.31,-7.31,-0.00,-0.00,-0.00,470,429,430,332,374
7.87,-3.47,-3.47,0.05,0.05,0.05,470,430,431,329,374
7.45,-4.02,-4.02,0.03,0.03,0.03,470,430,431,329,375
-0.24,-7.93,-7.93,0.04,0.04,0.04,477,432,432,330,378
3.18,-8.58,-8.58,-0.11,-0.11,-0.11,476,431,432,330,381
2.21,-8.61,-8.61,0.09,0.09,0.09,477,431,432,331,382
-0.14,-9.15,-9.15,0.26,0.26,0.26,477,431,432,331,382
-4.72,-8.80,-8.80,0.27,0.27,0.27,476,430,432,331,380
-6.65,-7.68,-7.68,-0.00,-0.00,-0.00,476,429,432,331,380
-6.51,-6.73,-6.73,-0.01,-0.01,-0.01,474,428,432,330,375
-5.94,-7.54,-7.54,0.19,0.19,0.19,472,427,431,330,376
END
-6.21,-7.23,-7.23,0.02,0.02,0.02,472,433,430,328,380
7.88,-1.75,-1.75,0.01,0.01,0.01,471,432,429,328,380
6.35,-3.34,-3.34,0.06,0.06,0.06,471,432,430,330,385
5.74,-4.72,-4.72,-0.20,-0.20,-0.20,472,431,429,330,388
5.32,-7.39,-7.39,0.05,0.05,0.05,473,431,430,330,390
1.34,-9.06,-9.06,0.14,0.14,0.14,473,431,430,330,389
-3.83,-8.89,-8.89,0.28,0.28,0.28,473,430,430,331,386
-8.35,-7.18,-7.18,-0.02,-0.02,-0.02,473,430,430,331,379
-6.94,-5.95,-5.95,-0.05,-0.05,-0.05,469,429,431,330,380
-9.28,-5.76,-5.76,-0.17,-0.17,-0.17,461,430,433,331,380
-7.75,-6.18,-6.18,0.02,0.02,0.02,460,429,433,331,379
END
-7.75,-5.88,-5.88,0.07,0.07,0.07,465,430,430,329,373
7.46,-4.09,-4.09,-0.03,-0.03,-0.03,465,429,430,330,375
6.96,-4.52,-4.52,-0.07,-0.07,-0.07,467,430,431,332,379
6.76,-4.92,-4.92,-0.07,-0.07,-0.07,471,431,432,332,382
4.01,-7.85,-7.85,0.19,0.19,0.19,475,432,432,332,382
1.67,-9.15,-9.15,0.26,0.26,0.26,477,432,432,332,382
0.50,-9.61,-9.61,0.07,0.07,0.07,476,432,433,332,383
-3.47,-8.79,-8.79,0.04,0.04,0.04,476,431,433,332,382
-5.25,-8.17,-8.17,-0.12,-0.12,-0.12,475,430,434,331,381
-7.67,-7.08,-7.08,-0.01,-0.01,-0.01,471,429,434,331,380
-7.16,-7.49,-7.49,-0.05,-0.05,-0.05,468,428,434,331,382
END
-6.28,-6.75,-6.75,0.05,0.05,0.05,469,429,432,328,380
7.60,-3.27,-3.27,0.02,0.02,0.02,469,430,431,328,381
7.49,-4.66,-4.66,-0.04,-0.04,-0.04,470,430,431,330,382
6.86,-3.43,-3.43,0.02,0.02,0.02,470,429,432,330,386
6.44,-6.87,-6.87,0.10,0.10,0.10,470,428,431,331,387
-3.24,-8.59,-8.59,0.20,0.20,0.20,471,429,432,331,386
-3.37,-8.14,-8.14,0.22,0.22,0.22,471,429,432,331,384
-8.20,-7.14,-7.14,0.13,0.13,0.13,470,429,432,330,381
-5.46,-7.11,-7.11,0.24,0.24,0.24,469,428,431,330,380
-5.91,-7.61,-7.61,0.09,0.09,0.09,467,427,431,330,380
-6.54,-7.14,-7.14,0.05,0.05,0.05,468,427,431,330,379
END
-5.51,-7.55,-7.55,0.05,0.05,0.05,468,429,430,328,378
8.10,-3.04,-3.04,0.00,0.00,0.00,468,430,429,328,379
7.20,-6.44,-6.44,-0.03,-0.03,-0.03,469,429,430,330,383
4.18,-7.16,-7.16,-0.05,-0.05,-0.05,469,429,430,330,385
1.00,-9.30,-9.30,0.23,0.23,0.23,471,429,430,331,386
-3.60,-8.50,-8.50,0.29,0.29,0.29,471,428,430,331,383
-7.07,-7.95,-7.95,0.28,0.28,0.28,472,428,430,331,381
-5.53,-7.21,-7.21,0.15,0.15,0.15,471,427,430,331,379
-5.07,-8.13,-8.13,-0.02,-0.02,-0.02,470,426,429,331,376
-6.44,-7.57,-7.57,0.01,0.01,0.01,470,426,429,331,375
-6.02,-7.14,-7.14,0.02,0.02,0.02,470,425,429,331,375
END
-6.27,-7.29,-7.29,0.04,0.04,0.04,466,419,430,329,374
7.75,-4.13,-4.13,0.01,0.01,0.01,466,420,429,329,374
2.03,-6.29,-6.29,-0.04,-0.04,-0.04,470,428,430,330,378
5.64,-7.33,-7.33,-0.15,-0.15,-0.15,471,428,430,331,378
0.94,-8.60,-8.60,0.20,0.20,0.20,473,428,430,331,379
-3.35,-8.65,-8.65,0.17,0.17,0.17,472,427,429,331,379
-6.65,-7.42,-7.42,0.25,0.25,0.25,471,426,430,331,376
-7.01,-7.03,-7.03,0.08,0.08,0.08,469,426,431,330,376
-6.57,-7.04,-7.04,-0.06,-0.06,-0.06,467,424,431,330,377
-6.52,-6.78,-6.78,0.04,0.04,0.04,467,424,430,330,376
-6.58,-6.92,-6.92,0.03,0.03,0.03,467,425,430,330,376
END
6.47,-0.84,-0.84,0.05,0.05,0.05,487,438,448,327,385
7.44,-1.26,-1.26,0.03,0.03,0.03,486,438,448,326,385
7.55,-1.11,-1.11,-0.02,-0.02,-0.02,485,438,448,326,385
8.24,-1.30,-1.30,-0.07,-0.07,-0.07,485,438,447,327,387
8.93,-3.17,-3.17,-0.38,-0.38,-0.38,485,438,447,327,389
7.31,-6.07,-6.07,0.02,0.02,0.02,485,438,447,328,390
4.10,-8.41,-8.41,0.10,0.10,0.10,490,438,447,328,389
-0.48,-9.51,-9.51,0.26,0.26,0.26,494,438,446,328,387
-5.33,-8.33,-8.33,0.25,0.25,0.25,495,438,446,328,383
-4.72,-8.55,-8.55,-0.25,-0.25,-0.25,492,435,445,327,382
-5.28,-8.05,-8.05,-0.06,-0.06,-0.06,488,432,444,328,380
END
-5.25,-7.63,-7.63,-0.02,-0.02,-0.02,487,433,444,326,385
7.66,0.10,0.10,0.02,0.02,0.02,486,432,444,326,385
3.15,-0.73,-0.73,0.13,0.13,0.13,485,432,443,326,388
5.02,-3.38,-3.38,0.12,0.12,0.12,483,431,443,327,391
5.87,-6.83,-6.83,0.04,0.04,0.04,484,431,443,327,391
2.38,-9.10,-9.10,0.20,0.20,0.20,486,432,443,327,391
-1.69,-8.69,-8.69,0.39,0.39,0.39,485,431,441,327,388
-4.93,-9.20,-9.20,0.47,0.47,0.47,485,431,441,327,385
-5.02,-8.03,-8.03,0.01,0.01,0.01,483,429,441,327,384
-6.30,-7.62,-7.62,-0.18,-0.18,-0.18,481,427,440,327,382
-5.71,-7.89,-7.89,-0.01,-0.01,-0.01,480,427,440,327,382
END
-5.26,-8.10,-8.10,0.04,0.04,0.04,479,428,439,326,382
7.51,-0.34,-0.34,0.04,0.04,0.04,479,428,439,326,383
5.05,-0.38,-0.38,0.06,0.06,0.06,478,428,439,326,384
5.46,-3.63,-3.63,0.07,0.07,0.07,478,427,439,326,386
5.15,-6.18,-6.18,-0.09,-0.09,-0.09,477,427,438,327,386
1.21,-8.36,-8.36,0.33,0.33,0.33,478,426,438,327,387
1.64,-9.07,-9.07,0.17,0.17,0.17,477,426,438,327,387
-4.84,-8.55,-8.55,0.18,0.18,0.18,477,426,437,327,385
-4.24,-8.52,-8.52,-0.03,-0.03,-0.03,477,425,437,327,383
-4.27,-8.08,-8.08,-0.06,-0.06,-0.06,476,424,436,327,380
-4.82,-7.62,-7.62,0.01,0.01,0.01,476,423,436,327,380
END
-5.89,-7.40,-7.40,0.10,0.10,0.10,476,425,436,325,383
7.25,-0.55,-0.55,0.03,0.03,0.03,476,425,436,325,383
8.10,-2.08,-2.08,-0.04,-0.04,-0.04,475,425,436,325,385
7.39,-6.53,-6.53,-0.28,-0.28,-0.28,478,425,436,326,386
4.77,-7.09,-7.09,0.16,0.16,0.16,479,425,436,327,387
0.39,-8.75,-8.75,0.12,0.12,0.12,481,425,436,327,387
-1.34,-9.17,-9.17,0.27,0.27,0.27,481,425,435,328,386
-5.22,-8.00,-8.00,0.30,0.30,0.30,482,426,436,328,383
-6.53,-7.49,-7.49,0.17,0.17,0.17,477,421,435,327,383
-8.46,-6.81,-6.81,-0.08,-0.08,-0.08,474,419,435,327,382
-6.40,-6.75,-6.75,-0.00,-0.00,-0.00,474,420,435,327,381
END
-7.21,-6.98,-6.98,-0.01,-0.01,-0.01,476,424,434,325,380
7.58,-1.90,-1.90,0.05,0.05,0.05,475,424,434,325,380
5.69,-4.49,-4.49,0.22,0.22,0.22,475,423,434,326,382
5.00,-6.59,-6.59,0.11,0.11,0.11,474,423,434,327,384
0.22,-8.36,-8.36,0.10,0.10,0.10,477,424,434,327,383
-3.51,-8.55,-8.55,0.41,0.41,0.41,479,424,434,328,381
-2.99,-9.04,-9.04,0.29,0.29,0.29,476,423,434,328,381
-4.65,-7.93,-7.93,0.21,0.21,0.21,475,422,434,328,378
-6.81,-7.24,-7.24,0.10,0.10,0.10,473,419,433,328,377
-7.14,-7.45,-7.45,-0.05,-0.05,-0.05,471,418,433,328,379
-7.26,-6.98,-6.98,0.02,0.02,0.02,471,418,432,328,378
END
-6.33,-7.17,-7.17,-0.03,-0.03,-0.03,474,421,432,325,379
8.20,-1.45,-1.45,0.01,0.01,0.01,474,421,432,325,380
4.25,-2.19,-2.19,0.34,0.34,0.34,474,421,432,326,381
6.84,-4.72,-4.72,0.00,0.00,0.00,474,420,432,327,383
4.53,-7.41,-7.41,0.05,0.05,0.05,475,420,431,327,383
0.52,-8.87,-8.87,0.10,0.10,0.10,476,420,432,327,383
-1.03,-9.19,-9.19,0.26,0.26,0.26,475,420,432,328,382
-5.11,-8.08,-8.08,0.25,0.25,0.25,475,420,432,328,381
-6.19,-7.84,-7.84,0.15,0.15,0.15,473,417,432,327,379
-6.47,-7.25,-7.25,-0.16,-0.16,-0.16,472,415,431,327,379
-5.94,-7.35,-7.35,-0.06,-0.06,-0.06,471,415,431,327,379
END
-6.94,-7.50,-7.50,0.09,0.09,0.09,474,419,430,325,378
7.01,-1.51,-1.51,0.04,0.04,0.04,473,418,430,325,378
12.18,-3.72,-3.72,-0.09,-0.09,-0.09,472,418,430,325,381
2.84,-8.56,-8.56,0.05,0.05,0.05,474,418,430,326,380
2.72,-8.48,-8.48,0.01,0.01,0.01,473,418,430,327,381
-0.08,-9.10,-9.10,0.15,0.15,0.15,474,418,430,327,380
-2.58,-8.46,-8.46,0.28,0.28,0.28,475,418,430,327,380
-5.89,-7.70,-7.70,0.15,0.15,0.15,476,417,430,327,377
-7.06,-6.93,-6.93,0.02,0.02,0.02,474,416,429,327,387
-6.50,-7.21,-7.21,0.15,0.15,0.15,473,415,428,328,392
-7.19,-6.71,-6.71,0.07,0.07,0.07,472,415,428,328,391
END
-6.81,-7.03,-7.03,0.07,0.07,0.07,475,419,429,325,382
7.29,-2.36,-2.36,0.03,0.03,0.03,474,419,429,325,382
9.02,-3.47,-3.47,0.04,0.04,0.04,472,418,429,325,383
4.53,-4.16,-4.16,-0.08,-0.08,-0.08,473,418,428,327,384
2.61,-6.20,-6.20,0.31,0.31,0.31,474,418,429,327,385
1.94,-8.89,-8.89,0.07,0.07,0.07,474,418,429,327,385
-0.17,-9.03,-9.03,0.19,0.19,0.19,474,418,429,327,385
-2.48,-8.97,-8.97,0.19,0.19,0.19,475,418,429,328,385
-5.79,-7.93,-7.93,0.28,0.28,0.28,475,418,430,328,385
-6.28,-7.39,-7.39,0.09,0.09,0.09,474,417,429,328,383
-7.24,-6.94,-6.94,0.21,0.21,0.21,473,415,429,328,382
END
-8.22,-6.70,-6.70,0.08,0.08,0.08,472,415,428,326,375
7.01,-0.94,-0.94,0.03,0.03,0.03,472,415,428,325,375
9.76,-2.79,-2.79,0.00,0.00,0.00,471,415,428,327,377
7.74,-3.93,-3.93,-0.20,-0.20,-0.20,471,415,428,326,378
5.62,-5.66,-5.66,0.00,0.00,0.00,470,414,428,327,381
4.68,-7.19,-7.19,0.04,0.04,0.04,470,414,428,327,382
2.43,-8.80,-8.80,0.06,0.06,0.06,470,413,428,327,383
-0.58,-8.81,-8.81,0.31,0.31,0.31,470,414,427,327,383
-5.18,-7.93,-7.93,0.35,0.35,0.35,470,413,428,327,382
-7.28,-7.55,-7.55,0.17,0.17,0.17,470,412,427,327,379
-6.19,-6.79,-6.79,0.19,0.19,0.19,466,410,427,326,375
END
-6.71,-7.49,-7.49,0.01,0.01,0.01,467,413,426,326,378
7.21,-1.64,-1.64,0.04,0.04,0.04,467,413,426,326,378
7.57,-2.10,-2.10,0.03,0.03,0.03,467,413,427,326,378
4.41,-3.88,-3.88,0.17,0.17,0.17,466,412,426,327,381
5.80,-7.49,-7.49,-0.06,-0.06,-0.06,467,412,426,327,383
-0.84,-9.13,-9.13,0.20,0.20,0.20,471,413,426,328,381
-1.98,-9.06,-9.06,0.24,0.24,0.24,470,413,427,327,381
-5.14,-8.52,-8.52,0.23,0.23,0.23,471,413,427,328,381
-5.22,-7.86,-7.86,0.21,0.21,0.21,471,413,427,328,381
-6.26,-7.80,-7.80,0.00,0.00,0.00,470,412,427,328,380
-6.32,-7.91,-7.91,-0.07,-0.07,-0.07,470,411,427,328,379
END
-5.36,-7.80,-7.80,0.00,0.00,0.00,468,414,426,325,378
7.35,-1.78,-1.78,0.04,0.04,0.04,468,414,426,326,379
9.68,-3.22,-3.22,-0.05,-0.05,-0.05,467,413,426,326,382
8.51,-4.48,-4.48,-0.10,-0.10,-0.10,466,412,426,327,385
5.27,-7.43,-7.43,-0.01,-0.01,-0.01,466,411,425,327,385
1.90,-8.64,-8.64,0.07,0.07,0.07,466,411,425,327,385
-0.08,-9.05,-9.05,0.16,0.16,0.16,466,411,425,327,385
-2.35,-8.94,-8.94,0.25,0.25,0.25,466,411,425,327,385
-6.63,-7.70,-7.70,0.12,0.12,0.12,470,411,425,328,381
-6.25,-7.34,-7.34,0.10,0.10,0.10,469,411,425,327,381
-6.14,-7.22,-7.22,0.13,0.13,0.13,468,411,425,328,382
END
-5.91,-7.59,-7.59,0.04,0.04,0.04,472,415,425,325,378
7.21,-1.44,-1.44,0.03,0.03,0.03,472,415,425,325,378
10.67,-2.91,-2.91,-0.09,-0.09,-0.09,470,414,426,325,379
6.36,-4.57,-4.57,-0.05,-0.05,-0.05,469,414,425,326,381
4.85,-6.37,-6.37,0.03,0.03,0.03,469,413,425,327,382
2.40,-8.52,-8.52,0.12,0.12,0.12,470,414,425,327,382
1.64,-9.45,-9.45,0.02,0.02,0.02,470,413,425,327,382
-1.96,-9.01,-9.01,0.27,0.27,0.27,472,413,425,327,381
-4.83,-8.64,-8.64,0.20,0.20,0.20,473,413,425,327,381
-5.77,-8.05,-8.05,0.11,0.11,0.11,473,412,425,327,379
-5.69,-7.62,-7.62,0.08,0.08,0.08,472,411,425,327,378
END
-5.62,-8.04,-8.04,0.12,0.12,0.12,467,411,424,326,377
7.60,-0.95,-0.95,0.03,0.03,0.03,467,411,424,326,377
7.32,-1.58,-1.58,0.05,0.05,0.05,467,411,424,325,378
7.57,-4.84,-4.84,-0.06,-0.06,-0.06,465,411,424,326,382
5.53,-7.65,-7.65,-0.04,-0.04,-0.04,465,411,424,327,383
2.35,-8.42,-8.42,0.08,0.08,0.08,465,411,423,327,384
0.37,-8.82,-8.82,0.17,0.17,0.17,466,410,424,327,387
-0.65,-9.30,-9.30,0.18,0.18,0.18,466,410,424,327,386
-4.34,-8.76,-8.76,0.25,0.25,0.25,466,410,424,327,386
-5.51,-7.65,-7.65,0.32,0.32,0.32,467,410,424,328,384
-5.38,-8.38,-8.38,-0.09,-0.09,-0.09,466,409,424,327,384
END
-5.99,-7.54,-7.54,0.05,0.05,0.05,466,411,423,325,375
6.75,-2.20,-2.20,0.00,0.00,0.00,466,410,423,325,375
4.59,-3.50,-3.50,0.04,0.04,0.04,465,410,423,326,376
5.05,-4.39,-4.39,0.03,0.03,0.03,464,409,423,327,380
3.09,-7.34,-7.34,0.03,0.03,0.03,464,409,422,327,381
1.39,-8.67,-8.67,0.08,0.08,0.08,463,409,423,327,381
-0.13,-9.13,-9.13,-0.06,-0.06,-0.06,463,409,423,327,382
-4.77,-8.45,-8.45,0.29,0.29,0.29,464,409,423,327,380
-4.24,-8.02,-8.02,0.04,0.04,0.04,462,408,422,327,382
-5.54,-7.48,-7.48,0.11,0.11,0.11,461,408,423,327,381
-5.95,-7.98,-7.98,0.08,0.08,0.08,461,407,422,327,381
END
-5.86,-7.37,-7.37,0.02,0.02,0.02,464,410,423,326,376
7.09,-0.90,-0.90,0.06,0.06,0.06,464,410,423,325,376
7.21,-1.13,-1.13,0.05,0.05,0.05,464,410,423,325,377
8.68,-1.89,-1.89,-0.00,-0.00,-0.00,463,410,423,325,377
8.85,-4.61,-4.61,-0.33,-0.33,-0.33,461,409,422,326,382
4.48,-7.18,-7.18,-0.03,-0.03,-0.03,461,408,422,327,382
1.41,-8.25,-8.25,0.06,0.06,0.06,461,408,422,327,383
0.21,-8.92,-8.92,0.14,0.14,0.14,461,408,422,327,382
-4.31,-8.28,-8.28,0.20,0.20,0.20,462,408,422,327,381
-3.69,-8.61,-8.61,0.07,0.07,0.07,462,408,422,327,381
-4.64,-7.95,-7.95,0.06,0.06,0.06,461,408,422,327,380
END
-3.66,-8.28,-8.28,0.04,0.04,0.04,466,411,422,325,376
6.84,-1.24,-1.24,0.04,0.04,0.04,466,411,422,325,376
9.50,-2.46,-2.46,-0.13,-0.13,-0.13,464,410,422,325,379
5.47,-5.81,-5.81,-0.22,-0.22,-0.22,463,409,422,326,382
4.13,-6.90,-6.90,-0.04,-0.04,-0.04,462,408,422,326,384
3.35,-8.15,-8.15,0.15,0.15,0.15,463,408,422,327,387
-1.94,-8.90,-8.90,0.22,0.22,0.22,464,408,422,327,387
-4.13,-8.41,-8.41,0.26,0.26,0.26,464,408,422,327,386
-5.27,-7.96,-7.96,0.17,0.17,0.17,465,408,422,327,383
-5.25,-8.02,-8.02,-0.01,-0.01,-0.01,463,407,421,327,382
-5.57,-7.65,-7.65,-0.02,-0.02,-0.02,462,406,421,327,382
END
-5.20,-8.00,-8.00,-0.00,-0.00,-0.00,463,409,422,325,375
6.85,-1.59,-1.59,0.02,0.02,0.02,463,409,422,325,376
10.46,-2.95,-2.95,-0.00,-0.00,-0.00,462,409,422,325,378
2.42,-7.13,-7.13,0.11,0.11,0.11,463,409,421,326,381
0.06,-9.09,-9.09,0.17,0.17,0.17,463,409,422,327,382
-4.20,-8.28,-8.28,0.35,0.35,0.35,464,409,422,327,383
-5.99,-7.81,-7.81,0.05,0.05,0.05,465,408,422,327,382
-4.59,-7.83,-7.83,0.07,0.07,0.07,463,407,421,327,383
-3.86,-8.26,-8.26,0.11,0.11,0.11,462,407,421,327,383
-3.82,-8.79,-8.79,0.04,0.04,0.04,462,407,421,327,383
-4.06,-8.51,-8.51,0.03,0.03,0.03,462,407,421,327,383
END
-4.05,-8.56,-8.56,0.04,0.04,0.04,463,408,421,324,380
6.81,-1.71,-1.71,0.03,0.03,0.03,463,408,422,325,380
7.97,-3.83,-3.83,0.05,0.05,0.05,461,408,421,325,383
3.55,-7.97,-7.97,-0.04,-0.04,-0.04,462,408,420,326,383
0.41,-8.57,-8.57,0.05,0.05,0.05,462,408,421,326,383
-0.37,-8.81,-8.81,0.08,0.08,0.08,461,407,421,326,383
-2.63,-8.61,-8.61,0.21,0.21,0.21,461,407,421,326,383
-2.73,-8.93,-8.93,0.36,0.36,0.36,461,407,421,326,382
-5.97,-7.87,-7.87,0.08,0.08,0.08,461,406,421,326,379
-4.88,-7.71,-7.71,0.07,0.07,0.07,458,405,420,326,379
-5.62,-8.08,-8.08,0.10,0.10,0.10,456,403,420,326,379
END
-4.95,-7.85,-7.85,0.01,0.01,0.01,459,405,420,324,378
3.87,-5.13,-5.13,-0.05,-0.05,-0.05,461,406,420,326,379
2.42,-6.75,-6.75,0.06,0.06,0.06,460,406,420,326,380
1.05,-8.19,-8.19,0.13,0.13,0.13,460,406,420,327,381
-0.47,-8.48,-8.48,0.18,0.18,0.18,459,406,420,326,381
-2.84,-8.69,-8.69,0.17,0.17,0.17,460,405,420,327,382
-3.58,-8.21,-8.21,0.14,0.14,0.14,459,405,420,327,382
-5.84,-7.57,-7.57,0.11,0.11,0.11,459,405,420,327,381
-4.75,-7.53,-7.53,0.10,0.10,0.10,459,405,420,327,380
-4.89,-7.86,-7.86,-0.00,-0.00,-0.00,458,404,420,327,379
-5.18,-7.62,-7.62,0.03,0.03,0.03,457,403,420,327,379
END