2.35,-7.09,-7.09,0.03,0.03,0.03,329,306,300,350,329
8.57,-3.50,-3.50,0.57,0.57,0.57,330,306,300,350,332
-3.26,-13.49,-13.49,0.82,0.82,0.82,330,306,300,350,330
0.23,-8.73,-8.73,-0.81,-0.81,-0.81,330,306,300,349,329
7.26,-1.65,-1.65,-0.21,-0.21,-0.21,329,306,300,350,333
0.68,-8.66,-8.66,1.12,1.12,1.12,329,308,301,350,332
-4.82,-11.91,-11.91,-0.49,-0.49,-0.49,329,308,302,350,330
3.69,-3.98,-3.98,-1.08,-1.08,-1.08,329,307,301,350,333
4.49,-3.03,-3.03,0.68,0.68,0.68,328,307,301,350,336
-0.95,-9.78,-9.78,0.78,0.78,0.78,329,307,301,350,333
-1.50,-9.30,-9.30,-0.74,-0.74,-0.74,329,307,301,350,332
END
5.99,-2.14,-2.14,-0.44,-0.44,-0.44,328,308,302,351,333
3.43,-3.93,-3.93,0.91,0.91,0.91,328,307,302,351,334
-4.11,-13.05,-13.05,0.55,0.55,0.55,329,308,302,351,332
1.56,-5.98,-5.98,-0.92,-0.92,-0.92,328,307,302,350,332
5.28,-2.58,-2.58,0.34,0.34,0.34,328,307,302,351,334
-2.38,-9.60,-9.60,0.76,0.76,0.76,328,308,302,351,332
-1.67,-8.77,-8.77,-0.77,-0.77,-0.77,328,308,302,351,331
5.61,-2.14,-2.14,-0.45,-0.45,-0.45,328,307,302,350,333
2.19,-6.11,-6.11,1.18,1.18,1.18,328,307,302,351,333
-4.35,-12.17,-12.17,0.04,0.04,0.04,328,308,302,351,331
2.56,-6.11,-6.11,-0.90,-0.90,-0.90,328,308,302,350,332
END
5.02,-2.43,-2.43,0.36,0.36,0.36,327,308,302,351,333
1.08,-6.98,-6.98,0.04,0.04,0.04,327,308,302,351,333
-0.60,-8.23,-8.23,-0.30,-0.30,-0.30,328,308,302,351,332
8.88,-2.04,-2.04,-0.25,-0.25,-0.25,329,308,302,350,336
0.55,-7.98,-7.98,1.40,1.40,1.40,327,308,302,351,334
-5.77,-11.72,-11.72,-0.20,-0.20,-0.20,328,308,302,350,331
3.68,-5.49,-5.49,-1.19,-1.19,-1.19,331,307,301,350,332
6.58,-3.44,-3.44,1.06,1.06,1.06,329,307,302,351,338
-0.63,-10.32,-10.32,0.78,0.78,0.78,328,308,303,351,332
-2.15,-9.45,-9.45,-0.63,-0.63,-0.63,328,308,304,351,331
7.24,-2.73,-2.73,-0.61,-0.61,-0.61,328,307,303,351,335
END
3.56,-6.34,-6.34,0.59,0.59,0.59,328,307,302,350,332
1.72,-7.13,-7.13,0.04,0.04,0.04,328,307,302,351,332
-0.17,-8.20,-8.20,-0.36,-0.36,-0.36,327,307,302,350,332
9.15,-3.27,-3.27,-0.34,-0.34,-0.34,328,307,302,350,335
-0.15,-8.64,-8.64,1.25,1.25,1.25,328,306,300,349,333
-5.26,-12.15,-12.15,-0.15,-0.15,-0.15,328,306,300,349,331
3.14,-5.53,-5.53,-1.20,-1.20,-1.20,328,306,300,348,332
6.59,-2.25,-2.25,0.75,0.75,0.75,328,306,299,349,336
-0.03,-9.20,-9.20,0.94,0.94,0.94,327,306,300,349,333
-2.51,-9.89,-9.89,-0.40,-0.40,-0.40,327,306,300,349,331
3.37,-5.71,-5.71,-0.96,-0.96,-0.96,327,306,301,349,333
END
5.97,-3.53,-3.53,0.41,0.41,0.41,327,306,301,349,333
3.08,-5.53,-5.53,0.28,0.28,0.28,327,306,301,349,333
-3.21,-11.28,-11.28,0.94,0.94,0.94,327,307,302,349,332
0.51,-7.29,-7.29,-1.15,-1.15,-1.15,327,307,301,349,331
9.07,1.08,1.08,-0.07,-0.07,-0.07,327,307,301,349,339
0.38,-8.05,-8.05,1.34,1.34,1.34,327,307,301,349,334
-5.06,-10.98,-10.98,-0.54,-0.54,-0.54,327,307,302,350,331
6.81,-2.68,-2.68,-1.11,-1.11,-1.11,327,307,302,349,334
5.16,-4.10,-4.10,1.24,1.24,1.24,327,307,302,349,337
-4.23,-12.09,-12.09,0.31,0.31,0.31,327,307,302,349,332
1.11,-7.19,-7.19,-0.88,-0.88,-0.88,327,307,302,349,332
END
7.06,-1.77,-1.77,0.08,0.08,0.08,327,307,302,349,332
3.27,-6.30,-6.30,0.26,0.26,0.26,327,307,302,350,333
-1.41,-10.03,-10.03,1.03,1.03,1.03,327,307,302,350,332
0.46,-7.70,-7.70,-1.23,-1.23,-1.23,327,307,302,349,331
10.03,-0.52,-0.52,0.26,0.26,0.26,327,307,302,350,337
-1.97,-12.32,-12.32,1.07,1.07,1.07,327,308,302,350,332
0.34,-8.33,-8.33,-0.79,-0.79,-0.79,327,307,302,349,331
8.32,-1.91,-1.91,-0.04,-0.04,-0.04,327,307,302,350,335
-0.49,-9.49,-9.49,1.13,1.13,1.13,327,307,302,350,332
-3.29,-9.66,-9.66,-0.65,-0.65,-0.65,327,307,302,350,331
6.70,-2.55,-2.55,-0.75,-0.75,-0.75,327,307,301,349,334
END
4.77,-5.13,-5.13,1.10,1.10,1.10,328,306,300,348,332
2.66,-6.81,-6.81,0.07,0.07,0.07,328,306,300,348,331
0.84,-6.29,-6.29,0.87,0.87,0.87,327,306,300,348,332
-3.22,-10.44,-10.44,-0.80,-0.80,-0.80,327,306,300,348,329
8.17,-2.51,-2.51,-0.66,-0.66,-0.66,328,306,300,348,336
1.90,-7.80,-7.80,1.32,1.32,1.32,328,306,301,349,334
-6.22,-11.33,-11.33,-0.44,-0.44,-0.44,327,306,301,349,331
5.53,-3.88,-3.88,-0.75,-0.75,-0.75,328,306,300,349,333
3.17,-6.28,-6.28,1.06,1.06,1.06,327,306,300,349,335
-4.54,-12.75,-12.75,0.08,0.08,0.08,328,306,301,349,332
2.97,-6.06,-6.06,-0.91,-0.91,-0.91,328,306,301,349,333
END
5.31,-3.32,-3.32,0.74,0.74,0.74,327,306,301,349,333
2.23,-6.95,-6.95,0.05,0.05,0.05,327,306,301,349,333
2.18,-5.02,-5.02,0.77,0.77,0.77,327,306,301,349,333
-3.86,-10.16,-10.16,-0.52,-0.52,-0.52,327,306,301,349,330
5.76,-3.79,-3.79,-0.82,-0.82,-0.82,327,306,300,348,333
4.41,-4.37,-4.37,1.13,1.13,1.13,327,306,301,349,335
-8.05,-13.52,-13.52,-0.16,-0.16,-0.16,327,306,301,349,330
4.66,-4.62,-4.62,-0.90,-0.90,-0.90,327,306,301,349,332
4.57,-5.51,-5.51,0.84,0.84,0.84,327,306,300,349,333
-3.28,-10.88,-10.88,0.28,0.28,0.28,327,306,301,349,331
3.40,-5.79,-5.79,-1.00,-1.00,-1.00,327,306,301,349,331
END
6.37,-2.54,-2.54,0.69,0.69,0.69,327,306,301,349,333
2.43,-6.81,-6.81,0.02,0.02,0.02,327,306,301,349,333
4.09,-4.67,-4.67,0.56,0.56,0.56,327,306,301,349,333
-7.79,-14.24,-14.24,0.01,0.01,0.01,327,306,302,349,330
4.16,-4.36,-4.36,-0.99,-0.99,-0.99,327,306,301,349,332
5.31,-3.85,-3.85,1.01,1.01,1.01,327,306,301,349,335
-7.31,-13.99,-13.99,-0.05,-0.05,-0.05,327,306,302,349,330
3.48,-5.32,-5.32,-0.97,-0.97,-0.97,327,306,301,349,332
6.30,-2.68,-2.68,0.83,0.83,0.83,327,306,301,349,335
-4.25,-13.12,-13.12,0.28,0.28,0.28,327,306,301,349,331
2.73,-6.39,-6.39,-0.78,-0.78,-0.78,327,307,301,349,332
END
6.31,-3.61,-3.61,0.60,0.60,0.60,327,307,301,349,332
1.59,-7.22,-7.22,0.08,0.08,0.08,327,307,300,348,332
-1.83,-9.62,-9.62,-0.16,-0.16,-0.16,326,306,300,348,330
10.04,-2.32,-2.32,-0.63,-0.63,-0.63,327,306,300,348,334
3.99,-3.88,-3.88,1.52,1.52,1.52,326,306,301,348,337
-8.70,-13.47,-13.47,-0.24,-0.24,-0.24,327,307,302,348,331
4.26,-4.23,-4.23,-1.31,-1.31,-1.31,327,307,301,348,332
7.11,-0.80,-0.80,1.31,1.31,1.31,326,307,301,349,339
-2.79,-13.11,-13.11,0.72,0.72,0.72,327,306,301,349,332
1.94,-5.99,-5.99,-1.28,-1.28,-1.28,327,307,302,348,331
10.51,1.15,1.15,0.54,0.54,0.54,327,307,301,349,341
END
-1.20,-10.31,-10.31,0.89,0.89,0.89,327,307,301,348,333
1.64,-7.05,-7.05,-0.03,-0.03,-0.03,327,307,301,348,333
4.97,-4.16,-4.16,0.52,0.52,0.52,327,307,301,348,333
-7.11,-14.45,-14.45,-0.09,-0.09,-0.09,328,307,301,348,330
8.55,-1.27,-1.27,-1.27,-1.27,-1.27,328,306,301,348,334
6.50,-2.07,-2.07,1.23,1.23,1.23,327,306,300,348,337
-8.15,-14.39,-14.39,0.39,0.39,0.39,328,307,301,348,331
4.21,-5.33,-5.33,-1.37,-1.37,-1.37,328,307,301,348,332
6.96,-0.23,-0.23,0.96,0.96,0.96,327,307,301,348,336
-3.37,-14.02,-14.02,0.92,0.92,0.92,328,307,301,348,331
-0.84,-7.99,-7.99,-1.12,-1.12,-1.12,328,307,301,349,329
END
10.37,0.23,0.23,-0.07,-0.07,-0.07,327,308,301,348,331
2.46,-6.42,-6.42,0.04,0.04,0.04,327,307,301,348,331
4.46,-4.75,-4.75,0.45,0.45,0.45,327,307,301,348,332
-7.75,-13.54,-13.54,0.41,0.41,0.41,327,307,302,349,329
1.67,-5.84,-5.84,-1.30,-1.30,-1.30,327,307,301,349,330
8.38,-0.20,-0.20,0.83,0.83,0.83,327,307,302,349,338
-3.57,-14.19,-14.19,0.87,0.87,0.87,327,307,302,349,330
1.03,-8.18,-8.18,-1.26,-1.26,-1.26,327,307,301,349,329
9.12,1.11,1.11,0.42,0.42,0.42,327,307,302,348,338
-3.74,-10.83,-10.83,0.97,0.97,0.97,327,307,302,349,330
-1.39,-8.21,-8.21,-1.03,-1.03,-1.03,327,307,302,348,329
END
11.73,-0.24,-0.24,-0.02,-0.02,-0.02,327,307,301,348,331
2.88,-6.42,-6.42,0.10,0.10,0.10,327,307,301,348,331
3.14,-5.25,-5.25,1.03,1.03,1.03,327,307,301,348,331
-8.88,-13.94,-13.94,-0.69,-0.69,-0.69,327,307,302,349,327
8.92,-0.67,-0.67,-1.08,-1.08,-1.08,327,307,302,348,334
2.87,-6.96,-6.96,1.46,1.46,1.46,327,307,302,348,333
-5.74,-11.47,-11.47,-0.49,-0.49,-0.49,327,307,302,349,328
6.75,-3.09,-3.09,-0.92,-0.92,-0.92,327,307,301,348,331
4.74,-3.73,-3.73,1.35,1.35,1.35,327,307,301,348,333
-8.39,-13.59,-13.59,-0.10,-0.10,-0.10,327,307,302,349,328
5.58,-4.89,-4.89,-0.93,-0.93,-0.93,327,307,301,348,330
END
5.71,-2.84,-2.84,0.94,0.94,0.94,327,307,301,348,329
6.71,-3.87,-3.87,-0.38,-0.38,-0.38,327,307,301,348,332
4.13,-4.47,-4.47,1.42,1.42,1.42,327,307,301,348,333
-6.45,-11.89,-11.89,-0.54,-0.54,-0.54,328,307,302,348,328
10.40,0.11,0.11,-0.92,-0.92,-0.92,327,307,302,349,336
0.96,-7.56,-7.56,1.30,1.30,1.30,327,307,301,348,333
-2.68,-10.21,-10.21,-0.65,-0.65,-0.65,327,308,302,349,328
10.14,0.09,0.09,-0.36,-0.36,-0.36,327,307,302,349,335
0.96,-8.19,-8.19,1.28,1.28,1.28,327,308,302,348,331
-1.77,-9.68,-9.68,-0.77,-0.77,-0.77,327,308,302,349,329
8.58,-0.76,-0.76,-0.22,-0.22,-0.22,327,308,302,349,334
END
1.42,-7.75,-7.75,1.27,1.27,1.27,327,307,301,348,331
1.96,-6.37,-6.37,0.05,0.05,0.05,327,307,301,348,331
6.22,-3.50,-3.50,0.62,0.62,0.62,327,307,301,348,331
-8.33,-16.15,-16.15,0.24,0.24,0.24,327,307,301,348,328
1.04,-6.98,-6.98,-1.06,-1.06,-1.06,327,307,301,348,329
8.53,-0.74,-0.74,0.48,0.48,0.48,327,307,301,348,334
-2.00,-9.50,-9.50,0.87,0.87,0.87,327,307,301,348,330
-1.73,-9.20,-9.20,-0.79,-0.79,-0.79,327,308,301,348,327
7.95,-1.55,-1.55,-0.42,-0.42,-0.42,327,307,302,348,333
2.25,-6.81,-6.81,1.13,1.13,1.13,327,308,302,348,332
-6.79,-13.47,-13.47,-0.26,-0.26,-0.26,328,308,302,349,329
END
3.92,-5.45,-5.45,-0.97,-0.97,-0.97,327,308,302,348,331
1.97,-7.73,-7.73,-0.32,-0.32,-0.32,327,308,302,348,331
10.91,-0.24,-0.24,-0.53,-0.53,-0.53,327,308,302,349,335
3.27,-8.07,-8.07,1.59,1.59,1.59,327,307,302,349,334
-7.31,-11.14,-11.14,-0.39,-0.39,-0.39,328,309,302,349,329
9.24,-0.73,-0.73,-1.15,-1.15,-1.15,327,308,302,349,335
6.04,-2.77,-2.77,1.43,1.43,1.43,327,308,302,349,336
-8.76,-15.74,-15.74,-0.07,-0.07,-0.07,327,308,302,349,329
4.60,-4.34,-4.34,-1.16,-1.16,-1.16,327,308,302,348,331
7.27,-2.10,-2.10,0.94,0.94,0.94,327,307,302,348,335
-6.16,-12.02,-12.02,0.62,0.62,0.62,327,308,302,349,330
END
2.42,-6.81,-6.81,-1.28,-1.28,-1.28,327,308,302,348,331
3.50,-5.17,-5.17,-0.41,-0.41,-0.41,327,308,302,348,331
6.81,-2.07,-2.07,1.10,1.10,1.10,327,308,302,349,336
-7.13,-14.40,-14.40,0.17,0.17,0.17,327,308,302,349,330
6.26,-4.82,-4.82,-1.26,-1.26,-1.26,327,308,302,348,331
5.74,-2.24,-2.24,1.05,1.05,1.05,327,308,302,349,336
-6.63,-12.20,-12.20,0.17,0.17,0.17,327,308,302,349,330
3.63,-5.71,-5.71,-1.01,-1.01,-1.01,327,308,302,348,332
7.59,-1.28,-1.28,0.87,0.87,0.87,327,308,301,348,336
-4.13,-13.39,-13.39,0.62,0.62,0.62,328,308,302,349,330
2.66,-7.57,-7.57,-1.04,-1.04,-1.04,327,308,302,348,330
END
9.91,0.26,0.26,0.19,0.19,0.19,327,307,301,348,335
1.97,-8.21,-8.21,1.22,1.22,1.22,327,307,301,348,333
-1.70,-10.42,-10.42,-0.61,-0.61,-0.61,327,307,301,348,330
7.42,-2.05,-2.05,-0.70,-0.70,-0.70,327,307,301,348,334
4.35,-6.07,-6.07,1.18,1.18,1.18,327,308,301,348,335
-6.26,-12.57,-12.57,-0.24,-0.24,-0.24,327,308,302,349,330
5.49,-4.89,-4.89,-0.91,-0.91,-0.91,327,308,301,348,332
5.40,-3.19,-3.19,1.01,1.01,1.01,327,308,301,348,337
-4.99,-13.05,-13.05,0.06,0.06,0.06,327,308,302,348,331
4.27,-3.83,-3.83,-1.05,-1.05,-1.05,327,308,301,348,333
5.68,-2.12,-2.12,0.91,0.91,0.91,327,307,301,348,336
END
-4.90,-11.82,-11.82,0.38,0.38,0.38,327,305,295,343,326
1.47,-8.97,-8.97,-0.83,-0.83,-0.83,327,305,295,342,326
8.67,-1.49,-1.49,-0.16,-0.16,-0.16,328,305,295,342,329
0.90,-9.30,-9.30,1.05,1.05,1.05,328,305,295,342,328
-0.89,-9.73,-9.73,-0.70,-0.70,-0.70,327,305,295,342,326
9.20,-2.11,-2.11,-0.39,-0.39,-0.39,328,305,295,342,330
2.28,-7.91,-7.91,1.20,1.20,1.20,328,305,295,342,329
-1.97,-10.52,-10.52,-0.65,-0.65,-0.65,327,305,296,342,327
7.82,-2.39,-2.39,-0.64,-0.64,-0.64,328,305,296,342,330
3.69,-7.37,-7.37,1.03,1.03,1.03,328,305,295,342,329
-5.38,-12.39,-12.39,-0.31,-0.31,-0.31,327,305,296,343,327
END
2.50,-5.28,-5.28,1.05,1.05,1.05,325,304,299,348,329
2.75,-7.75,-7.75,1.11,1.11,1.11,325,304,299,348,328
-8.49,-12.05,-12.05,-0.33,-0.33,-0.33,325,304,300,349,325
5.94,-4.32,-4.32,-0.96,-0.96,-0.96,325,304,300,349,327
5.63,-3.64,-3.64,1.02,1.02,1.02,325,304,299,349,330
-7.67,-13.11,-13.11,0.42,0.42,0.42,325,304,299,349,325
1.74,-7.20,-7.20,-1.11,-1.11,-1.11,325,304,299,348,325
8.76,-1.04,-1.04,0.36,0.36,0.36,326,304,299,349,331
-0.95,-8.92,-8.92,1.21,1.21,1.21,325,304,299,349,327
-2.53,-10.49,-10.49,-0.85,-0.85,-0.85,325,304,299,349,325
9.48,-2.35,-2.35,-0.54,-0.54,-0.54,326,304,299,348,330
END
2.96,-6.48,-6.48,1.30,1.30,1.30,326,305,300,349,329
-0.89,-11.11,-11.11,0.98,0.98,0.98,325,304,300,349,326
-2.33,-10.08,-10.08,-0.71,-0.71,-0.71,325,304,300,349,324
9.02,-1.84,-1.84,-0.50,-0.50,-0.50,326,304,299,349,328
2.12,-7.34,-7.34,1.24,1.24,1.24,326,303,300,349,327
-8.07,-14.68,-14.68,-0.13,-0.13,-0.13,325,304,300,349,325
2.90,-5.20,-5.20,-1.04,-1.04,-1.04,325,304,300,349,326
5.15,-3.85,-3.85,0.90,0.90,0.90,325,305,300,349,329
-2.48,-13.04,-13.04,0.77,0.77,0.77,325,304,300,349,325
1.26,-7.81,-7.81,-1.12,-1.12,-1.12,325,305,299,348,325
8.68,-1.39,-1.39,-0.10,-0.10,-0.10,325,304,299,348,329
END
1.99,-7.24,-7.24,1.10,1.10,1.10,325,303,295,344,321
-0.41,-10.32,-10.32,0.75,0.75,0.75,324,303,294,343,320
-0.98,-9.93,-9.93,-0.61,-0.61,-0.61,324,303,294,343,320
8.05,-4.37,-4.37,-0.38,-0.38,-0.38,325,303,294,343,321
3.64,-7.02,-7.02,0.94,0.94,0.94,324,303,294,343,321
-5.28,-14.67,-14.67,-0.00,-0.00,-0.00,324,303,295,343,320
2.94,-6.57,-6.57,-0.89,-0.89,-0.89,324,302,295,343,321
6.68,-3.51,-3.51,0.43,0.43,0.43,325,303,294,343,323
1.06,-10.40,-10.40,0.79,0.79,0.79,324,303,295,343,321
-1.25,-10.39,-10.39,-0.74,-0.74,-0.74,324,303,295,343,320
6.71,-4.36,-4.36,-0.47,-0.47,-0.47,324,302,294,343,322
END
4.92,-5.27,-5.27,1.10,1.10,1.10,325,302,296,344,324
-4.39,-14.01,-14.01,0.48,0.48,0.48,324,302,296,344,322
0.84,-7.94,-7.94,-0.85,-0.85,-0.85,324,302,296,344,322
8.68,-2.22,-2.22,0.27,0.27,0.27,325,302,296,344,325
-1.81,-10.00,-10.00,1.05,1.05,1.05,324,303,296,344,323
-0.23,-9.47,-9.47,-0.87,-0.87,-0.87,324,303,296,344,322
8.67,-1.86,-1.86,-0.41,-0.41,-0.41,325,302,296,344,325
3.04,-7.24,-7.24,1.24,1.24,1.24,325,302,296,345,324
-5.15,-13.04,-13.04,-0.33,-0.33,-0.33,324,302,296,345,322
4.96,-5.96,-5.96,-0.95,-0.95,-0.95,325,303,296,344,323
6.08,-3.01,-3.01,0.85,0.85,0.85,325,303,296,344,325
END
-3.11,-13.08,-13.08,0.49,0.49,0.49,324,302,297,345,326
-5.16,-13.13,-13.13,0.54,0.54,0.54,324,303,298,345,324
2.41,-6.98,-6.98,-1.02,-1.02,-1.02,324,303,297,345,324
7.34,-1.97,-1.97,0.18,0.18,0.18,325,303,298,345,327
0.02,-8.35,-8.35,1.15,1.15,1.15,325,303,298,345,325
-3.35,-9.99,-9.99,-0.70,-0.70,-0.70,324,303,297,345,323
8.40,-2.59,-2.59,-0.44,-0.44,-0.44,325,303,297,345,326
2.83,-5.97,-5.97,1.28,1.28,1.28,325,303,297,345,326
-4.31,-11.67,-11.67,-0.45,-0.45,-0.45,324,303,297,345,324
6.18,-3.96,-3.96,-0.77,-0.77,-0.77,324,300,297,345,324
4.21,-4.62,-4.62,1.06,1.06,1.06,324,303,297,345,326
END
-7.34,-12.91,-12.91,0.01,0.01,0.01,324,303,298,345,324
1.69,-6.63,-6.63,-1.12,-1.12,-1.12,324,303,297,345,324
8.67,-1.92,-1.92,0.19,0.19,0.19,324,303,297,345,326
-1.57,-11.38,-11.38,1.10,1.10,1.10,324,303,298,346,324
0.81,-8.48,-8.48,-0.95,-0.95,-0.95,324,303,298,346,324
7.91,-1.41,-1.41,-0.20,-0.20,-0.20,325,303,298,345,326
1.90,-7.29,-7.29,1.24,1.24,1.24,325,302,298,345,325
-3.52,-11.51,-11.51,-0.52,-0.52,-0.52,324,303,298,346,323
6.47,-3.32,-3.32,-0.74,-0.74,-0.74,325,303,297,345,326
4.82,-4.87,-4.87,0.94,0.94,0.94,325,291,298,345,326
-8.48,-14.85,-14.85,0.28,0.28,0.28,324,303,298,345,324
END
4.09,-7.25,-7.25,-1.07,-1.07,-1.07,325,303,298,346,324
5.11,-3.12,-3.12,0.72,0.72,0.72,325,303,298,345,327
-5.53,-14.32,-14.32,0.45,0.45,0.45,325,303,298,345,324
0.86,-7.89,-7.89,-0.74,-0.74,-0.74,324,303,298,345,324
7.44,-2.87,-2.87,0.09,0.09,0.09,325,303,298,345,325
0.90,-10.29,-10.29,1.14,1.14,1.14,324,303,298,345,324
-1.77,-11.26,-11.26,-0.79,-0.79,-0.79,324,303,298,346,323
6.86,-2.00,-2.00,-0.79,-0.79,-0.79,325,303,298,345,325
3.34,-5.78,-5.78,1.11,1.11,1.11,325,303,298,345,326
-7.92,-13.42,-13.42,-0.04,-0.04,-0.04,325,303,298,345,324
3.69,-5.67,-5.67,-1.24,-1.24,-1.24,325,303,297,344,325
END
6.68,-1.11,-1.11,0.37,0.37,0.37,325,303,297,344,327
6.21,-2.67,-2.67,0.73,0.73,0.73,325,303,298,344,331
-2.81,-14.10,-14.10,0.46,0.46,0.46,325,303,298,344,328
-0.17,-9.14,-9.14,-0.76,-0.76,-0.76,325,303,297,345,327
10.67,-1.36,-1.36,0.18,0.18,0.18,326,303,298,345,331
-0.30,-11.10,-11.10,1.06,1.06,1.06,325,303,298,345,329
1.69,-8.44,-8.44,-1.01,-1.01,-1.01,325,303,297,345,327
8.30,-0.78,-0.78,-0.07,-0.07,-0.07,325,304,298,345,331
-0.02,-10.81,-10.81,1.06,1.06,1.06,325,303,298,344,328
0.45,-10.00,-10.00,-0.56,-0.56,-0.56,325,303,297,344,327
8.01,-2.29,-2.29,-0.40,-0.40,-0.40,326,303,297,344,329
END
3.25,-8.02,-8.02,1.23,1.23,1.23,326,303,297,344,330
-6.60,-14.70,-14.70,-0.04,-0.04,-0.04,326,303,297,344,327
3.45,-7.34,-7.34,-1.07,-1.07,-1.07,326,302,297,345,328
8.62,-2.82,-2.82,0.39,0.39,0.39,326,303,297,345,330
-3.35,-12.85,-12.85,0.84,0.84,0.84,326,303,298,345,329
0.68,-8.77,-8.77,-0.87,-0.87,-0.87,326,303,297,345,328
8.44,-1.28,-1.28,-0.22,-0.22,-0.22,326,303,297,345,330
0.98,-11.77,-11.77,0.99,0.99,0.99,326,303,297,345,328
-2.52,-10.75,-10.75,-0.64,-0.64,-0.64,325,303,298,345,328
8.82,-3.06,-3.06,-0.50,-0.50,-0.50,326,303,298,345,329
3.76,-7.40,-7.40,1.21,1.21,1.21,326,303,297,345,329
END
-4.25,-12.18,-12.18,-0.33,-0.33,-0.33,326,304,298,345,327
8.23,-4.54,-4.54,-0.75,-0.75,-0.75,326,304,297,345,329
5.23,-5.74,-5.74,1.35,1.35,1.35,326,302,297,345,330
-6.13,-13.74,-13.74,-0.08,-0.08,-0.08,326,304,298,345,328
4.23,-6.07,-6.07,-1.33,-1.33,-1.33,326,303,297,344,328
6.57,-2.21,-2.21,0.38,0.38,0.38,326,303,297,344,330
-5.68,-11.90,-11.90,0.30,0.30,0.30,326,303,297,344,329
1.34,-5.08,-5.08,-0.83,-0.83,-0.83,326,301,297,344,330
7.08,-0.34,-0.34,0.50,0.50,0.50,326,303,297,344,332
-1.89,-10.35,-10.35,0.71,0.71,0.71,326,300,297,344,330
-1.25,-7.95,-7.95,-0.64,-0.64,-0.64,326,303,297,344,328
END
7.00,-1.27,-1.27,-0.33,-0.33,-0.33,326,303,298,345,329
4.95,-4.26,-4.26,1.22,1.22,1.22,326,304,298,345,330
-6.17,-12.97,-12.97,-0.26,-0.26,-0.26,326,304,298,345,328
4.77,-4.77,-4.77,-0.99,-0.99,-0.99,326,304,297,345,328
5.18,-2.59,-2.59,1.27,1.27,1.27,326,304,298,345,331
-6.04,-13.42,-13.42,-0.06,-0.06,-0.06,326,304,298,345,327
3.45,-5.10,-5.10,-1.07,-1.07,-1.07,326,304,297,345,328
5.97,-1.68,-1.68,0.89,0.89,0.89,326,304,298,345,330
-4.86,-12.90,-12.90,0.53,0.53,0.53,326,303,297,345,326
2.18,-7.45,-7.45,-0.98,-0.98,-0.98,326,303,297,344,326
6.83,-1.06,-1.06,0.48,0.48,0.48,326,303,297,344,329
END
-3.82,-13.41,-13.41,0.82,0.82,0.82,326,304,297,344,328
3.52,-6.70,-6.70,-1.05,-1.05,-1.05,327,304,297,344,328
6.24,-0.38,-0.38,0.38,0.38,0.38,326,304,297,344,331
-3.26,-13.16,-13.16,0.62,0.62,0.62,326,304,297,344,329
1.60,-6.74,-6.74,-0.99,-0.99,-0.99,327,304,297,344,329
6.23,-1.06,-1.06,0.67,0.67,0.67,327,304,297,344,332
-3.47,-12.43,-12.43,0.68,0.68,0.68,327,304,297,344,328
3.12,-7.14,-7.14,-0.95,-0.95,-0.95,327,304,297,344,328
5.31,-1.82,-1.82,0.48,0.48,0.48,327,304,297,344,331
-3.13,-11.62,-11.62,0.61,0.61,0.61,326,304,297,344,329
2.35,-7.94,-7.94,-0.91,-0.91,-0.91,326,304,297,344,328
END
6.05,-1.65,-1.65,0.70,0.70,0.70,326,304,298,345,332
-1.09,-9.24,-9.24,1.02,1.02,1.02,325,304,297,345,329
-2.73,-10.75,-10.75,-0.59,-0.59,-0.59,325,304,298,345,329
7.21,-2.04,-2.04,-0.71,-0.71,-0.71,326,304,298,345,331
1.38,-8.31,-8.31,1.32,1.32,1.32,326,304,298,345,330
-1.69,-10.33,-10.33,-0.63,-0.63,-0.63,326,304,298,345,329
9.41,-1.50,-1.50,-0.60,-0.60,-0.60,326,304,297,345,332
2.86,-7.63,-7.63,1.43,1.43,1.43,326,304,298,345,330
-4.64,-11.84,-11.84,-0.52,-0.52,-0.52,326,304,298,345,328
7.83,-1.90,-1.90,-1.23,-1.23,-1.23,326,304,298,344,331
4.07,-6.73,-6.73,1.61,1.61,1.61,326,304,298,345,331
END
-7.24,-13.26,-13.26,-0.29,-0.29,-0.29,326,304,298,345,327
2.73,-8.64,-8.64,-1.03,-1.03,-1.03,326,304,298,345,327
7.87,-1.55,-1.55,-0.03,-0.03,-0.03,327,304,298,345,331
0.57,-10.68,-10.68,1.20,1.20,1.20,326,304,298,345,329
-0.82,-10.57,-10.57,-0.51,-0.51,-0.51,326,304,299,345,327
7.06,-3.38,-3.38,-0.88,-0.88,-0.88,326,304,298,345,330
4.19,-6.36,-6.36,1.33,1.33,1.33,326,304,298,345,331
-4.18,-13.09,-13.09,-0.21,-0.21,-0.21,326,304,299,345,328
6.09,-5.45,-5.45,-1.03,-1.03,-1.03,326,304,299,346,329
6.14,-4.20,-4.20,1.00,1.00,1.00,327,303,299,345,331
-4.38,-14.74,-14.74,0.39,0.39,0.39,326,304,299,345,328
END
3.81,-7.21,-7.21,-1.05,-1.05,-1.05,326,304,297,344,327
6.31,-1.82,-1.82,-0.28,-0.28,-0.28,326,303,296,343,328
1.97,-10.63,-10.63,1.38,1.38,1.38,326,303,296,343,327
0.47,-10.29,-10.29,-0.74,-0.74,-0.74,326,302,296,343,326
7.85,-2.96,-2.96,-0.57,-0.57,-0.57,326,303,296,343,329
3.83,-6.96,-6.96,1.19,1.19,1.19,327,303,296,343,328
-5.62,-14.55,-14.55,-0.24,-0.24,-0.24,326,303,296,344,327
5.76,-5.85,-5.85,-1.23,-1.23,-1.23,326,303,296,343,328
6.37,-3.04,-3.04,1.01,1.01,1.01,327,300,296,343,330
-3.09,-13.60,-13.60,0.53,0.53,0.53,326,303,297,344,327
1.97,-8.56,-8.56,-1.02,-1.02,-1.02,326,303,297,344,327
END
6.30,-1.29,-1.29,-0.04,-0.04,-0.04,325,304,297,343,330
4.69,-6.68,-6.68,1.45,1.45,1.45,326,304,297,344,329
-3.73,-14.01,-14.01,-0.07,-0.07,-0.07,326,304,297,343,327
5.02,-5.70,-5.70,-1.28,-1.28,-1.28,326,304,297,343,328
6.39,-4.08,-4.08,0.95,0.95,0.95,326,304,297,343,331
-1.93,-13.52,-13.52,0.77,0.77,0.77,326,303,297,344,328
3.10,-8.61,-8.61,-1.07,-1.07,-1.07,326,303,297,344,328
7.32,-1.46,-1.46,0.22,0.22,0.22,327,304,297,344,332
0.47,-11.73,-11.73,1.03,1.03,1.03,326,303,297,344,329
0.67,-9.91,-9.91,-0.77,-0.77,-0.77,326,303,297,344,328
7.16,-1.13,-1.13,-0.70,-0.70,-0.70,327,303,297,344,331
END
3.57,-9.76,-9.76,1.48,1.48,1.48,327,304,297,344,330
-2.49,-12.30,-12.30,-0.40,-0.40,-0.40,326,304,298,344,328
6.39,-4.15,-4.15,-0.97,-0.97,-0.97,327,304,297,344,330
4.85,-5.30,-5.30,1.15,1.15,1.15,327,304,298,344,330
-4.11,-14.72,-14.72,0.30,0.30,0.30,327,304,298,345,328
4.07,-7.26,-7.26,-1.12,-1.12,-1.12,327,304,297,344,328
5.81,-3.98,-3.98,0.79,0.79,0.79,327,303,298,344,330
-1.11,-14.04,-14.04,0.70,0.70,0.70,327,304,298,344,329
2.54,-9.25,-9.25,-1.06,-1.06,-1.06,327,304,297,344,328
6.97,-2.12,-2.12,0.23,0.23,0.23,327,304,298,344,331
0.22,-9.40,-9.40,1.11,1.11,1.11,327,304,297,344,330
END
-1.25,-11.63,-11.63,-0.95,-0.95,-0.95,327,304,297,345,329
8.54,0.60,0.60,-0.68,-0.68,-0.68,327,304,297,344,333
3.26,-8.30,-8.30,1.41,1.41,1.41,327,304,297,344,331
-4.59,-12.73,-12.73,-0.43,-0.43,-0.43,327,304,298,345,329
8.00,-3.12,-3.12,-1.28,-1.28,-1.28,328,304,297,344,330
5.14,-5.34,-5.34,1.41,1.41,1.41,327,304,297,344,331
-6.44,-13.71,-13.71,-0.43,-0.43,-0.43,327,304,298,344,328
9.09,-1.56,-1.56,-1.11,-1.11,-1.11,327,304,297,344,331
5.24,-5.05,-5.05,1.52,1.52,1.52,327,304,297,344,331
-5.93,-13.19,-13.19,-0.21,-0.21,-0.21,327,304,298,344,328
7.34,-3.25,-3.25,-1.21,-1.21,-1.21,327,304,297,344,330
END
5.84,-4.25,-4.25,1.33,1.33,1.33,327,304,298,344,331
-4.64,-13.70,-13.70,0.49,0.49,0.49,326,304,298,344,328
4.28,-6.69,-6.69,-1.06,-1.06,-1.06,327,304,298,344,328
6.59,-2.37,-2.37,0.54,0.54,0.54,327,304,297,344,331
-1.76,-12.56,-12.56,0.74,0.74,0.74,327,304,298,344,329
1.90,-8.47,-8.47,-0.96,-0.96,-0.96,327,304,298,344,329
7.49,-1.06,-1.06,-0.14,-0.14,-0.14,327,304,297,344,332
1.14,-10.37,-10.37,1.24,1.24,1.24,328,304,298,344,330
1.05,-8.97,-8.97,-0.85,-0.85,-0.85,327,304,297,344,330
8.55,-0.47,-0.47,-0.41,-0.41,-0.41,327,304,297,344,333
1.90,-9.14,-9.14,1.44,1.44,1.44,327,304,297,344,331
