0.08,-8.97,-8.97,0.04,0.04,0.04,339,307,295,337,316
1.85,-8.80,-8.80,0.02,0.02,0.02,338,307,295,338,316
0.65,-9.25,-9.25,0.01,0.01,0.01,338,306,295,338,316
-4.77,-8.70,-8.70,-0.19,-0.19,-0.19,338,307,295,338,316
-18.60,-14.92,-14.92,0.01,0.01,0.01,338,307,295,338,316
-5.67,-10.41,-10.41,0.31,0.31,0.31,340,307,296,338,317
12.57,-2.97,-2.97,0.39,0.39,0.39,342,307,296,338,319
5.80,-4.63,-4.63,0.04,0.04,0.04,340,306,296,338,317
-10.19,-13.06,-13.06,-0.11,-0.11,-0.11,338,306,295,338,317
10.50,-4.85,-4.85,0.16,0.16,0.16,339,308,296,338,317
-5.01,-9.17,-9.17,-0.15,-0.15,-0.15,349,310,295,338,316
END
-1.44,-10.27,-10.27,0.15,0.15,0.15,344,298,296,338,316
1.38,-8.94,-8.94,0.03,0.03,0.03,344,297,295,338,316
-2.09,-10.49,-10.49,-0.09,-0.09,-0.09,344,309,295,338,316
16.28,-3.01,-3.01,-0.24,-0.24,-0.24,345,309,295,338,317
-13.85,-13.91,-13.91,-0.14,-0.14,-0.14,338,307,295,338,316
13.01,-4.13,-4.13,-0.01,-0.01,-0.01,336,307,295,338,317
-10.21,-13.28,-13.28,-0.02,-0.02,-0.02,336,307,295,338,316
13.11,-4.17,-4.17,0.14,0.14,0.14,337,307,295,338,317
-7.09,-10.07,-10.07,-0.19,-0.19,-0.19,336,307,296,338,316
6.54,-5.27,-5.27,0.44,0.44,0.44,335,307,295,338,318
-0.06,-7.73,-7.73,-0.23,-0.23,-0.23,336,307,295,338,316
END
1.59,-8.53,-8.53,0.50,0.50,0.50,335,307,296,338,317
1.67,-8.92,-8.92,0.04,0.04,0.04,335,307,296,338,317
5.58,-6.73,-6.73,0.28,0.28,0.28,335,307,296,338,317
5.02,-5.88,-5.88,-0.29,-0.29,-0.29,336,307,296,338,317
0.46,-8.06,-8.06,0.62,0.62,0.62,336,307,296,338,317
7.00,-7.01,-7.01,-0.10,-0.10,-0.10,336,307,296,338,317
-7.66,-11.07,-11.07,0.02,0.02,0.02,338,307,296,338,317
13.65,-3.96,-3.96,0.05,0.05,0.05,336,307,296,339,318
-8.15,-11.92,-11.92,-0.09,-0.09,-0.09,336,307,296,338,317
13.83,-4.59,-4.59,-0.06,-0.06,-0.06,333,307,296,338,318
-9.73,-11.79,-11.79,-0.14,-0.14,-0.14,333,306,295,338,316
END
13.26,-4.41,-4.41,-0.11,-0.11,-0.11,333,307,296,338,318
2.37,-8.49,-8.49,0.03,0.03,0.03,333,306,296,339,318
6.29,-6.40,-6.40,0.34,0.34,0.34,333,307,297,339,318
1.00,-6.50,-6.50,-0.33,-0.33,-0.33,333,307,296,338,317
2.01,-7.87,-7.87,0.60,0.60,0.60,333,307,297,339,318
1.85,-7.26,-7.26,-0.15,-0.15,-0.15,334,307,296,338,317
-1.41,-10.65,-10.65,0.23,0.23,0.23,334,304,297,339,317
10.44,-4.03,-4.03,0.01,0.01,0.01,333,307,297,338,318
-7.57,-11.98,-11.98,0.08,0.08,0.08,334,307,297,339,317
14.26,-3.45,-3.45,-0.22,-0.22,-0.22,335,307,297,339,318
-13.42,-14.34,-14.34,-0.19,-0.19,-0.19,333,307,296,338,317
END
16.70,-3.96,-3.96,-0.04,-0.04,-0.04,333,304,296,338,317
4.53,-7.92,-7.92,0.06,0.06,0.06,333,306,296,338,318
-10.56,-13.06,-13.06,-0.26,-0.26,-0.26,334,307,296,339,317
12.76,-1.77,-1.77,0.00,0.00,0.00,334,307,297,339,318
-9.77,-13.59,-13.59,-0.23,-0.23,-0.23,334,307,296,338,317
14.59,-2.53,-2.53,0.09,0.09,0.09,334,307,297,339,318
-8.42,-11.56,-11.56,-0.12,-0.12,-0.12,333,307,297,339,316
5.69,-5.33,-5.33,0.43,0.43,0.43,333,305,297,339,317
5.24,-4.65,-4.65,-0.19,-0.19,-0.19,335,307,298,340,317
-4.48,-12.38,-12.38,0.40,0.40,0.40,336,307,299,340,316
11.41,-3.57,-3.57,0.02,0.02,0.02,334,306,298,339,317
END
-12.65,-14.94,-14.94,-0.08,-0.08,-0.08,335,306,298,339,317
3.22,-8.42,-8.42,0.04,0.04,0.04,335,306,298,339,317
-5.14,-12.08,-12.08,-0.20,-0.20,-0.20,336,306,298,339,317
16.70,-1.49,-1.49,-0.15,-0.15,-0.15,337,306,299,339,318
-14.29,-14.97,-14.97,-0.15,-0.15,-0.15,338,306,298,339,317
14.60,-1.99,-1.99,0.18,0.18,0.18,335,306,298,339,317
-11.56,-12.84,-12.84,-0.31,-0.31,-0.31,336,306,298,339,316
13.61,-0.27,-0.27,0.41,0.41,0.41,336,306,298,339,317
-4.85,-11.64,-11.64,-0.23,-0.23,-0.23,337,306,298,339,316
5.38,-2.72,-2.72,0.95,0.95,0.95,336,307,298,339,317
2.93,-6.45,-6.45,-0.56,-0.56,-0.56,338,307,298,339,316
END
1.72,-8.59,-8.59,0.91,0.91,0.91,336,307,298,339,317
7.08,-6.30,-6.30,0.26,0.26,0.26,336,307,298,339,317
-7.47,-11.08,-11.08,-0.40,-0.40,-0.40,338,307,298,339,316
8.38,-2.29,-2.29,0.77,0.77,0.77,338,307,299,339,317
0.08,-6.88,-6.88,-0.45,-0.45,-0.45,340,308,299,340,316
5.13,-5.62,-5.62,0.70,0.70,0.70,338,308,299,340,317
2.20,-6.04,-6.04,-0.34,-0.34,-0.34,342,310,299,339,316
-2.48,-9.50,-9.50,0.60,0.60,0.60,343,311,301,340,316
8.98,-6.06,-6.06,-0.35,-0.35,-0.35,341,310,300,340,316
-3.07,-11.21,-11.21,0.70,0.70,0.70,341,310,301,340,316
10.85,-2.90,-2.90,-0.42,-0.42,-0.42,338,310,300,340,317
END
-4.00,-12.81,-12.81,0.58,0.58,0.58,338,309,300,340,316
2.43,-8.40,-8.40,0.03,0.03,0.03,338,308,300,340,317
-5.43,-12.96,-12.96,-0.25,-0.25,-0.25,339,309,300,340,316
14.48,-0.85,-0.85,-0.33,-0.33,-0.33,339,310,300,340,317
-15.16,-15.71,-15.71,-0.07,-0.07,-0.07,342,310,299,340,316
13.65,-0.85,-0.85,0.49,0.49,0.49,340,310,299,340,317
-2.15,-7.92,-7.92,-0.19,-0.19,-0.19,341,311,298,339,316
6.12,-4.19,-4.19,1.03,1.03,1.03,341,310,299,340,317
2.68,-6.67,-6.67,-0.53,-0.53,-0.53,342,310,299,340,316
-0.29,-9.62,-9.62,0.65,0.65,0.65,341,310,300,340,316
10.62,-3.54,-3.54,-0.41,-0.41,-0.41,340,309,299,340,316
END
-2.40,-11.86,-11.86,0.84,0.84,0.84,340,309,300,340,317
2.61,-8.48,-8.48,0.03,0.03,0.03,340,309,299,340,317
6.83,-7.07,-7.07,0.32,0.32,0.32,341,309,300,340,317
15.19,0.16,0.16,-0.23,-0.23,-0.23,344,309,300,340,317
-8.69,-14.18,-14.18,0.13,0.13,0.13,345,310,300,340,316
13.22,-2.51,-2.51,-0.32,-0.32,-0.32,342,309,300,340,317
-14.71,-15.06,-15.06,-0.12,-0.12,-0.12,344,309,300,340,316
16.78,-2.22,-2.22,0.28,0.28,0.28,341,309,300,340,318
-11.86,-13.47,-13.47,-0.20,-0.20,-0.20,342,309,300,340,317
12.36,-1.59,-1.59,0.43,0.43,0.43,339,309,300,341,319
-6.73,-10.28,-10.28,-0.20,-0.20,-0.20,343,310,301,341,317
END
12.02,-0.45,-0.45,0.56,0.56,0.56,340,309,300,340,317
3.24,-8.41,-8.41,0.05,0.05,0.05,340,309,300,340,317
-12.76,-13.04,-13.04,-0.53,-0.53,-0.53,341,309,300,340,317
9.20,-1.39,-1.39,0.73,0.73,0.73,339,309,300,341,318
0.14,-6.67,-6.67,-0.39,-0.39,-0.39,341,309,300,340,317
6.14,-2.89,-2.89,0.94,0.94,0.94,338,309,299,340,318
0.39,-7.07,-7.07,-0.32,-0.32,-0.32,341,309,300,340,317
7.23,-3.91,-3.91,0.77,0.77,0.77,338,308,300,340,317
0.77,-6.00,-6.00,-0.43,-0.43,-0.43,340,309,299,340,316
0.96,-10.13,-10.13,0.68,0.68,0.68,340,309,300,340,317
12.38,-1.26,-1.26,-0.14,-0.14,-0.14,341,309,300,340,318
END
-6.65,-15.53,-15.53,0.02,0.02,0.02,338,309,300,340,318
3.01,-8.28,-8.28,0.04,0.04,0.04,338,309,300,340,318
-14.52,-14.25,-14.25,-0.67,-0.67,-0.67,341,309,300,340,317
6.64,-2.16,-2.16,0.88,0.88,0.88,339,309,300,341,318
1.71,-5.59,-5.59,-0.30,-0.30,-0.30,341,309,299,340,317
0.98,-8.84,-8.84,0.51,0.51,0.51,341,309,300,341,317
9.73,-3.64,-3.64,-0.19,-0.19,-0.19,340,309,300,340,317
-4.25,-12.77,-12.77,0.18,0.18,0.18,343,309,300,341,317
12.62,-2.57,-2.57,-0.14,-0.14,-0.14,340,307,300,340,318
-7.26,-15.29,-15.29,0.26,0.26,0.26,343,309,300,341,317
12.58,-2.86,-2.86,-0.48,-0.48,-0.48,340,309,300,340,318
END
-5.71,-14.54,-14.54,0.21,0.21,0.21,338,308,300,340,317
5.14,-7.06,-7.06,0.13,0.13,0.13,338,308,300,340,317
-6.47,-11.52,-11.52,-0.54,-0.54,-0.54,340,308,300,340,317
8.44,-1.68,-1.68,0.59,0.59,0.59,338,307,300,341,318
-1.44,-8.31,-8.31,-0.42,-0.42,-0.42,341,308,300,340,316
4.98,-5.91,-5.91,0.89,0.89,0.89,340,308,300,341,317
3.60,-7.03,-7.03,-0.40,-0.40,-0.40,340,308,300,340,317
4.26,-6.63,-6.63,0.80,0.80,0.80,339,308,300,341,317
4.09,-5.51,-5.51,-0.50,-0.50,-0.50,340,308,300,340,317
-1.19,-9.68,-9.68,0.71,0.71,0.71,338,308,300,341,317
4.77,-7.29,-7.29,-0.55,-0.55,-0.55,339,308,300,341,317
END
0.77,-9.27,-9.27,0.64,0.64,0.64,338,308,300,340,317
2.82,-8.27,-8.27,0.03,0.03,0.03,338,307,300,341,317
-4.53,-12.33,-12.33,-0.19,-0.19,-0.19,339,308,300,341,317
14.21,-1.68,-1.68,0.19,0.19,0.19,339,307,300,341,318
-9.04,-13.32,-13.32,-0.25,-0.25,-0.25,341,308,300,341,316
11.03,-2.28,-2.28,0.47,0.47,0.47,338,308,300,341,318
-3.21,-10.75,-10.75,-0.29,-0.29,-0.29,341,308,300,341,317
8.33,-2.31,-2.31,0.76,0.76,0.76,337,308,300,341,318
-2.55,-9.67,-9.67,-0.48,-0.48,-0.48,340,308,300,340,315
7.18,-3.74,-3.74,0.81,0.81,0.81,339,308,300,340,317
2.50,-7.06,-7.06,-0.47,-0.47,-0.47,340,308,299,340,317
END
0.09,-8.48,-8.48,0.70,0.70,0.70,338,308,300,340,317
2.90,-8.23,-8.23,0.03,0.03,0.03,338,308,300,340,317
-5.93,-12.84,-12.84,-0.32,-0.32,-0.32,340,308,300,341,316
12.76,-1.28,-1.28,0.32,0.32,0.32,340,308,300,340,318
-8.06,-12.15,-12.15,-0.29,-0.29,-0.29,342,308,300,340,316
9.59,-1.31,-1.31,0.47,0.47,0.47,340,308,300,340,318
-2.35,-9.55,-9.55,-0.37,-0.37,-0.37,341,308,300,340,316
3.83,-6.74,-6.74,0.69,0.69,0.69,340,307,300,340,317
4.26,-5.43,-5.43,-0.48,-0.48,-0.48,340,308,300,340,317
-2.53,-12.05,-12.05,0.66,0.66,0.66,342,307,301,341,317
9.16,-3.96,-3.96,-0.47,-0.47,-0.47,341,308,299,339,317
END
-7.95,-15.24,-15.24,0.15,0.15,0.15,339,307,299,339,317
4.18,-7.90,-7.90,0.05,0.05,0.05,339,307,299,339,317
-9.21,-11.67,-11.67,-0.33,-0.33,-0.33,341,307,299,339,317
10.73,-1.41,-1.41,0.64,0.64,0.64,341,306,299,339,318
-1.95,-9.30,-9.30,-0.46,-0.46,-0.46,342,309,299,339,316
5.38,-4.80,-4.80,0.93,0.93,0.93,340,308,299,339,317
2.38,-6.40,-6.40,-0.59,-0.59,-0.59,340,308,298,338,316
1.49,-8.45,-8.45,0.76,0.76,0.76,339,308,298,339,316
8.53,-5.33,-5.33,-0.32,-0.32,-0.32,339,308,298,338,317
-4.12,-13.13,-13.13,0.25,0.25,0.25,339,308,299,339,317
12.56,-3.46,-3.46,-0.09,-0.09,-0.09,338,308,299,339,317
END
-12.48,-15.33,-15.33,0.00,0.00,0.00,338,308,299,339,317
2.79,-8.41,-8.41,0.03,0.03,0.03,338,308,299,339,317
8.64,-4.90,-4.90,0.45,0.45,0.45,338,308,299,339,317
-3.08,-10.21,-10.21,-0.23,-0.23,-0.23,339,308,299,339,316
4.39,-7.01,-7.01,0.78,0.78,0.78,339,308,299,339,317
5.69,-5.06,-5.06,-0.50,-0.50,-0.50,339,308,299,339,317
-7.19,-14.33,-14.33,0.16,0.16,0.16,340,308,299,339,316
14.15,-0.92,-0.92,-0.01,-0.01,-0.01,338,308,299,339,317
-6.55,-12.03,-12.03,-0.33,-0.33,-0.33,339,308,299,339,316
7.68,-2.30,-2.30,0.65,0.65,0.65,338,308,299,339,317
-0.17,-8.78,-8.78,-0.48,-0.48,-0.48,339,308,298,339,316
END
0.29,-8.41,-8.41,0.19,0.19,0.19,337,308,299,339,317
4.26,-7.33,-7.33,0.05,0.05,0.05,337,308,299,339,317
-8.57,-14.02,-14.02,-0.35,-0.35,-0.35,339,308,299,339,316
14.61,-0.56,-0.56,0.30,0.30,0.30,338,308,299,339,317
-7.59,-12.02,-12.02,-0.33,-0.33,-0.33,341,308,299,339,316
9.53,-1.15,-1.15,0.57,0.57,0.57,338,308,299,339,318
-4.19,-10.29,-10.29,-0.38,-0.38,-0.38,340,308,299,339,316
9.00,-1.34,-1.34,0.61,0.61,0.61,337,308,299,339,317
-4.41,-10.82,-10.82,-0.43,-0.43,-0.43,340,308,299,339,316
6.25,-2.84,-2.84,0.72,0.72,0.72,338,308,299,339,318
2.37,-6.68,-6.68,-0.41,-0.41,-0.41,339,308,299,339,317
END
0.59,-10.11,-10.11,0.17,0.17,0.17,338,304,299,339,316
2.46,-8.52,-8.52,0.04,0.04,0.04,338,305,298,339,317
-5.68,-13.24,-13.24,-0.05,-0.05,-0.05,341,308,299,339,316
14.01,-1.16,-1.16,-0.36,-0.36,-0.36,340,308,299,339,318
-12.49,-18.68,-18.68,-0.13,-0.13,-0.13,344,309,298,339,316
14.01,-0.47,-0.47,-0.11,-0.11,-0.11,340,308,299,339,318
-11.21,-16.60,-16.60,-0.30,-0.30,-0.30,343,309,298,339,316
12.72,-0.55,-0.55,0.24,0.24,0.24,340,308,299,339,318
-6.60,-13.33,-13.33,-0.28,-0.28,-0.28,342,308,299,339,316
11.65,-0.60,-0.60,0.59,0.59,0.59,339,308,299,339,318
0.27,-7.98,-7.98,-0.47,-0.47,-0.47,341,308,299,339,317
END
2.14,-7.69,-7.69,0.91,0.91,0.91,339,308,299,339,317
4.41,-7.62,-7.62,0.06,0.06,0.06,338,308,299,339,317
-10.27,-14.46,-14.46,-0.60,-0.60,-0.60,342,308,299,339,317
15.32,-0.70,-0.70,0.24,0.24,0.24,341,308,299,339,318
-6.95,-11.78,-11.78,-0.37,-0.37,-0.37,343,309,299,339,316
6.63,-4.01,-4.01,0.81,0.81,0.81,339,308,299,339,317
3.94,-5.05,-5.05,-0.47,-0.47,-0.47,340,308,299,339,317
-4.04,-13.75,-13.75,0.55,0.55,0.55,344,309,299,339,317
15.52,-2.25,-2.25,-0.26,-0.26,-0.26,341,309,299,339,318
-13.94,-14.89,-14.89,-0.26,-0.26,-0.26,343,309,299,339,316
8.89,-2.19,-2.19,0.51,0.51,0.51,340,309,299,339,318
END
3.10,-8.89,-8.89,0.05,0.05,0.05,339,306,296,337,314
2.71,-8.94,-8.94,0.05,0.05,0.05,339,306,296,337,314
-8.47,-11.61,-11.61,-0.19,-0.19,-0.19,337,306,296,337,314
-16.58,-14.77,-14.77,0.03,0.03,0.03,340,306,296,337,314
4.43,-8.97,-8.97,0.48,0.48,0.48,340,306,296,337,315
18.82,-2.73,-2.73,-0.15,-0.15,-0.15,342,306,296,337,315
-3.11,-7.95,-7.95,-0.20,-0.20,-0.20,337,306,296,337,315
-8.23,-12.50,-12.50,0.19,0.19,0.19,341,306,296,337,315
14.69,-2.38,-2.38,0.26,0.26,0.26,343,306,297,338,317
9.53,-5.25,-5.25,0.20,0.20,0.20,342,307,296,338,316
4.80,-8.05,-8.05,0.23,0.23,0.23,339,306,296,338,316
END
3.17,-9.11,-9.11,-0.03,-0.03,-0.03,338,306,296,337,315
2.47,-9.02,-9.02,0.03,0.03,0.03,338,306,296,337,315
1.36,-8.96,-8.96,0.09,0.09,0.09,337,306,296,337,315
17.80,-3.29,-3.29,-0.28,-0.28,-0.28,342,306,296,337,316
-12.32,-11.13,-11.13,-0.11,-0.11,-0.11,339,306,296,337,315
-2.84,-10.23,-10.23,0.34,0.34,0.34,331,307,297,337,316
16.40,-2.93,-2.93,0.12,0.12,0.12,337,306,296,337,316
-6.04,-10.66,-10.66,-0.32,-0.32,-0.32,334,306,296,337,315
0.45,-9.13,-9.13,0.50,0.50,0.50,333,306,296,337,315
16.76,-3.33,-3.33,-0.12,-0.12,-0.12,329,307,297,338,316
-10.69,-11.53,-11.53,-0.08,-0.08,-0.08,328,307,297,339,315
END
0.45,-9.58,-9.58,0.45,0.45,0.45,332,306,298,339,316
3.32,-8.57,-8.57,0.05,0.05,0.05,332,306,298,339,315
-11.43,-12.31,-12.31,-0.09,-0.09,-0.09,333,306,298,339,315
6.83,-4.01,-4.01,0.62,0.62,0.62,335,306,298,339,316
5.77,-4.32,-4.32,-0.25,-0.25,-0.25,338,306,298,338,315
-10.23,-12.61,-12.61,0.25,0.25,0.25,336,306,298,339,315
16.52,-2.96,-2.96,-0.12,-0.12,-0.12,339,307,298,339,316
-9.03,-10.57,-10.57,-0.26,-0.26,-0.26,338,306,298,342,315
0.91,-9.99,-9.99,0.66,0.66,0.66,338,307,298,342,316
16.72,-2.91,-2.91,-0.75,-0.75,-0.75,340,307,298,341,316
-17.75,-14.87,-14.87,0.27,0.27,0.27,341,307,300,343,315
END
12.45,-2.07,-2.07,0.54,0.54,0.54,336,307,300,341,316
4.63,-8.06,-8.06,0.03,0.03,0.03,336,307,300,341,316
-10.34,-13.87,-13.87,-0.23,-0.23,-0.23,336,307,299,341,315
15.03,-1.34,-1.34,0.53,0.53,0.53,335,307,298,341,316
-4.20,-8.01,-8.01,-0.33,-0.33,-0.33,332,307,298,340,315
-2.88,-10.37,-10.37,0.70,0.70,0.70,330,308,299,340,316
19.47,-0.63,-0.63,-0.37,-0.37,-0.37,335,307,299,341,318
-17.36,-14.50,-14.50,-0.10,-0.10,-0.10,345,311,301,341,315
8.10,-3.90,-3.90,0.78,0.78,0.78,329,306,299,340,317
5.00,-4.94,-4.94,-0.44,-0.44,-0.44,329,305,297,339,316
-9.68,-12.45,-12.45,0.18,0.18,0.18,331,306,298,339,316
END
15.98,-1.55,-1.55,0.07,0.07,0.07,334,307,299,340,316
3.09,-8.38,-8.38,0.05,0.05,0.05,334,307,299,340,316
-9.04,-12.66,-12.66,-0.15,-0.15,-0.15,334,307,299,340,316
10.34,-2.16,-2.16,0.72,0.72,0.72,335,306,299,340,317
9.11,-3.08,-3.08,-0.44,-0.44,-0.44,336,308,300,340,317
-11.44,-13.71,-13.71,0.35,0.35,0.35,336,308,299,340,316
19.46,0.57,0.57,0.02,0.02,0.02,339,307,299,340,318
-7.11,-9.82,-9.82,-0.41,-0.41,-0.41,336,308,299,340,316
-1.84,-12.03,-12.03,0.60,0.60,0.60,337,308,300,340,317
18.80,-0.50,-0.50,-0.17,-0.17,-0.17,342,308,300,342,320
-11.83,-11.23,-11.23,-0.32,-0.32,-0.32,338,308,299,342,317
END
7.12,-5.39,-5.39,1.23,1.23,1.23,336,307,300,341,318
3.35,-8.49,-8.49,0.03,0.03,0.03,335,307,300,341,318
-7.23,-14.09,-14.09,-0.05,-0.05,-0.05,336,308,300,341,317
12.07,-2.61,-2.61,0.93,0.93,0.93,338,307,299,341,317
12.94,1.61,1.61,0.11,0.11,0.11,337,292,298,340,317
-15.51,-14.67,-14.67,-0.25,-0.25,-0.25,335,307,298,340,316
10.68,-2.97,-2.97,0.58,0.58,0.58,337,307,299,340,318
0.06,-6.78,-6.78,-0.43,-0.43,-0.43,335,307,298,340,316
-6.12,-13.46,-13.46,-0.05,-0.05,-0.05,338,308,300,340,316
19.34,-1.81,-1.81,0.03,0.03,0.03,337,308,301,341,318
-7.16,-9.81,-9.81,-0.24,-0.24,-0.24,333,308,299,340,316
END
-0.45,-9.70,-9.70,0.45,0.45,0.45,335,307,299,340,317
3.19,-8.72,-8.72,0.03,0.03,0.03,335,307,299,340,318
-10.59,-14.46,-14.46,-0.22,-0.22,-0.22,340,307,299,340,317
7.52,-5.51,-5.51,1.05,1.05,1.05,334,311,299,339,317
9.33,-3.51,-3.51,-0.44,-0.44,-0.44,336,309,298,338,316
-5.02,-14.29,-14.29,0.17,0.17,0.17,339,309,298,339,316
18.35,-1.14,-1.14,0.27,0.27,0.27,341,308,299,339,319
-3.57,-9.22,-9.22,-0.38,-0.38,-0.38,337,308,298,339,317
-1.56,-11.87,-11.87,0.49,0.49,0.49,339,309,299,339,318
17.41,-2.16,-2.16,-0.16,-0.16,-0.16,342,309,299,339,318
-13.80,-15.43,-15.43,-0.32,-0.32,-0.32,336,308,298,339,316
END
3.93,-7.59,-7.59,0.53,0.53,0.53,335,308,299,339,317
5.61,-7.90,-7.90,0.03,0.03,0.03,335,307,298,339,317
-6.25,-10.31,-10.31,-0.28,-0.28,-0.28,334,307,298,339,316
0.73,-9.69,-9.69,0.86,0.86,0.86,333,306,297,338,316
16.04,-2.76,-2.76,-0.22,-0.22,-0.22,335,306,297,338,316
-14.51,-15.23,-15.23,-0.31,-0.31,-0.31,333,306,297,339,315
4.77,-6.76,-6.76,0.73,0.73,0.73,331,306,297,339,317
14.90,-1.69,-1.69,-0.11,-0.11,-0.11,334,306,298,339,317
-12.40,-14.71,-14.71,0.08,0.08,0.08,333,306,298,339,316
6.37,-5.01,-5.01,0.59,0.59,0.59,334,304,298,339,317
6.39,-5.64,-5.64,-0.36,-0.36,-0.36,334,306,299,339,317
END
-6.67,-13.68,-13.68,0.27,0.27,0.27,333,306,299,339,317
5.61,-7.10,-7.10,0.08,0.08,0.08,333,306,299,339,317
-8.31,-10.91,-10.91,-0.31,-0.31,-0.31,333,306,299,339,316
3.43,-8.88,-8.88,0.64,0.64,0.64,334,305,299,339,317
18.85,-2.88,-2.88,0.04,0.04,0.04,335,302,298,338,317
-13.06,-13.67,-13.67,-0.43,-0.43,-0.43,332,307,298,338,315
1.74,-7.60,-7.60,0.92,0.92,0.92,334,307,298,338,317
12.17,-3.50,-3.50,-0.25,-0.25,-0.25,335,307,298,338,317
-12.82,-15.81,-15.81,0.04,0.04,0.04,333,307,298,338,316
6.20,-5.03,-5.03,0.49,0.49,0.49,333,305,298,338,317
10.65,-3.57,-3.57,-0.03,-0.03,-0.03,335,306,298,338,317
END
-12.43,-14.94,-14.94,-0.20,-0.20,-0.20,335,306,298,339,317
3.72,-8.33,-8.33,-0.03,-0.03,-0.03,335,304,298,338,317
-8.95,-13.47,-13.47,-0.19,-0.19,-0.19,335,306,298,339,316
15.18,-1.49,-1.49,0.28,0.28,0.28,336,306,298,339,318
0.77,-7.30,-7.30,-0.36,-0.36,-0.36,334,306,297,339,317
-9.06,-13.52,-13.52,0.03,0.03,0.03,335,307,300,339,316
13.88,-1.59,-1.59,0.19,0.19,0.19,335,307,300,339,317
-4.61,-10.89,-10.89,-0.40,-0.40,-0.40,333,306,299,339,316
-1.03,-10.90,-10.90,0.19,0.19,0.19,334,306,299,339,315
17.01,-1.80,-1.80,-0.00,-0.00,-0.00,336,307,299,339,315
-7.57,-11.72,-11.72,-0.34,-0.34,-0.34,333,306,298,339,315
END
1.67,-9.12,-9.12,0.59,0.59,0.59,333,306,299,339,317
5.72,-7.38,-7.38,0.15,0.15,0.15,333,306,299,339,317
-2.33,-8.52,-8.52,-0.51,-0.51,-0.51,332,306,298,339,316
-5.38,-13.33,-13.33,0.23,0.23,0.23,333,306,299,339,317
15.76,-1.27,-1.27,0.30,0.30,0.30,335,307,298,339,317
-1.61,-8.02,-8.02,-0.36,-0.36,-0.36,332,306,300,340,316
-6.01,-13.19,-13.19,0.02,0.02,0.02,334,306,301,339,316
15.63,-1.72,-1.72,0.21,0.21,0.21,335,306,300,340,318
-4.14,-8.03,-8.03,-0.16,-0.16,-0.16,333,306,300,339,317
-2.86,-11.74,-11.74,0.31,0.31,0.31,334,307,301,340,317
17.70,-2.41,-2.41,-0.10,-0.10,-0.10,336,307,301,343,319
END
-11.74,-12.89,-12.89,-0.40,-0.40,-0.40,332,306,301,340,317
4.40,-8.17,-8.17,0.05,0.05,0.05,332,306,300,340,317
-8.73,-13.33,-13.33,-0.32,-0.32,-0.32,335,306,301,340,317
5.42,-5.75,-5.75,0.70,0.70,0.70,338,307,300,340,317
9.19,-2.39,-2.39,-0.11,-0.11,-0.11,339,306,300,340,318
-12.92,-15.35,-15.35,-0.13,-0.13,-0.13,339,307,300,340,317
7.68,-4.00,-4.00,0.63,0.63,0.63,337,306,301,339,318
4.14,-6.62,-6.62,-0.42,-0.42,-0.42,337,306,301,339,317
-9.66,-13.51,-13.51,0.17,0.17,0.17,337,307,300,339,316
16.12,-1.11,-1.11,0.11,0.11,0.11,339,307,300,339,318
-10.27,-11.81,-11.81,-0.30,-0.30,-0.30,334,307,300,339,316
END
5.27,-6.10,-6.10,0.99,0.99,0.99,333,306,300,340,317
2.94,-8.59,-8.59,0.03,0.03,0.03,333,306,301,340,317
-4.56,-13.30,-13.30,-0.12,-0.12,-0.12,334,307,300,340,316
12.34,-1.28,-1.28,0.82,0.82,0.82,335,307,300,340,318
-0.19,-7.17,-7.17,-0.53,-0.53,-0.53,334,306,300,339,316
-7.59,-14.40,-14.40,0.07,0.07,0.07,335,307,300,340,317
14.75,-1.69,-1.69,0.33,0.33,0.33,336,307,301,340,318
-6.88,-10.78,-10.78,-0.34,-0.34,-0.34,334,307,300,340,316
-1.96,-11.34,-11.34,0.60,0.60,0.60,334,307,301,340,317
20.88,-1.12,-1.12,0.11,0.11,0.11,338,307,300,340,319
-7.36,-10.66,-10.66,-0.36,-0.36,-0.36,334,306,300,340,317
END
0.40,-9.93,-9.93,0.63,0.63,0.63,334,306,300,339,318
4.11,-8.10,-8.10,0.03,0.03,0.03,333,307,300,339,319
-9.19,-12.33,-12.33,-0.27,-0.27,-0.27,333,305,300,339,317
4.11,-6.48,-6.48,0.96,0.96,0.96,334,307,300,340,318
14.72,-2.79,-2.79,-0.82,-0.82,-0.82,338,307,299,339,318
-12.86,-16.50,-16.50,-0.14,-0.14,-0.14,335,307,299,339,317
11.16,-2.22,-2.22,0.49,0.49,0.49,335,307,300,340,319
-0.42,-5.67,-5.67,-0.48,-0.48,-0.48,334,307,299,339,317
-2.96,-12.64,-12.64,0.74,0.74,0.74,334,307,300,339,317
16.53,-3.10,-3.10,-0.09,-0.09,-0.09,336,307,299,340,318
-12.96,-13.32,-13.32,-0.20,-0.20,-0.20,334,307,299,339,316
END
6.78,-2.86,-2.86,0.90,0.90,0.90,335,246,299,340,318
3.57,-8.42,-8.42,0.04,0.04,0.04,335,244,300,340,318
-10.60,-12.99,-12.99,-0.27,-0.27,-0.27,336,307,299,340,317
13.06,-1.89,-1.89,0.73,0.73,0.73,340,307,299,339,318
3.78,-2.74,-2.74,-0.54,-0.54,-0.54,337,307,298,339,317
-10.01,-16.43,-16.43,-0.14,-0.14,-0.14,339,307,299,339,317
17.49,-0.17,-0.17,0.31,0.31,0.31,340,307,299,340,319
-7.81,-9.93,-9.93,-0.29,-0.29,-0.29,336,307,298,339,316
3.75,-7.66,-7.66,0.78,0.78,0.78,336,307,298,340,318
10.06,-0.62,-0.62,-0.21,-0.21,-0.21,338,307,298,340,318
-14.85,-14.95,-14.95,-0.01,-0.01,-0.01,337,307,298,340,317
END
15.44,0.20,0.20,0.42,0.42,0.42,335,306,299,340,318
6.40,-6.87,-6.87,0.12,0.12,0.12,335,307,298,340,318
-9.48,-12.73,-12.73,-0.34,-0.34,-0.34,336,307,299,340,317
5.42,-7.13,-7.13,0.76,0.76,0.76,335,307,298,340,318
14.55,-0.91,-0.91,-0.07,-0.07,-0.07,337,306,298,340,318
-14.59,-14.13,-14.13,0.02,0.02,0.02,335,307,298,340,316
12.64,-1.97,-1.97,0.67,0.67,0.67,334,306,298,340,318
3.21,-5.99,-5.99,-0.39,-0.39,-0.39,333,306,298,340,317
-5.28,-13.09,-13.09,0.34,0.34,0.34,334,306,298,340,317
18.15,-2.33,-2.33,0.04,0.04,0.04,337,307,298,340,318
-8.51,-11.16,-11.16,-0.25,-0.25,-0.25,334,307,298,340,316
END
2.42,-8.04,-8.04,0.93,0.93,0.93,332,307,299,340,318
-1.35,-12.36,-12.36,0.01,0.01,0.01,332,307,299,340,318
16.86,-1.54,-1.54,0.19,0.19,0.19,335,307,299,340,319
-3.83,-8.09,-8.09,-0.38,-0.38,-0.38,332,307,298,339,316
-2.56,-12.07,-12.07,0.29,0.29,0.29,333,307,299,340,318
17.45,-2.47,-2.47,-0.28,-0.28,-0.28,336,307,299,340,319
-9.91,-11.48,-11.48,-0.25,-0.25,-0.25,333,307,299,340,317
6.24,-6.12,-6.12,0.66,0.66,0.66,335,306,299,340,318
4.80,-4.43,-4.43,-0.34,-0.34,-0.34,335,307,299,340,317
-11.27,-13.80,-13.80,0.22,0.22,0.22,336,307,299,340,317
15.57,-1.15,-1.15,0.21,0.21,0.21,337,307,299,340,319
END
-4.24,-8.71,-8.71,-0.20,-0.20,-0.20,333,307,299,340,318
6.85,-6.75,-6.75,0.19,0.19,0.19,334,307,299,340,319
-7.20,-11.63,-11.63,-0.55,-0.55,-0.55,334,306,299,340,317
-3.99,-12.75,-12.75,0.46,0.46,0.46,336,307,299,340,318
18.78,-0.74,-0.74,-0.12,-0.12,-0.12,339,307,300,340,320
-6.86,-10.23,-10.23,-0.44,-0.44,-0.44,336,307,299,340,317
-0.66,-10.22,-10.22,0.76,0.76,0.76,336,307,300,340,318
19.65,-1.97,-1.97,-0.10,-0.10,-0.10,339,307,299,342,319
-13.82,-13.85,-13.85,-0.32,-0.32,-0.32,336,307,298,340,317
6.40,-3.78,-3.78,0.89,0.89,0.89,335,307,299,340,318
9.02,-3.31,-3.31,-0.33,-0.33,-0.33,334,307,299,340,318
END
-14.72,-14.59,-14.59,0.10,0.10,0.10,333,307,299,340,318
5.48,-7.25,-7.25,0.04,0.04,0.04,334,307,299,340,319
-5.64,-10.60,-10.60,-0.44,-0.44,-0.44,333,307,299,340,317
-2.65,-11.60,-11.60,0.37,0.37,0.37,334,307,299,340,318
18.54,-0.48,-0.48,-0.17,-0.17,-0.17,338,307,299,341,320
-7.25,-10.47,-10.47,-0.29,-0.29,-0.29,334,307,299,340,317
-0.45,-9.58,-9.58,0.63,0.63,0.63,335,307,299,340,318
17.26,-3.17,-3.17,-0.22,-0.22,-0.22,339,307,299,341,320
-9.60,-11.06,-11.06,-0.48,-0.48,-0.48,336,307,299,340,317
0.82,-10.90,-10.90,0.75,0.75,0.75,337,307,299,341,318
18.37,-1.39,-1.39,-0.09,-0.09,-0.09,340,307,300,341,320
END