-3.07,-11.22,-11.22,0.87,0.87,0.87,327,308,311,350,334
4.72,-1.03,-1.03,-0.38,-0.38,-0.38,327,307,311,350,333
-9.48,-13.01,-13.01,-0.04,-0.04,-0.04,329,308,312,350,332
6.75,0.19,0.19,0.29,0.29,0.29,325,307,311,350,334
-12.58,-12.09,-12.09,-0.51,-0.51,-0.51,326,309,317,351,332
7.47,-1.82,-1.82,0.75,0.75,0.75,324,307,311,350,333
-2.79,-6.62,-6.62,-0.90,-0.90,-0.90,322,305,309,350,332
2.62,-6.45,-6.45,0.89,0.89,0.89,322,306,304,350,333
5.32,-2.99,-2.99,-0.32,-0.32,-0.32,322,310,312,350,331
-6.55,-13.37,-13.37,0.47,0.47,0.47,324,312,309,350,331
9.06,1.03,1.03,0.26,0.26,0.26,326,312,313,349,334
END
-7.11,-8.40,-8.40,-0.66,-0.66,-0.66,331,311,315,348,332
-0.95,-4.52,-4.52,-0.66,-0.66,-0.66,335,313,321,350,332
-0.28,-9.68,-9.68,0.75,0.75,0.75,338,315,321,350,333
4.96,-4.24,-4.24,-0.20,-0.20,-0.20,335,315,323,351,333
-5.07,-12.55,-12.55,0.39,0.39,0.39,339,314,323,351,333
6.30,-0.45,-0.45,-0.11,-0.11,-0.11,334,313,319,352,333
-14.54,-14.49,-14.49,-0.23,-0.23,-0.23,341,314,324,352,332
5.92,-3.38,-3.38,-0.42,-0.42,-0.42,335,313,322,352,333
-2.48,-13.03,-13.03,0.95,0.95,0.95,338,313,322,352,333
7.85,0.51,0.51,0.08,0.08,0.08,333,312,320,356,333
-14.66,-16.06,-16.06,-0.42,-0.42,-0.42,341,314,326,359,333
END
9.19,0.15,0.15,0.32,0.32,0.32,335,311,319,355,334
1.62,-4.36,-4.36,-0.57,-0.57,-0.57,335,313,323,355,335
-4.41,-11.66,-11.66,0.59,0.59,0.59,338,312,322,354,337
8.34,1.83,1.83,0.06,0.06,0.06,333,312,319,353,343
-14.21,-13.13,-13.13,-0.56,-0.56,-0.56,340,314,325,354,337
6.06,-2.26,-2.26,0.72,0.72,0.72,333,312,320,353,342
-7.50,-9.59,-9.59,-0.73,-0.73,-0.73,339,315,328,356,338
4.76,-3.53,-3.53,1.05,1.05,1.05,334,311,316,352,343
1.40,-4.18,-4.18,-0.87,-0.87,-0.87,337,315,325,355,340
-0.47,-11.66,-11.66,1.27,1.27,1.27,337,314,322,354,340
10.32,2.67,2.67,0.32,0.32,0.32,336,315,325,356,343
END
-8.36,-11.91,-11.91,-0.58,-0.58,-0.58,335,314,328,362,338
-3.35,-8.25,-8.25,-1.04,-1.04,-1.04,337,315,330,362,336
7.58,4.21,4.21,0.72,0.72,0.72,334,313,323,360,343
-16.91,-13.32,-13.32,-0.79,-0.79,-0.79,341,316,332,361,337
9.02,2.36,2.36,0.51,0.51,0.51,333,312,322,359,342
-13.40,-11.33,-11.33,-0.57,-0.57,-0.57,340,316,330,361,336
5.92,-0.91,-0.91,0.84,0.84,0.84,333,313,321,359,339
-6.66,-8.34,-8.34,-0.72,-0.72,-0.72,336,314,327,359,336
6.14,-1.42,-1.42,1.16,1.16,1.16,333,312,320,358,340
1.54,-2.48,-2.48,-0.94,-0.94,-0.94,335,313,324,359,339
0.44,-10.42,-10.42,1.10,1.10,1.10,336,313,321,358,340
END
6.12,-3.08,-3.08,-0.68,-0.68,-0.68,333,313,325,355,337
2.20,-5.55,-5.55,1.13,1.13,1.13,334,311,321,354,336
2.51,-5.00,-5.00,-0.64,-0.64,-0.64,334,312,325,355,336
2.17,-5.40,-5.40,1.08,1.08,1.08,332,312,322,354,337
1.29,-6.21,-6.21,-0.58,-0.58,-0.58,333,312,324,355,336
1.44,-8.55,-8.55,1.08,1.08,1.08,332,311,319,354,337
2.65,-4.64,-4.64,-0.85,-0.85,-0.85,332,311,322,355,336
-2.42,-9.81,-9.81,0.38,0.38,0.38,334,311,320,353,335
6.40,-0.61,-0.61,-0.29,-0.29,-0.29,332,311,320,353,337
-7.38,-12.36,-12.36,0.29,0.29,0.29,334,311,321,354,336
4.52,-1.05,-1.05,-0.08,-0.08,-0.08,331,311,319,354,338
END
-9.94,-12.50,-12.50,0.09,0.09,0.09,341,313,317,355,335
10.98,3.55,3.55,-0.24,-0.24,-0.24,331,311,312,356,337
-10.98,-13.83,-13.83,0.28,0.28,0.28,342,313,318,357,335
6.75,-1.76,-1.76,-0.57,-0.57,-0.57,333,312,315,357,338
-8.97,-12.15,-12.15,0.38,0.38,0.38,342,313,320,358,338
7.54,-1.37,-1.37,-0.26,-0.26,-0.26,333,312,319,361,342
-6.62,-11.93,-11.93,0.51,0.51,0.51,340,313,321,360,338
3.82,-4.42,-4.42,-0.59,-0.59,-0.59,335,313,322,359,338
0.04,-8.91,-8.91,0.77,0.77,0.77,335,312,319,358,339
2.10,-6.25,-6.25,-0.30,-0.30,-0.30,335,313,321,357,338
3.33,-6.51,-6.51,0.67,0.67,0.67,334,312,318,357,340
END
-6.17,-6.07,-6.07,-0.38,-0.38,-0.38,335,313,319,355,341
-8.29,-15.88,-15.88,0.35,0.35,0.35,341,313,321,355,339
2.24,-1.73,-1.73,-0.38,-0.38,-0.38,336,313,322,356,339
-1.31,-7.76,-7.76,0.53,0.53,0.53,338,315,321,357,341
-0.52,-5.36,-5.36,-0.66,-0.66,-0.66,339,314,323,356,339
6.50,2.91,2.91,0.72,0.72,0.72,335,314,320,356,342
-12.01,-9.26,-9.26,-0.79,-0.79,-0.79,342,314,325,357,339
6.93,1.49,1.49,0.41,0.41,0.41,334,313,319,355,342
-11.49,-10.67,-10.67,-0.21,-0.21,-0.21,339,313,321,355,336
9.18,-1.75,-1.75,0.20,0.20,0.20,334,312,320,355,339
-5.42,-7.08,-7.08,0.49,0.49,0.49,336,312,320,355,335
END
0.17,-5.78,-5.78,-0.40,-0.40,-0.40,334,313,321,360,342
-11.15,-12.25,-12.25,-0.36,-0.36,-0.36,340,314,323,360,337
11.13,2.96,2.96,0.39,0.39,0.39,334,312,320,360,346
-13.05,-11.10,-11.10,-0.38,-0.38,-0.38,340,315,326,362,338
8.08,-0.88,-0.88,0.01,0.01,0.01,334,314,322,361,345
-6.81,-10.30,-10.30,0.46,0.46,0.46,340,313,322,361,341
2.32,0.24,0.24,0.28,0.28,0.28,335,313,321,361,340
-1.87,-8.80,-8.80,1.02,1.02,1.02,338,314,320,360,340
-1.97,-5.61,-5.61,-1.10,-1.10,-1.10,337,314,321,360,339
5.28,-2.15,-2.15,0.97,0.97,0.97,334,312,318,360,342
-8.44,-7.49,-7.49,-0.68,-0.68,-0.68,338,316,329,363,339
END
10.26,1.79,1.79,0.29,0.29,0.29,335,315,329,368,345
-10.28,-6.34,-6.34,-0.62,-0.62,-0.62,340,317,332,369,342
13.66,-2.23,-2.23,0.37,0.37,0.37,335,315,327,368,350
-2.26,-8.03,-8.03,0.52,0.52,0.52,337,316,328,367,344
-0.06,-3.83,-3.83,-0.76,-0.76,-0.76,338,317,332,368,343
5.42,-0.29,-0.29,1.36,1.36,1.36,335,315,326,366,347
-5.93,-9.21,-9.21,-0.97,-0.97,-0.97,338,315,326,365,339
6.79,1.28,1.28,0.62,0.62,0.62,334,314,322,364,342
-10.62,-8.23,-8.23,-1.11,-1.11,-1.11,340,318,330,365,337
7.34,1.50,1.50,0.82,0.82,0.82,334,314,324,364,341
-12.85,-12.01,-12.01,-0.51,-0.51,-0.51,344,316,331,366,339
END
8.03,1.03,1.03,0.44,0.44,0.44,336,315,324,361,337
-1.49,-5.13,-5.13,-0.54,-0.54,-0.54,336,315,326,361,334
7.76,-2.20,-2.20,0.25,0.25,0.25,334,315,323,361,338
-12.10,-7.94,-7.94,-0.54,-0.54,-0.54,337,315,326,361,333
9.02,-0.73,-0.73,0.05,0.05,0.05,334,314,323,360,336
-10.16,-9.32,-9.32,-0.19,-0.19,-0.19,337,316,325,361,334
10.34,-3.98,-3.98,0.54,0.54,0.54,334,314,323,360,338
0.49,-6.49,-6.49,0.80,0.80,0.80,335,314,321,359,336
4.01,0.05,0.05,-0.48,-0.48,-0.48,335,314,324,359,336
1.60,-3.52,-3.52,0.66,0.66,0.66,335,314,320,358,336
1.66,-3.96,-3.96,-0.59,-0.59,-0.59,335,314,321,359,335
END
4.76,-1.34,-1.34,0.54,0.54,0.54,336,314,320,362,340
5.92,0.88,0.88,0.58,0.58,0.58,335,314,322,366,346
-13.29,-12.76,-12.76,-1.05,-1.05,-1.05,341,316,328,366,341
8.26,-2.06,-2.06,0.13,0.13,0.13,336,314,325,365,347
-0.75,-9.20,-9.20,0.76,0.76,0.76,338,316,326,365,343
5.32,0.62,0.62,-0.23,-0.23,-0.23,339,317,330,368,344
-1.41,-10.62,-10.62,0.83,0.83,0.83,340,317,328,366,341
4.97,-0.93,-0.93,-0.53,-0.53,-0.53,339,317,329,368,341
2.89,-4.85,-4.85,0.85,0.85,0.85,340,316,328,366,343
4.36,0.57,0.57,-0.44,-0.44,-0.44,340,318,332,366,342
2.46,-4.37,-4.37,0.62,0.62,0.62,342,320,330,364,341
END
-1.26,-6.19,-6.19,-0.65,-0.65,-0.65,343,321,332,364,341
-10.64,-11.49,-11.49,-0.90,-0.90,-0.90,341,317,331,364,338
10.34,0.93,0.93,0.24,0.24,0.24,337,314,324,364,343
-10.44,-10.35,-10.35,-0.40,-0.40,-0.40,337,312,323,359,337
9.90,0.57,0.57,0.34,0.34,0.34,333,311,318,353,339
-9.40,-7.53,-7.53,-0.75,-0.75,-0.75,335,312,322,354,334
13.57,-4.38,-4.38,0.52,0.52,0.52,334,312,320,352,337
-4.13,-10.56,-10.56,0.74,0.74,0.74,338,313,324,359,333
3.71,-1.28,-1.28,-0.24,-0.24,-0.24,339,317,327,361,333
0.14,-7.17,-7.17,0.52,0.52,0.52,339,316,327,365,334
2.48,-4.02,-4.02,-0.74,-0.74,-0.74,339,316,328,373,335
END
3.34,-3.73,-3.73,0.97,0.97,0.97,347,324,335,366,337
8.97,-1.04,-1.04,0.30,0.30,0.30,343,323,332,366,342
-12.39,-11.65,-11.65,-0.68,-0.68,-0.68,345,322,334,365,338
5.97,0.04,0.04,-0.15,-0.15,-0.15,341,320,331,363,345
-3.82,-12.66,-12.66,1.03,1.03,1.03,340,318,331,361,348
3.98,-1.66,-1.66,-0.33,-0.33,-0.33,338,316,329,360,356
3.53,-7.83,-7.83,1.11,1.11,1.11,338,316,328,360,347
1.69,-1.59,-1.59,-0.66,-0.66,-0.66,338,316,328,360,344
0.97,-8.72,-8.72,1.28,1.28,1.28,339,318,327,360,342
3.02,-1.88,-1.88,-0.96,-0.96,-0.96,339,318,328,361,342
1.37,-5.56,-5.56,1.00,1.00,1.00,340,319,327,360,343
END
2.77,-2.27,-2.27,-0.81,-0.81,-0.81,346,322,334,365,360
3.86,-2.43,-2.43,-0.58,-0.58,-0.58,345,322,335,365,362
2.12,-3.88,-3.88,1.06,1.06,1.06,344,322,334,364,361
2.56,-2.23,-2.23,-1.04,-1.04,-1.04,343,321,333,364,366
3.65,0.14,0.14,0.84,0.84,0.84,341,320,332,364,356
-7.35,-10.55,-10.55,-0.76,-0.76,-0.76,344,321,333,364,343
7.53,2.46,2.46,0.60,0.60,0.60,341,319,327,363,346
-7.57,-8.88,-8.88,-0.96,-0.96,-0.96,343,322,332,376,337
5.85,1.03,1.03,0.69,0.69,0.69,340,319,327,366,341
-10.10,-12.63,-12.63,-0.81,-0.81,-0.81,344,319,329,366,337
7.86,3.60,3.60,0.16,0.16,0.16,340,318,327,364,351
END
-9.87,-10.93,-10.93,-0.78,-0.78,-0.78,340,320,330,363,351
-5.26,-14.84,-14.84,0.38,0.38,0.38,342,319,331,363,346
9.55,4.38,4.38,0.05,0.05,0.05,339,319,328,363,357
-4.78,-12.87,-12.87,0.45,0.45,0.45,342,319,331,363,347
6.32,1.95,1.95,-0.11,-0.11,-0.11,340,319,328,363,352
-1.26,-12.63,-12.63,0.97,0.97,0.97,341,319,330,363,346
5.77,-0.78,-0.78,-0.35,-0.35,-0.35,340,319,329,364,349
0.32,-10.66,-10.66,1.06,1.06,1.06,342,320,330,363,346
5.09,-1.02,-1.02,-0.52,-0.52,-0.52,342,320,330,364,348
1.87,-6.50,-6.50,1.15,1.15,1.15,343,320,329,363,348
6.09,-1.45,-1.45,-0.57,-0.57,-0.57,342,321,331,363,349
END
2.48,-3.55,-3.55,0.89,0.89,0.89,340,318,329,362,347
5.20,0.79,0.79,0.75,0.75,0.75,339,318,328,362,352
-7.39,-10.31,-10.31,-0.93,-0.93,-0.93,342,320,332,362,344
5.55,2.18,2.18,0.42,0.42,0.42,340,319,329,362,350
-10.44,-13.85,-13.85,-0.83,-0.83,-0.83,343,320,334,364,343
7.90,0.55,0.55,-0.15,-0.15,-0.15,340,319,332,363,356
-4.52,-14.03,-14.03,0.17,0.17,0.17,342,319,334,362,351
4.34,-2.18,-2.18,-0.01,-0.01,-0.01,340,319,333,362,361
3.62,-2.79,-2.79,0.55,0.55,0.55,340,319,332,362,361
-3.47,-5.16,-5.16,-0.79,-0.79,-0.79,341,319,334,363,354
8.55,-0.45,-0.45,0.85,0.85,0.85,340,319,331,362,359
END
-4.67,-9.63,-9.63,-0.73,-0.73,-0.73,336,315,327,362,350
-0.11,-3.68,-3.68,-0.84,-0.84,-0.84,338,316,329,364,349
4.44,-2.23,-2.23,0.73,0.73,0.73,337,315,327,363,348
1.67,-2.82,-2.82,-0.49,-0.49,-0.49,337,316,329,364,349
2.31,-4.67,-4.67,0.73,0.73,0.73,338,315,327,363,347
6.47,-1.11,-1.11,-0.16,-0.16,-0.16,337,314,325,362,350
-5.66,-9.51,-9.51,0.66,0.66,0.66,335,312,318,357,341
6.91,0.68,0.68,0.01,0.01,0.01,332,311,316,355,347
-5.02,-10.16,-10.16,0.40,0.40,0.40,334,312,319,355,339
6.39,-0.41,-0.41,0.09,0.09,0.09,332,312,318,355,345
-6.18,-10.88,-10.88,-0.13,-0.13,-0.13,335,313,322,357,337
END
8.87,-3.38,-3.38,0.72,0.72,0.72,339,318,328,362,339
6.48,0.58,0.58,0.24,0.24,0.24,336,317,327,362,344
-10.14,-10.45,-10.45,-0.48,-0.48,-0.48,339,318,330,363,339
7.14,0.83,0.83,0.36,0.36,0.36,336,317,326,362,344
-7.77,-10.04,-10.04,-0.80,-0.80,-0.80,338,317,329,362,339
7.09,-0.18,-0.18,0.54,0.54,0.54,336,316,326,361,343
-7.74,-9.04,-9.04,-0.62,-0.62,-0.62,338,318,329,362,338
7.72,0.66,0.66,-0.08,-0.08,-0.08,336,317,328,362,343
-10.13,-11.87,-11.87,-0.55,-0.55,-0.55,339,318,332,363,338
7.04,0.45,0.45,0.15,0.15,0.15,336,317,329,362,342
-8.64,-11.20,-11.20,-0.55,-0.55,-0.55,339,318,331,363,337
END
8.87,0.13,0.13,0.48,0.48,0.48,340,318,333,366,339
8.16,2.98,2.98,-0.07,-0.07,-0.07,335,316,325,360,346
-4.85,-13.80,-13.80,0.59,0.59,0.59,340,318,328,360,340
5.78,2.34,2.34,-0.02,-0.02,-0.02,337,317,327,361,344
-1.38,-10.98,-10.98,0.69,0.69,0.69,338,316,327,360,341
4.85,1.26,1.26,-0.10,-0.10,-0.10,337,317,327,361,342
0.47,-6.01,-6.01,0.72,0.72,0.72,337,318,324,358,334
2.89,-4.32,-4.32,-0.57,-0.57,-0.57,338,318,327,359,335
2.85,-1.40,-1.40,0.69,0.69,0.69,338,318,325,358,339
-5.33,-7.67,-7.67,-0.87,-0.87,-0.87,340,320,330,359,335
8.18,-0.60,-0.60,0.36,0.36,0.36,339,320,330,360,341
END
9.53,-2.19,-2.19,-0.05,-0.05,-0.05,336,314,326,364,331
4.21,-7.47,-7.47,1.17,1.17,1.17,336,314,324,362,331
4.67,-3.98,-3.98,-0.89,-0.89,-0.89,339,317,328,369,331
3.40,-7.62,-7.62,1.19,1.19,1.19,335,314,323,365,330
5.00,-5.45,-5.45,-0.69,-0.69,-0.69,333,313,322,362,329
5.16,-7.40,-7.40,1.23,1.23,1.23,333,312,320,360,329
2.48,-5.27,-5.27,-0.74,-0.74,-0.74,334,313,324,362,330
5.45,-6.83,-6.83,1.01,1.01,1.01,334,313,322,361,331
0.89,-5.28,-5.28,-0.62,-0.62,-0.62,335,314,325,363,329
6.29,-4.69,-4.69,1.06,1.06,1.06,333,313,320,361,328
-0.23,-5.89,-5.89,-0.64,-0.64,-0.64,334,314,325,362,328
END
5.68,-4.95,-4.95,0.86,0.86,0.86,332,311,316,356,328
-12.12,-14.87,-14.87,-0.65,-0.65,-0.65,333,312,320,357,326
6.93,-0.21,-0.21,0.30,0.30,0.30,332,312,317,356,327
-10.65,-14.62,-14.62,-0.58,-0.58,-0.58,334,313,322,358,327
6.62,-1.44,-1.44,0.08,0.08,0.08,332,312,319,357,334
-10.63,-14.20,-14.20,-0.47,-0.47,-0.47,335,315,328,360,331
6.02,-2.16,-2.16,-0.19,-0.19,-0.19,333,312,322,358,349
-10.89,-12.73,-12.73,-0.80,-0.80,-0.80,339,316,331,362,347
7.72,-3.09,-3.09,0.22,0.22,0.22,333,312,322,359,358
-9.61,-11.23,-11.23,-0.63,-0.63,-0.63,336,314,329,361,343
7.25,-1.05,-1.05,0.18,0.18,0.18,332,312,322,359,337
END
-10.66,-12.56,-12.56,-0.48,-0.48,-0.48,335,316,326,361,326
0.45,-5.84,-5.84,0.99,0.99,0.99,334,313,320,360,328
2.94,-5.58,-5.58,-0.70,-0.70,-0.70,333,312,321,361,327
1.54,-7.57,-7.57,0.91,0.91,0.91,333,311,315,354,326
3.60,-2.99,-2.99,-0.56,-0.56,-0.56,333,312,319,355,326
2.67,-8.61,-8.61,0.87,0.87,0.87,334,312,319,355,326
-2.03,-5.22,-5.22,-0.38,-0.38,-0.38,336,313,325,356,325
3.24,-4.60,-4.60,0.44,0.44,0.44,336,314,322,357,327
-1.25,-6.19,-6.19,-0.57,-0.57,-0.57,336,314,324,358,326
3.82,-3.88,-3.88,1.12,1.12,1.12,335,314,322,358,328
0.60,-5.66,-5.66,-0.91,-0.91,-0.91,335,315,326,361,326
END
5.91,-1.07,-1.07,1.10,1.10,1.10,335,315,325,358,335
2.43,-5.80,-5.80,-0.93,-0.93,-0.93,334,315,327,360,332
2.65,-8.69,-8.69,1.36,1.36,1.36,333,315,323,358,331
8.36,-1.56,-1.56,-0.77,-0.77,-0.77,332,314,323,358,334
-9.00,-15.03,-15.03,0.50,0.50,0.50,337,314,327,359,331
5.06,-0.33,-0.33,-0.11,-0.11,-0.11,335,316,324,360,332
-13.35,-14.19,-14.19,-1.06,-1.06,-1.06,338,317,330,360,329
3.69,-1.78,-1.78,0.61,0.61,0.61,335,316,324,360,330
-1.36,-8.53,-8.53,-0.60,-0.60,-0.60,335,316,326,360,329
4.12,-3.57,-3.57,0.92,0.92,0.92,335,316,324,359,330
4.01,-6.29,-6.29,-0.72,-0.72,-0.72,334,313,323,359,330
END
4.02,-5.07,-5.07,0.91,0.91,0.91,335,313,323,354,328
6.55,-3.50,-3.50,-0.04,-0.04,-0.04,334,314,324,356,328
-3.69,-12.46,-12.46,0.63,0.63,0.63,335,314,326,357,326
8.15,-0.93,-0.93,-0.56,-0.56,-0.56,333,314,324,358,329
-5.30,-11.77,-11.77,0.39,0.39,0.39,333,314,325,358,329
4.80,-3.28,-3.28,-0.50,-0.50,-0.50,332,314,324,359,331
-2.63,-10.64,-10.64,0.95,0.95,0.95,333,314,321,358,328
7.37,-2.93,-2.93,-0.65,-0.65,-0.65,332,314,320,358,330
-6.02,-12.15,-12.15,0.50,0.50,0.50,332,315,322,358,327
6.19,-2.46,-2.46,-0.35,-0.35,-0.35,333,316,322,359,328
-0.54,-13.46,-13.46,1.25,1.25,1.25,333,315,323,358,328
END
6.84,-1.05,-1.05,-0.45,-0.45,-0.45,337,317,322,356,336
-4.08,-13.01,-13.01,0.96,0.96,0.96,340,316,324,355,335
7.14,0.08,0.08,-0.44,-0.44,-0.44,335,316,322,356,336
-12.48,-16.23,-16.23,0.36,0.36,0.36,337,315,324,355,332
7.00,2.82,2.82,0.00,0.00,0.00,333,313,320,353,337
-10.67,-11.18,-11.18,-0.61,-0.61,-0.61,332,312,324,354,334
6.37,2.51,2.51,1.02,1.02,1.02,332,311,321,354,343
-7.40,-8.26,-8.26,-0.73,-0.73,-0.73,342,322,340,367,336
1.37,-3.31,-3.31,0.94,0.94,0.94,338,317,328,360,336
3.24,-7.93,-7.93,-0.69,-0.69,-0.69,336,316,329,362,335
2.50,-1.65,-1.65,1.31,1.31,1.31,337,316,326,361,336
END
2.68,-3.24,-3.24,-1.20,-1.20,-1.20,335,315,325,363,330
-0.06,-6.82,-6.82,0.92,0.92,0.92,335,315,319,361,331
4.52,-4.31,-4.31,-0.73,-0.73,-0.73,336,317,324,360,333
-8.24,-15.61,-15.61,0.92,0.92,0.92,340,318,326,363,331
5.54,1.83,1.83,-0.20,-0.20,-0.20,335,317,322,362,333
-13.70,-16.52,-16.52,-0.72,-0.72,-0.72,339,320,333,367,332
4.90,0.34,0.34,1.09,1.09,1.09,337,319,325,361,333
-1.51,-7.78,-7.78,-0.92,-0.92,-0.92,337,321,331,364,331
2.89,0.05,0.05,1.31,1.31,1.31,340,322,329,363,332
3.85,-3.16,-3.16,-0.93,-0.93,-0.93,338,321,332,363,332
-2.17,-10.40,-10.40,1.08,1.08,1.08,339,321,330,362,334
END
4.95,-3.87,-3.87,-0.44,-0.44,-0.44,337,320,328,360,339
-8.40,-11.77,-11.77,-0.69,-0.69,-0.69,339,321,331,360,331
5.32,-0.86,-0.86,0.70,0.70,0.70,335,318,325,357,344
-5.41,-10.49,-10.49,-0.86,-0.86,-0.86,336,319,332,361,335
5.46,-0.36,-0.36,0.40,0.40,0.40,340,320,331,360,344
-12.63,-13.73,-13.73,-0.75,-0.75,-0.75,337,319,332,362,336
8.26,0.33,0.33,0.37,0.37,0.37,337,317,327,361,343
-5.52,-9.99,-9.99,-0.81,-0.81,-0.81,336,317,329,363,334
4.00,-3.16,-3.16,1.23,1.23,1.23,332,315,323,360,336
-1.97,-6.98,-6.98,-0.92,-0.92,-0.92,335,316,327,361,334
3.29,-3.46,-3.46,1.13,1.13,1.13,332,314,322,359,337
END
-1.81,-8.13,-8.13,-0.97,-0.97,-0.97,335,317,328,358,332
1.42,-7.34,-7.34,0.87,0.87,0.87,335,316,325,357,334
0.69,-6.54,-6.54,-1.04,-1.04,-1.04,335,316,328,358,332
2.58,-7.26,-7.26,0.86,0.86,0.86,335,315,323,356,332
-0.39,-5.66,-5.66,-0.65,-0.65,-0.65,334,316,327,357,331
4.22,-3.59,-3.59,0.88,0.88,0.88,333,314,322,356,335
-4.90,-6.99,-6.99,-1.06,-1.06,-1.06,334,315,326,357,330
1.61,-4.64,-4.64,0.91,0.91,0.91,333,312,319,354,335
0.29,-6.68,-6.68,-0.93,-0.93,-0.93,332,311,320,354,331
2.80,-5.26,-5.26,1.05,1.05,1.05,332,311,317,353,332
-0.60,-5.57,-5.57,-0.99,-0.99,-0.99,334,313,322,354,330
END
1.10,-4.87,-4.87,0.96,0.96,0.96,333,315,324,356,349
-11.84,-16.23,-16.23,0.30,0.30,0.30,334,313,323,355,337
7.17,2.55,2.55,-0.40,-0.40,-0.40,334,315,322,355,347
-11.77,-15.13,-15.13,0.01,0.01,0.01,337,316,323,356,338
8.66,0.87,0.87,0.42,0.42,0.42,334,315,320,355,348
-10.20,-11.13,-11.13,-1.23,-1.23,-1.23,342,318,327,358,340
6.90,1.53,1.53,0.94,0.94,0.94,340,319,321,358,358
-5.22,-9.22,-9.22,-0.64,-0.64,-0.64,336,315,323,356,336
3.14,-2.26,-2.26,0.94,0.94,0.94,333,314,320,355,338
-1.72,-6.83,-6.83,-1.10,-1.10,-1.10,336,316,324,356,335
3.60,-2.46,-2.46,1.26,1.26,1.26,333,314,317,354,339
END
1.92,-5.21,-5.21,-1.01,-1.01,-1.01,337,312,319,352,331
3.55,-1.16,-1.16,0.66,0.66,0.66,332,312,316,351,339
-2.12,-7.72,-7.72,-0.95,-0.95,-0.95,331,313,322,352,334
4.52,-1.41,-1.41,0.92,0.92,0.92,330,312,318,352,336
-2.24,-6.12,-6.12,-0.90,-0.90,-0.90,333,313,322,353,333
0.74,-5.00,-5.00,0.99,0.99,0.99,332,313,318,352,334
2.88,-4.77,-4.77,-0.73,-0.73,-0.73,333,314,321,354,338
-4.40,-11.38,-11.38,0.71,0.71,0.71,333,313,320,353,335
7.40,-1.67,-1.67,-0.21,-0.21,-0.21,330,310,312,351,343
-10.04,-12.53,-12.53,0.23,0.23,0.23,333,312,317,351,336
9.40,0.43,0.43,0.34,0.34,0.34,332,313,315,351,343
END
-13.24,-11.21,-11.21,-0.86,-0.86,-0.86,333,312,319,352,328
5.57,-0.31,-0.31,0.25,0.25,0.25,333,312,316,353,333
-11.50,-12.01,-12.01,-0.49,-0.49,-0.49,334,313,320,353,329
5.66,0.00,0.00,0.37,0.37,0.37,332,313,318,353,332
-10.30,-12.88,-12.88,-0.33,-0.33,-0.33,335,314,323,354,331
7.54,0.08,0.08,0.23,0.23,0.23,333,313,319,353,333
-5.63,-13.84,-13.84,-0.12,-0.12,-0.12,336,313,320,353,332
6.88,-0.12,-0.12,0.43,0.43,0.43,333,313,318,353,334
-9.34,-10.48,-10.48,-0.84,-0.84,-0.84,335,313,322,353,332
7.00,-0.28,-0.28,0.48,0.48,0.48,332,312,318,353,339
-9.27,-10.48,-10.48,-0.77,-0.77,-0.77,336,314,325,355,335
END
6.98,-1.38,-1.38,0.73,0.73,0.73,333,313,318,350,341
3.37,-2.33,-2.33,1.11,1.11,1.11,333,313,316,350,342
-4.21,-6.72,-6.72,-0.88,-0.88,-0.88,334,315,319,351,336
-0.11,-7.74,-7.74,1.05,1.05,1.05,333,313,316,350,338
2.68,-4.39,-4.39,-0.65,-0.65,-0.65,335,314,319,354,341
-0.20,-7.66,-7.66,0.91,0.91,0.91,335,314,317,351,340
0.07,-4.19,-4.19,-0.57,-0.57,-0.57,335,314,320,351,338
1.77,-5.98,-5.98,0.66,0.66,0.66,335,315,316,350,338
1.25,-4.29,-4.29,-0.63,-0.63,-0.63,336,314,316,349,336
1.11,-2.99,-2.99,0.94,0.94,0.94,335,313,314,349,337
2.02,-3.20,-3.20,-0.75,-0.75,-0.75,338,314,319,350,335
END
-1.29,-9.16,-9.16,0.91,0.91,0.91,332,313,315,352,336
-6.55,-7.98,-7.98,-0.64,-0.64,-0.64,334,314,319,353,332
6.42,-1.13,-1.13,0.66,0.66,0.66,332,313,315,351,335
-6.69,-9.39,-9.39,-0.63,-0.63,-0.63,336,314,322,355,330
4.70,-1.19,-1.19,0.73,0.73,0.73,333,313,318,354,332
-1.90,-6.02,-6.02,-0.96,-0.96,-0.96,335,314,322,355,328
3.83,-2.19,-2.19,0.95,0.95,0.95,333,313,319,356,333
-1.54,-6.63,-6.63,-0.78,-0.78,-0.78,334,314,320,356,329
-1.24,-7.01,-7.01,1.05,1.05,1.05,334,314,318,355,339
0.70,-4.85,-4.85,-0.81,-0.81,-0.81,334,314,322,355,340
-2.08,-8.59,-8.59,0.79,0.79,0.79,334,314,320,355,338
END
5.80,-3.34,-3.34,-0.48,-0.48,-0.48,334,314,321,355,338
-4.49,-12.16,-12.16,0.69,0.69,0.69,336,315,320,354,335
5.68,-2.10,-2.10,-0.02,-0.02,-0.02,335,316,321,355,338
-6.71,-13.87,-13.87,0.38,0.38,0.38,338,317,323,355,335
5.89,-1.67,-1.67,-0.04,-0.04,-0.04,336,317,322,356,329
-7.91,-14.21,-14.21,0.01,0.01,0.01,338,318,324,356,328
6.62,-0.88,-0.88,0.22,0.22,0.22,335,316,321,356,332
-6.53,-13.60,-13.60,0.24,0.24,0.24,336,317,322,356,328
8.14,-0.52,-0.52,-0.35,-0.35,-0.35,335,316,321,355,329
-6.96,-14.71,-14.71,0.50,0.50,0.50,336,314,321,355,327
5.66,2.96,2.96,-0.10,-0.10,-0.10,332,313,317,354,328
END
-13.04,-15.20,-15.20,-0.04,-0.04,-0.04,333,314,322,357,345
1.25,-4.87,-4.87,-0.69,-0.69,-0.69,333,315,323,359,343
-0.16,-7.65,-7.65,0.83,0.83,0.83,333,314,320,357,347
1.99,-3.96,-3.96,-0.69,-0.69,-0.69,334,314,322,356,345
0.65,-5.71,-5.71,0.62,0.62,0.62,333,313,319,352,345
-0.19,-2.24,-2.24,-0.55,-0.55,-0.55,334,315,324,352,338
-0.52,-8.61,-8.61,0.98,0.98,0.98,333,314,320,352,339
2.40,-3.09,-3.09,-0.58,-0.58,-0.58,334,314,322,353,339
-9.60,-13.05,-13.05,0.34,0.34,0.34,339,315,321,352,335
6.41,-0.20,-0.20,-0.39,-0.39,-0.39,334,314,319,352,341
-5.08,-13.27,-13.27,0.90,0.90,0.90,335,313,318,351,336
END
8.21,-0.67,-0.67,0.07,0.07,0.07,337,316,324,360,339
-1.37,-3.21,-3.21,-0.87,-0.87,-0.87,340,318,328,359,337
-10.67,-13.95,-13.95,0.59,0.59,0.59,339,315,320,355,337
7.11,-1.72,-1.72,-0.09,-0.09,-0.09,335,315,319,357,339
-15.63,-16.05,-16.05,-0.68,-0.68,-0.68,340,317,325,359,335
5.00,-1.26,-1.26,0.84,0.84,0.84,334,316,318,357,338
-5.50,-8.84,-8.84,-0.85,-0.85,-0.85,335,317,323,357,332
5.02,-1.70,-1.70,0.83,0.83,0.83,334,316,320,354,336
-3.78,-7.09,-7.09,-0.78,-0.78,-0.78,335,317,323,357,332
-1.06,-8.82,-8.82,0.95,0.95,0.95,335,317,320,355,334
1.54,-5.21,-5.21,-0.96,-0.96,-0.96,334,316,321,355,334
END
-1.98,-11.87,-11.87,1.03,1.03,1.03,340,315,324,355,330
4.90,-1.53,-1.53,-0.71,-0.71,-0.71,336,314,322,355,332
-5.53,-13.57,-13.57,0.82,0.82,0.82,342,315,325,355,331
6.66,1.00,1.00,0.24,0.24,0.24,336,314,321,355,333
-8.74,-8.74,-8.74,-0.79,-0.79,-0.79,337,314,323,357,331
3.29,-3.33,-3.33,1.15,1.15,1.15,335,313,319,354,333
-1.66,-5.33,-5.33,-0.88,-0.88,-0.88,335,313,322,354,331
1.58,-4.34,-4.34,1.14,1.14,1.14,335,313,318,351,333
3.99,-2.71,-2.71,-0.70,-0.70,-0.70,336,315,322,355,333
-13.39,-12.93,-12.93,0.35,0.35,0.35,341,318,329,357,331
9.00,-0.79,-0.79,0.20,0.20,0.20,335,315,322,356,335
END
-14.39,-12.96,-12.96,-0.80,-0.80,-0.80,334,313,320,355,334
-6.97,-12.65,-12.65,0.83,0.83,0.83,336,314,326,357,332
5.95,0.20,0.20,-0.07,-0.07,-0.07,334,314,323,357,335
-11.08,-12.97,-12.97,-0.83,-0.83,-0.83,336,315,326,356,333
5.74,1.51,1.51,0.59,0.59,0.59,334,314,321,356,336
-9.38,-11.63,-11.63,-0.86,-0.86,-0.86,335,314,326,356,332
-0.70,-6.47,-6.47,0.98,0.98,0.98,336,314,322,356,335
1.72,-2.72,-2.72,-0.91,-0.91,-0.91,337,314,327,358,334
-2.28,-8.33,-8.33,1.08,1.08,1.08,334,313,322,357,332
6.68,2.50,2.50,-0.16,-0.16,-0.16,333,313,318,356,334
-15.96,-13.74,-13.74,-0.24,-0.24,-0.24,336,313,323,354,330
END