-0.17,-6.83,-6.83,0.04,0.04,0.04,322,409,419,444,386
-0.12,-6.91,-6.91,-0.01,-0.01,-0.01,322,408,419,444,385
-2.32,-6.22,-6.22,-0.00,-0.00,-0.00,322,408,419,443,385
2.00,-6.35,-6.35,-0.10,-0.10,-0.10,322,408,418,443,385
7.93,-5.39,-5.39,-0.19,-0.19,-0.19,322,409,418,444,385
4.40,-5.40,-5.40,0.11,0.11,0.11,322,409,418,443,385
5.92,-5.86,-5.86,0.00,0.00,0.00,322,409,418,443,385
5.89,-5.64,-5.64,0.01,0.01,0.01,322,408,418,443,385
6.71,-5.74,-5.74,0.04,0.04,0.04,322,409,418,443,385
6.50,-5.76,-5.76,0.00,0.00,0.00,322,409,418,443,384
6.29,-5.94,-5.94,0.01,0.01,0.01,322,408,418,443,385
END
5.90,-5.76,-5.76,0.03,0.03,0.03,322,406,415,439,380
-0.30,-6.88,-6.88,0.04,0.04,0.04,322,406,414,439,380
-0.93,-7.18,-7.18,0.01,0.01,0.01,322,406,414,439,380
-0.06,-6.50,-6.50,0.07,0.07,0.07,322,407,414,439,380
-0.24,-6.37,-6.37,0.13,0.13,0.13,321,407,415,439,380
2.69,-6.09,-6.09,0.08,0.08,0.08,322,407,415,439,380
8.34,-6.28,-6.28,0.02,0.02,0.02,322,407,415,440,380
6.02,-6.32,-6.32,0.06,0.06,0.06,322,407,414,440,380
5.95,-6.47,-6.47,-0.00,-0.00,-0.00,322,407,414,439,380
5.54,-6.47,-6.47,0.02,0.02,0.02,322,407,414,439,380
5.46,-6.20,-6.20,0.03,0.03,0.03,322,407,414,439,380
END
5.30,-6.37,-6.37,0.04,0.04,0.04,322,405,413,437,378
-0.31,-6.89,-6.89,0.02,0.02,0.02,322,405,413,437,377
-1.45,-6.92,-6.92,0.06,0.06,0.06,322,405,413,437,377
-0.72,-6.84,-6.84,-0.09,-0.09,-0.09,321,406,413,437,378
2.65,-6.62,-6.62,-0.03,-0.03,-0.03,322,407,413,438,379
5.25,-4.58,-4.58,0.04,0.04,0.04,321,406,412,438,379
11.37,-5.85,-5.85,-0.08,-0.08,-0.08,321,406,412,438,380
6.78,-6.03,-6.03,0.02,0.02,0.02,321,406,412,437,379
7.16,-5.64,-5.64,-0.02,-0.02,-0.02,321,407,415,437,380
6.44,-5.88,-5.88,0.01,0.01,0.01,321,406,414,437,380
6.85,-5.75,-5.75,0.03,0.03,0.03,321,407,414,437,380
END
6.32,-5.81,-5.81,0.02,0.02,0.02,322,404,412,434,376
-0.14,-6.92,-6.92,0.03,0.03,0.03,322,404,412,434,376
-1.72,-6.86,-6.86,0.02,0.02,0.02,321,404,412,434,376
0.10,-5.94,-5.94,-0.03,-0.03,-0.03,321,404,412,434,376
3.91,-5.95,-5.95,0.10,0.10,0.10,321,404,412,434,376
9.83,-4.98,-4.98,-0.20,-0.20,-0.20,322,405,412,434,376
8.22,-5.32,-5.32,0.06,0.06,0.06,321,405,412,434,376
7.52,-4.93,-4.93,0.04,0.04,0.04,321,404,412,434,376
7.75,-5.08,-5.08,0.06,0.06,0.06,321,404,412,434,376
6.14,-4.82,-4.82,0.07,0.07,0.07,321,405,413,439,383
7.86,-5.05,-5.05,0.05,0.05,0.05,321,405,415,441,386
END
7.65,-5.12,-5.12,0.02,0.02,0.02,321,403,411,433,375
0.19,-6.40,-6.40,0.06,0.06,0.06,321,403,411,434,375
-0.83,-6.47,-6.47,0.04,0.04,0.04,321,403,411,433,375
0.53,-6.12,-6.12,-0.08,-0.08,-0.08,322,403,410,433,375
2.35,-5.69,-5.69,0.12,0.12,0.12,321,404,411,434,375
7.30,-4.32,-4.32,-0.03,-0.03,-0.03,321,404,411,434,375
9.75,-4.20,-4.20,0.01,0.01,0.01,321,404,411,434,375
8.92,-4.44,-4.44,0.06,0.06,0.06,321,404,411,434,375
8.04,-4.34,-4.34,0.02,0.02,0.02,321,404,411,434,375
8.20,-4.25,-4.25,0.04,0.04,0.04,321,404,411,436,377
7.49,-4.51,-4.51,0.01,0.01,0.01,321,404,411,436,377
END
8.20,-4.47,-4.47,0.01,0.01,0.01,321,402,410,434,375
-0.11,-6.44,-6.44,0.04,0.04,0.04,322,402,410,434,374
-0.93,-6.75,-6.75,0.03,0.03,0.03,322,403,410,434,375
1.00,-6.13,-6.13,-0.04,-0.04,-0.04,321,403,410,434,375
1.61,-5.76,-5.76,0.10,0.10,0.10,321,404,410,433,375
6.40,-6.04,-6.04,-0.12,-0.12,-0.12,322,407,413,435,377
5.28,-4.64,-4.64,0.07,0.07,0.07,321,407,415,435,378
9.13,-4.81,-4.81,-0.10,-0.10,-0.10,321,407,415,435,378
8.76,-4.16,-4.16,0.10,0.10,0.10,321,407,414,435,378
7.87,-4.08,-4.08,0.02,0.02,0.02,321,407,416,437,379
7.80,-4.39,-4.39,0.01,0.01,0.01,321,407,416,437,379
END
7.77,-4.19,-4.19,0.00,0.00,0.00,325,402,410,433,374
-0.16,-6.53,-6.53,0.03,0.03,0.03,328,403,410,433,374
-0.37,-6.97,-6.97,-0.03,-0.03,-0.03,324,402,410,433,375
2.16,-6.27,-6.27,0.06,0.06,0.06,323,403,410,434,375
4.77,-5.97,-5.97,-0.09,-0.09,-0.09,323,403,410,434,375
6.75,-5.18,-5.18,-0.36,-0.36,-0.36,323,404,410,434,375
6.36,-4.34,-4.34,-0.04,-0.04,-0.04,323,404,410,434,375
8.15,-4.20,-4.20,0.06,0.06,0.06,322,404,410,434,375
8.09,-4.14,-4.14,0.05,0.05,0.05,322,404,410,434,375
8.54,-3.68,-3.68,-0.01,-0.01,-0.01,322,404,410,434,374
8.13,-3.92,-3.92,-0.00,-0.00,-0.00,322,404,411,434,374
END
8.04,-3.98,-3.98,0.05,0.05,0.05,322,403,410,433,374
0.48,-6.53,-6.53,0.06,0.06,0.06,322,403,410,433,374
-0.65,-7.30,-7.30,-0.07,-0.07,-0.07,322,403,410,433,373
0.51,-6.04,-6.04,0.11,0.11,0.11,322,403,410,433,374
6.14,-5.59,-5.59,-0.18,-0.18,-0.18,323,403,410,433,374
5.47,-5.24,-5.24,-0.05,-0.05,-0.05,323,404,410,433,374
5.33,-5.41,-5.41,0.05,0.05,0.05,322,405,410,433,374
6.59,-4.60,-4.60,-0.01,-0.01,-0.01,322,405,410,433,374
8.20,-4.46,-4.46,0.08,0.08,0.08,322,405,410,433,374
6.65,-4.58,-4.58,0.06,0.06,0.06,322,405,410,433,374
8.54,-4.53,-4.53,-0.03,-0.03,-0.03,322,405,410,433,374
END
7.75,-4.20,-4.20,0.00,0.00,0.00,323,403,409,432,373
-0.50,-6.61,-6.61,0.05,0.05,0.05,322,403,409,432,373
-0.30,-7.15,-7.15,-0.03,-0.03,-0.03,322,403,409,432,373
1.27,-5.36,-5.36,-0.03,-0.03,-0.03,322,403,409,432,373
2.21,-5.96,-5.96,0.07,0.07,0.07,322,403,409,432,373
4.99,-5.10,-5.10,-0.13,-0.13,-0.13,323,403,409,432,373
4.47,-4.18,-4.18,-0.01,-0.01,-0.01,322,403,409,432,373
7.64,-3.65,-3.65,-0.08,-0.08,-0.08,322,403,409,432,373
9.00,-3.86,-3.86,0.04,0.04,0.04,322,403,409,432,373
8.63,-3.35,-3.35,-0.00,-0.00,-0.00,322,403,409,432,373
8.31,-3.22,-3.22,0.03,0.03,0.03,322,404,409,432,373
END
7.85,-3.37,-3.37,0.03,0.03,0.03,322,403,409,431,373
0.76,-6.42,-6.42,0.04,0.04,0.04,322,403,409,431,373
-0.14,-6.85,-6.85,-0.03,-0.03,-0.03,322,403,409,431,373
2.86,-5.62,-5.62,-0.06,-0.06,-0.06,322,403,409,431,373
1.70,-5.11,-5.11,-0.01,-0.01,-0.01,323,403,409,431,373
5.73,-4.90,-4.90,-0.03,-0.03,-0.03,322,403,409,431,373
6.44,-4.72,-4.72,-0.04,-0.04,-0.04,322,403,409,432,372
6.32,-3.95,-3.95,-0.04,-0.04,-0.04,323,404,409,431,372
8.01,-3.76,-3.76,-0.03,-0.03,-0.03,322,404,409,431,372
7.65,-3.57,-3.57,0.06,0.06,0.06,322,403,409,431,372
9.04,-3.32,-3.32,0.01,0.01,0.01,322,403,409,431,372
END
8.75,-3.32,-3.32,0.01,0.01,0.01,322,402,408,431,371
-0.16,-6.23,-6.23,0.04,0.04,0.04,322,402,408,431,371
0.87,-6.12,-6.12,-0.03,-0.03,-0.03,322,402,408,431,371
2.70,-5.61,-5.61,-0.07,-0.07,-0.07,323,402,408,431,371
3.09,-5.65,-5.65,-0.02,-0.02,-0.02,322,402,408,431,371
3.26,-4.74,-4.74,0.06,0.06,0.06,322,402,408,431,371
4.59,-4.51,-4.51,-0.11,-0.11,-0.11,322,403,408,430,371
7.44,-3.73,-3.73,-0.00,-0.00,-0.00,322,403,409,431,375
7.76,-3.16,-3.16,0.02,0.02,0.02,322,405,416,440,391
9.42,-3.07,-3.07,-0.07,-0.07,-0.07,322,405,416,439,390
8.92,-2.83,-2.83,0.01,0.01,0.01,322,405,415,439,389
END
8.69,-3.17,-3.17,0.03,0.03,0.03,321,402,411,433,377
-0.34,-6.37,-6.37,0.05,0.05,0.05,321,402,410,433,377
0.19,-6.34,-6.34,-0.00,-0.00,-0.00,321,402,411,433,377
0.43,-5.92,-5.92,-0.04,-0.04,-0.04,322,402,410,433,377
0.99,-5.97,-5.97,0.17,0.17,0.17,322,402,411,433,377
5.43,-5.49,-5.49,-0.00,-0.00,-0.00,322,402,410,433,377
4.29,-5.03,-5.03,0.18,0.18,0.18,322,402,410,433,377
5.66,-5.31,-5.31,0.01,0.01,0.01,322,402,410,433,377
5.68,-4.54,-4.54,0.02,0.02,0.02,322,403,413,436,383
8.94,-4.70,-4.70,0.08,0.08,0.08,322,403,413,436,383
7.81,-4.48,-4.48,0.02,0.02,0.02,322,403,413,436,382
END
7.62,-4.49,-4.49,0.04,0.04,0.04,323,401,410,433,377
-0.17,-6.32,-6.32,0.08,0.08,0.08,324,401,410,433,377
-1.51,-6.06,-6.06,0.01,0.01,0.01,323,401,410,433,377
0.92,-5.50,-5.50,0.04,0.04,0.04,322,401,410,433,377
5.45,-4.72,-4.72,-0.27,-0.27,-0.27,322,401,410,433,377
7.37,-4.13,-4.13,0.11,0.11,0.11,322,401,410,433,377
7.73,-4.45,-4.45,0.02,0.02,0.02,322,401,410,433,377
7.03,-4.21,-4.21,0.04,0.04,0.04,322,401,410,433,377
6.51,-4.15,-4.15,-0.00,-0.00,-0.00,322,401,410,432,377
7.24,-4.11,-4.11,0.03,0.03,0.03,322,401,410,433,377
7.07,-4.10,-4.10,0.03,0.03,0.03,322,401,410,433,377
END
7.26,-4.16,-4.16,0.04,0.04,0.04,322,402,412,433,377
0.45,-5.30,-5.30,-0.04,-0.04,-0.04,322,402,412,433,377
3.49,-5.26,-5.26,-0.04,-0.04,-0.04,322,402,412,433,377
5.28,-5.10,-5.10,-0.13,-0.13,-0.13,322,403,412,433,378
5.64,-4.84,-4.84,0.07,0.07,0.07,322,403,412,434,377
6.58,-3.93,-3.93,-0.08,-0.08,-0.08,322,403,413,435,378
9.55,-4.15,-4.15,0.08,0.08,0.08,322,403,413,435,377
8.06,-4.16,-4.16,0.06,0.06,0.06,322,403,413,434,377
8.10,-3.81,-3.81,0.06,0.06,0.06,322,403,413,434,377
7.99,-3.85,-3.85,0.04,0.04,0.04,322,403,413,434,377
8.31,-4.11,-4.11,0.03,0.03,0.03,322,402,413,434,377
END
7.57,-3.97,-3.97,0.04,0.04,0.04,322,401,411,432,375
-1.13,-6.74,-6.74,0.07,0.07,0.07,322,401,411,432,374
0.25,-5.92,-5.92,-0.01,-0.01,-0.01,321,402,411,432,374
1.23,-5.40,-5.40,-0.02,-0.02,-0.02,322,402,411,432,374
4.11,-4.92,-4.92,0.01,0.01,0.01,322,402,411,432,374
6.37,-4.86,-4.86,0.00,0.00,0.00,322,402,411,432,374
8.20,-4.09,-4.09,0.10,0.10,0.10,321,402,411,432,374
7.44,-3.71,-3.71,0.10,0.10,0.10,321,402,411,432,374
8.56,-4.02,-4.02,0.03,0.03,0.03,321,402,411,432,374
8.59,-3.86,-3.86,0.01,0.01,0.01,321,402,411,432,374
8.36,-3.93,-3.93,0.02,0.02,0.02,321,402,411,432,374
END
8.31,-3.78,-3.78,0.05,0.05,0.05,322,401,410,432,373
-0.06,-6.73,-6.73,0.05,0.05,0.05,322,401,410,432,373
-3.56,-7.05,-7.05,0.01,0.01,0.01,322,401,410,431,373
0.57,-5.48,-5.48,-0.12,-0.12,-0.12,322,401,410,432,374
0.93,-5.59,-5.59,0.03,0.03,0.03,322,401,410,432,374
7.00,-5.53,-5.53,-0.14,-0.14,-0.14,322,401,410,432,374
6.37,-4.52,-4.52,0.02,0.02,0.02,322,401,410,432,374
6.80,-4.44,-4.44,0.01,0.01,0.01,322,401,410,432,374
9.81,-3.90,-3.90,0.03,0.03,0.03,322,401,410,432,374
7.99,-4.14,-4.14,0.10,0.10,0.10,322,401,410,432,373
9.84,-4.19,-4.19,0.03,0.03,0.03,322,401,410,432,373
END
8.99,-3.81,-3.81,0.03,0.03,0.03,323,400,409,431,373
-0.52,-6.55,-6.55,0.01,0.01,0.01,323,400,409,431,373
-1.23,-7.19,-7.19,-0.06,-0.06,-0.06,322,400,409,431,373
1.50,-5.98,-5.98,-0.01,-0.01,-0.01,322,401,410,431,373
3.52,-6.17,-6.17,0.00,0.00,0.00,323,401,410,431,373
3.70,-5.75,-5.75,-0.04,-0.04,-0.04,323,402,411,431,373
5.16,-4.80,-4.80,0.04,0.04,0.04,323,402,410,431,372
7.33,-4.80,-4.80,0.03,0.03,0.03,323,402,410,431,373
8.66,-4.31,-4.31,0.10,0.10,0.10,323,402,410,431,373
8.79,-4.51,-4.51,0.07,0.07,0.07,323,402,410,431,372
9.32,-4.20,-4.20,-0.02,-0.02,-0.02,323,402,410,431,373
END
8.38,-4.06,-4.06,0.02,0.02,0.02,323,400,409,430,372
-0.68,-6.25,-6.25,0.07,0.07,0.07,323,400,409,430,372
-1.44,-6.96,-6.96,-0.03,-0.03,-0.03,323,400,409,430,372
-0.72,-5.61,-5.61,0.03,0.03,0.03,323,400,409,430,372
4.62,-5.34,-5.34,-0.18,-0.18,-0.18,322,400,409,430,372
4.47,-5.33,-5.33,-0.08,-0.08,-0.08,323,400,410,431,372
5.02,-4.89,-4.89,0.04,0.04,0.04,323,401,410,431,371
6.70,-4.54,-4.54,-0.07,-0.07,-0.07,323,401,410,431,372
10.09,-3.80,-3.80,-0.05,-0.05,-0.05,323,400,410,431,371
8.55,-3.27,-3.27,-0.03,-0.03,-0.03,323,401,410,431,372
8.98,-3.68,-3.68,0.02,0.02,0.02,323,401,410,431,371
END
9.01,-3.58,-3.58,0.05,0.05,0.05,323,400,409,430,371
-0.48,-6.49,-6.49,0.05,0.05,0.05,323,400,409,429,371
0.29,-6.32,-6.32,-0.09,-0.09,-0.09,323,400,409,430,371
2.57,-6.08,-6.08,-0.15,-0.15,-0.15,323,400,408,430,371
3.57,-5.64,-5.64,0.01,0.01,0.01,323,401,409,431,369
4.55,-5.24,-5.24,-0.04,-0.04,-0.04,323,401,409,431,369
5.54,-5.05,-5.05,-0.06,-0.06,-0.06,323,401,409,431,369
6.37,-4.41,-4.41,0.01,0.01,0.01,323,400,409,431,369
5.89,-3.47,-3.47,-0.03,-0.03,-0.03,323,400,409,431,369
9.06,-4.54,-4.54,0.04,0.04,0.04,323,400,409,431,369
8.90,-3.85,-3.85,-0.02,-0.02,-0.02,323,401,409,431,369
END
3.35,-5.68,-5.68,0.05,0.05,0.05,327,411,420,420,321
4.04,-5.68,-5.68,0.03,0.03,0.03,327,411,421,424,321
3.42,-6.07,-6.07,-0.15,-0.15,-0.15,327,411,422,425,321
3.16,-5.04,-5.04,-0.17,-0.17,-0.17,327,414,427,429,321
7.65,-2.61,-2.61,-0.21,-0.21,-0.21,326,415,427,429,320
12.07,-0.85,-0.85,-0.22,-0.22,-0.22,326,415,427,428,321
9.84,-1.60,-1.60,0.02,0.02,0.02,325,415,428,428,321
8.09,-1.26,-1.26,0.02,0.02,0.02,326,414,427,428,321
8.56,-1.41,-1.41,0.03,0.03,0.03,326,415,427,428,321
9.36,-1.18,-1.18,0.03,0.03,0.03,326,414,427,428,321
9.19,-1.24,-1.24,0.03,0.03,0.03,326,414,427,428,321
END
9.35,-1.14,-1.14,0.03,0.03,0.03,327,411,422,423,320
3.08,-5.31,-5.31,-0.01,-0.01,-0.01,326,410,422,423,320
2.64,-5.84,-5.84,0.04,0.04,0.04,326,410,422,423,320
4.40,-4.71,-4.71,-0.04,-0.04,-0.04,326,410,422,423,320
3.96,-5.28,-5.28,-0.07,-0.07,-0.07,326,410,422,423,320
5.02,-4.03,-4.03,-0.06,-0.06,-0.06,326,411,422,423,322
5.48,-3.92,-3.92,0.03,0.03,0.03,325,412,422,424,324
8.16,-3.06,-3.06,-0.09,-0.09,-0.09,325,412,423,424,324
8.48,-2.63,-2.63,0.02,0.02,0.02,326,412,423,424,324
9.84,-2.68,-2.68,0.05,0.05,0.05,325,412,423,424,324
8.38,-2.48,-2.48,0.04,0.04,0.04,325,412,423,424,326
END
9.04,-2.55,-2.55,0.02,0.02,0.02,326,410,421,421,321
2.51,-5.78,-5.78,0.03,0.03,0.03,326,410,421,421,321
1.07,-6.06,-6.06,0.05,0.05,0.05,326,410,421,421,322
4.91,-5.36,-5.36,-0.09,-0.09,-0.09,326,410,421,422,322
4.04,-5.05,-5.05,0.00,0.00,0.00,326,410,421,422,322
5.02,-4.38,-4.38,-0.03,-0.03,-0.03,326,410,421,422,323
6.24,-4.08,-4.08,-0.04,-0.04,-0.04,326,410,422,422,324
6.94,-3.48,-3.48,-0.06,-0.06,-0.06,326,411,422,422,324
6.35,-3.38,-3.38,0.16,0.16,0.16,326,410,423,423,325
9.66,-2.83,-2.83,0.06,0.06,0.06,326,410,423,423,324
9.48,-3.35,-3.35,0.01,0.01,0.01,326,410,423,423,324
END
8.53,-2.79,-2.79,0.00,0.00,0.00,326,409,421,421,323
2.21,-6.15,-6.15,0.02,0.02,0.02,326,409,421,421,323
0.22,-6.14,-6.14,0.01,0.01,0.01,326,409,421,421,323
2.89,-5.51,-5.51,-0.02,-0.02,-0.02,327,409,421,421,323
5.07,-4.80,-4.80,-0.02,-0.02,-0.02,326,409,421,421,323
7.49,-4.16,-4.16,-0.07,-0.07,-0.07,327,410,421,421,323
7.47,-4.13,-4.13,0.02,0.02,0.02,326,410,421,421,323
9.71,-3.35,-3.35,-0.06,-0.06,-0.06,327,410,421,421,323
8.12,-3.63,-3.63,0.04,0.04,0.04,326,410,421,421,323
8.10,-3.54,-3.54,0.03,0.03,0.03,326,410,421,421,323
9.83,-3.30,-3.30,0.03,0.03,0.03,326,410,421,421,323
END
9.35,-3.15,-3.15,0.03,0.03,0.03,327,409,422,422,322
1.86,-6.39,-6.39,-0.10,-0.10,-0.10,327,409,424,424,322
1.49,-5.57,-5.57,0.00,0.00,0.00,327,409,423,423,322
4.41,-5.38,-5.38,-0.01,-0.01,-0.01,326,409,423,423,322
6.27,-5.08,-5.08,-0.06,-0.06,-0.06,326,409,423,423,322
6.57,-4.82,-4.82,-0.01,-0.01,-0.01,326,409,423,423,322
4.74,-4.49,-4.49,0.21,0.21,0.21,326,409,423,423,323
5.93,-4.36,-4.36,0.03,0.03,0.03,326,409,423,423,323
7.80,-4.13,-4.13,0.02,0.02,0.02,326,409,423,423,323
8.64,-3.86,-3.86,0.02,0.02,0.02,326,409,423,423,323
8.26,-3.83,-3.83,0.02,0.02,0.02,326,409,423,423,322
END
8.61,-3.52,-3.52,0.02,0.02,0.02,328,408,421,421,322
1.39,-5.89,-5.89,0.02,0.02,0.02,328,408,421,421,322
2.38,-5.62,-5.62,0.05,0.05,0.05,328,408,421,421,323
2.81,-5.38,-5.38,0.05,0.05,0.05,328,409,421,422,323
2.07,-5.29,-5.29,0.15,0.15,0.15,328,409,421,422,323
7.55,-4.24,-4.24,0.01,0.01,0.01,328,409,421,422,323
8.03,-4.12,-4.12,-0.07,-0.07,-0.07,328,409,421,422,323
7.24,-3.78,-3.78,0.02,0.02,0.02,328,409,421,422,323
8.24,-3.93,-3.93,0.04,0.04,0.04,328,409,421,422,323
9.39,-3.89,-3.89,0.09,0.09,0.09,327,409,421,422,323
9.44,-3.49,-3.49,-0.02,-0.02,-0.02,327,409,421,422,323
END
7.67,-3.55,-3.55,0.03,0.03,0.03,327,408,423,426,323
1.63,-6.21,-6.21,-0.00,-0.00,-0.00,327,408,423,426,323
2.74,-5.94,-5.94,0.01,0.01,0.01,327,408,423,426,323
4.83,-5.85,-5.85,-0.07,-0.07,-0.07,326,408,423,426,323
4.68,-5.10,-5.10,-0.02,-0.02,-0.02,326,408,423,426,323
7.63,-5.18,-5.18,-0.16,-0.16,-0.16,326,407,423,426,323
6.81,-5.17,-5.17,0.06,0.06,0.06,326,407,423,426,323
7.11,-4.69,-4.69,0.04,0.04,0.04,326,407,423,425,324
6.71,-4.34,-4.34,0.08,0.08,0.08,326,407,423,425,324
8.53,-4.66,-4.66,0.07,0.07,0.07,326,407,423,425,324
8.63,-4.51,-4.51,0.05,0.05,0.05,326,407,423,425,324
END
8.56,-4.43,-4.43,0.03,0.03,0.03,326,407,422,426,322
1.46,-5.89,-5.89,-0.00,-0.00,-0.00,327,407,422,426,322
1.97,-5.71,-5.71,0.05,0.05,0.05,326,407,422,426,322
1.99,-5.53,-5.53,0.11,0.11,0.11,326,407,422,426,322
3.00,-5.45,-5.45,0.03,0.03,0.03,326,407,422,426,322
5.18,-5.20,-5.20,0.00,0.00,0.00,326,407,422,426,322
4.71,-5.33,-5.33,0.04,0.04,0.04,326,407,422,426,322
6.48,-5.01,-5.01,0.02,0.02,0.02,326,407,425,431,322
6.60,-4.54,-4.54,0.01,0.01,0.01,326,407,426,435,323
9.72,-4.64,-4.64,0.04,0.04,0.04,326,407,425,434,323
7.80,-4.07,-4.07,0.03,0.03,0.03,326,407,425,433,322
END
8.77,-3.78,-3.78,0.04,0.04,0.04,326,407,424,431,322
0.47,-5.61,-5.61,0.05,0.05,0.05,326,407,424,431,322
3.83,-5.38,-5.38,-0.07,-0.07,-0.07,326,407,424,431,322
4.03,-5.19,-5.19,0.07,0.07,0.07,326,407,424,431,322
4.06,-4.90,-4.90,-0.04,-0.04,-0.04,326,406,424,431,322
6.04,-5.02,-5.02,0.08,0.08,0.08,326,406,423,431,322
6.66,-5.00,-5.00,0.05,0.05,0.05,326,407,423,431,322
7.79,-4.57,-4.57,-0.07,-0.07,-0.07,326,407,423,430,322
7.82,-4.23,-4.23,-0.02,-0.02,-0.02,326,407,423,430,322
8.46,-3.89,-3.89,-0.01,-0.01,-0.01,326,407,423,430,322
8.66,-4.04,-4.04,0.00,0.00,0.00,326,407,423,430,322
END
8.14,-3.79,-3.79,0.03,0.03,0.03,326,407,423,430,321
1.32,-5.95,-5.95,-0.01,-0.01,-0.01,326,407,423,430,322
3.05,-5.34,-5.34,-0.09,-0.09,-0.09,327,407,423,430,322
3.79,-4.96,-4.96,-0.09,-0.09,-0.09,327,407,423,430,322
5.05,-3.85,-3.85,-0.01,-0.01,-0.01,327,407,423,430,322
4.35,-3.65,-3.65,0.10,0.10,0.10,326,407,423,430,322
6.63,-4.08,-4.08,0.01,0.01,0.01,326,407,423,430,322
7.13,-3.55,-3.55,0.01,0.01,0.01,326,407,423,430,322
8.25,-3.78,-3.78,0.04,0.04,0.04,326,407,423,430,322
8.43,-3.47,-3.47,0.04,0.04,0.04,326,407,423,430,322
8.59,-3.40,-3.40,-0.02,-0.02,-0.02,326,407,423,430,323
END
8.84,-3.55,-3.55,0.05,0.05,0.05,326,407,422,429,322
2.10,-6.02,-6.02,0.06,0.06,0.06,327,407,422,429,321
1.29,-5.56,-5.56,-0.03,-0.03,-0.03,327,406,422,429,322
2.17,-5.16,-5.16,-0.04,-0.04,-0.04,327,407,422,429,322
3.85,-4.94,-4.94,-0.02,-0.02,-0.02,327,407,422,429,322
5.95,-4.85,-4.85,-0.02,-0.02,-0.02,326,408,423,429,323
5.79,-4.84,-4.84,-0.01,-0.01,-0.01,326,408,423,429,323
6.05,-4.31,-4.31,0.07,0.07,0.07,326,408,423,429,323
8.15,-4.24,-4.24,-0.05,-0.05,-0.05,326,409,424,430,323
8.19,-3.73,-3.73,-0.04,-0.04,-0.04,326,409,424,430,323
7.39,-3.58,-3.58,0.11,0.11,0.11,326,409,424,430,323
END
8.56,-3.97,-3.97,-0.01,-0.01,-0.01,327,408,421,428,321
0.73,-5.43,-5.43,0.05,0.05,0.05,327,408,421,427,321
1.67,-5.24,-5.24,0.06,0.06,0.06,327,408,422,428,321
1.77,-5.34,-5.34,0.04,0.04,0.04,327,408,421,428,322
6.30,-4.91,-4.91,-0.11,-0.11,-0.11,327,407,422,428,322
7.31,-4.13,-4.13,-0.11,-0.11,-0.11,327,408,422,428,321
5.81,-3.72,-3.72,0.03,0.03,0.03,326,408,422,428,322
9.96,-3.69,-3.69,-0.18,-0.18,-0.18,327,408,422,428,322
7.37,-4.24,-4.24,0.09,0.09,0.09,326,408,422,428,322
9.05,-3.25,-3.25,-0.04,-0.04,-0.04,326,408,422,428,322
7.80,-3.21,-3.21,0.05,0.05,0.05,326,408,422,428,322
END
9.06,-3.29,-3.29,0.04,0.04,0.04,327,407,422,428,322
1.45,-5.72,-5.72,0.00,0.00,0.00,327,407,422,428,322
1.47,-5.39,-5.39,0.02,0.02,0.02,327,407,422,428,322
2.48,-5.02,-5.02,-0.01,-0.01,-0.01,327,407,422,428,322
3.37,-4.94,-4.94,-0.02,-0.02,-0.02,327,407,422,428,322
4.69,-4.13,-4.13,-0.04,-0.04,-0.04,327,408,422,428,322
5.79,-4.05,-4.05,0.01,0.01,0.01,327,407,422,428,322
6.71,-3.95,-3.95,0.04,0.04,0.04,326,408,423,429,322
7.52,-3.99,-3.99,0.01,0.01,0.01,326,408,423,430,322
7.65,-3.93,-3.93,0.03,0.03,0.03,326,408,423,430,322
8.93,-3.85,-3.85,0.03,0.03,0.03,326,408,423,429,323
END
8.74,-3.48,-3.48,-0.02,-0.02,-0.02,327,407,422,428,322
0.38,-5.97,-5.97,0.02,0.02,0.02,327,407,422,428,322
1.01,-5.53,-5.53,-0.06,-0.06,-0.06,327,407,422,428,322
1.23,-4.90,-4.90,0.02,0.02,0.02,327,407,422,428,322
4.29,-4.67,-4.67,-0.01,-0.01,-0.01,327,407,422,428,325
5.30,-4.72,-4.72,-0.10,-0.10,-0.10,326,408,422,429,325
6.06,-3.91,-3.91,0.08,0.08,0.08,326,408,422,428,324
7.26,-3.52,-3.52,0.04,0.04,0.04,326,408,422,428,325
8.74,-4.02,-4.02,0.02,0.02,0.02,326,408,422,428,326
8.62,-3.08,-3.08,0.01,0.01,0.01,326,408,422,428,325
8.86,-2.94,-2.94,0.04,0.04,0.04,326,408,422,428,326
END
8.13,-3.01,-3.01,0.03,0.03,0.03,327,407,421,427,323
1.44,-5.20,-5.20,-0.00,-0.00,-0.00,328,407,421,427,323
2.99,-4.69,-4.69,0.04,0.04,0.04,327,407,421,427,324
3.73,-5.11,-5.11,-0.01,-0.01,-0.01,327,407,421,427,326
5.61,-4.88,-4.88,-0.02,-0.02,-0.02,327,407,421,428,325
4.66,-4.76,-4.76,0.11,0.11,0.11,327,407,421,428,325
5.91,-4.52,-4.52,0.07,0.07,0.07,327,408,421,428,325
6.12,-4.95,-4.95,0.08,0.08,0.08,327,408,421,427,325
8.48,-3.73,-3.73,0.09,0.09,0.09,327,408,421,427,325
8.18,-4.11,-4.11,0.04,0.04,0.04,327,408,422,428,325
9.52,-4.21,-4.21,-0.01,-0.01,-0.01,327,408,421,428,325
END
8.22,-3.80,-3.80,0.03,0.03,0.03,327,407,421,427,323
2.24,-5.31,-5.31,-0.08,-0.08,-0.08,327,407,421,427,323
3.91,-4.82,-4.82,-0.05,-0.05,-0.05,327,407,421,427,323
3.22,-4.90,-4.90,-0.05,-0.05,-0.05,327,407,421,427,324
5.20,-4.74,-4.74,-0.18,-0.18,-0.18,327,407,421,427,325
4.69,-4.41,-4.41,0.10,0.10,0.10,326,407,421,427,325
6.12,-3.95,-3.95,0.06,0.06,0.06,326,407,421,427,325
7.49,-3.49,-3.49,0.00,0.00,0.00,326,407,421,427,325
8.26,-3.75,-3.75,-0.00,-0.00,-0.00,326,407,421,427,325
8.61,-3.36,-3.36,0.01,0.01,0.01,327,407,421,427,325
9.24,-3.64,-3.64,0.03,0.03,0.03,326,407,421,427,325
END
8.92,-3.19,-3.19,0.04,0.04,0.04,327,406,420,426,323
0.75,-5.66,-5.66,-0.01,-0.01,-0.01,328,406,420,426,324
0.67,-4.92,-4.92,-0.00,-0.00,-0.00,328,406,420,426,324
2.31,-4.68,-4.68,0.05,0.05,0.05,328,406,420,426,323
4.69,-4.82,-4.82,0.07,0.07,0.07,328,406,420,427,324
5.84,-4.11,-4.11,0.15,0.15,0.15,328,406,420,426,324
7.08,-3.60,-3.60,0.12,0.12,0.12,328,406,420,426,324
8.79,-3.87,-3.87,0.05,0.05,0.05,327,406,420,426,324
8.87,-3.79,-3.79,-0.01,-0.01,-0.01,327,406,421,426,324
9.26,-3.57,-3.57,0.08,0.08,0.08,327,406,421,426,324
9.86,-3.36,-3.36,0.02,0.02,0.02,326,406,421,426,324
END
8.51,-3.32,-3.32,0.04,0.04,0.04,328,406,420,426,323
0.93,-5.16,-5.16,-0.07,-0.07,-0.07,328,406,420,426,323
2.87,-4.88,-4.88,0.02,0.02,0.02,328,405,420,426,323
4.83,-4.98,-4.98,0.03,0.03,0.03,328,406,421,427,323
5.15,-5.02,-5.02,0.07,0.07,0.07,328,406,421,427,323
6.04,-4.87,-4.87,0.03,0.03,0.03,328,407,421,428,323
7.57,-4.62,-4.62,0.01,0.01,0.01,328,407,421,429,324
7.40,-4.36,-4.36,0.05,0.05,0.05,328,407,422,429,323
8.87,-3.98,-3.98,0.01,0.01,0.01,328,407,422,429,324
8.88,-3.63,-3.63,-0.01,-0.01,-0.01,328,407,422,429,324
9.55,-4.01,-4.01,0.03,0.03,0.03,328,407,421,429,326
END
8.89,-3.24,-3.24,0.01,0.01,0.01,329,406,421,428,325
0.37,-5.34,-5.34,0.03,0.03,0.03,329,406,421,428,324
2.61,-4.92,-4.92,0.05,0.05,0.05,330,406,421,428,325
6.19,-4.82,-4.82,-0.05,-0.05,-0.05,329,406,421,428,325
6.60,-4.92,-4.92,-0.03,-0.03,-0.03,329,406,421,428,325
8.51,-3.86,-3.86,-0.08,-0.08,-0.08,329,406,421,428,325
8.62,-3.90,-3.90,0.11,0.11,0.11,329,405,421,428,325
9.82,-3.82,-3.82,-0.04,-0.04,-0.04,329,405,421,428,325
8.20,-2.89,-2.89,0.01,0.01,0.01,328,405,421,428,325
6.40,-3.34,-3.34,0.16,0.16,0.16,329,405,421,428,325
10.44,-2.85,-2.85,-0.05,-0.05,-0.05,329,405,421,428,325
END
