2.68,-7.12,-7.12,0.03,0.03,0.03,336,414,430,487,330
2.33,-6.91,-6.91,0.04,0.04,0.04,336,416,429,487,330
2.25,-6.91,-6.91,0.01,0.01,0.01,336,415,429,486,330
1.83,-6.17,-6.17,0.14,0.14,0.14,336,420,430,486,330
6.18,-5.56,-5.56,-0.03,-0.03,-0.03,336,418,429,484,331
8.42,-5.08,-5.08,0.08,0.08,0.08,336,421,428,482,331
8.70,-4.48,-4.48,-0.06,-0.06,-0.06,336,419,427,480,330
9.81,-4.90,-4.90,0.07,0.07,0.07,336,419,427,480,331
8.28,-4.58,-4.58,0.05,0.05,0.05,336,419,427,480,331
8.30,-4.43,-4.43,0.02,0.02,0.02,336,418,427,479,331
7.89,-5.13,-5.13,0.07,0.07,0.07,336,418,427,480,331
END
8.49,-4.55,-4.55,0.01,0.01,0.01,336,419,426,480,329
1.35,-7.29,-7.29,0.02,0.02,0.02,336,419,426,480,329
-1.91,-6.37,-6.37,0.03,0.03,0.03,335,419,426,480,329
3.42,-6.83,-6.83,0.05,0.05,0.05,336,419,426,479,329
4.32,-6.37,-6.37,-0.04,-0.04,-0.04,336,419,426,479,329
6.22,-5.76,-5.76,-0.05,-0.05,-0.05,336,419,426,479,329
7.06,-4.59,-4.59,0.02,0.02,0.02,336,419,426,478,329
7.92,-4.22,-4.22,0.03,0.03,0.03,336,419,426,478,329
8.33,-3.92,-3.92,0.04,0.04,0.04,336,418,426,478,329
8.40,-3.73,-3.73,0.04,0.04,0.04,336,418,425,478,329
8.80,-3.71,-3.71,0.02,0.02,0.02,336,418,426,477,329
END
8.84,-3.68,-3.68,0.05,0.05,0.05,336,419,425,477,329
0.45,-6.65,-6.65,0.07,0.07,0.07,336,419,425,477,329
-0.52,-6.17,-6.17,0.11,0.11,0.11,336,419,425,477,328
3.57,-5.66,-5.66,0.02,0.02,0.02,336,419,425,476,329
5.26,-5.61,-5.61,0.02,0.02,0.02,336,418,425,476,329
6.13,-4.78,-4.78,0.07,0.07,0.07,336,418,425,476,329
9.49,-5.32,-5.32,-0.00,-0.00,-0.00,336,417,425,476,329
7.93,-4.62,-4.62,0.04,0.04,0.04,336,417,425,475,329
7.80,-4.38,-4.38,0.05,0.05,0.05,336,416,424,475,329
8.71,-4.64,-4.64,0.03,0.03,0.03,336,416,423,475,329
8.56,-4.57,-4.57,0.01,0.01,0.01,336,416,425,475,329
END
8.31,-4.47,-4.47,0.04,0.04,0.04,336,417,424,474,328
-0.90,-5.59,-5.59,0.02,0.02,0.02,336,417,424,474,327
2.49,-6.75,-6.75,-0.07,-0.07,-0.07,336,417,424,474,328
2.28,-4.94,-4.94,-0.01,-0.01,-0.01,336,417,424,474,328
4.22,-5.18,-5.18,0.07,0.07,0.07,336,417,424,474,328
5.05,-5.18,-5.18,0.00,0.00,0.00,336,416,424,474,328
6.93,-5.20,-5.20,0.11,0.11,0.11,336,416,423,474,328
6.50,-4.48,-4.48,0.03,0.03,0.03,336,416,424,474,328
7.42,-4.40,-4.40,0.04,0.04,0.04,336,416,424,474,328
8.69,-4.29,-4.29,0.08,0.08,0.08,336,416,424,474,328
8.97,-4.17,-4.17,0.05,0.05,0.05,335,416,424,474,328
END
7.97,-3.99,-3.99,0.03,0.03,0.03,335,415,422,471,325
-0.67,-5.92,-5.92,0.02,0.02,0.02,335,415,422,471,324
-1.73,-6.22,-6.22,0.06,0.06,0.06,334,416,421,471,324
2.48,-6.10,-6.10,0.06,0.06,0.06,334,416,423,471,324
3.86,-5.94,-5.94,-0.11,-0.11,-0.11,334,416,422,471,324
4.73,-5.20,-5.20,0.03,0.03,0.03,334,416,422,471,323
5.13,-4.93,-4.93,0.16,0.16,0.16,334,415,422,471,325
6.83,-4.80,-4.80,0.09,0.09,0.09,334,415,422,471,325
8.48,-4.65,-4.65,0.11,0.11,0.11,334,415,422,471,325
8.02,-4.58,-4.58,0.02,0.02,0.02,334,415,422,471,325
7.79,-4.18,-4.18,0.08,0.08,0.08,334,415,422,471,325
END
7.87,-4.15,-4.15,0.05,0.05,0.05,334,415,422,470,324
-1.46,-5.63,-5.63,0.01,0.01,0.01,334,415,422,470,325
-0.31,-5.49,-5.49,0.09,0.09,0.09,334,415,422,470,324
2.40,-5.52,-5.52,0.05,0.05,0.05,334,415,422,471,324
1.18,-5.09,-5.09,0.03,0.03,0.03,334,414,422,470,324
5.42,-4.70,-4.70,-0.02,-0.02,-0.02,334,415,422,470,325
6.86,-4.54,-4.54,0.05,0.05,0.05,334,415,422,471,324
7.16,-3.98,-3.98,0.08,0.08,0.08,334,415,422,470,324
8.06,-4.16,-4.16,0.01,0.01,0.01,334,414,422,470,324
8.36,-3.61,-3.61,0.04,0.04,0.04,334,414,422,470,324
8.46,-3.50,-3.50,0.05,0.05,0.05,334,414,421,470,324
END
7.77,-3.68,-3.68,0.06,0.06,0.06,334,414,420,469,324
-0.91,-6.37,-6.37,0.04,0.04,0.04,334,414,421,469,324
-2.06,-5.45,-5.45,0.16,0.16,0.16,334,414,421,469,324
1.52,-6.29,-6.29,0.09,0.09,0.09,334,414,421,470,324
2.77,-6.32,-6.32,0.09,0.09,0.09,334,415,421,470,324
4.03,-6.02,-6.02,0.08,0.08,0.08,334,414,421,470,324
5.15,-6.08,-6.08,0.11,0.11,0.11,334,415,421,470,324
6.61,-5.86,-5.86,0.09,0.09,0.09,334,414,421,470,324
7.35,-5.69,-5.69,-0.10,-0.10,-0.10,334,414,421,470,324
8.16,-4.30,-4.30,0.07,0.07,0.07,334,414,421,470,324
8.69,-4.87,-4.87,0.07,0.07,0.07,334,414,421,470,324
END
8.20,-4.80,-4.80,0.03,0.03,0.03,334,415,421,471,324
0.03,-6.66,-6.66,0.06,0.06,0.06,334,414,421,470,324
-1.15,-6.24,-6.24,0.01,0.01,0.01,334,415,421,470,323
2.00,-6.07,-6.07,-0.03,-0.03,-0.03,335,414,421,470,323
3.88,-5.68,-5.68,-0.00,-0.00,-0.00,334,414,421,470,324
6.41,-5.06,-5.06,0.06,0.06,0.06,334,414,421,470,324
7.81,-4.86,-4.86,-0.01,-0.01,-0.01,334,414,421,470,324
7.87,-4.60,-4.60,0.03,0.03,0.03,334,414,421,470,324
8.30,-3.87,-3.87,-0.03,-0.03,-0.03,334,413,421,470,324
9.25,-3.40,-3.40,0.06,0.06,0.06,334,413,421,470,324
9.16,-3.35,-3.35,0.01,0.01,0.01,334,414,421,470,324
END
8.86,-2.97,-2.97,0.05,0.05,0.05,334,413,420,468,324
0.11,-6.84,-6.84,-0.03,-0.03,-0.03,335,413,420,468,324
-0.93,-6.09,-6.09,0.11,0.11,0.11,334,413,420,469,323
2.48,-6.31,-6.31,0.03,0.03,0.03,334,413,420,469,323
4.03,-6.04,-6.04,0.06,0.06,0.06,334,412,420,469,323
5.74,-5.82,-5.82,0.10,0.10,0.10,334,413,420,469,323
7.95,-5.22,-5.22,-0.05,-0.05,-0.05,334,412,419,469,323
8.82,-4.12,-4.12,0.01,0.01,0.01,334,411,420,469,324
8.35,-4.72,-4.72,-0.00,-0.00,-0.00,334,411,420,469,324
8.39,-4.63,-4.63,0.01,0.01,0.01,334,411,420,469,324
8.19,-4.24,-4.24,0.03,0.03,0.03,334,411,420,469,323
END
8.17,-4.64,-4.64,0.02,0.02,0.02,335,411,420,468,325
-0.61,-6.80,-6.80,0.04,0.04,0.04,335,411,419,467,325
-3.85,-5.42,-5.42,-0.02,-0.02,-0.02,335,411,419,467,325
2.40,-6.63,-6.63,0.00,0.00,0.00,335,411,419,468,325
3.21,-5.64,-5.64,0.08,0.08,0.08,335,411,420,468,325
4.01,-5.35,-5.35,0.12,0.12,0.12,335,411,420,468,325
5.71,-5.19,-5.19,0.09,0.09,0.09,335,411,419,468,325
7.91,-3.83,-3.83,0.12,0.12,0.12,335,411,420,468,325
8.10,-4.22,-4.22,0.08,0.08,0.08,335,411,419,469,325
9.13,-4.12,-4.12,0.03,0.03,0.03,335,411,420,469,325
8.65,-3.91,-3.91,0.05,0.05,0.05,335,411,420,469,325
END
8.56,-3.89,-3.89,0.06,0.06,0.06,335,412,419,468,324
-0.47,-6.75,-6.75,-0.03,-0.03,-0.03,335,412,419,468,324
1.65,-5.16,-5.16,0.01,0.01,0.01,335,412,420,469,324
5.03,-4.47,-4.47,0.02,0.02,0.02,335,412,420,470,324
5.94,-4.54,-4.54,-0.06,-0.06,-0.06,335,412,420,470,325
8.23,-3.75,-3.75,-0.12,-0.12,-0.12,335,411,420,470,324
8.64,-3.33,-3.33,-0.07,-0.07,-0.07,335,411,419,469,325
9.64,-2.93,-2.93,-0.03,-0.03,-0.03,335,411,420,469,325
8.93,-2.33,-2.33,0.00,0.00,0.00,335,411,419,469,325
9.01,-2.76,-2.76,0.06,0.06,0.06,335,410,419,469,325
8.45,-2.54,-2.54,0.05,0.05,0.05,335,410,419,469,325
END
9.07,-2.67,-2.67,0.04,0.04,0.04,336,411,419,468,324
0.24,-6.11,-6.11,-0.05,-0.05,-0.05,336,411,419,468,324
0.31,-5.71,-5.71,0.08,0.08,0.08,336,411,419,468,324
0.65,-6.00,-6.00,0.08,0.08,0.08,336,411,419,468,323
4.65,-5.77,-5.77,0.09,0.09,0.09,335,411,419,468,323
7.82,-5.71,-5.71,-0.06,-0.06,-0.06,335,411,419,468,323
8.05,-4.27,-4.27,-0.07,-0.07,-0.07,335,410,419,468,323
9.52,-3.24,-3.24,-0.10,-0.10,-0.10,335,410,419,468,323
8.33,-3.44,-3.44,0.04,0.04,0.04,335,410,419,468,323
9.78,-3.06,-3.06,-0.01,-0.01,-0.01,335,410,419,468,323
9.02,-3.01,-3.01,0.02,0.02,0.02,335,410,419,468,323
END
9.01,-3.16,-3.16,0.04,0.04,0.04,336,411,419,466,323
-0.53,-6.59,-6.59,0.00,0.00,0.00,336,411,419,467,323
-1.69,-5.44,-5.44,0.03,0.03,0.03,336,411,419,467,323
2.14,-5.50,-5.50,0.01,0.01,0.01,336,410,419,468,323
4.89,-5.20,-5.20,-0.01,-0.01,-0.01,336,410,419,468,323
4.77,-4.80,-4.80,0.06,0.06,0.06,335,410,418,468,323
7.54,-4.54,-4.54,0.10,0.10,0.10,336,410,419,468,324
7.69,-3.88,-3.88,0.04,0.04,0.04,335,409,418,467,323
8.56,-3.38,-3.38,0.02,0.02,0.02,335,409,419,467,324
9.63,-3.38,-3.38,0.03,0.03,0.03,335,409,418,468,324
9.14,-3.05,-3.05,0.02,0.02,0.02,335,409,418,467,324
END
8.81,-3.27,-3.27,0.05,0.05,0.05,336,410,418,466,324
0.15,-6.38,-6.38,0.12,0.12,0.12,336,410,418,466,324
0.88,-6.99,-6.99,0.00,0.00,0.00,336,410,418,467,323
4.92,-6.14,-6.14,-0.13,-0.13,-0.13,336,410,419,467,323
4.79,-5.21,-5.21,0.09,0.09,0.09,336,410,418,467,323
7.22,-4.52,-4.52,0.06,0.06,0.06,336,409,419,467,324
7.98,-4.37,-4.37,0.12,0.12,0.12,336,409,418,467,324
8.94,-4.09,-4.09,0.11,0.11,0.11,336,409,418,467,324
9.38,-3.88,-3.88,0.09,0.09,0.09,336,409,418,467,324
8.79,-4.03,-4.03,0.01,0.01,0.01,336,409,418,467,323
8.71,-3.88,-3.88,0.02,0.02,0.02,336,409,418,467,323
END
8.75,-3.93,-3.93,0.04,0.04,0.04,336,409,418,465,323
-1.78,-5.93,-5.93,0.05,0.05,0.05,336,408,417,464,323
-2.65,-5.79,-5.79,-0.02,-0.02,-0.02,337,409,417,465,323
2.12,-5.50,-5.50,0.05,0.05,0.05,336,409,418,465,323
3.42,-5.13,-5.13,0.04,0.04,0.04,336,409,418,465,323
4.36,-5.25,-5.25,0.12,0.12,0.12,336,409,418,466,323
6.73,-4.66,-4.66,0.04,0.04,0.04,336,408,418,466,323
7.79,-3.78,-3.78,0.16,0.16,0.16,336,408,417,466,323
8.71,-3.60,-3.60,0.09,0.09,0.09,336,408,417,466,323
9.41,-3.71,-3.71,0.04,0.04,0.04,335,408,418,466,323
9.05,-3.26,-3.26,0.01,0.01,0.01,336,408,417,466,323
END
9.43,-3.24,-3.24,0.03,0.03,0.03,336,408,417,464,323
-2.12,-6.02,-6.02,0.05,0.05,0.05,336,408,417,464,323
3.82,-7.47,-7.47,-0.03,-0.03,-0.03,338,409,417,465,323
4.16,-5.67,-5.67,0.07,0.07,0.07,336,409,418,466,323
5.63,-5.22,-5.22,-0.04,-0.04,-0.04,336,409,418,467,323
8.08,-5.23,-5.23,0.06,0.06,0.06,335,408,417,467,323
8.55,-4.32,-4.32,0.08,0.08,0.08,336,408,418,467,323
8.75,-3.52,-3.52,0.03,0.03,0.03,335,408,418,467,323
8.65,-3.75,-3.75,0.04,0.04,0.04,335,408,417,467,323
8.60,-3.61,-3.61,0.01,0.01,0.01,335,408,417,467,323
8.69,-3.54,-3.54,0.02,0.02,0.02,335,408,418,466,323
END
8.61,-3.75,-3.75,0.02,0.02,0.02,336,408,417,464,323
-1.17,-6.43,-6.43,0.05,0.05,0.05,336,407,417,464,323
-1.57,-5.22,-5.22,0.06,0.06,0.06,336,408,417,464,323
2.10,-5.36,-5.36,-0.12,-0.12,-0.12,336,408,417,464,323
4.29,-4.82,-4.82,0.03,0.03,0.03,336,408,417,465,323
5.78,-4.65,-4.65,0.19,0.19,0.19,336,408,417,465,323
5.76,-4.62,-4.62,0.10,0.10,0.10,336,408,417,466,323
8.46,-3.78,-3.78,0.02,0.02,0.02,336,408,417,466,323
8.97,-3.27,-3.27,-0.05,-0.05,-0.05,336,408,417,465,323
8.80,-2.91,-2.91,0.06,0.06,0.06,336,408,417,465,323
9.38,-3.49,-3.49,0.06,0.06,0.06,336,408,417,465,323
END
8.87,-2.85,-2.85,0.00,0.00,0.00,336,407,416,464,323
1.92,-6.11,-6.11,-0.07,-0.07,-0.07,336,407,416,464,323
0.94,-5.23,-5.23,-0.16,-0.16,-0.16,336,407,417,464,323
3.41,-4.41,-4.41,0.14,0.14,0.14,336,407,416,464,323
8.57,-4.01,-4.01,-0.28,-0.28,-0.28,336,407,416,464,323
6.53,-4.36,-4.36,0.04,0.04,0.04,336,407,416,464,323
7.49,-4.13,-4.13,0.12,0.12,0.12,336,407,416,465,323
8.65,-3.85,-3.85,-0.00,-0.00,-0.00,336,406,416,464,323
8.77,-3.20,-3.20,0.06,0.06,0.06,336,406,416,464,323
8.97,-3.21,-3.21,0.03,0.03,0.03,336,406,416,464,323
8.92,-3.24,-3.24,0.03,0.03,0.03,336,406,416,465,323
END
8.83,-3.63,-3.63,0.01,0.01,0.01,336,406,416,464,324
-2.69,-5.08,-5.08,0.10,0.10,0.10,336,405,416,464,323
0.15,-7.18,-7.18,0.01,0.01,0.01,337,406,416,464,323
1.70,-5.46,-5.46,-0.04,-0.04,-0.04,336,406,416,464,323
4.94,-5.03,-5.03,-0.09,-0.09,-0.09,336,406,416,465,323
7.54,-4.59,-4.59,-0.09,-0.09,-0.09,336,406,416,465,323
7.77,-4.06,-4.06,0.02,0.02,0.02,336,406,416,464,323
7.42,-3.37,-3.37,-0.07,-0.07,-0.07,336,406,416,464,323
7.73,-3.40,-3.40,0.10,0.10,0.10,336,406,416,464,323
9.36,-3.14,-3.14,0.07,0.07,0.07,336,406,416,464,323
8.82,-3.13,-3.13,0.03,0.03,0.03,336,406,416,464,323
END
4.62,-6.69,-6.69,0.04,0.04,0.04,336,427,415,451,333
3.68,-6.46,-6.46,0.03,0.03,0.03,336,427,416,451,333
4.40,-6.89,-6.89,0.05,0.05,0.05,336,427,415,451,333
3.30,-5.50,-5.50,-0.17,-0.17,-0.17,336,425,414,451,333
7.66,-3.93,-3.93,-0.21,-0.21,-0.21,336,426,414,451,333
6.27,-3.32,-3.32,-0.03,-0.03,-0.03,336,425,413,451,333
8.29,-3.07,-3.07,-0.05,-0.05,-0.05,336,424,413,450,333
11.32,-2.88,-2.88,-0.08,-0.08,-0.08,336,424,413,450,333
9.08,-2.60,-2.60,0.03,0.03,0.03,336,424,412,450,333
9.22,-2.63,-2.63,0.05,0.05,0.05,336,423,412,449,333
9.22,-2.56,-2.56,0.02,0.02,0.02,336,423,412,449,333
END
8.99,-2.74,-2.74,0.03,0.03,0.03,337,423,411,448,331
1.73,-5.97,-5.97,0.02,0.02,0.02,337,423,410,448,331
2.54,-5.92,-5.92,-0.22,-0.22,-0.22,338,424,410,448,331
3.29,-5.43,-5.43,0.00,0.00,0.00,337,423,411,448,331
5.11,-4.26,-4.26,-0.04,-0.04,-0.04,337,423,410,448,331
5.72,-3.90,-3.90,0.11,0.11,0.11,337,422,409,446,331
7.82,-3.38,-3.38,0.13,0.13,0.13,337,422,410,447,331
9.84,-3.16,-3.16,-0.08,-0.08,-0.08,337,422,410,447,331
9.05,-3.36,-3.36,0.08,0.08,0.08,337,422,409,447,331
8.51,-3.56,-3.56,0.05,0.05,0.05,337,422,409,446,331
9.40,-3.00,-3.00,0.01,0.01,0.01,337,421,412,446,331
END
9.11,-3.16,-3.16,0.03,0.03,0.03,337,420,407,443,340
0.69,-6.72,-6.72,0.01,0.01,0.01,337,420,408,442,340
-2.60,-6.67,-6.67,-0.06,-0.06,-0.06,337,420,408,443,338
5.02,-4.73,-4.73,-0.14,-0.14,-0.14,337,420,407,442,339
6.52,-3.85,-3.85,-0.33,-0.33,-0.33,337,420,407,442,339
7.34,-4.26,-4.26,-0.15,-0.15,-0.15,337,420,407,442,338
8.38,-3.32,-3.32,0.01,0.01,0.01,336,420,407,442,338
8.87,-3.10,-3.10,-0.01,-0.01,-0.01,336,420,407,442,337
9.53,-2.50,-2.50,0.10,0.10,0.10,336,420,407,442,338
8.77,-2.44,-2.44,0.03,0.03,0.03,336,420,407,441,337
9.25,-2.52,-2.52,0.02,0.02,0.02,336,420,407,441,337
END
8.99,-2.43,-2.43,0.05,0.05,0.05,345,432,425,465,338
-0.94,-5.43,-5.43,0.13,0.13,0.13,349,435,427,471,339
1.34,-5.81,-5.81,0.13,0.13,0.13,341,434,425,466,340
4.67,-6.08,-6.08,0.18,0.18,0.18,339,436,428,467,364
6.76,-5.53,-5.53,-0.21,-0.21,-0.21,339,434,426,466,359
8.51,-4.19,-4.19,-0.16,-0.16,-0.16,338,433,425,465,357
10.80,-3.47,-3.47,0.02,0.02,0.02,338,432,424,464,356
9.15,-3.70,-3.70,0.04,0.04,0.04,338,432,424,464,356
8.52,-3.37,-3.37,0.06,0.06,0.06,338,432,424,464,355
8.59,-3.58,-3.58,0.04,0.04,0.04,338,431,424,464,355
8.50,-3.45,-3.45,0.03,0.03,0.03,338,431,424,464,355
END
8.49,-3.54,-3.54,0.09,0.09,0.09,339,429,426,474,344
-1.00,-6.08,-6.08,-0.14,-0.14,-0.14,339,429,426,474,343
0.27,-4.77,-4.77,0.13,0.13,0.13,339,429,426,474,342
3.55,-5.90,-5.90,-0.08,-0.08,-0.08,338,429,425,474,343
5.08,-4.17,-4.17,-0.08,-0.08,-0.08,338,429,425,474,343
7.63,-3.19,-3.19,-0.02,-0.02,-0.02,338,429,425,474,343
8.79,-2.81,-2.81,-0.03,-0.03,-0.03,338,428,425,474,343
9.47,-2.37,-2.37,0.05,0.05,0.05,338,428,425,473,343
9.42,-2.73,-2.73,0.04,0.04,0.04,338,428,424,474,343
8.86,-2.43,-2.43,0.03,0.03,0.03,338,428,424,473,343
8.69,-2.35,-2.35,0.04,0.04,0.04,338,428,424,473,344
END
8.75,-2.34,-2.34,0.04,0.04,0.04,338,427,423,472,341
0.55,-5.49,-5.49,0.00,0.00,0.00,338,427,423,471,342
0.81,-5.39,-5.39,-0.08,-0.08,-0.08,338,426,423,471,342
2.33,-4.82,-4.82,-0.04,-0.04,-0.04,338,427,422,471,342
3.45,-4.15,-4.15,-0.21,-0.21,-0.21,338,426,422,471,342
5.61,-3.95,-3.95,-0.29,-0.29,-0.29,338,427,422,471,342
5.65,-3.70,-3.70,-0.09,-0.09,-0.09,337,426,422,471,342
7.42,-2.76,-2.76,-0.09,-0.09,-0.09,337,426,422,470,342
9.10,-2.50,-2.50,0.06,0.06,0.06,337,426,422,470,342
9.63,-1.97,-1.97,-0.04,-0.04,-0.04,337,426,422,470,342
8.91,-2.00,-2.00,0.01,0.01,0.01,337,426,422,470,342
END
9.18,-2.22,-2.22,0.04,0.04,0.04,338,425,421,469,339
-1.06,-5.71,-5.71,0.01,0.01,0.01,338,424,421,469,339
0.80,-5.76,-5.76,-0.01,-0.01,-0.01,338,424,421,469,339
1.12,-5.14,-5.14,-0.10,-0.10,-0.10,338,424,420,470,339
3.28,-5.06,-5.06,0.02,0.02,0.02,338,424,420,470,339
2.73,-4.65,-4.65,-0.07,-0.07,-0.07,338,424,420,470,339
5.15,-4.56,-4.56,0.13,0.13,0.13,338,424,420,470,339
6.30,-3.93,-3.93,0.08,0.08,0.08,337,424,419,470,339
5.74,-4.36,-4.36,0.06,0.06,0.06,337,424,420,470,339
7.44,-3.72,-3.72,0.03,0.03,0.03,337,424,420,469,340
7.14,-3.19,-3.19,0.01,0.01,0.01,337,424,419,469,340
END
9.94,-2.61,-2.61,-0.02,-0.02,-0.02,337,422,420,468,337
-1.21,-5.24,-5.24,0.05,0.05,0.05,337,423,419,468,337
-2.99,-5.45,-5.45,-0.01,-0.01,-0.01,336,422,419,468,337
2.97,-4.80,-4.80,-0.46,-0.46,-0.46,337,422,419,468,337
3.70,-3.09,-3.09,0.31,0.31,0.31,337,423,419,468,337
5.74,-3.54,-3.54,0.05,0.05,0.05,337,423,419,468,337
5.10,-3.66,-3.66,0.14,0.14,0.14,337,423,419,468,337
7.45,-3.23,-3.23,0.15,0.15,0.15,337,423,419,468,337
7.77,-2.94,-2.94,0.08,0.08,0.08,337,423,419,467,337
8.84,-3.01,-3.01,0.04,0.04,0.04,337,423,419,467,337
8.58,-2.93,-2.93,0.09,0.09,0.09,337,423,419,467,337
END
8.66,-3.10,-3.10,0.03,0.03,0.03,337,422,419,467,335
-1.00,-5.85,-5.85,-0.03,-0.03,-0.03,337,422,419,467,335
-3.79,-4.80,-4.80,0.28,0.28,0.28,337,422,419,467,335
-0.16,-5.38,-5.38,0.25,0.25,0.25,337,422,418,467,335
2.81,-4.95,-4.95,0.08,0.08,0.08,337,422,418,467,335
3.00,-4.28,-4.28,0.25,0.25,0.25,337,422,418,466,335
5.85,-4.39,-4.39,0.06,0.06,0.06,337,422,419,467,335
6.78,-4.29,-4.29,0.07,0.07,0.07,337,422,418,467,336
7.97,-3.72,-3.72,0.02,0.02,0.02,337,422,418,467,335
8.62,-3.38,-3.38,0.07,0.07,0.07,337,422,418,467,335
9.09,-3.29,-3.29,0.03,0.03,0.03,337,422,418,466,336
END
8.73,-2.73,-2.73,0.05,0.05,0.05,337,422,418,466,335
-0.15,-5.94,-5.94,0.02,0.02,0.02,337,421,417,466,335
-0.04,-5.02,-5.02,0.01,0.01,0.01,337,421,417,466,335
3.42,-4.48,-4.48,0.01,0.01,0.01,337,421,417,466,335
4.23,-3.82,-3.82,-0.08,-0.08,-0.08,337,421,417,466,335
6.88,-3.84,-3.84,-0.09,-0.09,-0.09,337,421,417,466,335
6.69,-3.82,-3.82,-0.19,-0.19,-0.19,337,422,417,466,335
7.72,-3.21,-3.21,-0.05,-0.05,-0.05,338,421,417,466,334
8.54,-2.90,-2.90,-0.09,-0.09,-0.09,338,421,417,466,334
8.98,-2.95,-2.95,-0.06,-0.06,-0.06,338,421,417,466,334
9.81,-2.65,-2.65,0.01,0.01,0.01,337,421,417,466,333
END
8.43,-2.53,-2.53,0.03,0.03,0.03,337,421,417,465,333
-0.41,-6.22,-6.22,0.02,0.02,0.02,337,421,416,465,333
-1.44,-5.38,-5.38,-0.13,-0.13,-0.13,338,421,416,465,332
1.84,-5.15,-5.15,0.03,0.03,0.03,338,421,417,465,332
3.83,-4.97,-4.97,0.03,0.03,0.03,338,421,417,465,333
5.08,-5.23,-5.23,-0.07,-0.07,-0.07,338,421,416,465,333
8.18,-4.27,-4.27,-0.14,-0.14,-0.14,337,421,417,465,333
7.19,-3.92,-3.92,0.04,0.04,0.04,338,421,417,465,332
8.42,-3.71,-3.71,0.05,0.05,0.05,338,421,416,465,333
9.09,-3.59,-3.59,-0.01,-0.01,-0.01,338,421,416,465,333
9.31,-3.07,-3.07,-0.02,-0.02,-0.02,338,421,416,465,333
END
9.10,-3.09,-3.09,0.00,0.00,0.00,338,419,416,464,331
-2.15,-6.12,-6.12,0.24,0.24,0.24,338,420,416,464,331
0.68,-7.05,-7.05,-0.14,-0.14,-0.14,339,420,416,464,331
1.68,-4.89,-4.89,-0.07,-0.07,-0.07,339,421,417,464,330
1.41,-5.15,-5.15,0.16,0.16,0.16,339,421,417,464,331
4.12,-5.38,-5.38,0.19,0.19,0.19,338,420,417,464,330
6.67,-4.67,-4.67,-0.03,-0.03,-0.03,338,421,416,464,330
8.15,-4.21,-4.21,-0.07,-0.07,-0.07,338,420,416,464,331
7.31,-3.20,-3.20,0.17,0.17,0.17,338,420,416,464,331
8.78,-3.20,-3.20,0.03,0.03,0.03,338,421,416,463,331
8.79,-3.27,-3.27,0.04,0.04,0.04,337,420,417,464,331
END
8.74,-2.82,-2.82,0.03,0.03,0.03,338,419,416,463,332
-1.49,-5.47,-5.47,0.08,0.08,0.08,338,419,415,463,331
-1.01,-5.60,-5.60,-0.18,-0.18,-0.18,338,419,415,464,330
0.83,-4.85,-4.85,0.12,0.12,0.12,338,419,415,463,330
2.20,-5.19,-5.19,0.03,0.03,0.03,337,419,415,464,330
3.35,-4.37,-4.37,0.27,0.27,0.27,338,419,415,464,330
5.23,-4.67,-4.67,-0.13,-0.13,-0.13,338,419,415,463,330
7.32,-3.92,-3.92,-0.04,-0.04,-0.04,337,419,415,463,329
7.36,-3.60,-3.60,0.03,0.03,0.03,337,419,415,463,329
7.93,-3.57,-3.57,0.08,0.08,0.08,337,419,415,463,329
8.08,-3.47,-3.47,0.08,0.08,0.08,337,419,415,463,329
END
9.30,-3.55,-3.55,-0.02,-0.02,-0.02,340,426,420,467,334
-1.99,-5.92,-5.92,0.13,0.13,0.13,340,424,420,466,334
-1.76,-5.13,-5.13,0.14,0.14,0.14,339,423,419,466,333
2.50,-6.50,-6.50,0.23,0.23,0.23,338,423,418,465,332
4.56,-5.51,-5.51,0.04,0.04,0.04,338,422,418,465,332
5.15,-4.83,-4.83,0.00,0.00,0.00,338,422,418,465,332
5.56,-4.80,-4.80,0.05,0.05,0.05,338,422,418,465,332
7.05,-3.91,-3.91,0.04,0.04,0.04,338,422,417,465,332
7.11,-3.52,-3.52,0.15,0.15,0.15,338,422,418,465,332
8.56,-3.42,-3.42,0.08,0.08,0.08,338,422,417,465,333
9.51,-3.41,-3.41,0.00,0.00,0.00,337,422,417,465,333
END
8.94,-3.08,-3.08,-0.02,-0.02,-0.02,337,421,417,464,332
-1.08,-5.99,-5.99,0.06,0.06,0.06,337,421,417,464,331
0.45,-6.05,-6.05,0.01,0.01,0.01,338,421,417,465,330
2.38,-6.04,-6.04,-0.09,-0.09,-0.09,338,421,417,464,330
4.62,-5.51,-5.51,-0.03,-0.03,-0.03,338,421,417,464,330
5.52,-5.28,-5.28,-0.08,-0.08,-0.08,338,421,417,464,330
5.04,-4.49,-4.49,0.09,0.09,0.09,337,421,416,464,330
6.60,-4.19,-4.19,0.04,0.04,0.04,337,421,416,465,330
7.34,-4.17,-4.17,0.07,0.07,0.07,337,421,416,464,330
7.86,-3.88,-3.88,0.00,0.00,0.00,337,420,416,464,330
8.92,-3.47,-3.47,-0.03,-0.03,-0.03,337,420,416,464,330
END
8.26,-3.51,-3.51,-0.00,-0.00,-0.00,337,420,416,464,330
0.38,-6.14,-6.14,-0.00,-0.00,-0.00,337,420,416,464,330
1.32,-5.43,-5.43,-0.20,-0.20,-0.20,338,420,416,464,330
0.75,-5.70,-5.70,-0.01,-0.01,-0.01,337,420,416,464,330
2.96,-5.18,-5.18,-0.10,-0.10,-0.10,337,421,416,464,330
5.00,-4.44,-4.44,-0.08,-0.08,-0.08,337,420,416,464,330
5.16,-3.83,-3.83,0.03,0.03,0.03,337,420,416,464,330
5.68,-3.89,-3.89,-0.04,-0.04,-0.04,337,420,416,464,330
7.59,-3.65,-3.65,-0.09,-0.09,-0.09,337,420,416,464,330
7.84,-3.47,-3.47,0.00,0.00,0.00,336,420,416,464,331
9.93,-3.16,-3.16,-0.02,-0.02,-0.02,337,420,416,464,331
END
7.70,-3.48,-3.48,-0.02,-0.02,-0.02,337,419,415,463,331
0.53,-5.23,-5.23,-0.02,-0.02,-0.02,336,419,415,464,330
3.17,-3.60,-3.60,-0.01,-0.01,-0.01,336,419,416,464,329
2.72,-5.02,-5.02,0.01,0.01,0.01,336,419,416,464,328
4.24,-4.21,-4.21,0.15,0.15,0.15,336,419,415,464,328
5.94,-4.39,-4.39,-0.12,-0.12,-0.12,337,419,415,463,328
6.83,-4.39,-4.39,0.02,0.02,0.02,336,419,415,465,328
7.42,-3.70,-3.70,-0.00,-0.00,-0.00,335,419,415,463,328
7.97,-2.99,-2.99,-0.07,-0.07,-0.07,335,419,415,464,328
8.04,-3.24,-3.24,0.02,0.02,0.02,335,419,415,464,328
7.61,-3.24,-3.24,0.03,0.03,0.03,335,418,415,464,328
END
8.41,-3.20,-3.20,0.05,0.05,0.05,336,418,415,462,346
-1.09,-5.88,-5.88,-0.05,-0.05,-0.05,336,418,415,462,345
-3.37,-5.16,-5.16,0.18,0.18,0.18,336,418,415,462,345
2.44,-5.05,-5.05,-0.41,-0.41,-0.41,336,418,415,462,345
1.46,-5.20,-5.20,0.08,0.08,0.08,336,418,415,462,344
4.59,-4.88,-4.88,-0.10,-0.10,-0.10,336,418,415,462,344
5.25,-4.09,-4.09,0.17,0.17,0.17,336,418,415,462,343
7.24,-3.77,-3.77,-0.00,-0.00,-0.00,335,418,415,462,343
7.55,-3.31,-3.31,0.03,0.03,0.03,335,418,415,462,343
8.00,-3.30,-3.30,0.06,0.06,0.06,335,418,414,462,343
8.29,-3.22,-3.22,0.04,0.04,0.04,335,418,414,462,344
END
8.15,-3.09,-3.09,0.04,0.04,0.04,336,418,415,461,339
-1.48,-5.32,-5.32,0.23,0.23,0.23,336,417,414,462,339
0.05,-5.17,-5.17,-0.11,-0.11,-0.11,337,417,415,461,339
0.24,-4.87,-4.87,0.02,0.02,0.02,336,417,414,461,339
2.77,-4.54,-4.54,0.08,0.08,0.08,336,418,414,462,339
3.81,-4.67,-4.67,-0.03,-0.03,-0.03,336,417,414,462,339
4.73,-3.96,-3.96,0.07,0.07,0.07,336,418,414,462,339
5.66,-3.51,-3.51,0.07,0.07,0.07,336,417,414,461,340
7.24,-3.02,-3.02,0.15,0.15,0.15,336,417,414,461,339
7.23,-2.63,-2.63,0.15,0.15,0.15,335,417,414,462,339
9.02,-2.97,-2.97,0.02,0.02,0.02,335,417,414,462,339
END