0.19,-8.10,-8.10,0.06,0.06,0.06,332,316,325,362,330
0.81,-8.46,-8.46,0.06,0.06,0.06,332,316,326,362,331
5.94,-8.08,-8.08,0.17,0.17,0.17,331,438,425,481,358
1.52,-8.93,-8.93,0.08,0.08,0.08,337,348,450,508,415
-1.33,-7.34,-7.34,0.18,0.18,0.18,333,461,451,511,439
-2.29,-7.21,-7.21,0.19,0.19,0.19,327,461,452,510,441
-2.73,-9.76,-9.76,0.49,0.49,0.49,323,459,450,509,439
12.42,-11.39,-11.39,0.14,0.14,0.14,320,457,447,507,434
1.26,-8.79,-8.79,-0.16,-0.16,-0.16,321,455,446,506,428
-0.23,-9.27,-9.27,-0.08,-0.08,-0.08,320,454,446,505,426
1.77,-8.97,-8.97,0.09,0.09,0.09,321,453,445,504,425
END
1.24,-9.19,-9.19,0.02,0.02,0.02,320,301,308,348,329
-1.59,-7.39,-7.39,0.06,0.06,0.06,320,301,309,348,330
-1.92,-6.20,-6.20,0.17,0.17,0.17,321,309,324,371,337
7.21,-9.45,-9.45,0.21,0.21,0.21,343,354,450,521,367
-0.41,-7.52,-7.52,0.12,0.12,0.12,331,446,446,516,415
-1.07,-7.31,-7.31,0.06,0.06,0.06,325,448,445,514,421
-1.93,-7.85,-7.85,0.08,0.08,0.08,323,445,443,512,419
-3.65,-7.58,-7.58,0.20,0.20,0.20,322,384,442,510,419
5.13,-11.77,-11.77,0.20,0.20,0.20,322,446,441,509,421
3.47,-8.11,-8.11,-0.05,-0.05,-0.05,322,443,439,508,415
2.62,-9.09,-9.09,-0.03,-0.03,-0.03,322,442,439,508,414
END
3.28,-8.79,-8.79,0.03,0.03,0.03,323,305,310,349,332
-1.64,-6.72,-6.72,0.17,0.17,0.17,323,305,311,350,333
-2.02,-6.49,-6.49,-0.05,-0.05,-0.05,322,308,318,356,337
4.62,-8.82,-8.82,0.49,0.49,0.49,341,430,429,487,358
-1.64,-6.41,-6.41,0.30,0.30,0.30,332,439,439,511,415
0.75,-7.92,-7.92,-0.01,-0.01,-0.01,325,438,438,513,425
-1.23,-7.93,-7.93,0.01,0.01,0.01,323,437,437,512,425
-0.18,-8.54,-8.54,0.21,0.21,0.21,322,434,435,511,421
6.73,-8.94,-8.94,0.12,0.12,0.12,321,436,434,515,427
4.56,-7.91,-7.91,-0.11,-0.11,-0.11,321,368,433,513,424
5.86,-7.77,-7.77,0.03,0.03,0.03,321,367,433,512,423
END
5.05,-8.11,-8.11,0.03,0.03,0.03,322,303,307,349,337
-0.97,-6.40,-6.40,0.12,0.12,0.12,322,304,308,352,338
-3.35,-6.65,-6.65,-0.14,-0.14,-0.14,322,324,340,377,344
4.82,-8.97,-8.97,0.57,0.57,0.57,340,437,443,492,345
0.43,-6.86,-6.86,0.15,0.15,0.15,334,444,446,515,415
-1.54,-6.96,-6.96,0.05,0.05,0.05,329,441,447,514,427
0.01,-7.95,-7.95,-0.00,-0.00,-0.00,326,345,447,514,429
1.78,-7.80,-7.80,-0.12,-0.12,-0.12,325,445,446,514,426
8.33,-7.51,-7.51,-0.16,-0.16,-0.16,324,387,444,513,425
6.60,-7.34,-7.34,-0.10,-0.10,-0.10,322,365,443,512,422
4.19,-7.54,-7.54,0.03,0.03,0.03,322,441,442,511,421
END
4.59,-7.60,-7.60,0.02,0.02,0.02,326,312,319,352,338
-1.06,-7.91,-7.91,0.07,0.07,0.07,326,312,321,353,338
-0.36,-5.20,-5.20,0.24,0.24,0.24,328,363,363,416,347
7.09,-9.19,-9.19,0.55,0.55,0.55,331,401,396,455,348
4.85,-7.86,-7.86,0.03,0.03,0.03,333,444,446,499,347
0.87,-7.15,-7.15,0.14,0.14,0.14,329,441,449,507,422
-0.33,-7.31,-7.31,0.01,0.01,0.01,324,411,452,505,424
0.07,-7.58,-7.58,-0.13,-0.13,-0.13,322,383,451,503,422
1.66,-6.98,-6.98,-0.25,-0.25,-0.25,320,408,451,504,421
6.94,-8.04,-8.04,-0.04,-0.04,-0.04,320,377,451,504,418
5.41,-7.71,-7.71,-0.05,-0.05,-0.05,320,367,450,503,417
END
4.11,-7.38,-7.38,0.03,0.03,0.03,320,301,305,353,337
-0.90,-6.32,-6.32,0.04,0.04,0.04,320,300,305,353,336
-2.62,-4.76,-4.76,0.02,0.02,0.02,320,314,322,370,342
5.84,-6.97,-6.97,0.48,0.48,0.48,323,398,419,485,346
4.63,-7.33,-7.33,0.35,0.35,0.35,327,407,436,508,405
0.19,-7.08,-7.08,0.31,0.31,0.31,326,450,448,515,427
0.45,-7.44,-7.44,0.05,0.05,0.05,322,349,450,515,427
0.50,-6.81,-6.81,-0.18,-0.18,-0.18,320,430,449,514,424
4.67,-7.82,-7.82,-0.31,-0.31,-0.31,319,449,449,513,423
8.04,-7.50,-7.50,-0.07,-0.07,-0.07,318,448,448,512,422
6.07,-7.42,-7.42,-0.09,-0.09,-0.09,318,447,447,512,421
END
5.46,-7.44,-7.44,-0.01,-0.01,-0.01,322,303,306,346,328
0.70,-6.12,-6.12,0.11,0.11,0.11,322,303,308,348,328
0.45,-5.95,-5.95,0.30,0.30,0.30,325,356,362,407,339
3.40,-6.90,-6.90,0.43,0.43,0.43,342,437,432,488,345
3.44,-6.81,-6.81,0.51,0.51,0.51,337,443,437,504,408
-1.11,-7.01,-7.01,0.16,0.16,0.16,323,358,441,506,425
-0.11,-6.75,-6.75,-0.17,-0.17,-0.17,321,440,442,504,426
4.34,-7.07,-7.07,-0.38,-0.38,-0.38,321,331,440,503,426
9.58,-6.78,-6.78,-0.04,-0.04,-0.04,321,359,440,502,427
5.30,-8.16,-8.16,-0.17,-0.17,-0.17,321,357,438,501,423
3.73,-7.67,-7.67,0.03,0.03,0.03,320,376,437,501,420
END
3.79,-7.66,-7.66,0.07,0.07,0.07,322,302,303,346,321
1.46,-6.93,-6.93,0.49,0.49,0.49,327,389,383,402,326
3.47,-9.25,-9.25,0.05,0.05,0.05,355,452,448,482,361
3.67,-7.89,-7.89,0.14,0.14,0.14,337,462,452,502,408
0.91,-6.47,-6.47,0.18,0.18,0.18,326,456,448,501,415
-0.47,-7.37,-7.37,-0.05,-0.05,-0.05,324,454,443,497,406
2.03,-6.58,-6.58,-0.23,-0.23,-0.23,320,319,440,495,405
7.12,-7.82,-7.82,-0.09,-0.09,-0.09,319,451,441,501,419
8.29,-6.82,-6.82,-0.11,-0.11,-0.11,319,450,441,500,418
5.62,-6.92,-6.92,-0.01,-0.01,-0.01,319,449,440,499,415
5.80,-7.24,-7.24,0.03,0.03,0.03,319,448,440,498,413
END
5.36,-7.19,-7.19,0.05,0.05,0.05,324,305,311,353,330
-1.39,-7.66,-7.66,0.05,0.05,0.05,324,307,317,358,333
2.23,-6.25,-6.25,0.08,0.08,0.08,337,409,402,458,351
4.94,-7.21,-7.21,0.03,0.03,0.03,341,447,442,493,368
3.29,-6.40,-6.40,0.40,0.40,0.40,330,449,442,507,416
1.49,-6.77,-6.77,0.23,0.23,0.23,321,393,440,506,420
0.78,-7.52,-7.52,0.03,0.03,0.03,320,452,439,504,418
1.64,-7.04,-7.04,-0.34,-0.34,-0.34,320,452,438,503,418
4.47,-5.70,-5.70,-0.22,-0.22,-0.22,319,451,438,503,417
10.47,-6.41,-6.41,0.14,0.14,0.14,319,450,437,503,416
6.10,-7.19,-7.19,-0.05,-0.05,-0.05,319,449,436,502,414
END
6.07,-7.34,-7.34,0.06,0.06,0.06,323,391,408,486,337
2.68,-8.26,-8.26,0.03,0.03,0.03,333,417,430,495,345
5.30,-7.22,-7.22,0.20,0.20,0.20,329,418,431,508,408
1.41,-7.35,-7.35,0.14,0.14,0.14,325,425,442,511,426
0.67,-7.34,-7.34,0.07,0.07,0.07,324,432,446,511,434
1.44,-6.89,-6.89,0.03,0.03,0.03,321,429,445,509,432
0.52,-7.13,-7.13,-0.08,-0.08,-0.08,321,363,444,509,430
2.61,-6.98,-6.98,-0.16,-0.16,-0.16,320,429,443,508,429
4.95,-6.42,-6.42,-0.14,-0.14,-0.14,319,430,443,508,429
7.54,-6.20,-6.20,-0.09,-0.09,-0.09,319,431,443,507,429
7.38,-6.66,-6.66,-0.02,-0.02,-0.02,318,430,442,507,428
END
5.93,-7.09,-7.09,-0.03,-0.03,-0.03,326,309,319,362,334
-0.30,-7.90,-7.90,0.17,0.17,0.17,326,309,321,365,340
0.98,-7.76,-7.76,0.07,0.07,0.07,330,383,380,458,351
9.19,-6.75,-6.75,0.35,0.35,0.35,339,431,429,503,376
7.01,-5.17,-5.17,0.43,0.43,0.43,330,438,439,511,419
2.42,-6.28,-6.28,0.41,0.41,0.41,326,349,438,509,418
1.76,-7.01,-7.01,0.03,0.03,0.03,326,434,436,507,415
2.71,-6.55,-6.55,-0.11,-0.11,-0.11,327,433,437,506,419
3.02,-6.15,-6.15,-0.30,-0.30,-0.30,327,324,436,505,418
7.91,-4.62,-4.62,-0.36,-0.36,-0.36,326,378,434,503,417
8.26,-8.13,-8.13,-0.17,-0.17,-0.17,327,414,433,503,416
END
6.46,-7.10,-7.10,-0.10,-0.10,-0.10,326,321,322,354,326
0.53,-8.31,-8.31,0.36,0.36,0.36,322,319,328,364,330
9.51,-5.58,-5.58,0.33,0.33,0.33,323,390,394,440,348
6.16,-6.71,-6.71,0.43,0.43,0.43,327,440,439,488,379
3.62,-6.13,-6.13,0.40,0.40,0.40,325,442,445,507,417
1.87,-6.68,-6.68,0.23,0.23,0.23,323,442,447,505,425
1.64,-7.24,-7.24,-0.13,-0.13,-0.13,321,414,444,503,428
1.46,-7.24,-7.24,-0.38,-0.38,-0.38,321,435,443,502,427
9.17,-4.89,-4.89,-0.48,-0.48,-0.48,320,326,442,501,433
8.87,-5.60,-5.60,-0.24,-0.24,-0.24,319,415,441,501,433
7.84,-5.00,-5.00,0.01,0.01,0.01,319,431,441,500,430
END
7.38,-5.50,-5.50,0.06,0.06,0.06,321,302,304,346,323
0.78,-7.30,-7.30,0.07,0.07,0.07,321,302,306,346,327
0.39,-7.39,-7.39,0.00,0.00,0.00,322,303,307,347,327
4.10,-6.67,-6.67,0.54,0.54,0.54,336,419,425,485,347
4.11,-6.56,-6.56,0.41,0.41,0.41,331,428,430,496,403
2.80,-6.32,-6.32,0.26,0.26,0.26,325,425,434,498,415
0.92,-6.73,-6.73,0.04,0.04,0.04,324,424,435,497,415
4.19,-6.19,-6.19,-0.34,-0.34,-0.34,324,327,437,495,417
7.18,-6.54,-6.54,-0.21,-0.21,-0.21,324,349,435,494,415
6.88,-6.34,-6.34,-0.08,-0.08,-0.08,323,421,434,494,413
8.20,-5.61,-5.61,-0.20,-0.20,-0.20,323,419,432,493,411
END
6.70,-5.94,-5.94,0.10,0.10,0.10,324,302,304,344,322
-0.96,-7.73,-7.73,0.05,0.05,0.05,323,302,305,344,322
-1.75,-7.17,-7.17,0.29,0.29,0.29,349,373,381,423,331
5.88,-9.06,-9.06,0.07,0.07,0.07,340,418,427,473,349
3.76,-5.62,-5.62,0.10,0.10,0.10,340,418,434,479,353
2.10,-5.80,-5.80,0.15,0.15,0.15,337,366,435,496,412
0.95,-6.79,-6.79,0.03,0.03,0.03,334,356,433,492,409
2.84,-5.97,-5.97,-0.18,-0.18,-0.18,333,390,432,489,404
5.20,-5.77,-5.77,-0.21,-0.21,-0.21,333,367,431,490,404
8.26,-5.76,-5.76,0.03,0.03,0.03,332,397,432,489,406
6.11,-6.61,-6.61,0.01,0.01,0.01,330,409,432,489,405
END
7.05,-6.27,-6.27,0.02,0.02,0.02,321,302,305,350,327
-0.58,-6.88,-6.88,-0.00,-0.00,-0.00,322,302,303,347,326
1.29,-8.10,-8.10,-0.02,-0.02,-0.02,323,303,306,354,329
1.18,-4.62,-4.62,0.29,0.29,0.29,338,383,377,450,346
4.29,-6.91,-6.91,0.31,0.31,0.31,332,411,404,465,359
3.51,-5.23,-5.23,0.34,0.34,0.34,332,423,414,483,411
2.29,-6.40,-6.40,0.13,0.13,0.13,329,419,414,484,417
2.50,-6.06,-6.06,-0.07,-0.07,-0.07,328,417,412,483,414
2.10,-6.10,-6.10,-0.15,-0.15,-0.15,325,416,412,483,414
5.74,-6.55,-6.55,-0.17,-0.17,-0.17,323,361,412,484,415
8.63,-6.65,-6.65,-0.09,-0.09,-0.09,321,368,412,485,415
END
5.97,-7.06,-7.06,-0.13,-0.13,-0.13,322,305,306,349,327
-2.52,-6.81,-6.81,0.17,0.17,0.17,323,306,308,349,328
3.46,-6.81,-6.81,0.07,0.07,0.07,328,395,397,439,350
3.77,-7.46,-7.46,0.41,0.41,0.41,328,414,416,467,390
2.00,-5.84,-5.84,0.25,0.25,0.25,324,410,411,464,392
1.73,-6.76,-6.76,0.01,0.01,0.01,324,407,410,462,391
3.35,-6.55,-6.55,-0.29,-0.29,-0.29,325,406,409,462,393
5.28,-5.91,-5.91,-0.27,-0.27,-0.27,326,342,406,460,389
8.84,-4.43,-4.43,-0.33,-0.33,-0.33,325,397,405,460,390
7.44,-5.45,-5.45,-0.10,-0.10,-0.10,324,396,405,460,388
7.96,-6.00,-6.00,-0.00,-0.00,-0.00,324,396,405,460,387
END
7.10,-6.11,-6.11,-0.06,-0.06,-0.06,320,299,303,348,326
1.02,-8.26,-8.26,-0.02,-0.02,-0.02,320,299,303,347,326
1.26,-7.61,-7.61,0.11,0.11,0.11,320,308,330,365,330
7.26,-7.08,-7.08,0.23,0.23,0.23,322,390,421,476,351
3.92,-5.88,-5.88,0.41,0.41,0.41,322,397,422,486,403
2.56,-6.40,-6.40,0.39,0.39,0.39,321,393,416,481,402
2.16,-6.98,-6.98,-0.03,-0.03,-0.03,321,390,414,480,395
2.35,-6.96,-6.96,-0.12,-0.12,-0.12,322,389,413,479,395
3.24,-6.67,-6.67,-0.17,-0.17,-0.17,322,386,410,477,393
5.38,-7.42,-7.42,-0.14,-0.14,-0.14,322,385,408,477,394
7.11,-6.52,-6.52,-0.10,-0.10,-0.10,322,385,408,477,394
END
7.06,-6.25,-6.25,-0.06,-0.06,-0.06,321,303,309,349,338
1.08,-8.03,-8.03,0.03,0.03,0.03,320,303,311,351,338
0.75,-7.39,-7.39,0.28,0.28,0.28,321,312,324,363,341
6.56,-7.01,-7.01,0.64,0.64,0.64,321,323,348,390,343
6.27,-5.84,-5.84,0.31,0.31,0.31,326,399,442,483,364
2.90,-6.20,-6.20,0.34,0.34,0.34,322,395,433,489,420
0.45,-6.75,-6.75,0.13,0.13,0.13,321,384,427,484,413
2.82,-6.60,-6.60,-0.14,-0.14,-0.14,321,385,425,481,404
5.65,-7.79,-7.79,-0.07,-0.07,-0.07,321,385,424,480,399
8.08,-5.48,-5.48,-0.26,-0.26,-0.26,321,384,423,480,399
7.37,-6.50,-6.50,-0.06,-0.06,-0.06,320,384,422,479,397
END
5.91,-7.11,-7.11,0.11,0.11,0.11,322,302,301,347,328
0.44,-8.26,-8.26,0.01,0.01,0.01,321,302,300,347,328
1.49,-8.13,-8.13,0.38,0.38,0.38,324,312,329,372,331
4.04,-8.42,-8.42,0.33,0.33,0.33,324,356,373,440,337
7.38,-6.87,-6.87,0.32,0.32,0.32,325,413,412,482,410
4.15,-5.89,-5.89,0.40,0.40,0.40,322,405,409,482,423
2.23,-6.98,-6.98,0.30,0.30,0.30,320,356,406,476,417
2.79,-7.37,-7.37,0.02,0.02,0.02,320,398,406,476,414
2.46,-6.55,-6.55,-0.05,-0.05,-0.05,320,398,405,475,413
4.76,-5.78,-5.78,-0.17,-0.17,-0.17,320,390,404,475,408
5.30,-7.08,-7.08,-0.16,-0.16,-0.16,320,395,403,476,403
END
-0.37,-8.33,-8.33,0.07,0.07,0.07,321,304,308,350,328
-0.17,-8.21,-8.21,0.04,0.04,0.04,321,304,308,350,328
0.42,-8.66,-8.66,0.13,0.13,0.13,321,339,359,423,335
3.08,-9.23,-9.23,0.18,0.18,0.18,327,433,441,505,359
2.58,-8.82,-8.82,0.27,0.27,0.27,327,439,444,512,419
1.67,-7.70,-7.70,0.16,0.16,0.16,321,326,455,516,437
-0.44,-7.61,-7.61,0.16,0.16,0.16,320,383,455,514,435
0.27,-7.80,-7.80,-0.05,-0.05,-0.05,320,387,454,513,434
-0.95,-8.36,-8.36,0.15,0.15,0.15,319,372,451,512,428
2.40,-9.40,-9.40,0.14,0.14,0.14,319,339,450,510,427
2.90,-9.22,-9.22,0.08,0.08,0.08,319,317,448,509,425
END
2.99,-9.37,-9.37,-0.05,-0.05,-0.05,321,304,310,350,328
-1.28,-7.65,-7.65,0.07,0.07,0.07,322,305,313,356,328
-0.15,-6.89,-6.89,0.14,0.14,0.14,324,312,337,384,339
2.15,-6.89,-6.89,0.59,0.59,0.59,323,371,379,449,356
4.43,-8.60,-8.60,0.18,0.18,0.18,321,415,419,485,368
3.37,-7.09,-7.09,0.29,0.29,0.29,320,417,425,494,418
2.41,-7.56,-7.56,0.32,0.32,0.32,319,420,433,495,424
0.40,-7.72,-7.72,0.06,0.06,0.06,319,420,437,496,427
1.42,-7.21,-7.21,-0.16,-0.16,-0.16,319,421,439,496,429
3.23,-8.02,-8.02,-0.24,-0.24,-0.24,319,420,438,495,427
6.82,-7.09,-7.09,-0.24,-0.24,-0.24,319,420,440,495,428
END
8.76,-6.32,-6.32,-0.21,-0.21,-0.21,321,304,305,347,326
-0.29,-8.08,-8.08,0.07,0.07,0.07,320,304,306,347,326
-0.42,-7.68,-7.68,0.26,0.26,0.26,320,374,382,411,336
3.47,-8.46,-8.46,0.34,0.34,0.34,322,410,427,473,358
4.71,-7.25,-7.25,0.13,0.13,0.13,321,370,423,475,401
2.71,-6.88,-6.88,0.25,0.25,0.25,321,424,426,482,425
1.01,-7.12,-7.12,0.03,0.03,0.03,320,358,427,483,426
1.98,-7.21,-7.21,0.04,0.04,0.04,320,422,425,480,427
0.97,-7.30,-7.30,-0.16,-0.16,-0.16,319,420,423,480,425
5.69,-7.17,-7.17,-0.32,-0.32,-0.32,319,373,420,479,423
10.49,-4.85,-4.85,-0.24,-0.24,-0.24,319,355,419,479,422
END
6.74,-6.31,-6.31,-0.09,-0.09,-0.09,321,302,301,342,326
-0.98,-8.18,-8.18,0.03,0.03,0.03,321,302,301,342,325
-0.24,-6.22,-6.22,0.01,0.01,0.01,321,351,352,413,336
5.39,-7.03,-7.03,0.44,0.44,0.44,322,430,424,483,364
4.06,-7.25,-7.25,0.41,0.41,0.41,322,427,419,485,407
1.67,-6.47,-6.47,0.15,0.15,0.15,321,424,419,485,413
2.61,-7.27,-7.27,-0.02,-0.02,-0.02,321,423,418,484,409
2.19,-6.91,-6.91,-0.17,-0.17,-0.17,319,419,414,482,405
3.60,-6.63,-6.63,-0.38,-0.38,-0.38,319,419,414,481,406
8.28,-4.77,-4.77,-0.22,-0.22,-0.22,319,419,416,481,412
6.58,-5.79,-5.79,-0.01,-0.01,-0.01,319,418,415,480,409
END
5.69,-5.43,-5.43,0.01,0.01,0.01,322,303,304,347,328
-0.10,-7.67,-7.67,0.07,0.07,0.07,322,304,305,347,328
2.50,-6.75,-6.75,0.32,0.32,0.32,319,346,342,391,338
3.71,-7.09,-7.09,-0.01,-0.01,-0.01,319,395,378,434,356
7.53,-5.06,-5.06,0.44,0.44,0.44,321,441,429,485,373
0.52,-6.01,-6.01,0.15,0.15,0.15,319,439,428,488,418
-1.23,-7.29,-7.29,0.10,0.10,0.10,318,439,433,489,418
-0.23,-6.76,-6.76,-0.02,-0.02,-0.02,318,437,430,487,415
0.27,-7.21,-7.21,-0.00,-0.00,-0.00,317,434,427,485,411
5.64,-7.48,-7.48,-0.19,-0.19,-0.19,318,432,425,484,411
4.45,-6.94,-6.94,0.01,0.01,0.01,317,431,424,484,409
END
5.21,-7.10,-7.10,-0.02,-0.02,-0.02,319,232,296,338,324
1.18,-8.84,-8.84,0.05,0.05,0.05,319,300,297,339,328
4.44,-8.25,-8.25,0.04,0.04,0.04,319,361,365,409,349
4.41,-7.92,-7.92,-0.00,-0.00,-0.00,319,417,430,475,367
1.77,-6.20,-6.20,0.02,0.02,0.02,319,418,424,479,404
-1.59,-6.81,-6.81,0.13,0.13,0.13,318,415,424,480,407
-0.75,-6.49,-6.49,0.04,0.04,0.04,318,375,421,476,400
-0.61,-7.16,-7.16,0.07,0.07,0.07,318,389,420,475,398
1.01,-6.91,-6.91,0.02,0.02,0.02,318,379,419,474,397
4.35,-6.81,-6.81,-0.08,-0.08,-0.08,318,412,418,474,398
7.08,-6.90,-6.90,-0.03,-0.03,-0.03,318,412,418,474,398
END
5.42,-6.75,-6.75,-0.03,-0.03,-0.03,320,302,303,347,335
0.55,-8.05,-8.05,0.01,0.01,0.01,321,303,306,352,335
1.59,-8.35,-8.35,-0.32,-0.32,-0.32,320,317,332,377,340
3.81,-6.96,-6.96,0.20,0.20,0.20,320,382,377,434,356
2.93,-8.03,-8.03,0.02,0.02,0.02,320,414,414,475,390
-0.23,-6.31,-6.31,0.01,0.01,0.01,320,417,418,476,411
-0.05,-6.07,-6.07,0.08,0.08,0.08,320,416,419,473,410
0.66,-6.64,-6.64,0.01,0.01,0.01,319,413,418,473,411
1.13,-6.56,-6.56,0.00,0.00,0.00,319,413,419,473,412
3.08,-6.33,-6.33,-0.09,-0.09,-0.09,319,412,418,472,412
7.62,-6.03,-6.03,-0.04,-0.04,-0.04,319,411,417,472,412
END
5.95,-5.81,-5.81,-0.02,-0.02,-0.02,324,366,369,425,351
2.38,-7.16,-7.16,-0.21,-0.21,-0.21,324,394,395,460,375
2.52,-6.21,-6.21,0.09,0.09,0.09,319,386,393,456,399
-1.49,-6.13,-6.13,0.18,0.18,0.18,319,391,397,458,399
-1.62,-6.13,-6.13,0.04,0.04,0.04,318,394,399,459,401
0.09,-6.12,-6.12,0.06,0.06,0.06,318,391,402,462,403
1.31,-6.73,-6.73,-0.14,-0.14,-0.14,318,392,408,468,408
6.74,-5.48,-5.48,-0.01,-0.01,-0.01,318,391,407,466,410
4.64,-6.36,-6.36,0.03,0.03,0.03,318,391,407,465,407
4.70,-6.08,-6.08,0.02,0.02,0.02,318,390,406,465,407
4.55,-6.04,-6.04,0.04,0.04,0.04,318,390,406,464,406
END
4.67,-6.11,-6.11,0.05,0.05,0.05,322,304,309,347,327
2.30,-8.11,-8.11,0.27,0.27,0.27,322,345,353,393,332
6.34,-9.91,-9.91,0.29,0.29,0.29,335,412,428,468,356
0.96,-5.45,-5.45,-0.60,-0.60,-0.60,325,412,424,474,403
-1.04,-5.47,-5.47,0.10,0.10,0.10,320,408,426,478,413
-1.83,-5.45,-5.45,0.10,0.10,0.10,320,409,430,481,417
-1.00,-6.25,-6.25,0.08,0.08,0.08,320,409,428,479,413
4.68,-7.09,-7.09,0.34,0.34,0.34,321,407,426,477,411
5.77,-7.12,-7.12,-0.07,-0.07,-0.07,320,406,425,475,409
5.02,-6.73,-6.73,0.03,0.03,0.03,320,406,425,475,409
4.06,-6.51,-6.51,0.02,0.02,0.02,320,406,425,475,408
END
4.38,-6.54,-6.54,0.03,0.03,0.03,321,303,306,348,333
0.26,-8.14,-8.14,0.01,0.01,0.01,322,303,307,348,333
1.95,-6.59,-6.59,0.17,0.17,0.17,321,309,320,362,344
8.69,-7.39,-7.39,0.18,0.18,0.18,321,400,393,448,364
-0.03,-5.29,-5.29,0.29,0.29,0.29,320,414,401,462,387
-0.39,-6.23,-6.23,0.05,0.05,0.05,320,414,409,464,403
-1.23,-6.55,-6.55,0.07,0.07,0.07,320,417,408,461,401
-0.89,-6.02,-6.02,0.04,0.04,0.04,319,414,406,461,399
1.84,-6.49,-6.49,0.10,0.10,0.10,319,408,406,460,401
9.30,-6.87,-6.87,-0.12,-0.12,-0.12,319,409,404,459,404
4.32,-6.11,-6.11,-0.05,-0.05,-0.05,319,400,404,459,400
END
5.48,-6.57,-6.57,0.02,0.02,0.02,321,304,308,347,330
2.73,-8.79,-8.79,0.11,0.11,0.11,321,323,326,357,334
6.14,-8.02,-8.02,-0.34,-0.34,-0.34,342,398,418,458,366
0.18,-6.57,-6.57,0.08,0.08,0.08,325,367,428,476,406
-1.08,-5.97,-5.97,0.15,0.15,0.15,323,370,429,479,409
-1.29,-6.59,-6.59,-0.02,-0.02,-0.02,322,409,428,478,408
-1.76,-6.68,-6.68,-0.09,-0.09,-0.09,323,420,429,478,407
4.53,-6.50,-6.50,0.41,0.41,0.41,323,349,430,478,406
7.35,-7.07,-7.07,-0.03,-0.03,-0.03,323,336,429,477,406
3.98,-6.76,-6.76,-0.02,-0.02,-0.02,324,370,428,476,404
3.90,-6.59,-6.59,0.01,0.01,0.01,323,273,427,475,403
END
4.26,-6.50,-6.50,0.05,0.05,0.05,320,302,295,338,330
2.89,-9.74,-9.74,-0.48,-0.48,-0.48,321,302,304,345,334
5.51,-7.42,-7.42,-0.03,-0.03,-0.03,336,409,417,459,356
2.47,-6.25,-6.25,0.17,0.17,0.17,324,412,416,465,383
-0.75,-6.04,-6.04,0.09,0.09,0.09,321,411,416,465,392
-0.84,-6.50,-6.50,0.14,0.14,0.14,321,410,414,464,389
-1.46,-6.62,-6.62,0.06,0.06,0.06,321,408,414,463,387
-1.69,-6.61,-6.61,0.04,0.04,0.04,321,407,413,462,385
0.69,-6.61,-6.61,0.27,0.27,0.27,322,405,412,461,385
3.15,-9.07,-9.07,0.13,0.13,0.13,322,401,410,461,380
5.56,-7.93,-7.93,-0.03,-0.03,-0.03,323,401,409,461,380
END
4.95,-7.47,-7.47,0.01,0.01,0.01,321,302,304,345,329
0.45,-8.97,-8.97,0.01,0.01,0.01,321,302,304,346,329
3.46,-8.87,-8.87,0.09,0.09,0.09,321,361,358,384,341
5.20,-8.20,-8.20,0.23,0.23,0.23,320,438,427,462,361
2.45,-6.80,-6.80,0.26,0.26,0.26,320,444,432,478,416
0.73,-6.40,-6.40,0.11,0.11,0.11,319,446,434,480,420
-1.52,-6.84,-6.84,0.07,0.07,0.07,319,444,432,477,416
-0.34,-6.63,-6.63,-0.01,-0.01,-0.01,319,442,431,475,413
1.16,-6.41,-6.41,-0.08,-0.08,-0.08,320,438,428,472,408
5.69,-6.63,-6.63,-0.05,-0.05,-0.05,322,437,427,470,407
7.87,-5.58,-5.58,-0.02,-0.02,-0.02,322,435,426,469,407
END
5.28,-6.12,-6.12,0.06,0.06,0.06,321,302,303,351,326
0.85,-9.44,-9.44,0.10,0.10,0.10,321,303,304,353,326
3.78,-8.68,-8.68,-0.21,-0.21,-0.21,329,409,409,460,359
4.11,-8.69,-8.69,0.20,0.20,0.20,330,379,423,478,387
2.38,-7.26,-7.26,-0.04,-0.04,-0.04,329,444,434,485,405
-0.22,-6.32,-6.32,0.16,0.16,0.16,326,445,435,486,411
0.37,-6.87,-6.87,0.03,0.03,0.03,322,314,435,484,412
-0.75,-6.39,-6.39,0.10,0.10,0.10,320,440,431,482,408
-0.95,-6.55,-6.55,0.03,0.03,0.03,320,409,429,481,406
-0.60,-6.15,-6.15,0.00,0.00,0.00,320,382,426,478,412
0.55,-7.49,-7.49,0.13,0.13,0.13,320,327,425,477,411
END
7.16,-6.09,-6.09,-0.01,-0.01,-0.01,320,304,297,341,326
0.70,-9.15,-9.15,-0.00,-0.00,-0.00,319,304,296,341,327
0.83,-9.63,-9.63,-0.14,-0.14,-0.14,320,306,299,343,329
4.52,-10.83,-10.83,0.01,0.01,0.01,320,417,402,440,349
2.40,-6.73,-6.73,0.11,0.11,0.11,319,435,412,460,398
0.49,-7.45,-7.45,0.27,0.27,0.27,319,437,415,464,404
-0.60,-7.31,-7.31,0.11,0.11,0.11,319,439,419,472,415
0.29,-7.90,-7.90,-0.02,-0.02,-0.02,319,446,429,484,436
-1.36,-6.65,-6.65,-0.21,-0.21,-0.21,319,444,427,481,433
-1.96,-6.81,-6.81,-0.22,-0.22,-0.22,318,443,425,478,429
8.54,-6.84,-6.84,-0.17,-0.17,-0.17,318,442,425,477,431
END
4.41,-6.03,-6.03,-0.13,-0.13,-0.13,320,303,313,351,339
1.89,-5.88,-5.88,0.01,0.01,0.01,322,309,332,364,346
10.25,-3.62,-3.62,0.52,0.52,0.52,325,413,426,478,370
3.31,-7.19,-7.19,-0.26,-0.26,-0.26,320,404,414,470,410
-1.17,-4.83,-4.83,0.09,0.09,0.09,320,403,413,467,412
-1.42,-4.19,-4.19,0.17,0.17,0.17,319,388,413,467,409
-2.65,-5.11,-5.11,0.09,0.09,0.09,319,388,411,466,405
-0.85,-4.89,-4.89,0.01,0.01,0.01,320,381,411,465,404
1.11,-5.04,-5.04,-0.21,-0.21,-0.21,319,382,413,467,405
8.61,-3.63,-3.63,0.12,0.12,0.12,319,371,413,467,407
6.73,-4.52,-4.52,-0.13,-0.13,-0.13,319,386,414,467,405
END
5.43,-3.74,-3.74,0.02,0.02,0.02,320,301,298,341,329
4.57,-6.50,-6.50,0.05,0.05,0.05,319,337,311,343,333
7.65,-4.51,-4.51,-0.20,-0.20,-0.20,323,373,372,422,345
3.12,-4.65,-4.65,0.03,0.03,0.03,327,389,407,463,377
-1.41,-4.13,-4.13,0.22,0.22,0.22,323,414,407,466,398
-3.45,-4.97,-4.97,0.03,0.03,0.03,321,424,407,465,399
-2.20,-4.03,-4.03,0.08,0.08,0.08,319,420,405,462,398
-3.06,-4.74,-4.74,0.01,0.01,0.01,318,419,407,462,397
4.29,-4.99,-4.99,-0.02,-0.02,-0.02,318,335,416,466,403
7.49,-3.99,-3.99,-0.14,-0.14,-0.14,318,380,415,465,403
6.04,-3.86,-3.86,0.07,0.07,0.07,318,311,414,464,401
END
5.44,-3.87,-3.87,0.03,0.03,0.03,320,302,297,341,333
1.74,-5.55,-5.55,-0.03,-0.03,-0.03,321,302,297,341,334
1.02,-4.72,-4.72,0.50,0.50,0.50,320,337,339,374,346
6.95,-6.14,-6.14,0.12,0.12,0.12,323,422,408,446,354
2.76,-5.02,-5.02,0.24,0.24,0.24,323,426,411,461,395
0.20,-5.13,-5.13,0.28,0.28,0.28,322,439,421,473,415
-2.02,-5.76,-5.76,0.07,0.07,0.07,321,335,427,477,419
-1.62,-5.61,-5.61,0.02,0.02,0.02,320,279,425,474,417
-1.77,-5.36,-5.36,-0.15,-0.15,-0.15,319,394,424,473,416
3.23,-5.39,-5.39,0.05,0.05,0.05,318,439,422,472,411
8.52,-4.49,-4.49,-0.15,-0.15,-0.15,318,437,420,470,412
END
6.03,-4.97,-4.97,0.06,0.06,0.06,320,304,304,344,334
4.93,-7.37,-7.37,0.18,0.18,0.18,320,304,304,344,334
5.62,-2.39,-2.39,0.65,0.65,0.65,337,343,361,416,342
8.10,-7.34,-7.34,0.25,0.25,0.25,345,422,438,483,358
4.87,-5.48,-5.48,-0.24,-0.24,-0.24,325,402,420,483,397
0.14,-4.39,-4.39,0.06,0.06,0.06,322,403,422,483,408
-2.40,-4.65,-4.65,0.07,0.07,0.07,322,403,419,480,403
-1.44,-4.77,-4.77,0.02,0.02,0.02,321,402,418,479,401
0.34,-5.17,-5.17,0.12,0.12,0.12,322,401,416,477,398
5.46,-5.57,-5.57,0.07,0.07,0.07,322,399,414,472,398
6.72,-4.82,-4.82,-0.06,-0.06,-0.06,322,398,413,471,396
END