-4.02,-3.87,-3.87,0.03,0.03,0.03,331,392,430,479,377
-4.03,-4.06,-4.06,0.02,0.02,0.02,331,392,430,479,377
-4.24,-4.16,-4.16,0.06,0.06,0.06,331,391,430,479,377
-5.64,-4.67,-4.67,0.08,0.08,0.08,331,392,430,479,376
-3.14,-3.63,-3.63,0.37,0.37,0.37,330,393,430,478,376
5.13,-3.94,-3.94,0.43,0.43,0.43,330,396,429,479,377
8.35,-4.59,-4.59,0.19,0.19,0.19,333,395,428,479,382
6.50,-4.27,-4.27,0.04,0.04,0.04,332,395,428,479,381
6.12,-4.57,-4.57,0.03,0.03,0.03,332,395,428,478,381
6.60,-4.36,-4.36,0.02,0.02,0.02,332,395,428,478,381
6.53,-4.36,-4.36,0.03,0.03,0.03,333,395,427,478,380
END
6.30,-4.33,-4.33,0.05,0.05,0.05,340,389,425,473,374
-4.10,-4.11,-4.11,0.06,0.06,0.06,340,389,425,473,374
-4.08,-4.19,-4.19,0.03,0.03,0.03,341,389,425,473,374
-6.23,-5.02,-5.02,0.07,0.07,0.07,338,390,425,473,374
5.70,-4.10,-4.10,-0.03,-0.03,-0.03,337,395,426,475,378
8.88,-5.36,-5.36,0.12,0.12,0.12,336,397,428,476,381
7.54,-5.31,-5.31,0.04,0.04,0.04,336,397,428,475,380
7.03,-4.69,-4.69,0.04,0.04,0.04,336,397,427,475,380
7.21,-4.94,-4.94,0.04,0.04,0.04,336,396,427,475,379
7.19,-4.87,-4.87,0.03,0.03,0.03,336,397,427,475,379
7.47,-4.68,-4.68,0.03,0.03,0.03,336,396,427,475,379
END
7.06,-4.76,-4.76,0.01,0.01,0.01,349,391,425,472,375
-4.75,-4.27,-4.27,0.02,0.02,0.02,349,391,425,472,375
-7.44,-3.97,-3.97,-0.05,-0.05,-0.05,337,391,424,472,374
0.17,-3.01,-3.01,0.12,0.12,0.12,337,392,424,472,374
10.99,-3.66,-3.66,-0.32,-0.32,-0.32,337,393,424,472,378
8.43,-4.78,-4.78,0.16,0.16,0.16,336,394,424,472,378
7.15,-4.57,-4.57,0.05,0.05,0.05,336,394,424,472,378
7.59,-4.43,-4.43,0.03,0.03,0.03,336,394,424,472,378
7.54,-4.57,-4.57,0.01,0.01,0.01,336,394,424,472,377
7.10,-4.58,-4.58,0.04,0.04,0.04,336,394,424,472,377
7.61,-4.47,-4.47,0.04,0.04,0.04,336,394,424,472,377
END
7.11,-4.44,-4.44,0.02,0.02,0.02,363,388,422,469,374
-4.30,-3.98,-3.98,0.03,0.03,0.03,361,388,422,469,373
-4.70,-4.01,-4.01,0.04,0.04,0.04,357,388,422,469,373
-4.81,-4.57,-4.57,0.04,0.04,0.04,341,389,422,469,373
3.05,-3.57,-3.57,-0.22,-0.22,-0.22,341,390,423,469,373
6.78,-3.34,-3.34,-0.06,-0.06,-0.06,341,392,423,470,373
10.44,-3.80,-3.80,0.15,0.15,0.15,341,393,423,470,374
8.36,-4.58,-4.58,0.06,0.06,0.06,341,393,423,470,375
7.49,-4.30,-4.30,0.00,0.00,0.00,340,393,423,470,375
8.03,-4.13,-4.13,0.02,0.02,0.02,340,393,423,470,375
7.70,-4.23,-4.23,0.03,0.03,0.03,340,393,423,469,375
END
8.21,-4.11,-4.11,0.02,0.02,0.02,347,384,420,467,374
-4.80,-2.89,-2.89,0.05,0.05,0.05,348,384,420,467,374
-4.90,-2.85,-2.85,0.03,0.03,0.03,347,384,420,467,373
-8.63,-3.01,-3.01,-0.06,-0.06,-0.06,344,384,420,467,373
1.98,-3.85,-3.85,0.62,0.62,0.62,344,386,420,467,373
11.71,-2.71,-2.71,0.17,0.17,0.17,341,390,421,468,373
11.66,-3.79,-3.79,-0.06,-0.06,-0.06,341,392,421,469,374
8.28,-4.52,-4.52,0.06,0.06,0.06,340,392,421,469,373
8.25,-4.15,-4.15,0.02,0.02,0.02,340,392,421,468,373
8.37,-4.24,-4.24,0.01,0.01,0.01,340,392,421,468,373
8.36,-4.26,-4.26,0.04,0.04,0.04,340,392,421,468,373
END
8.45,-4.08,-4.08,0.04,0.04,0.04,347,388,419,465,371
-4.31,-4.31,-4.31,0.02,0.02,0.02,346,388,419,465,371
-5.40,-4.42,-4.42,0.06,0.06,0.06,344,388,419,465,371
-3.99,-3.87,-3.87,0.17,0.17,0.17,340,388,419,465,370
2.10,-4.70,-4.70,0.54,0.54,0.54,340,390,419,466,371
8.89,-4.54,-4.54,0.03,0.03,0.03,339,392,419,467,372
10.37,-5.69,-5.69,0.08,0.08,0.08,339,392,419,467,372
6.89,-4.87,-4.87,0.01,0.01,0.01,339,392,419,467,372
7.82,-4.97,-4.97,0.02,0.02,0.02,339,392,419,467,372
8.13,-4.88,-4.88,-0.06,-0.06,-0.06,339,392,419,466,372
7.84,-4.72,-4.72,0.02,0.02,0.02,338,392,419,466,372
END
7.73,-4.68,-4.68,0.06,0.06,0.06,348,387,418,464,370
-4.59,-4.31,-4.31,0.03,0.03,0.03,347,387,418,464,370
-5.29,-4.28,-4.28,0.03,0.03,0.03,341,387,418,464,370
-2.79,-4.69,-4.69,0.52,0.52,0.52,339,389,418,464,370
1.36,-4.96,-4.96,0.62,0.62,0.62,339,391,419,465,370
2.56,-5.76,-5.76,0.35,0.35,0.35,338,394,420,466,369
9.08,-5.74,-5.74,0.29,0.29,0.29,338,394,420,466,370
9.04,-5.63,-5.63,0.03,0.03,0.03,337,394,419,465,370
8.24,-5.33,-5.33,-0.05,-0.05,-0.05,338,394,419,465,370
7.98,-5.15,-5.15,-0.02,-0.02,-0.02,338,394,419,465,370
7.70,-5.08,-5.08,0.04,0.04,0.04,337,394,419,465,370
END
7.64,-5.04,-5.04,0.03,0.03,0.03,355,388,417,462,367
-4.56,-4.37,-4.37,0.04,0.04,0.04,355,388,417,462,367
-4.90,-4.55,-4.55,-0.01,-0.01,-0.01,351,388,417,462,367
-6.74,-4.16,-4.16,0.10,0.10,0.10,340,388,417,461,367
-2.13,-4.66,-4.66,0.20,0.20,0.20,340,388,417,461,367
5.39,-4.92,-4.92,0.03,0.03,0.03,339,389,417,462,368
5.23,-5.66,-5.66,0.12,0.12,0.12,339,389,417,462,369
3.73,-5.50,-5.50,0.03,0.03,0.03,339,389,417,461,368
3.66,-5.71,-5.71,0.04,0.04,0.04,339,389,417,461,368
3.61,-5.67,-5.67,0.04,0.04,0.04,339,389,417,461,368
3.63,-5.71,-5.71,0.06,0.06,0.06,339,389,417,461,368
END
3.75,-5.69,-5.69,0.03,0.03,0.03,350,390,418,463,371
-4.68,-4.28,-4.28,0.02,0.02,0.02,349,390,418,463,370
-5.18,-4.36,-4.36,0.01,0.01,0.01,349,390,418,463,370
-6.85,-4.97,-4.97,0.10,0.10,0.10,342,390,418,462,370
1.25,-4.24,-4.24,0.15,0.15,0.15,341,392,418,462,370
6.95,-5.81,-5.81,0.60,0.60,0.60,339,395,418,463,370
6.25,-5.80,-5.80,0.14,0.14,0.14,339,396,418,463,370
5.29,-6.19,-6.19,0.03,0.03,0.03,339,396,418,463,369
5.05,-6.04,-6.04,0.04,0.04,0.04,339,396,418,463,369
4.85,-6.03,-6.03,0.05,0.05,0.05,339,395,418,462,369
5.23,-5.86,-5.86,0.03,0.03,0.03,338,395,418,462,369
END
5.31,-5.84,-5.84,0.02,0.02,0.02,346,390,417,461,368
-4.18,-4.21,-4.21,0.03,0.03,0.03,345,390,416,461,368
-6.02,-4.21,-4.21,0.03,0.03,0.03,342,390,416,461,368
-3.25,-4.47,-4.47,0.28,0.28,0.28,341,390,416,461,368
2.49,-3.50,-3.50,0.19,0.19,0.19,341,391,417,461,368
7.80,-5.30,-5.30,0.24,0.24,0.24,340,392,417,461,368
7.58,-5.25,-5.25,0.06,0.06,0.06,339,392,417,461,368
6.53,-5.01,-5.01,0.03,0.03,0.03,339,392,417,461,368
6.47,-5.18,-5.18,0.07,0.07,0.07,339,392,417,461,368
6.56,-5.15,-5.15,0.03,0.03,0.03,339,392,417,461,368
6.38,-5.10,-5.10,0.04,0.04,0.04,339,392,417,461,369
END
6.40,-5.17,-5.17,0.05,0.05,0.05,348,390,416,460,367
-4.80,-4.36,-4.36,0.03,0.03,0.03,348,390,416,459,367
-7.62,-3.91,-3.91,0.05,0.05,0.05,341,390,416,459,367
-2.48,-3.98,-3.98,0.14,0.14,0.14,340,390,416,460,367
1.75,-4.90,-4.90,0.52,0.52,0.52,339,391,416,460,367
7.08,-7.76,-7.76,0.17,0.17,0.17,338,393,416,460,367
4.97,-7.06,-7.06,0.04,0.04,0.04,338,393,416,460,367
5.05,-6.87,-6.87,0.02,0.02,0.02,338,393,416,460,367
4.94,-6.40,-6.40,0.01,0.01,0.01,337,393,416,460,367
4.62,-6.53,-6.53,0.04,0.04,0.04,337,393,416,460,367
5.00,-6.44,-6.44,0.02,0.02,0.02,338,393,416,460,367
END
5.10,-6.32,-6.32,0.01,0.01,0.01,359,386,414,459,368
-4.67,-2.82,-2.82,0.02,0.02,0.02,358,386,414,459,367
-6.86,-2.48,-2.48,-0.05,-0.05,-0.05,345,386,414,459,367
-3.18,-3.34,-3.34,0.14,0.14,0.14,343,386,414,459,367
4.11,-3.63,-3.63,0.44,0.44,0.44,342,389,414,459,368
6.66,-4.54,-4.54,0.31,0.31,0.31,341,390,414,459,368
6.87,-4.85,-4.85,-0.00,-0.00,-0.00,340,390,415,459,368
6.37,-4.41,-4.41,0.04,0.04,0.04,340,390,414,459,368
6.23,-4.62,-4.62,0.02,0.02,0.02,340,390,415,459,368
6.02,-4.52,-4.52,0.01,0.01,0.01,340,390,414,459,367
6.17,-4.43,-4.43,0.01,0.01,0.01,340,390,414,458,367
END
6.17,-4.36,-4.36,0.03,0.03,0.03,352,386,413,458,365
-4.59,-3.70,-3.70,0.05,0.05,0.05,349,387,413,458,365
-5.81,-3.50,-3.50,0.01,0.01,0.01,344,386,413,458,365
-3.96,-4.04,-4.04,0.14,0.14,0.14,343,386,413,458,365
3.86,-4.76,-4.76,0.27,0.27,0.27,341,388,413,458,365
6.92,-5.90,-5.90,0.26,0.26,0.26,340,389,413,458,365
7.57,-5.43,-5.43,-0.05,-0.05,-0.05,340,389,413,458,365
6.25,-4.74,-4.74,0.03,0.03,0.03,340,389,413,458,365
6.41,-4.87,-4.87,0.01,0.01,0.01,340,389,413,458,365
6.58,-4.54,-4.54,0.02,0.02,0.02,340,389,413,458,366
6.33,-4.63,-4.63,0.06,0.06,0.06,340,389,413,458,366
END
6.45,-4.65,-4.65,-0.01,-0.01,-0.01,367,387,413,457,366
-4.96,-3.59,-3.59,0.05,0.05,0.05,366,387,413,457,365
-6.31,-3.66,-3.66,-0.01,-0.01,-0.01,355,387,413,458,365
-5.22,-3.57,-3.57,0.12,0.12,0.12,346,387,413,457,365
3.76,-4.26,-4.26,0.07,0.07,0.07,345,387,413,457,366
10.62,-4.65,-4.65,0.17,0.17,0.17,345,388,413,458,366
7.36,-5.96,-5.96,0.10,0.10,0.10,344,389,413,458,366
5.98,-4.85,-4.85,0.01,0.01,0.01,344,388,413,458,366
6.31,-4.69,-4.69,-0.05,-0.05,-0.05,343,389,413,458,366
6.58,-4.84,-4.84,0.03,0.03,0.03,343,389,413,457,366
6.42,-4.60,-4.60,0.03,0.03,0.03,343,388,413,457,366
END
6.62,-4.68,-4.68,0.03,0.03,0.03,351,386,412,457,364
-4.57,-3.39,-3.39,0.03,0.03,0.03,351,386,412,457,364
-7.31,-3.71,-3.71,0.03,0.03,0.03,345,386,412,456,364
-2.47,-3.83,-3.83,0.09,0.09,0.09,344,386,412,457,364
4.56,-3.63,-3.63,-0.02,-0.02,-0.02,343,388,412,457,364
9.38,-4.73,-4.73,0.24,0.24,0.24,342,389,413,458,365
8.51,-5.27,-5.27,0.01,0.01,0.01,342,390,413,458,365
6.94,-4.63,-4.63,0.01,0.01,0.01,341,389,413,457,365
7.16,-4.76,-4.76,0.03,0.03,0.03,341,389,413,457,365
7.10,-4.77,-4.77,0.03,0.03,0.03,341,389,413,457,365
7.22,-4.71,-4.71,0.05,0.05,0.05,341,389,413,457,365
END
7.41,-4.75,-4.75,-0.00,-0.00,-0.00,345,386,412,456,364
-3.94,-3.63,-3.63,0.05,0.05,0.05,344,386,412,456,364
-5.08,-3.22,-3.22,0.05,0.05,0.05,343,386,412,456,364
-5.74,-3.54,-3.54,0.19,0.19,0.19,342,386,412,456,364
3.52,-4.06,-4.06,0.02,0.02,0.02,342,388,412,456,364
5.35,-3.65,-3.65,0.14,0.14,0.14,342,389,413,457,364
7.26,-4.21,-4.21,0.15,0.15,0.15,341,390,413,457,364
9.08,-5.15,-5.15,0.04,0.04,0.04,341,390,413,457,364
7.44,-4.52,-4.52,0.02,0.02,0.02,341,390,413,457,364
7.74,-4.63,-4.63,0.04,0.04,0.04,341,390,413,457,364
7.87,-4.47,-4.47,0.01,0.01,0.01,341,390,413,457,364
END
7.54,-4.47,-4.47,0.04,0.04,0.04,345,388,413,457,366
-3.96,-3.75,-3.75,0.03,0.03,0.03,344,388,412,457,366
-6.41,-3.83,-3.83,0.03,0.03,0.03,342,388,412,456,366
-4.29,-3.84,-3.84,0.23,0.23,0.23,342,388,412,456,366
3.43,-3.44,-3.44,0.04,0.04,0.04,341,389,413,456,366
10.99,-3.68,-3.68,-0.07,-0.07,-0.07,341,390,414,456,367
9.07,-4.24,-4.24,0.11,0.11,0.11,340,390,413,456,367
7.13,-4.11,-4.11,-0.01,-0.01,-0.01,340,389,413,456,367
7.38,-4.08,-4.08,0.03,0.03,0.03,340,390,413,456,367
7.28,-4.16,-4.16,0.05,0.05,0.05,340,389,413,456,367
7.28,-4.17,-4.17,0.04,0.04,0.04,340,389,413,456,367
END
7.19,-4.25,-4.25,0.03,0.03,0.03,347,386,412,456,365
-4.31,-3.42,-3.42,0.03,0.03,0.03,346,386,412,456,365
-6.58,-3.29,-3.29,0.02,0.02,0.02,341,386,412,456,365
-2.63,-3.60,-3.60,0.14,0.14,0.14,341,387,412,456,365
4.39,-3.83,-3.83,0.15,0.15,0.15,341,387,412,456,366
5.62,-4.37,-4.37,0.44,0.44,0.44,340,388,412,456,366
9.16,-5.09,-5.09,0.14,0.14,0.14,339,389,412,456,365
7.38,-5.13,-5.13,-0.00,-0.00,-0.00,339,389,411,456,365
6.51,-4.62,-4.62,0.00,0.00,0.00,339,389,412,456,365
6.70,-4.78,-4.78,0.03,0.03,0.03,339,389,412,456,365
6.78,-4.77,-4.77,0.02,0.02,0.02,339,389,411,456,365
END
6.84,-4.83,-4.83,0.03,0.03,0.03,344,386,411,455,364
-4.25,-3.73,-3.73,0.04,0.04,0.04,342,386,411,454,363
-6.97,-3.42,-3.42,0.05,0.05,0.05,340,386,411,455,363
-2.50,-3.37,-3.37,-0.05,-0.05,-0.05,339,387,411,454,363
2.99,-4.72,-4.72,0.45,0.45,0.45,338,388,411,455,364
8.60,-5.38,-5.38,0.39,0.39,0.39,338,389,410,455,364
7.61,-6.22,-6.22,0.00,0.00,0.00,338,389,411,455,364
5.77,-5.44,-5.44,-0.01,-0.01,-0.01,338,389,410,455,364
6.26,-5.44,-5.44,0.01,0.01,0.01,338,388,410,455,364
6.37,-5.34,-5.34,0.01,0.01,0.01,338,389,411,455,364
6.47,-5.42,-5.42,-0.01,-0.01,-0.01,338,388,411,455,364
END
-3.57,-2.61,-2.61,0.03,0.03,0.03,353,400,432,468,380
-3.84,-2.41,-2.41,0.04,0.04,0.04,353,400,432,468,380
-5.24,-2.81,-2.81,0.07,0.07,0.07,353,400,432,468,379
-5.65,-3.36,-3.36,0.07,0.07,0.07,351,400,431,467,378
0.47,-1.70,-1.70,-0.08,-0.08,-0.08,350,400,430,467,379
10.48,-3.65,-3.65,0.17,0.17,0.17,348,401,428,466,380
5.41,-4.01,-4.01,0.05,0.05,0.05,347,402,428,466,380
6.05,-3.59,-3.59,0.05,0.05,0.05,346,402,428,466,380
6.02,-3.57,-3.57,0.02,0.02,0.02,346,401,428,466,379
5.61,-3.66,-3.66,-0.03,-0.03,-0.03,346,401,427,465,379
5.79,-3.59,-3.59,0.03,0.03,0.03,345,401,427,465,379
END
5.99,-3.58,-3.58,0.02,0.02,0.02,352,398,426,464,376
-2.96,-3.36,-3.36,0.01,0.01,0.01,353,398,426,464,376
-4.34,-4.18,-4.18,0.03,0.03,0.03,351,398,426,464,376
-3.68,-3.89,-3.89,-0.00,-0.00,-0.00,349,398,425,463,375
2.94,-2.04,-2.04,-0.07,-0.07,-0.07,346,400,425,463,377
6.31,-4.35,-4.35,0.37,0.37,0.37,344,402,424,463,378
8.09,-4.52,-4.52,0.09,0.09,0.09,343,402,423,463,378
6.12,-4.41,-4.41,-0.04,-0.04,-0.04,343,402,423,463,378
6.47,-4.06,-4.06,0.01,0.01,0.01,343,401,423,463,378
6.82,-4.06,-4.06,0.00,0.00,0.00,343,401,423,463,378
6.04,-3.69,-3.69,0.00,0.00,0.00,343,401,423,463,378
END
5.97,-3.73,-3.73,-0.02,-0.02,-0.02,356,394,420,460,372
-4.08,-3.35,-3.35,0.01,0.01,0.01,358,394,420,460,372
-6.11,-3.27,-3.27,0.02,0.02,0.02,349,393,420,460,372
-2.87,-3.83,-3.83,0.09,0.09,0.09,345,395,420,459,372
5.83,-3.72,-3.72,0.23,0.23,0.23,343,397,419,459,375
5.59,-4.59,-4.59,0.09,0.09,0.09,342,397,418,458,374
3.95,-4.89,-4.89,0.01,0.01,0.01,342,397,418,458,374
3.88,-4.79,-4.79,0.03,0.03,0.03,342,397,418,458,374
3.96,-4.77,-4.77,0.02,0.02,0.02,342,397,418,458,374
4.32,-4.62,-4.62,0.02,0.02,0.02,341,397,418,458,374
4.08,-4.62,-4.62,0.00,0.00,0.00,341,397,418,458,373
END
4.26,-4.71,-4.71,0.02,0.02,0.02,356,393,417,457,369
-4.42,-3.90,-3.90,0.01,0.01,0.01,354,393,417,457,369
-5.38,-3.87,-3.87,0.06,0.06,0.06,345,393,417,457,369
-1.41,-4.26,-4.26,0.37,0.37,0.37,343,395,417,457,369
6.97,-5.23,-5.23,0.21,0.21,0.21,343,397,416,457,371
5.87,-5.34,-5.34,0.06,0.06,0.06,342,396,416,457,371
5.21,-4.88,-4.88,0.04,0.04,0.04,342,396,416,457,371
5.01,-5.19,-5.19,0.03,0.03,0.03,342,396,416,457,371
5.08,-5.10,-5.10,0.03,0.03,0.03,342,396,416,457,371
5.14,-5.05,-5.05,0.06,0.06,0.06,342,396,416,457,371
5.16,-5.01,-5.01,0.02,0.02,0.02,342,396,416,457,371
END
5.23,-5.02,-5.02,0.03,0.03,0.03,342,392,415,456,368
-3.04,-3.80,-3.80,0.05,0.05,0.05,342,392,415,455,368
-5.64,-4.01,-4.01,-0.00,-0.00,-0.00,342,392,415,455,368
-2.05,-3.36,-3.36,0.07,0.07,0.07,341,392,415,455,368
7.00,-3.45,-3.45,0.20,0.20,0.20,341,393,414,455,370
8.23,-4.94,-4.94,-0.03,-0.03,-0.03,341,394,414,455,370
5.40,-5.16,-5.16,0.07,0.07,0.07,341,394,414,455,370
5.06,-4.74,-4.74,0.03,0.03,0.03,340,394,414,455,370
5.38,-4.64,-4.64,0.00,0.00,0.00,341,394,414,455,370
5.49,-4.67,-4.67,0.03,0.03,0.03,340,394,414,455,370
5.25,-4.70,-4.70,0.06,0.06,0.06,340,394,414,455,370
END
5.30,-4.65,-4.65,0.03,0.03,0.03,347,392,414,454,367
-3.07,-4.32,-4.32,0.01,0.01,0.01,345,392,414,454,367
-5.33,-4.54,-4.54,0.09,0.09,0.09,342,392,414,454,367
0.97,-3.85,-3.85,-0.28,-0.28,-0.28,342,392,414,454,367
6.28,-3.96,-3.96,-0.11,-0.11,-0.11,342,393,414,454,368
9.17,-4.41,-4.41,0.04,0.04,0.04,341,393,414,454,369
6.12,-5.15,-5.15,0.04,0.04,0.04,341,393,414,454,369
6.07,-4.70,-4.70,0.00,0.00,0.00,340,393,414,454,368
5.92,-4.66,-4.66,0.02,0.02,0.02,341,393,414,454,368
6.19,-4.64,-4.64,0.02,0.02,0.02,340,393,413,454,368
6.17,-4.80,-4.80,0.04,0.04,0.04,341,393,413,454,368
END
6.11,-4.59,-4.59,0.04,0.04,0.04,346,391,414,453,369
-4.18,-3.78,-3.78,0.04,0.04,0.04,346,391,413,453,369
-4.77,-3.93,-3.93,0.03,0.03,0.03,344,391,413,453,368
-5.44,-3.70,-3.70,0.21,0.21,0.21,342,391,413,453,368
0.50,-3.99,-3.99,0.41,0.41,0.41,341,392,413,453,369
9.50,-5.97,-5.97,-0.09,-0.09,-0.09,339,394,412,453,369
5.10,-5.56,-5.56,0.11,0.11,0.11,339,394,412,453,369
5.11,-5.13,-5.13,0.05,0.05,0.05,338,394,412,453,369
5.30,-5.22,-5.22,0.00,0.00,0.00,338,394,412,453,369
5.10,-4.93,-4.93,0.04,0.04,0.04,338,394,412,453,369
5.28,-4.96,-4.96,0.00,0.00,0.00,338,394,412,453,369
END
5.05,-5.05,-5.05,-0.01,-0.01,-0.01,345,391,412,452,367
-2.72,-4.13,-4.13,0.03,0.03,0.03,345,391,412,452,367
-3.07,-4.18,-4.18,0.05,0.05,0.05,345,391,412,452,366
-4.87,-4.63,-4.63,-0.00,-0.00,-0.00,341,391,412,452,366
0.42,-3.73,-3.73,-0.13,-0.13,-0.13,340,392,412,452,367
6.60,-2.69,-2.69,0.05,0.05,0.05,340,392,412,452,369
7.37,-5.16,-5.16,0.06,0.06,0.06,339,393,411,452,370
4.87,-4.90,-4.90,0.09,0.09,0.09,338,393,411,452,369
5.67,-4.41,-4.41,0.03,0.03,0.03,338,393,411,452,369
5.18,-4.72,-4.72,0.02,0.02,0.02,338,393,411,452,369
5.41,-4.58,-4.58,0.03,0.03,0.03,338,393,411,452,369
END
5.23,-4.34,-4.34,0.02,0.02,0.02,346,391,411,451,366
-3.42,-4.24,-4.24,0.02,0.02,0.02,346,391,411,451,366
-4.59,-4.06,-4.06,0.07,0.07,0.07,340,391,411,451,365
-3.31,-3.98,-3.98,0.07,0.07,0.07,339,391,411,451,365
3.53,-3.38,-3.38,-0.03,-0.03,-0.03,339,392,411,451,367
6.40,-4.95,-4.95,0.23,0.23,0.23,338,392,410,451,367
5.96,-5.15,-5.15,0.08,0.08,0.08,337,393,410,451,366
5.47,-4.76,-4.76,-0.00,-0.00,-0.00,337,392,410,451,366
5.20,-4.94,-4.94,0.00,0.00,0.00,337,392,410,451,366
5.41,-4.67,-4.67,0.03,0.03,0.03,337,392,410,451,366
5.65,-4.72,-4.72,-0.00,-0.00,-0.00,337,392,410,451,366
END
6.24,-4.31,-4.31,-0.07,-0.07,-0.07,347,392,414,454,379
-3.52,-3.90,-3.90,0.03,0.03,0.03,347,392,414,454,378
-3.87,-3.73,-3.73,0.00,0.00,0.00,343,392,414,454,377
-4.69,-3.53,-3.53,0.14,0.14,0.14,340,392,413,454,377
3.45,-3.55,-3.55,0.06,0.06,0.06,339,392,413,453,377
5.24,-5.23,-5.23,0.17,0.17,0.17,338,394,412,452,376
5.38,-5.04,-5.04,0.07,0.07,0.07,338,394,412,452,375
5.14,-4.87,-4.87,0.01,0.01,0.01,337,394,412,452,375
5.08,-4.80,-4.80,0.02,0.02,0.02,337,394,412,452,375
5.09,-4.87,-4.87,-0.00,-0.00,-0.00,337,394,411,452,375
5.09,-4.90,-4.90,0.04,0.04,0.04,337,394,411,452,375
END
5.28,-4.87,-4.87,0.03,0.03,0.03,351,392,411,451,371
-3.52,-4.20,-4.20,0.05,0.05,0.05,351,392,411,451,371
-3.60,-4.22,-4.22,0.04,0.04,0.04,350,392,411,451,371
-6.04,-4.21,-4.21,0.02,0.02,0.02,338,392,411,451,370
-0.92,-3.99,-3.99,0.26,0.26,0.26,338,392,411,451,370
6.59,-4.76,-4.76,0.18,0.18,0.18,338,393,411,451,370
7.25,-5.04,-5.04,0.07,0.07,0.07,337,393,411,451,370
5.74,-5.41,-5.41,0.03,0.03,0.03,337,393,411,451,370
5.68,-5.35,-5.35,0.05,0.05,0.05,337,393,410,451,370
5.83,-5.20,-5.20,0.01,0.01,0.01,337,393,411,451,370
5.60,-5.43,-5.43,0.02,0.02,0.02,337,392,410,451,370
END
5.73,-5.27,-5.27,0.04,0.04,0.04,357,390,411,450,368
-3.72,-4.25,-4.25,0.04,0.04,0.04,356,390,411,450,368
-5.23,-4.54,-4.54,0.06,0.06,0.06,340,390,411,450,368
-4.49,-4.52,-4.52,0.10,0.10,0.10,339,391,411,450,368
5.21,-5.84,-5.84,0.01,0.01,0.01,339,391,410,450,369
7.00,-5.87,-5.87,0.07,0.07,0.07,339,392,410,450,369
5.36,-5.58,-5.58,0.02,0.02,0.02,338,392,410,450,369
5.41,-5.83,-5.83,0.01,0.01,0.01,338,392,410,450,369
5.00,-5.76,-5.76,0.02,0.02,0.02,338,392,410,450,369
5.18,-5.52,-5.52,0.04,0.04,0.04,338,392,410,450,369
4.97,-5.61,-5.61,0.03,0.03,0.03,338,392,410,450,369
END
5.10,-5.50,-5.50,0.02,0.02,0.02,355,391,410,450,368
-3.78,-4.16,-4.16,0.04,0.04,0.04,353,390,410,450,368
-6.09,-4.13,-4.13,0.05,0.05,0.05,340,390,410,450,368
-2.04,-4.35,-4.35,0.12,0.12,0.12,340,391,410,450,367
9.38,-4.09,-4.09,-0.08,-0.08,-0.08,339,391,410,450,369
7.93,-5.07,-5.07,0.09,0.09,0.09,339,391,410,450,369
6.09,-5.04,-5.04,0.05,0.05,0.05,339,391,410,450,369
5.99,-4.99,-4.99,0.02,0.02,0.02,339,391,410,450,369
5.73,-4.83,-4.83,0.03,0.03,0.03,339,391,410,450,369
5.96,-5.11,-5.11,0.03,0.03,0.03,339,391,410,449,369
5.84,-4.95,-4.95,0.02,0.02,0.02,339,391,410,449,369
END
6.02,-4.85,-4.85,0.03,0.03,0.03,356,390,410,449,367
-3.88,-4.46,-4.46,0.03,0.03,0.03,354,390,409,449,366
-4.19,-4.47,-4.47,0.07,0.07,0.07,345,390,409,449,366
-3.83,-5.13,-5.13,0.08,0.08,0.08,341,390,409,449,366
1.35,-5.60,-5.60,0.39,0.39,0.39,341,390,409,449,365
8.41,-5.81,-5.81,-0.10,-0.10,-0.10,341,390,409,449,366
6.05,-5.38,-5.38,0.03,0.03,0.03,340,390,409,449,366
5.97,-5.45,-5.45,0.01,0.01,0.01,340,390,409,449,366
5.84,-5.17,-5.17,0.01,0.01,0.01,340,390,409,449,365
5.71,-5.28,-5.28,0.03,0.03,0.03,340,390,409,449,365
5.69,-5.16,-5.16,0.03,0.03,0.03,340,390,409,449,366
END
5.80,-5.25,-5.25,0.03,0.03,0.03,351,389,409,448,364
-3.40,-4.44,-4.44,0.02,0.02,0.02,351,389,409,448,364
-4.75,-4.68,-4.68,0.08,0.08,0.08,342,389,409,448,363
-2.64,-4.12,-4.12,-0.05,-0.05,-0.05,341,389,409,448,363
3.80,-5.40,-5.40,0.25,0.25,0.25,340,389,409,448,362
6.53,-5.87,-5.87,0.24,0.24,0.24,340,390,408,448,363
6.22,-5.86,-5.86,0.03,0.03,0.03,340,390,408,448,363
5.83,-5.62,-5.62,-0.01,-0.01,-0.01,340,390,408,448,363
5.83,-5.25,-5.25,-0.09,-0.09,-0.09,340,390,408,448,363
5.40,-5.31,-5.31,0.03,0.03,0.03,340,390,408,448,363
5.92,-5.46,-5.46,0.02,0.02,0.02,340,390,408,448,363
END
5.71,-5.38,-5.38,0.04,0.04,0.04,349,389,408,447,362
-3.62,-4.53,-4.53,0.03,0.03,0.03,349,389,408,447,361
-4.08,-4.53,-4.53,0.03,0.03,0.03,346,389,408,447,361
-4.67,-4.13,-4.13,0.06,0.06,0.06,340,389,408,447,361
-0.85,-4.28,-4.28,0.23,0.23,0.23,340,389,408,447,361
7.20,-4.56,-4.56,0.16,0.16,0.16,340,389,407,447,363
7.47,-5.22,-5.22,0.06,0.06,0.06,339,389,407,447,363
5.97,-5.01,-5.01,0.04,0.04,0.04,339,390,407,447,363
6.02,-4.96,-4.96,0.03,0.03,0.03,339,389,407,447,363
5.75,-4.97,-4.97,0.01,0.01,0.01,339,390,407,447,363
5.94,-4.84,-4.84,0.02,0.02,0.02,339,390,407,447,363
END
5.69,-4.99,-4.99,0.03,0.03,0.03,356,388,408,446,361
-3.75,-4.40,-4.40,0.02,0.02,0.02,355,388,407,446,361
-5.79,-4.40,-4.40,0.01,0.01,0.01,341,388,408,446,361
-3.60,-4.58,-4.58,0.12,0.12,0.12,340,388,407,446,361
7.43,-4.44,-4.44,0.15,0.15,0.15,341,389,407,446,361
8.95,-4.86,-4.86,0.04,0.04,0.04,340,389,407,447,362
6.39,-4.87,-4.87,0.02,0.02,0.02,340,389,407,447,362
6.37,-5.01,-5.01,0.06,0.06,0.06,340,389,407,446,362
6.26,-4.73,-4.73,0.01,0.01,0.01,340,389,407,446,362
6.39,-4.95,-4.95,0.03,0.03,0.03,340,389,407,446,362
6.78,-4.85,-4.85,0.01,0.01,0.01,340,389,407,446,362
END
6.55,-4.80,-4.80,0.02,0.02,0.02,346,388,407,446,361
-3.43,-4.61,-4.61,0.03,0.03,0.03,345,388,407,446,361
-4.27,-4.91,-4.91,0.02,0.02,0.02,341,388,407,446,360
-5.05,-4.25,-4.25,0.11,0.11,0.11,340,388,407,446,360
2.13,-5.07,-5.07,0.30,0.30,0.30,339,389,407,446,360
8.34,-5.76,-5.76,0.14,0.14,0.14,338,389,407,446,360
6.73,-5.93,-5.93,0.02,0.02,0.02,338,389,406,446,360
6.01,-5.50,-5.50,0.03,0.03,0.03,338,389,406,446,360
6.08,-5.65,-5.65,0.02,0.02,0.02,338,389,406,446,360
6.58,-5.41,-5.41,0.02,0.02,0.02,338,389,406,446,361
6.17,-5.40,-5.40,0.01,0.01,0.01,338,389,406,446,361
END
6.07,-5.47,-5.47,0.01,0.01,0.01,359,387,407,445,359
-3.21,-4.41,-4.41,0.05,0.05,0.05,358,387,406,445,359
-3.41,-4.19,-4.19,0.04,0.04,0.04,357,387,406,445,359
-3.24,-4.34,-4.34,0.01,0.01,0.01,344,387,406,445,359
-4.62,-4.64,-4.64,0.04,0.04,0.04,342,387,406,445,359
-0.59,-4.15,-4.15,0.04,0.04,0.04,342,387,406,445,359
3.70,-4.77,-4.77,0.14,0.14,0.14,342,388,406,445,360
7.36,-5.12,-5.12,0.06,0.06,0.06,340,389,406,445,361
6.66,-5.33,-5.33,0.06,0.06,0.06,340,389,406,445,361
6.26,-5.17,-5.17,0.06,0.06,0.06,339,389,406,445,361
6.27,-5.28,-5.28,0.01,0.01,0.01,339,389,406,445,361
END