3.42,-8.05,-8.05,0.07,0.07,0.07,448,419,416,336,344
2.49,-8.75,-8.75,0.04,0.04,0.04,447,418,416,336,344
2.00,-9.08,-9.08,0.02,0.02,0.02,447,418,415,336,344
2.37,-8.70,-8.70,0.05,0.05,0.05,447,418,415,336,344
2.68,-8.59,-8.59,0.12,0.12,0.12,447,418,415,336,344
2.21,-8.37,-8.37,-0.02,-0.02,-0.02,447,418,415,337,343
2.42,-8.37,-8.37,0.09,0.09,0.09,447,417,415,336,343
2.46,-7.88,-7.88,0.13,0.13,0.13,447,417,415,336,344
3.02,-7.97,-7.97,0.00,0.00,0.00,447,417,415,336,343
2.54,-8.15,-8.15,0.03,0.03,0.03,447,417,415,336,344
2.63,-8.11,-8.11,0.12,0.12,0.12,447,417,415,336,344
END
2.68,-7.95,-7.95,0.02,0.02,0.02,440,413,414,336,343
2.93,-8.51,-8.51,0.02,0.02,0.02,440,413,414,336,343
2.99,-9.50,-9.50,0.02,0.02,0.02,440,413,414,336,342
3.12,-8.24,-8.24,0.11,0.11,0.11,440,412,414,336,343
2.73,-8.69,-8.69,0.02,0.02,0.02,440,413,414,336,343
2.35,-8.44,-8.44,0.06,0.06,0.06,441,413,414,336,343
2.79,-8.52,-8.52,0.09,0.09,0.09,441,412,414,336,343
2.63,-7.94,-7.94,0.01,0.01,0.01,442,412,414,336,343
2.84,-8.13,-8.13,0.13,0.13,0.13,441,410,414,336,345
2.97,-7.76,-7.76,0.05,0.05,0.05,442,410,414,335,344
2.75,-8.39,-8.39,0.05,0.05,0.05,441,410,413,335,344
END
3.27,-7.93,-7.93,-0.04,-0.04,-0.04,438,408,413,336,347
3.07,-8.72,-8.72,0.04,0.04,0.04,437,408,413,336,346
2.93,-8.87,-8.87,0.03,0.03,0.03,438,408,413,336,345
3.01,-9.07,-9.07,0.21,0.21,0.21,438,408,413,336,345
2.53,-8.74,-8.74,-0.01,-0.01,-0.01,438,408,413,336,345
2.53,-8.40,-8.40,0.14,0.14,0.14,439,408,413,336,345
2.66,-8.15,-8.15,0.24,0.24,0.24,439,408,413,335,345
2.09,-7.99,-7.99,0.06,0.06,0.06,440,408,412,335,345
3.55,-7.90,-7.90,0.02,0.02,0.02,440,408,412,335,346
3.01,-7.45,-7.45,0.05,0.05,0.05,440,407,412,335,346
2.96,-8.13,-8.13,0.02,0.02,0.02,440,407,412,335,345
END
2.76,-8.04,-8.04,-0.01,-0.01,-0.01,436,406,412,335,346
3.14,-8.66,-8.66,0.04,0.04,0.04,436,406,411,335,346
2.34,-9.75,-9.75,0.07,0.07,0.07,436,406,412,336,346
2.21,-8.66,-8.66,0.08,0.08,0.08,438,406,412,336,347
2.68,-8.13,-8.13,0.24,0.24,0.24,438,406,412,335,347
3.05,-8.38,-8.38,0.07,0.07,0.07,437,406,412,335,347
3.09,-7.77,-7.77,0.10,0.10,0.10,437,406,412,335,347
2.87,-7.70,-7.70,0.11,0.11,0.11,437,405,412,335,347
3.52,-7.91,-7.91,-0.02,-0.02,-0.02,437,405,411,335,347
2.94,-7.61,-7.61,0.05,0.05,0.05,437,405,411,335,346
2.74,-8.02,-8.02,0.03,0.03,0.03,437,405,411,335,346
END
3.03,-7.85,-7.85,0.01,0.01,0.01,434,403,410,335,346
3.53,-8.66,-8.66,0.01,0.01,0.01,434,403,410,335,346
4.03,-8.54,-8.54,0.12,0.12,0.12,433,403,410,335,346
3.75,-8.71,-8.71,-0.05,-0.05,-0.05,434,403,410,335,346
3.73,-8.38,-8.38,0.05,0.05,0.05,434,403,410,335,346
4.51,-7.85,-7.85,0.13,0.13,0.13,435,403,410,335,346
3.96,-7.85,-7.85,0.06,0.06,0.06,435,403,411,335,346
3.85,-7.51,-7.51,0.13,0.13,0.13,435,403,410,336,346
3.90,-7.67,-7.67,0.07,0.07,0.07,435,403,410,335,346
3.72,-7.39,-7.39,0.01,0.01,0.01,435,403,410,335,347
4.21,-7.55,-7.55,0.02,0.02,0.02,435,403,410,335,347
END
3.65,-7.68,-7.68,0.03,0.03,0.03,433,401,409,336,346
3.66,-8.71,-8.71,0.04,0.04,0.04,433,401,409,336,346
3.38,-9.20,-9.20,0.10,0.10,0.10,432,402,409,336,346
4.55,-7.82,-7.82,0.10,0.10,0.10,433,402,409,336,346
3.43,-8.69,-8.69,0.07,0.07,0.07,433,402,409,336,346
4.03,-7.85,-7.85,0.19,0.19,0.19,434,402,409,335,346
4.15,-7.83,-7.83,0.11,0.11,0.11,434,402,409,335,347
3.27,-7.71,-7.71,0.09,0.09,0.09,435,402,410,335,347
3.96,-7.93,-7.93,-0.01,-0.01,-0.01,434,402,409,335,347
3.76,-7.85,-7.85,-0.00,-0.00,-0.00,434,402,409,335,346
3.83,-7.90,-7.90,0.04,0.04,0.04,434,401,409,335,346
END
3.98,-7.82,-7.82,0.03,0.03,0.03,455,422,413,335,357
3.80,-8.94,-8.94,-0.06,-0.06,-0.06,453,420,412,335,356
3.51,-8.87,-8.87,0.10,0.10,0.10,453,420,412,335,355
3.69,-8.46,-8.46,0.14,0.14,0.14,454,422,412,334,358
4.15,-8.18,-8.18,0.05,0.05,0.05,454,422,412,334,357
3.86,-8.03,-8.03,0.14,0.14,0.14,453,421,412,334,356
4.06,-7.95,-7.95,0.04,0.04,0.04,453,421,412,335,355
3.99,-7.27,-7.27,0.14,0.14,0.14,453,420,412,334,354
4.16,-7.77,-7.77,0.03,0.03,0.03,453,420,412,334,353
3.83,-7.72,-7.72,0.00,0.00,0.00,452,419,411,334,353
4.12,-7.83,-7.83,0.04,0.04,0.04,452,419,411,334,352
END
3.99,-7.78,-7.78,0.01,0.01,0.01,449,416,410,335,353
4.59,-8.24,-8.24,0.02,0.02,0.02,449,416,411,335,353
3.53,-8.70,-8.70,-0.02,-0.02,-0.02,449,417,410,335,353
5.09,-8.66,-8.66,0.20,0.20,0.20,449,416,411,335,353
4.90,-7.60,-7.60,-0.00,-0.00,-0.00,449,416,410,335,353
4.15,-7.89,-7.89,0.08,0.08,0.08,449,416,411,335,353
4.36,-7.75,-7.75,0.07,0.07,0.07,449,416,411,335,352
4.67,-7.65,-7.65,0.07,0.07,0.07,449,416,411,335,352
4.77,-7.44,-7.44,0.06,0.06,0.06,449,416,411,334,352
4.86,-7.65,-7.65,0.02,0.02,0.02,449,416,411,334,352
4.27,-7.71,-7.71,0.05,0.05,0.05,449,416,411,334,351
END
4.77,-7.45,-7.45,0.04,0.04,0.04,446,415,410,335,351
4.51,-8.07,-8.07,0.05,0.05,0.05,446,414,410,335,351
4.90,-8.45,-8.45,0.09,0.09,0.09,445,415,410,335,351
3.75,-8.18,-8.18,0.14,0.14,0.14,446,414,410,335,351
3.62,-8.36,-8.36,0.00,0.00,0.00,446,414,410,335,351
4.19,-7.77,-7.77,0.16,0.16,0.16,446,414,410,335,351
3.73,-8.10,-8.10,0.08,0.08,0.08,446,415,410,335,351
3.70,-8.11,-8.11,0.03,0.03,0.03,446,414,410,335,351
4.19,-7.42,-7.42,0.09,0.09,0.09,446,415,410,334,351
4.18,-7.62,-7.62,0.08,0.08,0.08,446,415,410,335,351
4.17,-7.57,-7.57,0.03,0.03,0.03,446,415,410,335,351
END
4.20,-7.55,-7.55,0.04,0.04,0.04,444,413,409,335,351
4.42,-7.98,-7.98,0.06,0.06,0.06,444,413,409,335,351
4.31,-8.28,-8.28,-0.03,-0.03,-0.03,444,413,409,335,351
4.65,-8.28,-8.28,0.12,0.12,0.12,444,413,409,334,351
4.82,-7.75,-7.75,0.19,0.19,0.19,444,413,410,335,351
3.79,-7.62,-7.62,0.11,0.11,0.11,444,413,409,334,351
3.92,-7.55,-7.55,0.12,0.12,0.12,444,413,409,334,351
3.84,-7.38,-7.38,0.02,0.02,0.02,444,413,409,334,351
4.16,-7.52,-7.52,0.02,0.02,0.02,444,413,409,334,351
3.76,-7.54,-7.54,-0.01,-0.01,-0.01,444,413,409,334,351
3.60,-7.56,-7.56,0.03,0.03,0.03,444,413,409,334,351
END
3.79,-7.50,-7.50,0.03,0.03,0.03,442,412,409,335,350
4.39,-8.35,-8.35,0.13,0.13,0.13,442,411,409,335,349
3.77,-8.20,-8.20,0.01,0.01,0.01,442,411,408,335,350
4.11,-8.41,-8.41,0.04,0.04,0.04,442,411,409,335,350
4.52,-7.99,-7.99,0.14,0.14,0.14,442,411,409,335,350
3.95,-8.19,-8.19,0.07,0.07,0.07,442,412,409,335,350
4.78,-7.60,-7.60,0.24,0.24,0.24,442,412,409,335,350
4.47,-8.08,-8.08,0.18,0.18,0.18,442,411,408,335,349
4.47,-7.47,-7.47,0.08,0.08,0.08,442,411,408,334,349
4.06,-7.85,-7.85,0.06,0.06,0.06,442,411,408,334,349
3.55,-7.43,-7.43,0.07,0.07,0.07,442,411,408,334,349
END
4.23,-7.40,-7.40,0.03,0.03,0.03,441,410,408,335,349
4.70,-8.23,-8.23,0.02,0.02,0.02,441,410,408,335,349
3.97,-8.71,-8.71,0.10,0.10,0.10,441,410,408,335,349
4.50,-8.46,-8.46,0.24,0.24,0.24,441,411,408,335,349
3.88,-7.81,-7.81,0.03,0.03,0.03,441,411,408,335,349
4.42,-7.93,-7.93,0.19,0.19,0.19,441,411,408,334,349
5.43,-7.01,-7.01,-0.17,-0.17,-0.17,441,411,408,335,349
4.85,-7.65,-7.65,0.09,0.09,0.09,441,411,408,334,350
4.94,-7.50,-7.50,0.06,0.06,0.06,441,411,408,334,351
4.28,-7.50,-7.50,0.03,0.03,0.03,441,411,408,335,350
3.93,-7.60,-7.60,0.08,0.08,0.08,441,411,408,334,350
END
4.13,-7.61,-7.61,0.00,0.00,0.00,440,410,407,335,347
4.16,-8.37,-8.37,0.02,0.02,0.02,440,410,407,335,347
4.50,-8.16,-8.16,0.23,0.23,0.23,440,410,407,335,348
3.45,-8.46,-8.46,0.05,0.05,0.05,440,410,407,335,348
4.01,-8.26,-8.26,0.05,0.05,0.05,440,410,407,335,348
3.91,-8.10,-8.10,0.11,0.11,0.11,440,410,407,334,347
3.56,-8.47,-8.47,0.15,0.15,0.15,440,410,407,335,348
3.80,-7.77,-7.77,0.14,0.14,0.14,440,410,407,335,348
3.37,-8.05,-8.05,0.10,0.10,0.10,441,410,407,335,348
3.61,-7.80,-7.80,0.07,0.07,0.07,440,410,407,335,348
3.47,-7.82,-7.82,0.05,0.05,0.05,441,410,407,335,348
END
3.65,-7.80,-7.80,0.01,0.01,0.01,440,410,407,335,348
3.15,-8.67,-8.67,0.08,0.08,0.08,440,410,407,335,348
2.32,-9.54,-9.54,0.11,0.11,0.11,440,410,407,335,348
2.94,-7.98,-7.98,0.05,0.05,0.05,440,409,407,335,348
4.09,-8.56,-8.56,0.12,0.12,0.12,440,409,407,335,347
3.88,-7.75,-7.75,0.05,0.05,0.05,440,409,407,335,347
3.76,-8.12,-8.12,0.05,0.05,0.05,440,410,407,335,347
3.92,-7.81,-7.81,0.04,0.04,0.04,440,410,407,335,347
3.60,-7.62,-7.62,0.06,0.06,0.06,440,410,407,336,346
4.07,-7.14,-7.14,0.08,0.08,0.08,440,409,407,335,347
4.41,-7.72,-7.72,-0.02,-0.02,-0.02,440,409,406,335,347
END
4.09,-7.47,-7.47,-0.02,-0.02,-0.02,439,408,407,335,347
4.43,-8.28,-8.28,0.10,0.10,0.10,439,408,406,335,347
3.73,-8.51,-8.51,0.07,0.07,0.07,439,409,406,335,347
4.67,-8.26,-8.26,0.17,0.17,0.17,439,408,406,335,347
5.07,-7.27,-7.27,-0.02,-0.02,-0.02,439,408,406,335,347
4.14,-8.41,-8.41,0.09,0.09,0.09,439,408,406,335,347
3.54,-7.90,-7.90,0.08,0.08,0.08,439,409,406,335,347
4.00,-8.04,-8.04,0.10,0.10,0.10,439,409,406,335,347
3.32,-7.85,-7.85,0.08,0.08,0.08,439,409,406,335,347
3.89,-7.54,-7.54,0.17,0.17,0.17,440,409,406,335,347
3.35,-7.64,-7.64,0.11,0.11,0.11,440,409,406,335,346
END
3.88,-7.61,-7.61,0.02,0.02,0.02,438,408,406,335,346
4.74,-8.32,-8.32,0.18,0.18,0.18,438,408,406,335,346
3.82,-9.25,-9.25,0.14,0.14,0.14,438,408,406,335,346
4.41,-7.85,-7.85,0.22,0.22,0.22,438,408,406,335,346
4.50,-7.64,-7.64,0.13,0.13,0.13,438,408,406,335,346
4.73,-7.90,-7.90,0.06,0.06,0.06,438,408,406,335,346
4.35,-7.68,-7.68,0.09,0.09,0.09,438,408,406,336,346
4.30,-7.57,-7.57,0.11,0.11,0.11,438,408,406,335,346
4.58,-7.61,-7.61,0.03,0.03,0.03,438,409,406,335,346
4.13,-7.53,-7.53,0.06,0.06,0.06,438,408,406,335,346
4.49,-7.44,-7.44,0.04,0.04,0.04,439,408,406,335,346
END
4.33,-7.33,-7.33,0.07,0.07,0.07,438,408,406,336,346
4.95,-8.63,-8.63,0.05,0.05,0.05,438,408,406,335,346
4.27,-8.36,-8.36,0.05,0.05,0.05,438,408,406,335,346
4.59,-8.29,-8.29,0.03,0.03,0.03,438,408,406,335,346
4.65,-7.65,-7.65,0.09,0.09,0.09,438,408,406,335,346
4.14,-7.90,-7.90,0.15,0.15,0.15,438,408,406,335,346
4.44,-8.07,-8.07,0.07,0.07,0.07,438,408,406,335,346
4.30,-7.46,-7.46,0.08,0.08,0.08,438,408,406,335,346
4.36,-7.71,-7.71,0.07,0.07,0.07,438,408,406,335,346
4.27,-7.75,-7.75,0.06,0.06,0.06,438,408,406,335,346
4.46,-7.49,-7.49,0.04,0.04,0.04,438,408,406,335,346
END
4.39,-7.31,-7.31,0.08,0.08,0.08,438,408,405,335,347
3.90,-8.39,-8.39,0.04,0.04,0.04,438,408,405,335,347
3.81,-8.50,-8.50,0.20,0.20,0.20,438,408,405,335,347
4.26,-8.41,-8.41,0.22,0.22,0.22,438,408,405,335,347
3.55,-7.81,-7.81,0.08,0.08,0.08,438,408,405,335,347
3.91,-8.21,-8.21,0.04,0.04,0.04,438,408,405,335,347
4.06,-7.67,-7.67,0.13,0.13,0.13,438,408,405,335,346
3.94,-7.47,-7.47,0.11,0.11,0.11,438,408,405,335,346
3.98,-7.62,-7.62,0.08,0.08,0.08,438,408,405,335,346
4.14,-7.40,-7.40,0.06,0.06,0.06,438,408,405,335,346
3.50,-7.75,-7.75,0.05,0.05,0.05,438,408,405,335,346
END
3.49,-7.57,-7.57,0.04,0.04,0.04,437,408,405,335,347
3.57,-8.31,-8.31,0.08,0.08,0.08,438,407,405,336,347
4.13,-8.82,-8.82,0.22,0.22,0.22,437,408,405,335,347
3.34,-8.38,-8.38,0.18,0.18,0.18,437,408,405,335,347
3.83,-8.11,-8.11,-0.03,-0.03,-0.03,437,407,405,335,347
4.18,-8.11,-8.11,0.11,0.11,0.11,437,407,405,335,347
4.03,-8.08,-8.08,0.09,0.09,0.09,438,407,405,335,346
3.83,-7.88,-7.88,0.09,0.09,0.09,437,407,405,335,346
3.49,-8.20,-8.20,0.03,0.03,0.03,437,407,405,335,346
3.70,-7.61,-7.61,0.08,0.08,0.08,438,408,405,335,346
4.81,-7.17,-7.17,0.02,0.02,0.02,438,407,405,335,346
END
3.17,-8.51,-8.51,0.05,0.05,0.05,465,432,432,338,345
3.60,-8.00,-8.00,0.01,0.01,0.01,465,432,431,338,345
3.40,-9.86,-9.86,0.08,0.08,0.08,464,432,432,338,345
2.23,-7.98,-7.98,0.03,0.03,0.03,464,432,431,338,346
2.88,-7.90,-7.90,0.04,0.04,0.04,464,432,431,338,347
2.92,-8.26,-8.26,0.13,0.13,0.13,464,431,431,338,347
2.97,-8.10,-8.10,0.09,0.09,0.09,464,431,431,338,347
3.67,-8.13,-8.13,0.00,0.00,0.00,464,431,431,338,347
2.78,-8.36,-8.36,0.07,0.07,0.07,464,431,430,338,347
3.45,-7.90,-7.90,-0.06,-0.06,-0.06,464,430,430,338,347
3.23,-8.35,-8.35,0.05,0.05,0.05,464,429,430,338,347
END
2.80,-8.33,-8.33,0.01,0.01,0.01,458,427,428,338,345
3.83,-8.39,-8.39,0.04,0.04,0.04,458,427,428,338,345
3.49,-8.82,-8.82,0.12,0.12,0.12,458,427,428,338,345
4.19,-8.08,-8.08,-0.07,-0.07,-0.07,458,427,428,338,344
2.97,-8.71,-8.71,0.08,0.08,0.08,458,427,430,338,345
3.28,-8.56,-8.56,-0.01,-0.01,-0.01,459,427,427,338,345
3.27,-8.46,-8.46,0.10,0.10,0.10,459,427,427,338,345
3.73,-8.37,-8.37,0.04,0.04,0.04,459,427,427,338,345
3.33,-7.90,-7.90,-0.08,-0.08,-0.08,460,427,427,338,345
3.07,-8.01,-8.01,0.10,0.10,0.10,460,427,427,338,345
3.82,-8.07,-8.07,0.08,0.08,0.08,460,427,427,338,345
END
4.02,-8.15,-8.15,0.01,0.01,0.01,456,424,425,338,344
3.75,-8.08,-8.08,-0.01,-0.01,-0.01,457,424,425,338,344
4.24,-8.43,-8.43,-0.06,-0.06,-0.06,457,424,425,338,344
3.27,-8.41,-8.41,0.05,0.05,0.05,456,424,425,338,344
3.61,-8.69,-8.69,0.04,0.04,0.04,458,424,425,338,344
3.74,-7.82,-7.82,0.05,0.05,0.05,458,423,424,338,345
3.47,-8.51,-8.51,0.06,0.06,0.06,459,424,424,338,345
3.23,-8.58,-8.58,0.10,0.10,0.10,458,423,425,338,345
3.12,-7.84,-7.84,0.05,0.05,0.05,458,423,425,338,345
2.80,-8.03,-8.03,-0.05,-0.05,-0.05,458,423,425,338,345
3.45,-7.94,-7.94,0.00,0.00,0.00,458,423,424,338,345
END
3.04,-8.17,-8.17,0.04,0.04,0.04,454,422,422,338,343
3.60,-8.45,-8.45,0.04,0.04,0.04,454,421,423,338,343
2.78,-8.86,-8.86,0.06,0.06,0.06,459,423,423,338,345
2.91,-8.48,-8.48,0.16,0.16,0.16,468,427,425,338,349
2.12,-8.49,-8.49,-0.10,-0.10,-0.10,484,434,428,337,354
1.55,-8.60,-8.60,0.08,0.08,0.08,484,434,428,336,353
0.67,-8.41,-8.41,0.08,0.08,0.08,484,434,427,336,352
1.23,-8.91,-8.91,0.01,0.01,0.01,483,433,427,336,351
1.16,-8.26,-8.26,0.09,0.09,0.09,481,431,427,335,351
1.53,-8.29,-8.29,0.04,0.04,0.04,481,429,426,335,350
0.75,-8.35,-8.35,0.05,0.05,0.05,480,429,426,335,350
END
1.26,-8.54,-8.54,0.04,0.04,0.04,470,426,423,336,348
3.44,-8.10,-8.10,0.04,0.04,0.04,470,426,423,336,349
3.49,-9.02,-9.02,0.01,0.01,0.01,470,426,424,336,348
3.49,-8.13,-8.13,0.14,0.14,0.14,471,426,423,336,349
3.02,-7.90,-7.90,-0.08,-0.08,-0.08,471,427,424,336,349
3.40,-7.86,-7.86,0.04,0.04,0.04,471,427,423,336,349
3.25,-8.03,-8.03,0.01,0.01,0.01,471,427,423,336,349
3.57,-7.80,-7.80,0.09,0.09,0.09,472,427,423,336,349
3.42,-8.03,-8.03,-0.09,-0.09,-0.09,473,427,423,336,351
2.56,-7.97,-7.97,0.05,0.05,0.05,473,427,423,336,351
2.54,-8.12,-8.12,-0.01,-0.01,-0.01,473,427,423,336,351
END
2.18,-8.29,-8.29,0.01,0.01,0.01,469,425,422,336,350
4.48,-8.46,-8.46,0.08,0.08,0.08,469,425,422,336,350
4.19,-9.00,-9.00,0.06,0.06,0.06,470,425,422,336,350
5.13,-8.82,-8.82,0.12,0.12,0.12,470,425,422,336,350
3.88,-7.89,-7.89,0.12,0.12,0.12,470,425,422,336,351
4.51,-7.89,-7.89,0.08,0.08,0.08,470,425,422,336,351
4.92,-8.10,-8.10,0.08,0.08,0.08,470,425,422,336,352
4.92,-7.60,-7.60,0.01,0.01,0.01,470,425,422,336,351
5.10,-8.06,-8.06,0.13,0.13,0.13,470,425,422,336,352
4.36,-7.67,-7.67,0.07,0.07,0.07,470,425,422,336,352
3.73,-8.10,-8.10,0.13,0.13,0.13,471,425,422,336,352
END
3.50,-7.85,-7.85,0.03,0.03,0.03,466,424,421,336,351
5.31,-8.03,-8.03,0.03,0.03,0.03,466,424,421,336,351
4.08,-7.69,-7.69,0.09,0.09,0.09,466,424,421,336,351
4.49,-8.31,-8.31,0.01,0.01,0.01,466,424,421,336,352
4.09,-8.39,-8.39,-0.01,-0.01,-0.01,466,424,422,336,353
4.53,-8.04,-8.04,-0.02,-0.02,-0.02,466,424,421,336,353
4.19,-8.16,-8.16,0.02,0.02,0.02,467,425,421,336,353
4.03,-7.90,-7.90,0.11,0.11,0.11,467,424,421,336,353
3.07,-8.28,-8.28,0.10,0.10,0.10,468,423,421,335,353
4.03,-7.69,-7.69,-0.01,-0.01,-0.01,468,424,421,335,352
4.00,-7.73,-7.73,0.06,0.06,0.06,468,424,421,336,352
END
3.60,-7.98,-7.98,0.02,0.02,0.02,464,423,420,336,351
4.47,-8.03,-8.03,-0.01,-0.01,-0.01,463,423,420,336,351
4.23,-7.93,-7.93,0.04,0.04,0.04,463,423,420,336,351
4.21,-8.56,-8.56,0.08,0.08,0.08,463,423,420,335,351
3.79,-8.28,-8.28,0.04,0.04,0.04,464,423,420,336,350
3.95,-7.96,-7.96,0.06,0.06,0.06,463,422,420,336,350
4.92,-7.92,-7.92,0.06,0.06,0.06,463,423,420,336,350
4.33,-7.99,-7.99,0.09,0.09,0.09,463,422,420,336,350
4.36,-7.57,-7.57,0.14,0.14,0.14,463,423,420,336,350
4.22,-7.73,-7.73,-0.02,-0.02,-0.02,463,422,420,336,350
4.52,-7.70,-7.70,0.08,0.08,0.08,464,422,420,336,350
END
4.26,-7.41,-7.41,0.07,0.07,0.07,462,421,419,336,349
4.54,-7.93,-7.93,0.04,0.04,0.04,462,421,419,336,349
4.24,-9.04,-9.04,0.01,0.01,0.01,463,421,419,336,349
4.88,-7.79,-7.79,0.06,0.06,0.06,463,422,419,336,350
4.28,-7.57,-7.57,0.08,0.08,0.08,462,422,419,336,350
4.87,-8.05,-8.05,0.08,0.08,0.08,462,422,419,336,350
4.80,-7.84,-7.84,0.09,0.09,0.09,462,422,419,336,350
4.70,-7.87,-7.87,0.06,0.06,0.06,462,422,419,336,349
4.57,-7.42,-7.42,0.11,0.11,0.11,462,423,418,336,351
5.22,-7.80,-7.80,0.12,0.12,0.12,462,422,419,336,350
4.46,-7.26,-7.26,0.11,0.11,0.11,462,422,418,336,350
END
4.72,-7.33,-7.33,0.03,0.03,0.03,460,420,417,336,346
4.45,-8.34,-8.34,-0.01,-0.01,-0.01,460,420,418,336,346
4.13,-8.38,-8.38,0.06,0.06,0.06,460,420,418,336,347
3.65,-8.51,-8.51,0.06,0.06,0.06,460,420,417,336,347
4.22,-8.21,-8.21,0.07,0.07,0.07,460,420,417,336,347
4.67,-8.27,-8.27,-0.00,-0.00,-0.00,460,420,417,336,347
4.97,-8.13,-8.13,0.12,0.12,0.12,461,420,417,336,347
5.08,-7.95,-7.95,0.01,0.01,0.01,460,420,417,336,347
4.83,-7.86,-7.86,0.11,0.11,0.11,461,420,417,336,348
4.85,-7.53,-7.53,0.03,0.03,0.03,461,420,417,336,347
4.68,-7.75,-7.75,0.10,0.10,0.10,461,421,417,336,348
END
3.45,-6.97,-6.97,0.14,0.14,0.14,460,419,417,336,348
4.68,-8.24,-8.24,0.03,0.03,0.03,460,419,417,336,347
4.39,-8.23,-8.23,0.05,0.05,0.05,460,420,417,336,348
4.42,-8.30,-8.30,0.04,0.04,0.04,460,420,417,336,348
5.17,-7.77,-7.77,0.12,0.12,0.12,460,420,417,336,348
4.97,-8.21,-8.21,0.17,0.17,0.17,460,420,417,335,348
4.21,-7.99,-7.99,0.02,0.02,0.02,460,420,417,336,348
5.42,-7.39,-7.39,0.10,0.10,0.10,460,420,416,336,349
4.21,-7.77,-7.77,0.06,0.06,0.06,460,420,416,336,348
4.67,-7.40,-7.40,0.06,0.06,0.06,461,420,416,336,348
4.58,-7.30,-7.30,0.02,0.02,0.02,461,420,416,336,349
END
4.47,-7.50,-7.50,0.04,0.04,0.04,459,419,416,337,348
4.90,-8.26,-8.26,0.06,0.06,0.06,459,419,416,336,348
4.77,-8.78,-8.78,0.10,0.10,0.10,459,419,416,337,347
4.74,-7.80,-7.80,0.11,0.11,0.11,459,419,416,337,348
4.12,-8.23,-8.23,0.12,0.12,0.12,459,419,416,336,348
4.38,-7.35,-7.35,0.01,0.01,0.01,459,419,416,337,348
5.55,-8.31,-8.31,0.14,0.14,0.14,460,419,415,336,348
4.63,-7.69,-7.69,0.08,0.08,0.08,460,419,415,336,348
4.94,-7.82,-7.82,0.08,0.08,0.08,460,419,415,336,348
5.08,-7.43,-7.43,0.10,0.10,0.10,460,419,415,336,350
4.31,-7.42,-7.42,0.04,0.04,0.04,461,419,415,336,350
END
4.67,-7.37,-7.37,0.07,0.07,0.07,459,419,415,336,349
4.55,-8.18,-8.18,0.03,0.03,0.03,459,419,415,336,349
4.67,-8.49,-8.49,0.07,0.07,0.07,459,419,415,336,349
4.06,-8.14,-8.14,0.19,0.19,0.19,459,419,415,336,350
4.10,-8.41,-8.41,0.18,0.18,0.18,459,419,415,336,350
4.20,-8.13,-8.13,0.06,0.06,0.06,460,419,415,336,350
3.83,-8.12,-8.12,-0.00,-0.00,-0.00,460,419,415,336,350
4.57,-7.76,-7.76,0.12,0.12,0.12,460,419,415,336,350
4.21,-7.81,-7.81,0.24,0.24,0.24,460,419,415,336,350
4.49,-7.52,-7.52,0.19,0.19,0.19,461,419,415,336,350
3.88,-6.90,-6.90,0.04,0.04,0.04,462,419,415,336,350
END
3.93,-7.62,-7.62,0.01,0.01,0.01,458,418,414,336,347
4.34,-7.92,-7.92,-0.02,-0.02,-0.02,458,418,414,336,347
4.98,-8.21,-8.21,0.06,0.06,0.06,458,418,415,336,347
4.52,-8.03,-8.03,0.06,0.06,0.06,458,418,414,336,347
4.51,-7.69,-7.69,-0.00,-0.00,-0.00,458,418,414,336,347
4.88,-7.88,-7.88,0.13,0.13,0.13,458,418,414,336,348
3.86,-7.80,-7.80,0.04,0.04,0.04,458,418,414,336,348
4.42,-7.55,-7.55,0.07,0.07,0.07,458,418,414,336,348
4.27,-7.84,-7.84,0.12,0.12,0.12,459,418,414,336,348
4.11,-7.62,-7.62,0.01,0.01,0.01,459,418,414,336,348
3.86,-7.49,-7.49,0.06,0.06,0.06,459,418,414,336,348
END
3.80,-7.37,-7.37,-0.02,-0.02,-0.02,457,417,414,336,347
4.54,-7.91,-7.91,0.17,0.17,0.17,457,417,413,336,348
4.52,-8.24,-8.24,0.15,0.15,0.15,457,418,413,336,347
4.68,-8.05,-8.05,0.00,0.00,0.00,457,417,414,336,347
4.07,-7.91,-7.91,0.11,0.11,0.11,458,416,413,336,348
4.44,-8.47,-8.47,0.12,0.12,0.12,457,417,413,336,348
4.62,-7.95,-7.95,0.08,0.08,0.08,457,417,413,336,348
3.38,-7.93,-7.93,0.06,0.06,0.06,457,418,413,336,348
3.54,-8.04,-8.04,0.05,0.05,0.05,458,417,413,336,347
3.78,-7.77,-7.77,-0.02,-0.02,-0.02,457,417,413,336,347
3.41,-7.94,-7.94,0.02,0.02,0.02,457,417,413,335,347
END
3.64,-7.98,-7.98,0.01,0.01,0.01,457,417,413,336,347
4.31,-8.21,-8.21,0.05,0.05,0.05,457,417,413,336,347
4.44,-9.35,-9.35,0.02,0.02,0.02,457,417,412,336,347
4.23,-7.72,-7.72,-0.07,-0.07,-0.07,457,417,413,336,347
4.03,-8.43,-8.43,0.12,0.12,0.12,457,416,412,336,347
4.13,-8.38,-8.38,0.05,0.05,0.05,457,417,413,336,347
4.49,-7.79,-7.79,0.11,0.11,0.11,457,417,412,336,347
4.00,-7.92,-7.92,0.16,0.16,0.16,458,417,413,336,348
4.36,-7.63,-7.63,-0.00,-0.00,-0.00,458,417,411,336,347
3.67,-7.67,-7.67,0.02,0.02,0.02,458,417,412,336,347
4.22,-7.70,-7.70,0.06,0.06,0.06,458,416,412,336,346
END
3.60,-7.70,-7.70,0.03,0.03,0.03,456,416,412,335,346
4.74,-8.14,-8.14,0.06,0.06,0.06,456,416,412,336,347
4.30,-8.03,-8.03,0.05,0.05,0.05,456,416,412,335,347
4.29,-8.20,-8.20,0.05,0.05,0.05,456,416,412,336,347
4.70,-8.03,-8.03,0.13,0.13,0.13,456,416,412,336,347
4.92,-7.72,-7.72,0.12,0.12,0.12,456,416,412,335,347
4.31,-8.03,-8.03,0.04,0.04,0.04,457,416,412,335,347
3.94,-7.59,-7.59,0.00,0.00,0.00,456,416,412,335,347
3.96,-7.82,-7.82,0.07,0.07,0.07,457,416,412,335,347
4.90,-7.65,-7.65,-0.01,-0.01,-0.01,457,416,412,335,347
4.20,-8.00,-8.00,0.10,0.10,0.10,457,416,411,335,347
END
4.11,-7.28,-7.28,0.08,0.08,0.08,456,416,412,336,348
4.74,-7.67,-7.67,-0.11,-0.11,-0.11,456,416,412,335,348
4.65,-8.33,-8.33,-0.02,-0.02,-0.02,457,416,412,336,348
5.21,-8.06,-8.06,0.07,0.07,0.07,457,416,411,336,349
5.03,-8.37,-8.37,0.18,0.18,0.18,457,416,412,336,350
4.50,-8.18,-8.18,0.05,0.05,0.05,457,416,412,336,348
5.10,-7.77,-7.77,0.12,0.12,0.12,457,416,412,335,348
4.54,-7.54,-7.54,0.05,0.05,0.05,458,416,412,336,349
5.18,-7.74,-7.74,0.04,0.04,0.04,457,416,411,336,350
4.54,-7.78,-7.78,0.07,0.07,0.07,457,416,411,336,350
3.91,-7.67,-7.67,0.05,0.05,0.05,457,416,411,336,350
END
4.17,-7.57,-7.57,0.08,0.08,0.08,456,416,411,336,350
5.47,-8.08,-8.08,0.00,0.00,0.00,458,415,411,336,350
3.91,-7.94,-7.94,0.10,0.10,0.10,457,416,412,336,350
5.74,-8.16,-8.16,0.13,0.13,0.13,456,416,411,336,350
3.82,-8.13,-8.13,0.15,0.15,0.15,457,416,412,335,350
4.29,-8.31,-8.31,0.00,0.00,0.00,457,416,411,335,350
4.52,-8.08,-8.08,0.03,0.03,0.03,457,416,411,336,352
4.95,-7.81,-7.81,0.08,0.08,0.08,457,416,411,336,352
4.22,-7.78,-7.78,0.08,0.08,0.08,458,416,411,335,352
3.83,-7.53,-7.53,0.00,0.00,0.00,458,416,411,335,352
3.94,-7.67,-7.67,0.02,0.02,0.02,458,416,411,335,352
END