3.19,-8.41,2.71,0.19,0.05,-0.05,473,446,461,335,355
6.27,-7.35,0.37,-0.05,-0.06,0.03,474,446,461,335,355
4.94,-7.37,-0.35,0.03,0.00,-0.08,473,446,461,335,355
6.31,-7.88,0.60,0.02,0.07,0.01,473,446,461,335,355
7.37,-7.54,-0.19,-0.03,-0.07,-0.06,473,446,461,335,355
5.47,-7.52,-1.08,0.02,-0.05,-0.04,474,447,461,335,355
5.72,-7.01,-0.73,0.07,-0.01,0.07,473,447,461,335,355
6.81,-7.19,-0.63,0.22,-0.03,0.13,473,447,461,335,355
5.38,-7.68,-0.55,0.09,-0.06,0.06,473,447,461,335,355
5.07,-7.53,0.13,0.04,-0.04,0.20,474,447,461,335,355
5.30,-7.58,0.52,0.15,0.13,0.11,473,447,461,335,355
4.36,-7.30,-0.62,-0.03,0.18,0.10,474,447,461,335,354
4.70,-7.26,0.75,0.02,0.16,0.03,474,447,461,335,354
5.81,-7.97,1.62,0.23,0.26,0.11,474,447,461,335,355
5.30,-8.41,2.12,-0.01,0.24,0.06,474,447,461,335,355
4.56,-7.55,-0.64,-0.17,0.07,0.01,474,447,461,335,355
4.09,-8.03,1.49,0.21,0.22,-0.14,474,447,461,336,355
4.91,-7.72,2.65,-0.05,0.23,0.03,474,446,460,335,355
4.67,-7.18,1.64,-0.06,0.18,-0.06,474,446,460,335,355
4.35,-7.40,1.70,0.14,0.28,-0.03,474,446,460,335,355
5.71,-8.33,3.45,0.02,0.17,-0.10,474,446,460,335,355
4.70,-7.50,2.73,0.13,0.18,0.05,474,447,460,335,355
5.31,-7.92,3.02,0.06,0.06,0.03,474,447,460,335,355
4.31,-7.52,2.30,0.15,0.13,-0.03,475,447,461,336,355
4.09,-7.88,2.76,0.06,0.07,0.03,475,447,461,335,355
4.99,-7.72,2.07,0.18,0.12,-0.02,475,447,461,335,355
4.37,-7.90,2.61,0.09,0.13,-0.11,476,447,461,335,355
4.64,-7.66,2.62,0.03,0.06,0.03,476,447,461,336,356
3.64,-8.43,3.75,0.02,-0.03,-0.04,476,447,461,336,355
3.37,-7.50,3.40,0.11,0.14,0.04,477,447,461,336,356
3.91,-8.81,2.40,0.05,0.23,0.19,478,447,461,336,356
6.95,-7.21,3.40,0.01,0.21,-0.21,478,447,460,336,355
2.28,-7.94,3.66,-0.01,0.08,-0.11,479,447,460,336,355
1.82,-7.92,3.81,0.10,0.09,0.03,479,447,460,336,355
3.50,-7.72,3.17,-0.05,-0.11,0.09,478,447,460,336,355
3.61,-7.83,2.89,0.00,-0.08,-0.12,479,447,460,336,355
END
3.57,-8.18,3.50,-0.00,-0.03,-0.08,471,444,459,334,358
5.41,-7.19,-0.11,-0.02,-0.06,0.05,471,444,459,335,358
5.90,-7.49,0.77,0.12,0.01,-0.02,471,444,459,335,358
5.93,-7.73,-0.26,0.03,-0.09,-0.04,471,444,459,335,358
5.55,-7.97,0.62,0.09,-0.03,0.03,471,444,459,335,357
6.40,-8.04,0.09,0.05,-0.09,0.04,471,444,459,334,357
5.05,-7.69,-0.09,0.14,-0.04,0.15,471,444,459,335,357
4.62,-7.36,-0.11,0.05,-0.14,-0.05,470,445,459,335,356
4.99,-7.39,0.29,0.13,0.09,0.08,471,445,459,335,356
5.33,-7.43,-0.96,-0.10,0.00,0.10,471,445,459,335,356
5.89,-7.91,1.59,0.04,0.08,0.09,471,445,459,335,356
4.66,-7.91,0.88,0.19,0.20,0.14,471,445,459,335,356
5.48,-7.80,-0.20,-0.13,-0.09,-0.05,471,445,459,335,356
5.20,-8.18,2.90,0.23,0.15,-0.11,471,445,459,335,355
4.54,-7.80,0.72,-0.16,0.06,0.01,471,445,459,334,356
5.68,-8.26,2.71,0.25,0.10,-0.17,470,444,458,335,356
4.49,-7.75,0.52,-0.10,0.14,0.01,468,444,458,335,356
5.79,-7.98,1.18,-0.11,0.03,-0.14,466,444,458,335,359
5.61,-7.78,2.91,0.13,0.22,-0.01,466,444,458,335,361
5.30,-7.82,2.20,-0.08,0.08,0.05,466,444,458,335,365
4.07,-8.33,2.66,0.07,0.02,-0.03,466,444,460,335,367
4.41,-7.76,1.62,0.21,0.14,-0.12,467,444,460,335,367
5.92,-7.47,2.35,0.01,0.07,-0.10,466,444,459,336,367
4.45,-7.65,2.36,0.16,0.18,0.02,467,445,458,335,367
4.08,-7.54,2.50,-0.06,0.12,0.02,468,445,458,336,367
3.39,-9.51,2.30,0.40,0.45,0.17,471,445,458,336,367
9.08,-7.77,4.17,-0.68,-0.04,0.12,469,444,458,336,368
6.02,-6.42,3.73,-0.13,-0.21,0.01,471,445,457,336,367
1.77,-7.78,0.63,0.32,0.10,0.03,472,445,458,336,366
1.19,-8.24,2.02,-0.14,0.05,0.08,472,445,458,336,365
2.89,-8.59,3.66,0.35,0.11,0.10,473,446,458,336,365
3.74,-7.99,2.39,0.03,0.09,-0.03,472,446,458,336,364
4.47,-8.36,3.11,-0.07,-0.08,-0.00,472,446,458,336,364
3.87,-7.95,2.82,0.10,0.03,-0.11,472,446,458,336,364
3.38,-7.96,2.89,0.05,0.08,-0.04,472,445,458,336,364
4.17,-7.99,3.11,0.05,0.02,0.06,472,445,458,336,364
END
3.94,-7.89,2.73,0.03,-0.02,-0.12,468,444,457,335,356
5.92,-7.11,0.55,0.05,-0.02,-0.09,468,444,457,335,356
6.04,-7.81,0.65,-0.00,-0.03,-0.00,468,444,457,335,356
7.42,-7.42,1.59,0.12,-0.01,-0.11,468,444,457,335,356
6.15,-7.31,0.88,-0.02,-0.13,0.06,468,444,457,335,356
4.60,-7.24,0.16,0.10,-0.02,-0.06,467,444,457,335,356
7.26,-7.03,0.46,0.20,0.16,0.03,467,444,457,335,356
6.28,-7.08,0.73,0.05,-0.16,-0.01,467,444,457,335,356
6.28,-7.79,1.06,0.26,-0.08,0.04,467,444,457,335,356
5.61,-7.61,0.52,-0.08,-0.16,0.22,467,444,457,335,356
6.66,-7.49,0.47,0.12,-0.16,0.00,466,443,457,335,356
5.33,-7.57,1.25,0.18,-0.04,0.15,466,444,457,335,356
4.55,-7.29,0.14,-0.12,-0.11,0.21,466,444,457,335,356
6.76,-8.01,1.87,0.12,-0.03,-0.02,466,444,457,335,356
4.19,-7.67,1.40,0.08,0.10,0.17,466,443,457,335,356
5.71,-7.53,0.70,-0.17,-0.06,0.29,466,444,457,335,356
6.54,-7.77,1.23,0.20,-0.16,-0.22,466,444,457,335,356
3.53,-9.12,1.07,-0.06,-0.03,0.42,467,444,457,335,357
4.57,-8.24,1.19,0.17,0.05,-0.02,466,444,457,335,357
3.85,-7.70,2.15,-0.04,0.09,0.03,466,444,457,335,357
4.09,-7.98,1.29,0.10,0.04,-0.08,466,444,457,335,357
3.42,-7.63,1.36,-0.04,0.11,0.14,466,444,457,335,357
4.77,-7.46,0.86,-0.06,0.07,0.09,466,443,457,335,357
4.31,-8.23,1.84,-0.22,-0.11,0.10,466,444,457,335,359
3.05,-8.45,1.39,-0.03,0.14,-0.22,466,444,457,335,359
4.11,-7.91,1.57,0.02,0.15,-0.14,466,444,456,335,359
4.70,-8.19,1.70,0.14,0.17,-0.04,467,444,457,335,359
3.80,-7.99,1.32,0.11,0.25,-0.03,468,444,457,335,359
5.22,-7.20,0.25,0.10,0.27,-0.06,468,444,457,335,358
4.27,-7.87,2.89,0.03,0.28,-0.20,469,444,457,335,358
3.51,-7.97,3.46,0.33,0.43,-0.01,469,444,457,336,358
3.78,-8.13,3.38,0.06,0.33,0.08,470,444,457,336,358
5.97,-7.82,3.27,-0.13,0.30,-0.07,470,444,457,336,357
4.03,-6.93,2.28,0.20,0.26,0.03,471,444,457,336,358
4.03,-7.95,2.66,0.01,0.06,-0.05,471,444,457,336,357
4.26,-8.77,3.65,0.10,-0.09,-0.03,471,444,457,336,357
END
3.30,-8.10,2.92,0.07,0.01,-0.13,466,442,456,335,354
5.88,-7.75,0.26,0.08,-0.10,-0.05,466,442,456,335,354
6.32,-7.26,0.89,0.15,0.03,0.05,466,442,456,335,354
6.12,-6.86,0.14,0.02,-0.03,0.21,466,442,456,335,354
5.05,-7.03,-0.17,0.31,0.03,-0.06,466,442,456,335,354
5.54,-6.64,0.90,0.12,0.08,0.14,466,442,456,335,353
7.64,-7.32,1.58,0.10,-0.14,0.04,466,442,456,335,354
5.69,-7.29,0.43,0.17,-0.15,0.01,466,442,456,335,353
4.07,-7.66,0.62,0.09,-0.08,0.21,466,442,456,335,353
5.23,-6.79,-0.20,0.12,-0.11,0.10,466,442,456,335,353
6.08,-8.48,1.02,0.43,-0.16,-0.29,466,442,456,335,354
4.16,-8.60,0.80,0.09,-0.04,0.33,466,442,456,335,353
6.58,-7.88,2.59,-0.02,-0.11,-0.07,466,442,456,335,353
5.81,-7.58,2.05,-0.02,-0.02,0.03,466,442,456,335,353
3.24,-6.94,0.53,-0.03,0.03,0.13,467,442,456,335,353
4.53,-7.37,0.93,0.20,0.15,0.00,466,442,456,335,353
5.21,-7.90,2.06,-0.00,0.09,-0.01,467,442,457,335,353
4.63,-8.17,1.69,0.08,0.09,0.08,467,442,457,335,352
4.59,-8.23,1.48,0.07,0.15,0.08,467,443,457,335,353
5.22,-8.08,2.07,-0.11,0.08,0.04,467,443,457,335,354
5.71,-8.33,2.75,0.00,0.19,-0.05,467,443,457,336,354
5.15,-8.13,2.20,0.23,-0.01,0.01,468,443,457,335,354
4.24,-9.21,-0.09,0.41,0.18,0.26,475,445,458,335,354
6.94,-8.75,3.76,-0.01,-0.07,-0.09,472,444,458,335,356
2.83,-8.74,2.11,-0.06,0.05,-0.05,474,445,458,335,355
5.53,-8.41,3.29,-0.09,0.08,-0.15,474,444,457,335,355
1.00,-7.59,0.46,0.21,0.33,0.03,475,445,458,335,355
3.98,-7.29,1.75,0.02,0.15,-0.12,475,444,458,336,355
5.51,-7.67,4.26,0.12,0.32,-0.16,475,444,457,336,355
0.51,-8.85,4.23,0.24,0.64,0.04,478,445,458,336,354
2.12,-7.24,2.70,0.14,0.33,0.07,477,444,457,336,355
6.19,-7.58,4.44,0.03,0.25,-0.07,477,444,457,336,355
7.18,-7.95,4.03,0.03,0.31,-0.25,477,444,457,336,354
0.34,-8.49,2.77,-0.25,-0.10,0.21,476,444,457,336,355
6.75,-8.01,3.29,-0.16,-0.09,-0.32,475,444,457,336,354
2.53,-7.81,2.71,0.10,0.13,-0.05,475,444,457,336,354
END
4.41,-7.94,3.31,0.06,0.08,-0.18,468,441,454,335,352
4.82,-7.59,1.17,0.08,-0.16,-0.05,468,441,454,335,352
5.10,-7.47,1.10,0.06,-0.09,0.07,467,441,454,335,352
8.48,-8.38,2.51,0.15,-0.21,-0.25,467,441,454,335,352
3.74,-7.49,-0.35,-0.19,-0.11,0.23,467,441,454,335,351
6.63,-7.75,0.50,0.09,-0.04,0.02,467,441,454,335,352
4.95,-7.83,0.28,0.08,-0.16,-0.09,466,441,454,335,351
6.66,-7.96,0.84,-0.19,-0.40,0.02,466,441,454,335,351
5.30,-7.00,0.27,0.20,-0.07,-0.32,467,441,454,335,351
5.30,-7.35,1.02,-0.08,0.05,0.16,466,441,454,335,351
6.35,-7.62,1.76,0.08,0.06,0.01,466,441,454,335,352
5.00,-6.96,-0.89,-0.32,-0.07,0.31,467,441,455,335,352
6.17,-8.84,1.37,-0.18,-0.05,0.06,467,441,455,335,352
3.97,-7.68,0.09,0.04,0.19,0.14,467,441,455,335,352
5.76,-7.51,0.43,0.21,0.19,0.11,467,441,455,335,352
5.78,-8.35,1.64,-0.04,0.14,-0.08,467,441,456,335,352
3.41,-7.95,0.23,-0.06,0.11,0.12,467,441,455,335,352
4.97,-8.42,1.77,0.16,0.16,-0.00,467,442,455,335,352
3.88,-8.15,0.29,-0.10,0.12,0.09,467,441,455,335,352
4.90,-8.38,2.39,0.17,0.17,-0.10,467,441,455,335,352
2.74,-8.08,0.67,0.11,0.20,0.01,467,441,455,335,353
3.91,-8.23,1.62,0.02,0.15,-0.02,467,441,455,336,353
5.76,-8.49,2.02,0.13,0.19,-0.07,467,441,455,336,352
3.57,-8.20,1.97,0.07,0.16,-0.07,467,441,455,336,353
4.13,-7.77,2.15,0.10,0.16,0.04,467,441,455,335,352
4.69,-8.13,2.04,0.06,0.17,-0.06,467,441,455,336,352
4.41,-7.69,2.28,0.09,0.18,-0.05,467,441,455,336,352
3.57,-8.56,2.64,0.08,0.13,0.03,468,441,455,335,352
4.45,-8.95,2.39,0.07,0.05,0.01,468,441,455,336,352
4.47,-8.10,1.49,0.01,0.19,-0.11,468,441,455,336,353
3.04,-8.08,2.55,0.02,0.19,-0.10,469,442,455,336,352
0.63,-8.74,3.73,0.06,0.33,0.18,470,442,455,336,352
3.77,-8.45,3.27,0.00,0.41,0.06,470,441,455,336,352
3.80,-7.87,4.68,-0.07,0.13,0.11,470,442,455,336,352
3.35,-7.57,3.55,-0.06,-0.21,-0.09,470,441,455,336,352
1.36,-7.69,2.22,0.11,0.04,-0.15,471,442,455,336,352
END
2.86,-8.20,2.34,-0.00,0.01,0.02,465,441,453,335,352
5.18,-8.08,0.63,-0.02,-0.17,0.05,465,440,453,335,352
3.83,-7.80,0.46,-0.08,-0.19,0.08,465,441,453,335,352
5.08,-8.18,1.11,0.20,0.05,0.03,465,440,453,335,352
3.90,-7.72,-0.53,0.07,0.09,0.01,465,441,453,335,352
6.35,-8.23,2.40,-0.08,0.00,0.12,465,441,453,335,352
5.41,-8.44,1.96,0.18,0.08,-0.15,465,441,453,335,352
4.27,-7.51,0.73,-0.06,-0.00,0.27,465,441,453,335,352
5.26,-9.64,2.71,0.13,0.05,-0.07,466,441,453,335,352
2.33,-7.93,0.53,-0.19,0.06,0.10,466,441,453,335,352
4.82,-8.04,1.37,0.06,0.12,0.04,466,441,453,335,352
5.89,-8.69,2.58,0.19,0.13,-0.14,466,441,453,335,352
2.83,-8.14,0.40,-0.25,0.06,0.14,466,441,453,335,352
3.83,-8.36,1.79,0.25,0.28,-0.13,466,441,453,335,351
4.11,-8.51,2.26,0.10,0.29,0.08,466,441,453,334,351
3.78,-8.79,1.97,-0.01,0.14,0.02,466,441,453,335,351
2.15,-7.70,1.06,0.16,0.28,-0.06,467,441,453,335,351
3.12,-7.93,1.18,-0.37,0.24,-0.05,467,441,454,335,351
4.27,-8.28,2.75,-0.14,0.17,0.03,467,442,455,336,351
1.97,-8.46,1.64,0.16,0.17,-0.17,467,442,456,336,351
3.73,-9.65,2.97,-0.12,0.11,-0.17,467,442,456,336,351
3.73,-8.59,3.07,0.31,0.29,-0.12,468,442,456,336,350
1.86,-7.79,2.27,0.35,0.22,0.25,470,442,456,336,350
6.53,-8.08,3.07,0.08,0.01,-0.12,470,442,456,336,350
3.26,-7.73,1.51,-0.04,0.03,-0.05,471,442,456,336,350
2.84,-8.25,1.87,-0.20,-0.03,0.02,470,442,456,336,350
3.24,-8.02,2.11,0.14,-0.08,-0.18,470,442,456,336,350
2.93,-7.72,1.51,-0.04,-0.01,-0.06,470,442,456,336,350
3.88,-8.46,2.51,0.04,-0.01,-0.03,470,442,456,336,350
2.61,-8.53,2.12,0.21,0.08,0.02,470,442,456,336,350
4.46,-8.86,1.97,-0.06,-0.06,-0.03,470,442,455,336,350
3.98,-8.38,1.95,0.07,0.03,-0.15,469,442,455,336,350
3.16,-8.48,2.15,-0.04,0.01,-0.12,469,442,455,336,350
3.66,-8.56,2.08,0.09,0.09,-0.01,469,442,455,336,350
3.86,-8.51,2.81,0.04,0.02,-0.03,469,441,455,336,350
2.91,-8.40,2.40,-0.04,-0.03,-0.05,469,441,455,336,350
END
4.23,-8.11,2.25,0.03,0.01,-0.07,465,439,451,335,350
5.58,-7.54,0.55,0.06,-0.01,-0.01,465,439,451,335,349
5.97,-7.93,0.36,0.08,-0.04,-0.03,465,439,451,335,349
5.56,-8.01,0.66,0.09,-0.03,-0.01,465,439,451,335,350
5.80,-7.93,0.79,0.01,-0.02,0.04,465,439,451,335,349
6.12,-7.54,-0.36,0.16,-0.02,-0.07,465,439,451,335,349
5.05,-8.14,-0.69,0.08,-0.05,0.02,465,439,451,334,349
5.43,-8.61,0.48,0.07,-0.05,0.06,465,439,451,334,349
4.54,-7.37,-0.99,0.13,0.02,0.07,464,439,451,335,349
3.85,-7.37,-0.25,-0.09,-0.19,0.10,464,439,451,334,349
3.45,-7.45,0.90,0.06,-0.12,0.16,464,440,451,335,349
6.51,-8.10,1.50,-0.15,-0.20,0.10,464,439,452,335,350
4.11,-8.44,0.73,-0.13,0.01,0.14,465,439,452,335,350
4.84,-8.05,0.72,-0.06,-0.13,0.12,465,439,452,335,350
6.69,-8.40,1.53,0.19,-0.06,-0.15,464,439,451,335,349
2.72,-7.82,-1.36,-0.16,-0.12,0.05,465,439,451,335,350
6.17,-8.76,0.95,0.04,-0.18,-0.20,464,439,451,335,350
2.20,-8.42,-0.35,0.06,0.01,-0.03,464,439,451,335,349
5.52,-8.38,-0.04,-0.08,-0.01,0.04,464,439,451,335,350
4.72,-8.48,0.01,0.05,0.16,0.06,464,439,451,335,349
4.55,-8.61,0.06,0.03,0.09,0.02,464,439,451,335,350
3.95,-8.48,-0.57,0.09,0.10,0.07,465,439,451,335,350
3.93,-8.67,0.15,0.11,0.16,0.00,465,439,451,335,350
5.08,-7.91,0.56,0.09,0.10,-0.08,465,439,451,335,350
3.33,-8.18,0.66,0.18,0.23,0.07,465,439,451,335,350
5.06,-7.74,0.57,0.04,0.15,0.02,465,439,451,335,350
2.16,-8.66,0.65,0.13,0.14,-0.05,465,440,451,335,350
1.90,-8.31,1.21,0.09,0.37,-0.06,466,440,451,335,350
3.50,-8.51,2.09,0.08,0.44,-0.01,465,439,451,335,350
5.56,-7.16,0.83,-0.13,0.57,0.20,466,439,451,335,350
8.60,-9.00,4.96,0.04,0.35,-0.55,467,439,451,336,350
2.64,-7.32,2.86,0.16,0.21,-0.04,468,440,451,336,350
2.00,-7.39,1.84,-0.06,-0.04,0.28,468,440,451,336,349
0.74,-8.34,2.18,-0.19,-0.20,0.13,469,440,451,336,350
5.05,-8.57,1.68,0.15,-0.06,-0.09,468,440,451,336,350
2.43,-8.26,1.75,0.05,0.03,-0.03,468,440,451,336,349
END
3.07,-8.83,2.48,0.02,-0.03,-0.11,464,438,449,335,350
5.44,-7.33,0.14,0.16,-0.01,-0.04,464,438,449,335,350
5.92,-7.90,0.91,0.11,-0.02,-0.10,464,438,449,335,349
4.80,-8.26,0.01,0.00,-0.19,0.06,464,438,449,335,349
5.92,-8.39,1.01,-0.06,-0.11,0.03,463,438,449,335,349
5.20,-7.93,0.86,-0.01,-0.10,0.03,463,438,449,335,349
6.05,-7.90,1.06,-0.01,-0.08,0.06,463,438,448,335,349
4.19,-7.26,-0.62,-0.04,-0.09,0.10,463,438,448,335,349
5.42,-7.92,-0.22,0.14,-0.05,-0.05,463,438,448,335,349
5.06,-7.72,-1.26,-0.03,-0.16,0.13,463,438,448,335,349
6.18,-8.48,-0.11,0.12,-0.25,-0.09,463,438,448,335,349
4.95,-8.61,0.46,-0.02,0.00,0.21,463,438,448,335,349
5.94,-8.03,-0.11,-0.14,-0.18,0.19,463,438,448,335,349
5.43,-8.05,-0.39,0.07,-0.17,-0.28,463,438,448,335,349
4.08,-7.67,-0.27,-0.06,-0.12,0.09,463,438,448,335,349
2.73,-8.64,0.57,0.05,0.03,-0.04,463,438,448,335,349
5.06,-8.51,1.89,-0.02,0.06,0.06,463,438,448,335,349
3.52,-8.18,0.37,-0.06,0.16,0.13,463,438,448,335,349
3.50,-7.96,0.74,0.11,0.25,-0.02,463,438,449,335,349
4.31,-7.82,0.11,-0.01,0.25,0.04,463,438,449,335,349
5.51,-8.21,0.83,-0.02,0.11,0.07,463,438,450,335,350
3.74,-8.19,0.31,-0.01,0.24,-0.17,462,438,451,335,351
5.12,-8.46,0.57,0.02,0.18,-0.02,460,437,451,335,353
3.58,-8.18,0.33,0.14,0.18,-0.05,460,438,451,335,353
4.77,-8.58,0.91,0.08,0.25,0.01,460,437,450,335,354
4.92,-8.46,1.62,0.07,0.28,-0.16,460,438,450,335,353
4.39,-8.63,0.63,0.05,0.22,-0.00,460,438,450,335,352
5.71,-9.40,2.49,0.01,0.13,-0.10,460,438,450,335,353
4.47,-8.45,0.88,-0.04,0.04,0.04,460,438,450,335,353
3.70,-7.65,0.95,0.04,0.12,-0.05,461,438,450,335,353
4.64,-7.69,1.26,-0.05,0.05,0.04,460,438,450,335,353
4.21,-8.78,2.88,0.11,0.15,-0.05,461,438,450,335,353
0.10,-8.23,1.22,0.14,0.32,0.29,462,438,450,335,353
5.10,-8.61,2.00,-0.05,0.20,0.23,461,438,450,335,353
6.59,-8.49,2.40,0.08,0.36,-0.24,462,438,450,335,353
3.24,-8.14,1.62,-0.10,0.06,0.11,462,438,450,335,353
END
4.26,-8.54,2.34,-0.03,-0.12,-0.13,460,437,448,335,350
6.41,-8.09,1.01,0.32,0.07,-0.01,460,437,448,335,350
5.87,-7.67,0.26,0.16,-0.04,0.08,460,437,448,335,350
5.39,-7.23,-0.07,0.04,-0.20,0.10,460,437,448,335,350
5.27,-7.57,0.81,0.10,-0.18,-0.03,460,437,448,335,350
5.48,-7.94,-0.13,0.07,-0.15,-0.02,460,437,447,335,350
5.59,-8.10,0.27,0.03,-0.21,0.06,460,437,447,335,351
3.79,-7.85,-0.73,0.15,-0.06,0.05,460,437,448,335,350
3.89,-7.98,-0.57,0.03,-0.06,-0.04,460,437,448,335,350
4.31,-8.00,0.69,0.11,0.09,-0.00,460,437,448,335,351
7.18,-8.56,2.86,0.04,0.15,0.02,460,437,448,335,351
6.01,-8.22,1.57,-0.10,-0.04,0.16,460,437,449,335,351
5.89,-7.82,0.93,-0.11,-0.15,0.02,460,437,449,335,350
2.58,-7.24,-0.95,-0.19,-0.04,0.18,461,437,448,335,350
5.58,-7.82,-0.08,-0.05,-0.04,0.08,460,437,448,335,351
5.48,-8.44,1.52,0.01,0.03,0.02,461,437,449,335,350
1.83,-8.54,-0.73,-0.43,0.10,0.39,462,437,448,335,350
3.29,-8.99,0.28,-0.07,0.13,-0.01,462,437,448,335,350
4.13,-8.45,-0.36,0.09,0.26,0.01,461,437,448,335,350
5.12,-8.54,0.83,0.01,0.17,-0.09,461,437,448,335,350
5.15,-9.32,2.00,0.10,0.14,-0.12,461,437,448,335,350
3.59,-7.68,-0.67,0.12,0.20,-0.02,461,437,448,334,349
4.33,-8.16,-0.37,0.08,0.16,-0.00,461,437,448,335,349
5.24,-9.02,0.51,0.06,0.09,-0.23,461,437,448,335,350
4.15,-8.38,0.61,-0.00,0.09,-0.07,461,437,448,335,349
4.49,-8.67,0.75,0.03,0.12,0.02,461,437,448,335,349
5.47,-8.22,-0.07,-0.01,0.06,0.14,462,437,448,335,349
5.48,-8.14,0.43,-0.21,0.15,0.18,463,437,448,335,349
0.29,-7.93,0.58,0.24,0.32,-0.38,464,438,448,335,349
3.40,-8.18,2.33,0.09,0.22,0.04,463,437,448,335,349
5.87,-9.53,2.51,0.11,0.29,0.01,463,437,448,335,349
3.51,-8.99,0.61,-0.04,0.11,0.09,464,437,448,335,349
2.01,-9.03,1.92,-0.02,0.02,-0.01,464,437,448,335,349
3.11,-8.46,1.54,0.06,0.04,0.01,464,437,448,335,349
2.87,-8.23,1.02,-0.04,-0.10,0.03,463,437,448,335,349
2.79,-8.08,0.62,0.01,-0.06,-0.14,463,437,448,335,349
END
2.91,-8.81,1.03,0.11,0.03,-0.10,461,437,447,335,349
4.29,-7.14,-1.00,0.03,-0.10,-0.02,461,437,447,335,349
4.44,-8.05,-0.17,0.25,0.06,-0.03,461,437,447,335,349
5.78,-8.49,1.03,-0.09,-0.16,0.09,461,437,447,335,349
5.54,-8.44,1.11,0.23,-0.01,-0.11,461,436,447,335,350
3.55,-7.44,-0.90,-0.17,-0.22,0.14,460,436,446,335,349
4.54,-7.82,-0.22,0.21,0.01,-0.05,460,436,447,335,350
4.52,-7.88,-1.47,0.14,0.01,0.00,460,436,447,335,350
4.01,-8.30,-0.70,-0.04,-0.17,0.05,460,436,447,335,350
6.13,-9.36,1.16,0.59,-0.00,-0.20,461,437,447,335,351
4.69,-8.73,-0.90,-0.12,-0.23,0.08,463,438,448,335,352
4.03,-8.28,0.67,-0.18,-0.14,0.13,462,437,448,335,352
3.63,-8.11,0.92,-0.06,-0.09,0.03,463,437,448,335,352
3.66,-7.68,-0.27,0.07,0.12,0.19,463,437,448,335,353
6.08,-8.49,1.89,-0.07,0.02,-0.08,462,437,448,335,353
2.04,-7.84,-1.36,-0.03,0.15,0.22,463,438,448,335,352
8.50,-9.73,2.25,-0.01,-0.03,-0.21,462,437,448,335,353
2.76,-7.25,-1.74,0.00,0.10,0.06,463,437,448,335,353
4.03,-8.87,0.80,0.05,0.13,-0.06,463,438,448,335,353
2.76,-9.03,0.44,-0.03,0.18,0.04,463,438,448,335,352
3.45,-8.53,1.18,-0.13,0.31,0.05,463,437,448,335,352
4.92,-8.92,1.19,0.18,0.27,-0.18,462,437,448,335,352
3.03,-8.43,-0.51,-0.20,0.20,0.02,463,437,448,336,352
4.06,-7.82,-0.49,-0.03,0.33,-0.01,463,437,448,336,352
3.92,-8.17,0.42,0.12,0.37,-0.22,463,437,448,336,352
3.51,-9.84,3.91,0.25,0.49,-0.01,464,437,448,337,352
5.76,-8.71,3.01,0.12,0.37,-0.00,464,437,448,336,352
6.71,-8.85,1.65,-0.05,-0.08,0.20,464,436,448,336,352
4.37,-7.22,0.78,-0.02,0.00,-0.11,465,436,448,336,352
2.02,-8.08,0.75,-0.05,-0.03,0.04,464,436,448,336,352
5.10,-8.44,1.44,0.09,-0.10,-0.01,464,436,448,336,352
1.85,-8.79,1.34,0.07,0.10,-0.09,465,436,448,336,352
2.71,-8.74,0.94,-0.05,-0.03,0.12,464,436,448,336,351
5.01,-8.83,1.35,0.02,-0.03,-0.08,465,437,448,336,352
1.92,-8.36,0.79,0.03,-0.00,0.03,465,437,448,336,352
5.15,-8.73,0.89,-0.00,0.02,-0.10,464,437,448,336,352
END
3.57,-8.59,0.73,0.03,-0.02,0.02,461,436,448,335,350
5.10,-8.34,0.01,0.10,-0.06,-0.02,461,436,448,334,350
4.77,-8.48,-0.04,-0.02,-0.12,0.04,461,436,448,334,350
5.30,-8.26,-0.67,0.13,-0.03,0.01,461,436,448,335,350
5.18,-8.51,-0.42,0.41,-0.06,0.09,461,436,448,335,349
3.92,-7.67,-0.04,-0.15,-0.14,0.09,461,437,448,335,349
5.02,-6.85,0.37,0.09,-0.04,-0.05,461,437,448,335,349
5.57,-7.85,0.14,0.06,-0.15,-0.09,461,437,448,335,349
3.39,-8.56,-0.55,0.06,-0.12,0.01,461,437,448,335,349
5.78,-8.77,1.76,0.25,0.15,0.01,461,437,448,335,349
4.89,-8.41,-1.06,-0.23,-0.26,-0.04,461,437,448,335,349
7.16,-8.78,2.02,-0.09,-0.13,-0.12,461,437,448,335,349
2.83,-7.88,-0.64,0.00,-0.01,0.19,461,437,448,335,349
5.18,-8.22,0.38,-0.05,-0.01,0.02,461,437,448,335,349
4.68,-7.19,-0.02,-0.03,0.01,0.10,461,437,450,335,349
4.94,-7.33,0.17,0.09,-0.09,-0.09,461,439,452,335,349
4.87,-8.24,-0.11,0.14,-0.01,-0.06,462,439,453,335,348
4.36,-9.06,-0.55,0.09,-0.05,0.03,462,440,453,335,347
3.31,-9.12,0.37,-0.04,0.01,-0.09,462,439,453,335,347
4.90,-8.81,0.31,-0.10,0.15,-0.04,462,439,452,335,348
2.90,-8.84,1.50,-0.28,0.23,-0.04,463,438,451,335,350
4.41,-8.46,0.39,-0.11,0.32,-0.00,462,438,449,335,352
5.19,-8.52,2.26,0.12,0.15,-0.14,462,438,449,335,353
4.11,-7.92,-0.15,0.16,0.20,0.14,462,438,449,335,353
4.47,-7.62,-1.29,0.09,0.15,-0.01,463,438,449,335,352
3.91,-9.10,0.31,-0.11,0.19,-0.08,463,438,449,335,352
2.18,-8.82,3.52,0.23,0.31,-0.01,464,438,449,335,352
2.89,-9.11,3.91,0.01,0.25,0.16,465,438,449,335,352
5.64,-8.58,0.67,0.09,0.35,-0.03,465,438,449,335,352
0.75,-7.55,0.74,0.12,0.33,0.07,468,439,450,335,352
7.21,-8.81,1.04,-0.06,-0.05,0.13,467,438,450,335,353
4.41,-7.66,1.97,0.21,0.15,-0.21,469,439,450,335,353
2.62,-7.59,1.25,0.15,0.01,-0.08,471,439,450,335,353
2.94,-8.73,1.59,-0.09,-0.08,-0.00,470,439,450,335,353
3.32,-9.35,1.78,-0.00,0.02,-0.04,469,439,450,335,353
3.55,-9.01,1.50,-0.02,-0.09,-0.09,469,438,449,335,353
END
4.50,-8.45,1.33,0.00,-0.02,-0.16,462,437,448,335,351
4.69,-8.24,-0.67,-0.09,-0.08,-0.03,462,437,448,335,351
5.83,-8.01,-0.67,-0.09,-0.17,-0.05,462,437,448,335,351
3.80,-7.75,-0.80,0.03,-0.14,-0.05,462,437,448,335,351
4.24,-7.90,-0.29,0.04,-0.22,-0.05,462,437,448,335,351
3.91,-8.20,-0.19,0.21,0.01,0.02,462,437,448,335,351
4.89,-8.52,0.14,0.03,-0.05,0.08,462,437,448,335,351
4.34,-8.69,0.45,0.13,-0.05,-0.14,462,437,448,335,351
6.09,-8.87,0.66,0.30,0.14,-0.13,461,437,448,335,351
5.51,-9.53,1.07,-0.07,-0.20,-0.11,460,437,449,335,352
3.78,-8.03,-0.11,-0.01,0.02,-0.01,460,437,449,335,352
4.59,-7.76,-0.71,0.04,0.03,0.04,460,437,449,335,352
4.26,-7.73,-0.36,-0.04,0.08,0.04,460,437,448,335,351
4.06,-8.03,0.97,0.03,0.23,0.05,460,437,449,335,351
4.83,-8.48,0.42,-0.04,0.08,0.11,461,437,448,335,351
4.78,-8.97,1.18,0.02,0.12,0.10,461,437,449,335,352
2.58,-8.71,-0.19,-0.16,0.20,0.05,461,437,449,335,352
5.18,-8.52,1.61,-0.08,0.10,-0.17,460,437,449,335,352
4.75,-7.95,-0.36,0.05,0.14,-0.05,460,437,448,335,351
4.51,-8.46,0.03,0.09,0.05,-0.03,460,436,448,335,351
3.96,-8.75,0.95,0.01,0.17,-0.05,461,437,448,335,351
4.16,-8.60,0.29,-0.03,0.19,-0.02,461,437,448,335,352
3.83,-7.97,0.49,0.12,0.29,-0.11,461,437,448,335,352
4.85,-8.42,1.66,0.08,0.26,-0.01,461,436,448,335,352
5.58,-8.12,1.29,0.01,0.09,0.03,461,437,448,335,352
3.88,-8.23,1.34,0.12,0.07,0.17,463,437,448,335,352
3.49,-8.41,0.70,-0.07,0.20,0.33,464,437,448,335,352
3.15,-7.31,1.52,0.15,0.24,-0.03,465,437,448,335,352
2.68,-9.15,4.12,0.49,0.37,-0.16,467,438,448,335,352
3.80,-9.07,2.03,-0.12,0.05,0.00,467,438,448,335,352
1.46,-9.12,2.31,0.07,-0.07,-0.21,468,438,448,335,352
4.13,-7.72,2.25,0.08,0.03,-0.00,467,438,448,335,352
2.86,-8.32,1.84,0.13,0.01,-0.07,467,438,448,335,351
3.04,-8.51,1.80,-0.01,-0.04,-0.03,467,437,448,335,351
3.64,-8.80,2.33,0.14,0.05,-0.07,466,437,447,335,351
4.21,-8.84,1.92,0.03,-0.04,-0.07,466,437,447,335,351
END
2.99,-8.40,1.82,-0.08,-0.04,-0.06,460,435,446,334,351
5.64,-8.20,0.57,0.06,-0.07,-0.01,460,435,446,335,351
4.70,-7.71,0.04,-0.06,-0.10,0.05,460,435,446,335,351
4.83,-7.31,-0.12,0.11,0.04,0.02,459,435,446,335,351
6.35,-8.08,0.74,-0.00,-0.10,0.00,459,435,445,335,351
5.23,-8.08,-0.19,0.10,-0.02,-0.07,459,435,445,335,351
3.23,-7.28,-1.18,-0.13,-0.16,0.16,459,435,445,334,351
5.67,-7.60,-1.25,0.09,-0.03,-0.04,459,435,445,335,351
5.47,-7.97,-0.06,0.01,0.01,0.01,459,435,445,335,351
4.76,-8.29,-0.67,-0.11,-0.17,0.03,459,435,445,335,352
8.11,-9.30,2.00,0.29,-0.07,-0.11,459,435,445,335,352
3.58,-8.99,-0.51,-0.25,-0.26,0.24,459,435,445,335,352
5.30,-9.05,0.57,-0.14,-0.19,0.23,459,435,445,335,352
4.11,-8.54,-0.37,0.17,0.16,0.09,459,435,445,335,352
0.51,-8.29,-2.05,-0.16,0.12,0.53,460,435,445,335,352
6.21,-8.83,1.59,0.04,0.06,0.21,459,435,445,335,351
5.62,-8.33,1.34,0.13,0.21,-0.07,459,435,445,335,352
4.64,-8.35,-0.78,-0.15,-0.03,0.24,459,435,445,335,352
3.35,-8.36,0.79,0.06,0.09,-0.15,459,435,445,335,352
4.31,-9.01,2.20,0.03,0.28,-0.05,459,436,445,335,352
1.37,-7.82,-2.44,-0.38,0.06,0.17,460,436,446,335,352
3.71,-7.87,-0.71,-0.11,0.15,-0.06,459,435,446,335,353
5.51,-8.82,2.61,0.24,0.33,-0.35,459,435,446,335,352
1.65,-9.30,0.47,-0.01,0.22,-0.01,459,435,445,335,352
4.67,-8.00,0.28,0.03,0.11,-0.11,459,435,445,335,352
3.67,-8.51,0.03,0.18,0.26,-0.09,459,435,445,335,352
2.39,-8.84,1.30,0.14,0.21,-0.01,460,435,445,335,352
6.42,-10.73,4.93,-0.06,0.28,-0.93,460,435,445,335,352
0.67,-7.55,0.81,0.19,0.22,0.29,460,435,445,335,352
2.68,-7.67,0.11,-0.20,-0.23,0.07,460,435,445,335,352
4.71,-7.41,2.06,0.15,0.01,-0.31,461,435,445,335,352
2.59,-8.19,1.40,0.25,0.17,0.06,461,435,445,335,352
3.37,-7.54,1.87,0.01,0.01,-0.02,461,435,445,336,352
4.12,-9.22,1.60,0.02,-0.02,0.05,461,435,445,336,352
3.72,-8.76,1.02,0.05,0.01,-0.06,461,435,445,335,352
4.59,-8.64,1.62,0.03,0.06,-0.11,461,435,445,335,352
END
3.15,-8.56,1.56,0.05,0.09,0.03,458,435,445,334,351
6.24,-7.87,0.77,-0.13,-0.17,-0.04,458,435,445,334,351
4.80,-8.14,1.17,0.02,-0.12,-0.02,458,435,445,334,350
4.19,-7.97,0.75,-0.11,-0.03,0.10,458,435,445,334,351
6.27,-7.90,0.04,0.10,0.01,0.01,458,435,445,334,351
4.77,-7.76,-0.67,-0.24,-0.13,0.04,458,435,445,334,350
4.58,-7.21,-1.36,0.01,-0.09,-0.00,458,435,445,334,350
5.50,-7.88,-1.59,0.17,-0.12,-0.03,458,435,445,334,350
5.76,-8.72,0.16,0.03,-0.16,0.07,458,435,444,335,350
4.85,-8.42,-0.63,-0.22,-0.29,0.26,458,435,444,335,350
5.48,-8.22,-0.12,0.21,0.09,-0.01,458,435,444,334,350
5.36,-7.46,-0.77,-0.24,-0.13,0.26,458,435,444,334,350
4.80,-8.28,1.06,0.05,0.12,-0.14,458,435,444,334,351
2.71,-7.67,-2.06,-0.04,0.13,0.16,459,435,445,334,351
6.13,-9.29,0.67,0.06,-0.06,0.08,458,435,444,334,351
5.94,-9.27,-0.19,0.04,-0.02,-0.14,458,435,444,334,351
2.86,-8.85,-1.59,-0.20,-0.01,0.12,459,435,444,334,352
4.94,-8.60,-1.03,0.01,0.14,-0.01,459,435,444,334,352
3.93,-8.57,0.99,-0.01,0.24,0.11,460,435,444,335,352
2.20,-7.96,1.41,0.28,0.43,0.04,461,435,444,335,352
3.06,-7.91,0.18,0.21,0.34,0.05,461,435,444,335,352
4.44,-8.60,2.35,0.15,0.27,-0.26,461,435,444,336,352
5.07,-9.32,3.34,0.16,0.30,-0.39,462,434,443,335,351
1.54,-9.06,1.86,0.20,0.40,0.00,462,435,444,335,351
3.40,-9.40,3.22,-0.07,-0.05,0.08,462,435,444,336,351
4.60,-8.66,1.26,-0.00,0.02,0.13,462,435,443,336,351
5.49,-6.63,0.18,0.23,0.10,0.06,463,435,444,336,352
3.11,-6.96,1.31,0.11,0.17,0.07,464,436,445,336,351
2.21,-8.25,2.04,0.01,0.10,0.09,464,436,445,336,351
4.06,-9.44,3.22,0.05,-0.11,-0.05,464,435,445,336,351
2.73,-9.02,1.71,0.08,0.07,-0.02,464,435,445,336,351
2.05,-8.79,1.32,-0.19,-0.09,0.17,464,436,445,336,351
4.55,-8.72,1.51,-0.11,-0.10,-0.06,463,435,445,336,351
2.86,-8.18,0.85,0.03,0.01,-0.13,463,435,445,335,351
3.34,-8.58,1.55,-0.01,0.02,-0.12,463,435,444,335,351
3.29,-8.82,1.54,0.02,0.02,-0.06,463,435,444,335,351
END
3.02,-8.49,1.19,0.08,0.07,-0.04,459,434,444,335,349
4.78,-7.86,0.14,0.09,-0.04,0.01,459,434,443,335,349
5.69,-8.19,0.59,-0.06,-0.06,0.01,459,434,444,335,349
4.85,-8.15,0.52,0.00,-0.07,-0.05,459,434,444,335,349
5.68,-8.37,0.27,0.14,0.04,0.01,459,434,443,335,349
5.36,-7.82,0.18,0.06,-0.14,0.08,459,434,444,335,349
4.36,-7.72,0.08,0.03,-0.16,-0.07,459,434,443,335,349
3.96,-8.15,-0.14,0.15,0.02,-0.00,459,434,443,335,349
4.24,-7.82,-1.54,0.12,0.01,0.01,459,434,443,335,349
6.86,-8.90,-0.09,0.17,-0.09,-0.06,458,434,443,335,349
4.92,-8.17,0.95,-0.03,-0.19,0.07,458,434,443,335,349
4.23,-7.82,-0.64,-0.09,-0.23,0.10,458,434,442,334,349
6.91,-8.75,2.64,0.10,-0.17,-0.05,458,434,442,334,349
3.96,-7.94,0.01,-0.13,-0.16,0.11,458,434,442,335,349
3.62,-7.66,-0.01,-0.12,-0.08,0.05,458,434,442,335,349
4.36,-7.28,0.47,0.16,0.18,-0.10,458,434,442,334,349
3.73,-7.89,-1.15,-0.08,-0.00,0.11,458,434,443,335,349
6.34,-8.54,0.97,-0.01,-0.08,-0.27,458,434,443,335,349
2.33,-7.80,-2.46,0.05,0.16,0.19,459,435,444,335,350
5.78,-8.48,0.58,-0.06,-0.06,-0.05,459,434,444,335,350
4.74,-8.41,-0.43,0.10,0.16,0.01,459,435,444,334,350
5.53,-8.38,-0.43,-0.03,0.10,-0.02,459,434,444,335,350
3.70,-8.25,0.05,0.13,0.16,0.08,458,434,443,335,350
3.70,-8.33,-0.47,0.11,0.15,0.17,459,435,444,335,351
1.87,-7.76,-2.81,0.04,0.27,0.16,461,436,445,335,351
8.67,-8.55,3.80,-0.21,0.17,-0.32,459,435,445,336,352
3.22,-7.77,1.51,-0.03,0.32,-0.07,460,435,445,336,352
3.11,-9.81,2.13,0.10,0.30,-0.08,460,435,445,336,352
4.06,-8.99,-0.08,0.27,0.19,-0.04,460,435,445,336,352
4.39,-7.73,1.49,-0.08,0.33,-0.21,460,436,445,336,352
10.01,-7.51,4.49,0.15,0.35,-0.23,461,435,445,336,353
1.96,-7.78,1.83,-0.03,0.22,0.11,463,435,445,336,352
3.76,-8.73,2.16,-0.17,-0.24,-0.06,461,434,445,336,352
2.38,-8.10,1.34,0.02,-0.04,0.06,461,434,445,336,352
4.47,-8.03,1.33,-0.01,-0.02,-0.10,461,434,445,336,352
3.23,-8.18,0.75,0.02,0.09,-0.08,461,434,445,336,352
END
3.24,-8.52,1.30,0.09,0.04,0.04,458,433,443,335,351
5.05,-8.26,0.67,-0.04,-0.01,-0.04,458,434,443,335,351
5.23,-7.32,0.04,0.01,-0.00,-0.03,458,434,443,335,351
5.10,-7.67,0.17,0.09,-0.03,-0.04,458,433,443,335,351
4.72,-7.75,-0.15,0.05,0.02,-0.05,457,434,443,335,351
5.40,-8.20,-0.03,0.06,0.05,-0.06,457,433,443,335,351
4.24,-8.08,-0.12,-0.07,-0.09,0.11,457,433,443,335,351
6.47,-8.28,-0.12,0.24,0.05,-0.09,457,433,443,335,351
5.83,-8.12,-0.67,0.10,-0.07,0.04,457,433,443,335,351
5.17,-8.41,-0.19,-0.10,-0.33,0.07,457,433,443,335,351
5.96,-8.79,0.27,0.24,0.02,-0.00,457,433,443,335,351
2.95,-7.58,-0.73,-0.10,-0.17,0.24,457,433,443,335,351
4.70,-7.43,0.33,-0.05,-0.10,0.21,457,433,443,335,351
6.66,-8.00,0.65,0.04,-0.05,-0.05,457,433,443,335,351
5.68,-8.09,0.78,0.02,-0.10,0.01,457,433,443,335,351
2.68,-7.65,-1.14,-0.16,0.06,0.24,457,433,443,335,350
6.22,-8.37,0.19,0.19,0.05,-0.05,457,433,443,335,351
3.68,-8.79,-0.65,-0.08,0.12,0.18,457,433,443,335,350
3.54,-7.65,-2.08,-0.36,0.05,0.32,457,433,443,335,351
6.93,-10.25,2.33,0.02,0.09,0.01,456,433,443,335,350
2.43,-9.22,0.89,-0.05,0.04,0.14,457,433,443,335,350
5.77,-10.03,2.90,-0.20,-0.06,-0.00,457,433,443,335,351
2.08,-8.41,-1.06,0.07,0.19,-0.05,457,433,443,335,351
3.32,-7.77,-1.54,-0.04,0.23,0.06,457,433,443,335,351
3.87,-8.89,1.82,0.25,0.29,-0.32,457,433,443,335,350
1.52,-8.93,0.55,0.04,0.29,0.08,457,433,443,335,350
2.89,-8.69,1.48,0.09,0.46,-0.08,458,433,443,335,350
8.27,-9.78,2.83,0.37,0.17,-0.11,457,433,443,335,351
4.97,-8.13,-0.49,0.29,0.41,-0.32,458,434,444,335,351
0.57,-8.18,1.21,-0.01,0.04,-0.03,459,434,444,335,351
3.57,-8.64,3.47,-0.03,-0.09,-0.04,458,434,444,335,351
3.42,-8.12,1.66,0.02,0.01,-0.00,458,433,443,335,351
3.01,-9.20,1.88,-0.01,0.06,-0.03,458,434,443,335,351
3.80,-8.50,1.60,-0.02,-0.02,-0.01,458,434,443,335,351
4.76,-8.33,1.32,0.02,0.03,-0.09,458,434,443,335,351
3.90,-8.67,1.63,0.02,0.04,-0.15,459,434,443,335,351
END
3.86,-8.70,1.82,0.02,0.06,-0.01,457,432,442,335,351
6.14,-8.61,-1.02,0.04,-0.04,-0.03,457,432,442,335,351
6.60,-9.22,-1.27,0.04,-0.09,-0.02,457,432,442,335,351
7.09,-9.49,-0.83,-0.08,-0.27,0.07,457,432,442,335,351
4.38,-8.37,-1.54,-0.16,-0.40,0.31,457,432,442,335,351
4.68,-7.41,-2.14,0.10,-0.08,0.31,457,432,442,335,351
4.08,-7.13,-1.49,0.05,-0.14,0.25,456,432,442,335,351
4.19,-7.01,-1.87,-0.08,-0.36,0.14,456,432,442,335,351
4.80,-7.48,-0.57,0.30,0.01,-0.22,456,432,442,335,351
3.26,-8.33,-2.22,-0.09,-0.32,-0.06,456,432,442,335,350
5.47,-8.23,0.04,-0.03,-0.19,0.15,456,432,441,335,350
4.46,-7.88,-0.92,0.07,-0.05,-0.15,455,432,441,335,350
1.91,-8.10,-0.62,0.02,0.27,0.00,456,432,441,335,350
4.16,-8.43,0.55,0.06,0.21,0.25,456,432,441,335,350
2.52,-8.36,-0.54,0.14,0.30,-0.04,456,432,441,335,350
3.70,-9.35,-0.62,-0.14,0.14,0.25,456,432,442,335,350
4.22,-9.81,1.27,0.12,0.35,-0.12,457,432,442,335,350
1.44,-8.49,-0.42,0.09,0.38,0.01,457,432,442,335,350
3.33,-8.32,-0.77,-0.10,0.10,0.35,456,432,441,335,351
3.80,-8.43,-0.27,0.26,0.34,0.12,457,432,441,335,351
-0.58,-8.45,-0.49,0.15,0.27,0.31,460,433,442,335,350
3.19,-8.53,2.25,0.04,0.38,-0.15,460,433,442,335,351
0.46,-8.59,1.65,0.45,0.73,0.11,461,433,442,335,350
4.64,-9.15,1.41,-0.05,0.11,-0.04,458,433,442,335,351
1.78,-9.53,2.12,0.28,0.08,-0.30,458,434,442,335,351
1.29,-9.31,1.51,0.06,-0.15,0.15,457,433,442,335,351
1.36,-8.86,1.51,0.02,-0.08,-0.09,458,433,442,335,351
2.18,-8.68,1.10,0.18,0.05,-0.11,458,434,442,335,351
2.05,-8.63,0.78,0.14,0.15,-0.01,458,434,442,335,351
4.35,-9.29,1.71,0.05,-0.04,-0.21,458,434,443,335,351
2.20,-8.72,1.32,0.05,0.04,-0.03,458,434,443,335,351
3.21,-9.04,1.56,0.10,0.06,-0.08,458,434,444,335,352
2.83,-8.90,1.44,0.10,0.05,-0.02,458,434,445,335,352
3.59,-9.16,1.97,0.04,-0.01,-0.04,458,434,445,335,352
2.73,-8.57,1.36,0.03,-0.04,-0.08,458,434,445,335,352
2.86,-8.40,1.62,0.03,-0.02,-0.05,458,434,445,335,352
END
3.00,-8.69,2.01,0.08,0.01,-0.03,456,432,443,335,350
4.85,-7.47,-0.02,-0.03,-0.15,0.00,456,432,443,335,350
4.77,-7.95,0.52,0.10,-0.14,-0.03,456,432,442,335,350
5.00,-7.97,0.84,0.01,-0.14,0.09,456,432,442,335,349
4.76,-7.80,0.55,0.08,-0.05,0.08,456,432,442,335,350
5.05,-8.14,-0.58,-0.04,-0.09,0.08,456,432,442,335,350
5.18,-8.05,0.09,0.05,-0.08,0.06,456,432,442,335,349
6.33,-8.38,0.70,0.12,-0.10,0.00,455,432,442,335,349
4.14,-8.15,-0.79,-0.18,-0.30,0.15,456,432,442,335,349
4.95,-8.14,0.08,-0.12,-0.26,0.18,456,432,443,335,349
5.93,-9.05,0.01,-0.03,-0.16,-0.05,456,432,443,335,350
1.41,-7.63,-1.93,-0.06,0.05,0.32,457,432,443,335,350
5.79,-8.97,0.83,0.05,-0.04,0.06,456,432,443,335,350
3.04,-8.96,-0.02,-0.21,0.02,0.05,456,432,443,335,350
3.24,-8.66,0.55,-0.10,0.10,0.03,456,432,443,335,350
2.58,-8.18,-0.60,0.00,0.16,0.11,456,432,443,335,350
4.29,-8.00,-0.75,-0.33,-0.04,0.23,456,432,442,335,350
6.18,-9.92,2.26,0.10,0.06,-0.21,456,432,442,335,350
2.31,-8.73,-1.79,-0.00,0.20,-0.03,457,432,442,335,350
3.51,-8.79,-1.06,-0.23,0.03,-0.04,457,432,442,335,350
4.41,-9.25,0.66,0.12,0.34,-0.38,457,432,442,335,351
-0.19,-7.77,-2.99,-0.10,0.32,-0.02,460,433,443,335,351
7.44,-7.04,0.96,0.05,0.24,-0.24,459,433,446,336,355
5.37,-8.22,1.60,0.58,0.46,-0.08,460,434,447,336,355
6.00,-7.67,1.68,0.22,0.30,-0.35,462,435,447,336,355
2.68,-8.28,1.91,0.13,0.38,-0.09,463,435,447,336,355
3.95,-7.68,1.93,0.10,0.15,0.06,462,435,446,337,355
4.32,-8.64,1.97,-0.12,-0.12,0.11,462,435,446,337,355
5.71,-7.94,1.06,-0.05,-0.06,-0.08,462,435,445,337,355
3.44,-7.18,0.47,-0.06,0.02,-0.07,462,434,445,336,354
4.62,-8.38,1.95,-0.01,0.01,-0.11,461,434,445,336,354
3.32,-8.23,1.22,0.11,0.16,-0.04,461,434,445,336,354
3.72,-8.24,0.78,0.00,0.05,0.09,461,435,445,337,354
5.81,-8.42,1.41,-0.09,-0.08,0.05,461,434,445,336,354
4.56,-8.47,1.34,-0.02,-0.04,-0.13,461,434,444,336,354
4.36,-8.52,1.62,0.02,0.06,-0.04,461,434,445,336,354
END
3.69,-8.73,1.71,0.00,-0.02,0.12,457,432,442,335,352
6.34,-8.83,1.23,0.30,0.03,-0.01,457,432,442,336,351
3.39,-7.70,-0.25,0.04,-0.10,0.18,457,432,442,336,351
5.26,-8.06,0.42,0.19,0.07,0.02,456,432,442,335,351
4.26,-7.62,-1.04,-0.04,-0.03,0.11,456,432,442,335,351
4.83,-6.91,-1.55,-0.04,-0.12,0.08,456,432,442,335,351
6.20,-8.25,-0.23,0.52,0.16,-0.09,456,432,442,335,351
4.95,-9.53,-1.17,0.11,-0.05,0.13,456,432,442,335,351
5.72,-9.98,1.77,-0.25,-0.39,0.30,456,432,442,335,352
4.46,-8.77,1.23,0.14,0.11,0.14,456,432,442,335,351
3.63,-7.21,-1.23,-0.52,-0.31,0.23,456,432,442,335,351
7.49,-8.36,3.80,0.33,0.17,-0.15,456,432,442,335,351
0.61,-7.27,-1.16,-0.12,-0.01,0.18,457,432,442,335,351
5.15,-7.98,1.22,0.05,-0.08,-0.23,457,432,442,335,351
4.23,-8.47,1.87,0.21,0.20,-0.11,457,432,442,335,351
1.84,-8.63,-0.15,-0.13,0.06,0.09,457,432,442,335,351
3.88,-8.81,1.12,0.07,0.07,-0.08,457,432,442,335,351
3.55,-7.58,-0.83,0.09,0.30,-0.09,458,432,442,336,351
2.46,-8.74,1.21,0.26,0.41,0.01,458,432,442,336,351
4.31,-9.75,3.06,-0.04,0.11,-0.09,459,433,442,336,352
3.27,-8.96,0.51,0.23,0.29,0.03,460,433,442,336,352
3.56,-7.29,1.13,0.14,0.33,-0.05,462,435,444,336,354
6.12,-10.28,5.23,-0.01,0.13,0.10,464,435,447,337,355
0.60,-8.43,4.18,0.73,0.36,-0.12,467,437,449,337,353
2.15,-6.55,2.07,-0.01,0.14,-0.05,467,437,449,337,353
1.39,-7.58,2.59,-0.18,0.04,0.14,467,437,448,337,352
4.38,-8.99,3.47,-0.05,-0.19,-0.16,466,437,448,336,352
5.25,-7.29,1.81,0.06,0.13,-0.29,466,437,448,336,352
2.18,-7.85,2.72,-0.01,0.19,-0.05,465,437,447,336,352
4.03,-8.97,3.55,0.00,0.00,-0.03,465,436,447,336,352
3.70,-8.42,2.46,0.10,0.05,-0.08,465,436,446,337,352
3.91,-7.95,1.98,-0.05,0.02,-0.09,465,436,446,336,352
3.60,-8.25,1.95,0.00,0.01,-0.04,465,436,446,337,352
3.64,-8.52,2.54,0.03,0.05,-0.10,465,436,446,337,352
3.52,-8.10,2.37,0.06,0.04,0.05,465,436,446,336,352
3.52,-8.19,2.35,-0.10,-0.04,0.00,464,436,446,336,352
END
4.47,-8.18,2.40,-0.03,-0.02,-0.10,456,432,442,335,351
6.48,-7.64,-0.22,0.06,-0.03,-0.02,456,432,442,335,351
4.92,-8.32,0.18,0.09,-0.12,-0.01,456,432,441,335,351
7.57,-8.47,0.80,0.19,-0.00,0.13,455,432,441,336,351
4.37,-7.02,0.20,0.16,0.01,0.15,455,432,442,335,351
4.11,-6.33,-0.83,-0.03,0.03,0.24,455,432,442,335,351
5.21,-7.57,-0.04,-0.03,-0.13,0.07,455,432,442,335,351
6.09,-7.42,0.95,-0.19,-0.22,-0.02,455,432,442,335,351
5.46,-8.20,-0.75,-0.12,-0.14,-0.07,455,432,442,335,351
6.26,-8.10,0.17,-0.08,-0.11,0.11,455,432,442,335,350
5.17,-7.95,-0.10,-0.07,-0.18,0.17,455,432,442,335,350
4.53,-7.98,-0.53,-0.06,-0.06,0.28,455,432,442,335,350
6.47,-9.06,1.13,0.05,0.01,-0.12,454,432,441,335,350
2.48,-8.17,-1.02,-0.23,0.12,-0.11,454,432,441,335,350
5.15,-7.93,-0.47,-0.13,0.03,0.16,454,432,441,335,351
3.39,-7.95,-0.74,-0.01,0.01,0.04,454,431,441,335,351
6.91,-8.33,0.91,0.04,-0.12,-0.22,454,432,441,335,352
0.93,-7.49,-1.87,0.26,0.37,0.23,456,432,441,335,352
5.02,-8.54,-0.75,-0.01,0.07,0.04,455,431,442,335,352
3.57,-8.93,-0.23,0.10,0.23,0.01,456,432,442,335,352
5.92,-9.51,2.75,0.03,0.17,-0.21,457,431,442,335,352
1.62,-9.30,1.84,0.12,0.54,-0.05,458,432,442,335,352
1.47,-6.68,-3.49,0.12,0.11,0.18,458,432,443,335,352
10.11,-7.37,3.60,0.16,0.18,-0.47,458,433,444,336,354
2.91,-9.83,4.15,0.16,0.45,-0.33,459,434,444,336,354
1.98,-8.38,2.42,0.10,0.21,0.24,460,434,444,336,354
5.07,-9.45,3.72,0.23,0.43,0.10,459,434,444,336,354
4.08,-8.27,2.68,0.16,0.35,-0.18,459,434,444,336,354
2.61,-8.40,1.74,-0.16,-0.02,0.38,459,434,443,336,354
6.78,-8.00,2.77,-0.08,-0.23,-0.18,459,434,443,336,354
2.78,-7.75,1.62,0.24,0.09,-0.11,460,434,443,336,354
3.27,-8.12,1.64,0.09,0.05,0.06,459,434,444,336,354
3.99,-8.99,2.07,-0.06,-0.07,0.08,459,434,443,336,354
3.65,-8.89,1.85,0.01,-0.03,0.02,459,433,443,336,354
3.57,-7.97,0.83,0.07,0.01,-0.00,459,433,443,336,354
3.42,-8.26,1.45,0.05,-0.02,-0.12,459,434,442,336,354
END
2.12,-9.62,1.25,0.19,0.10,-0.22,467,435,451,335,356
5.83,-7.54,1.23,0.02,-0.07,-0.03,467,434,451,335,356
5.09,-7.40,0.86,-0.05,-0.00,0.10,467,434,451,335,356
6.67,-7.39,1.93,0.04,-0.02,0.09,467,434,451,335,356
5.23,-6.93,0.39,0.11,-0.03,-0.03,467,434,451,335,356
5.61,-7.34,0.61,-0.04,-0.08,0.05,467,434,451,335,356
5.36,-6.94,0.69,0.22,0.02,-0.07,467,434,451,335,357
5.62,-7.70,-0.21,-0.07,-0.15,-0.00,466,434,451,335,357
6.89,-8.43,2.96,0.11,0.00,-0.13,465,434,451,336,357
2.72,-6.92,-1.10,-0.08,0.02,0.25,465,434,451,336,357
6.92,-8.33,1.64,-0.04,0.02,0.11,465,434,451,336,356
4.37,-7.82,2.41,0.17,0.20,-0.08,464,434,451,336,356
4.56,-6.89,0.11,-0.32,-0.15,0.32,464,434,451,336,356
7.03,-8.12,2.30,0.29,0.09,-0.09,463,433,451,336,357
2.92,-7.55,-1.21,-0.06,-0.01,0.02,464,433,451,336,357
4.69,-7.54,0.85,0.03,0.03,0.12,464,434,451,336,357
5.21,-8.10,1.91,0.04,0.19,0.12,464,434,451,336,357
4.80,-8.08,1.34,-0.23,0.01,0.09,464,434,451,336,358
8.71,-8.79,3.94,0.22,0.10,-0.18,464,434,451,336,358
2.00,-7.34,-0.72,-0.30,0.00,0.23,465,434,451,336,358
5.93,-8.11,1.08,0.19,0.15,-0.28,464,434,451,336,357
3.03,-7.71,0.70,0.06,0.27,0.12,464,434,452,336,357
5.89,-8.92,2.77,-0.15,0.05,0.03,463,433,451,336,357
4.36,-7.85,1.69,0.12,0.25,-0.07,463,433,451,335,357
3.25,-8.20,1.92,0.13,0.25,-0.08,463,433,451,336,357
5.20,-8.44,2.49,-0.12,0.09,-0.08,463,434,450,336,357
4.90,-8.27,2.94,0.27,0.26,-0.02,463,434,448,336,357
3.37,-8.38,1.69,0.14,0.30,-0.01,463,434,447,336,357
5.86,-8.04,2.85,-0.02,0.09,0.07,464,434,447,336,357
3.42,-7.26,2.52,0.17,0.23,-0.10,464,435,447,336,358
2.25,-8.01,2.71,0.15,0.28,0.06,464,435,447,336,360
3.38,-8.15,2.71,-0.03,-0.05,0.10,463,435,446,336,360
4.66,-8.51,3.14,-0.01,-0.06,-0.06,463,436,446,336,361
4.77,-8.46,3.44,0.21,0.07,-0.15,463,436,446,336,360
2.23,-7.65,3.09,0.08,0.14,0.03,463,436,446,336,361
2.85,-7.83,3.06,-0.01,0.04,0.03,464,436,446,336,361
END
2.70,-8.26,2.83,0.05,0.01,-0.02,463,432,447,334,357
4.25,-6.92,-0.05,-0.08,-0.07,0.19,463,432,448,334,356
7.06,-8.05,2.12,0.04,-0.00,-0.01,462,432,448,335,356
4.06,-7.17,-1.49,0.02,-0.08,0.05,462,432,448,335,356
6.07,-7.73,1.31,0.01,0.11,0.05,462,432,448,335,356
3.31,-6.68,-0.73,0.08,0.03,0.03,462,432,448,335,356
7.68,-7.85,2.08,-0.09,-0.08,0.01,461,432,448,336,356
6.76,-8.20,2.16,0.06,0.03,-0.01,461,431,448,335,356
2.96,-6.91,-0.05,-0.30,-0.30,0.19,461,432,448,335,356
11.34,-8.67,5.34,0.29,-0.00,-0.15,460,431,448,335,354
0.39,-7.21,-3.11,-0.13,-0.10,0.19,460,431,448,335,355
3.78,-7.37,-0.85,-0.01,0.02,0.01,459,431,448,335,354
7.72,-8.26,2.40,0.09,0.04,-0.01,459,430,448,335,354
2.48,-7.52,-1.47,0.11,0.18,0.00,460,431,448,335,355
4.23,-7.99,-0.30,-0.16,-0.05,0.04,460,431,448,335,355
4.48,-8.49,2.29,0.33,0.38,0.01,460,431,448,335,355
4.95,-9.42,1.93,-0.05,0.12,0.12,460,431,448,335,356
3.29,-7.12,-1.74,-0.21,-0.10,0.12,462,432,448,335,357
6.68,-8.66,2.70,0.20,0.21,-0.14,461,432,447,335,357
3.55,-7.77,0.83,0.02,0.22,-0.06,461,432,447,335,357
3.72,-8.42,1.14,-0.02,0.11,-0.09,462,432,447,335,357
5.04,-8.13,1.79,0.14,0.31,-0.15,462,432,447,335,357
4.33,-7.93,1.37,0.31,0.37,-0.09,462,432,447,335,357
4.07,-7.99,1.56,0.11,0.24,-0.01,463,432,447,335,357
3.69,-7.88,2.81,0.06,0.23,-0.04,464,433,448,335,357
4.51,-7.99,3.17,0.22,0.52,-0.37,464,433,448,335,358
4.82,-8.57,3.65,0.00,0.36,0.03,464,433,448,335,358
0.86,-8.46,3.85,-0.04,0.26,0.28,465,433,448,335,358
6.33,-8.84,4.19,-0.04,-0.05,0.15,464,432,448,335,358
4.54,-8.72,2.98,0.05,0.15,-0.01,464,432,447,335,357
0.38,-8.07,2.53,-0.02,-0.11,0.40,464,432,447,335,357
2.83,-8.31,2.32,-0.00,-0.05,-0.02,464,432,447,335,357
2.35,-8.15,1.82,-0.05,-0.06,0.07,464,432,447,335,357
2.59,-8.44,1.88,-0.02,-0.03,-0.03,464,432,447,335,357
2.87,-8.37,2.10,0.03,0.02,-0.07,464,432,447,335,357
2.75,-8.76,2.36,0.09,0.00,-0.06,464,432,447,335,357
END
2.89,-8.40,1.42,0.03,0.07,-0.05,461,430,446,334,356
5.40,-7.52,0.32,0.17,-0.12,-0.10,461,430,445,334,356
5.76,-7.92,1.26,-0.02,-0.26,0.01,460,430,445,334,356
5.95,-7.24,0.62,0.06,-0.05,-0.14,460,429,445,334,355
7.50,-7.72,0.93,0.13,-0.03,-0.00,460,429,445,334,356
3.91,-7.33,-0.37,-0.04,-0.06,0.30,460,429,445,333,355
5.19,-7.63,-0.08,0.25,0.02,-0.07,460,429,445,334,355
4.04,-6.90,-1.18,-0.01,0.08,0.27,460,430,446,334,355
5.65,-7.52,-0.10,-0.33,-0.20,0.24,460,430,446,334,356
6.22,-8.40,0.53,0.11,0.13,-0.06,460,430,446,334,356
5.41,-7.90,1.36,-0.05,0.10,0.16,460,430,446,334,357
4.25,-7.74,-0.31,0.06,0.14,0.26,460,430,446,334,357
6.08,-8.49,0.77,0.21,0.13,-0.13,460,430,446,334,357
2.32,-8.89,0.35,-0.15,0.02,0.16,460,431,446,334,358
7.44,-9.49,3.18,0.29,0.27,0.03,458,430,445,334,359
4.57,-7.68,0.58,-0.08,0.02,-0.03,458,431,445,334,359
7.09,-7.76,0.93,-0.02,0.04,-0.06,457,431,445,334,359
3.22,-7.83,0.42,0.11,0.10,-0.08,455,433,444,334,360
7.09,-8.10,1.97,0.04,-0.12,-0.34,448,433,443,334,363
3.73,-7.75,0.52,0.11,0.24,-0.08,446,433,442,334,363
5.71,-7.60,0.76,0.09,0.07,-0.10,444,432,442,334,364
6.42,-8.23,2.74,0.18,0.11,-0.13,444,433,442,335,364
6.31,-8.33,1.29,0.30,0.30,-0.14,444,434,442,334,368
4.52,-8.43,2.68,0.13,0.28,0.02,445,435,441,334,368
4.47,-7.01,1.21,0.09,0.13,0.00,446,435,441,334,369
4.74,-7.77,2.34,0.04,0.17,0.02,446,435,440,334,368
4.27,-7.34,2.76,0.07,0.13,0.12,447,435,441,334,368
3.37,-7.65,2.42,0.04,0.20,-0.05,448,435,441,335,367
3.59,-9.06,3.65,-0.10,0.16,0.11,449,435,442,335,367
4.24,-7.97,1.67,-0.14,0.24,0.11,449,435,442,335,367
6.20,-7.34,1.31,-0.28,-0.08,-0.07,449,435,442,335,366
3.68,-8.08,1.83,-0.02,0.09,0.05,450,435,442,335,366
4.18,-8.41,2.26,0.11,0.21,-0.02,450,435,442,335,366
4.83,-8.46,1.90,0.10,0.04,-0.07,450,435,442,335,366
4.74,-8.52,2.29,0.02,0.01,-0.20,450,435,442,335,366
3.55,-8.30,2.43,0.01,0.04,-0.04,450,435,442,335,366
END
3.80,-7.97,1.99,-0.02,0.03,-0.01,455,428,444,334,355
6.22,-7.03,1.12,0.15,-0.06,-0.10,455,428,444,335,355
6.37,-7.35,1.06,0.01,-0.09,-0.11,455,428,444,334,355
5.78,-6.71,0.17,-0.19,-0.20,0.03,455,429,444,335,355
6.38,-7.05,1.53,0.10,-0.11,-0.06,454,428,444,334,355
6.53,-8.15,0.67,0.03,-0.07,0.08,454,428,444,335,355
5.45,-7.83,0.38,-0.17,-0.19,0.20,454,429,444,335,356
8.08,-8.00,2.08,0.09,-0.05,-0.03,453,428,444,335,356
4.24,-6.16,-1.62,-0.08,-0.15,0.17,454,428,444,334,356
4.40,-5.32,-1.54,-0.04,-0.20,0.20,453,428,444,335,356
4.59,-6.68,-0.59,0.19,0.04,0.04,453,428,444,334,356
6.11,-9.04,0.83,-0.06,0.05,0.24,453,428,444,334,357
7.22,-9.81,0.43,-0.10,-0.13,0.04,453,429,444,334,357
6.21,-9.20,1.27,0.13,0.06,0.02,453,428,443,335,357
3.04,-7.08,-1.37,0.01,0.12,0.32,454,428,444,334,357
5.05,-7.93,-0.11,-0.16,-0.10,0.11,453,428,443,334,357
7.77,-8.35,2.32,0.03,0.05,-0.15,453,428,443,334,358
1.25,-6.81,-1.54,0.08,0.20,0.08,453,429,443,334,358
3.73,-8.12,0.43,0.02,0.26,-0.02,453,429,443,334,359
3.86,-8.26,-0.60,0.00,0.12,-0.03,452,429,443,334,359
4.52,-8.27,1.16,0.13,0.25,-0.21,452,429,443,335,359
3.65,-7.99,0.21,0.10,0.27,-0.02,452,430,443,334,359
4.64,-7.53,0.11,0.04,0.26,-0.16,452,430,443,334,359
4.87,-8.56,1.13,0.20,0.36,-0.11,454,430,443,334,359
5.15,-7.37,0.51,0.09,0.35,-0.02,457,430,443,335,358
5.43,-7.74,2.53,0.27,0.31,-0.19,458,430,443,335,358
5.50,-8.14,2.86,0.19,0.29,0.01,458,430,443,335,358
3.99,-8.88,3.04,0.08,0.19,0.03,459,431,443,335,358
3.52,-9.29,3.47,0.03,0.33,0.16,459,431,443,335,358
4.26,-8.33,2.17,-0.00,-0.16,0.08,458,431,443,335,358
6.70,-8.08,1.82,-0.07,-0.10,-0.10,458,430,443,335,358
1.45,-8.00,2.24,0.18,0.15,-0.03,459,431,443,335,358
2.85,-7.39,1.17,-0.01,-0.14,0.11,459,431,443,335,357
3.09,-8.20,2.11,0.06,0.04,-0.16,458,431,443,335,357
3.96,-8.39,2.05,0.08,0.06,-0.03,458,431,443,335,358
3.29,-8.43,1.88,0.03,0.07,0.09,458,430,443,335,357
END
4.77,-8.27,1.55,0.02,-0.03,-0.10,453,428,441,334,357
6.99,-8.06,0.03,0.07,-0.18,0.12,453,428,442,334,357
5.85,-7.01,-0.38,0.02,-0.25,0.17,453,428,442,334,357
5.94,-6.93,0.13,0.04,-0.17,0.15,453,428,442,334,357
5.23,-6.73,-0.19,0.01,-0.08,0.16,452,428,442,334,357
4.78,-7.45,0.73,-0.01,-0.10,0.17,452,428,442,334,357
7.16,-7.72,1.17,0.36,0.15,-0.01,451,428,441,334,358
2.24,-6.75,-3.57,-0.35,-0.13,0.31,451,429,442,334,358
8.39,-8.18,2.51,0.02,-0.14,0.02,450,429,442,334,358
3.47,-6.32,-3.53,-0.35,-0.32,0.40,449,429,442,334,359
9.31,-9.67,2.38,0.18,-0.07,0.02,449,429,441,335,360
4.21,-8.60,-0.72,0.05,-0.04,0.34,449,428,441,335,360
4.24,-8.60,1.17,-0.10,-0.02,0.14,449,428,441,335,360
4.97,-7.94,0.80,0.06,0.18,-0.05,449,428,441,335,360
4.19,-7.76,1.08,0.26,0.36,-0.04,449,429,441,335,359
3.77,-8.39,0.30,0.21,0.39,0.41,451,429,441,335,360
0.17,-6.50,-5.36,0.20,0.28,0.40,455,431,442,335,359
8.11,-8.02,3.07,-0.21,-0.17,-0.15,452,430,441,335,360
5.42,-8.74,5.47,0.11,0.45,-0.25,453,430,441,335,359
2.62,-8.43,1.51,0.15,0.18,-0.15,453,430,441,335,359
1.08,-8.01,0.86,0.01,0.29,-0.03,453,430,441,335,359
4.32,-9.00,-0.10,0.04,0.05,-0.05,453,430,441,335,359
5.05,-7.80,3.28,0.14,0.38,-0.26,453,430,441,335,359
3.01,-7.82,1.35,0.08,0.24,0.15,454,430,441,335,359
4.54,-8.03,2.82,-0.09,0.11,-0.05,454,431,441,335,359
3.13,-8.55,2.83,0.03,0.38,-0.06,456,432,441,335,359
4.08,-7.53,3.13,-0.22,0.09,0.00,455,432,441,335,359
9.83,-8.88,4.44,0.28,0.15,-0.39,453,432,440,335,359
-1.69,-7.90,1.80,0.08,0.17,0.45,456,432,440,335,359
5.83,-7.37,2.35,-0.20,-0.49,0.07,453,431,440,335,359
3.14,-7.95,2.15,0.10,0.13,-0.14,455,431,440,335,359
3.85,-8.59,2.58,0.10,-0.03,-0.04,454,431,440,335,359
3.91,-8.89,2.56,0.07,0.05,-0.07,454,431,440,335,359
3.51,-8.27,2.35,0.02,-0.04,-0.01,454,431,440,335,359
4.14,-7.75,2.40,-0.01,-0.03,-0.20,454,431,440,335,359
4.26,-8.21,2.30,0.11,0.06,-0.08,454,432,441,335,360
END
4.11,-8.15,2.23,0.04,-0.02,0.02,449,429,445,334,364
5.22,-6.61,-0.19,-0.15,-0.19,0.31,449,429,444,334,365
6.57,-6.72,-0.09,0.20,-0.07,0.02,449,429,444,334,366
5.75,-7.31,0.11,-0.03,-0.15,0.21,449,428,444,334,366
7.33,-7.88,2.48,0.17,-0.20,0.14,448,428,443,334,367
4.26,-7.29,-0.39,0.06,-0.10,0.25,448,428,443,334,368
4.28,-7.94,0.36,-0.15,-0.25,0.25,448,427,442,334,368
7.82,-8.95,3.57,-0.10,-0.16,-0.09,448,427,442,334,369
2.63,-7.67,-0.36,0.02,0.05,-0.10,447,428,442,334,369
1.13,-7.52,-1.47,-0.26,-0.07,0.29,447,427,442,334,369
7.75,-8.38,1.36,0.06,0.08,0.06,447,427,441,334,369
6.89,-8.09,1.82,0.11,-0.02,-0.15,447,427,442,334,369
2.98,-8.84,-0.15,-0.15,0.13,0.33,448,429,443,334,369
4.41,-8.16,-2.00,-0.33,-0.19,0.03,449,431,443,334,370
7.51,-9.11,1.99,-0.10,-0.10,-0.33,448,431,442,334,370
4.31,-7.64,0.24,-0.04,0.08,-0.08,448,431,441,334,370
4.52,-7.93,0.19,0.02,0.07,-0.00,449,431,440,334,370
5.53,-8.41,0.23,0.12,0.15,0.10,449,430,439,334,370
6.00,-8.43,1.64,0.04,0.04,-0.14,449,430,438,334,370
4.82,-8.25,0.98,-0.07,0.08,0.09,449,430,437,334,369
3.37,-7.85,-0.11,0.19,0.42,0.11,449,430,437,335,369
1.84,-7.46,-1.83,-0.16,0.22,0.37,450,429,436,335,368
6.58,-8.31,2.08,0.03,0.04,-0.17,449,428,436,335,368
4.64,-8.24,1.11,0.07,0.22,-0.06,450,428,436,335,368
3.11,-7.95,0.59,0.16,0.37,-0.06,451,429,436,335,368
1.21,-8.74,1.86,0.01,0.54,0.09,452,429,436,335,368
5.15,-7.75,1.60,-0.25,0.26,-0.13,451,429,437,335,369
9.25,-8.51,2.29,0.10,0.31,-0.47,451,428,436,335,368
2.77,-8.66,2.23,0.03,0.08,0.22,451,428,436,335,368
2.02,-8.22,1.65,0.05,-0.04,0.31,451,428,436,335,367
3.80,-7.87,1.52,0.15,0.00,-0.00,451,428,436,335,367
2.69,-8.25,1.39,0.00,-0.09,0.03,451,428,436,335,367
4.32,-8.61,1.50,0.10,0.02,-0.14,451,428,436,335,367
2.98,-8.45,1.46,0.13,0.10,-0.04,451,428,436,335,367
3.62,-8.64,1.20,0.07,0.03,0.03,451,428,437,335,367
4.76,-8.94,1.72,0.01,-0.07,-0.06,451,428,437,335,367
END
3.49,-8.20,1.76,0.07,-0.04,-0.13,450,426,438,334,357
5.58,-6.98,0.02,0.09,-0.16,0.03,449,427,439,334,357
6.28,-7.29,0.83,-0.01,-0.24,-0.15,447,428,440,334,357
6.01,-7.55,0.00,0.13,-0.09,-0.12,445,428,441,334,358
5.00,-7.53,-0.39,-0.01,-0.14,0.06,444,428,441,334,360
5.75,-7.52,-0.20,0.06,-0.02,-0.01,444,428,441,334,362
7.26,-7.39,-0.24,0.03,-0.06,0.10,443,428,440,334,363
6.87,-7.67,-0.45,0.17,0.02,0.12,443,428,440,334,363
5.11,-7.58,-0.06,-0.06,-0.17,0.07,443,428,440,334,363
4.05,-6.95,0.14,0.24,0.13,0.01,443,428,440,334,363
4.29,-7.70,-0.06,0.00,-0.17,-0.06,439,429,439,335,367
4.42,-7.32,-0.39,-0.26,-0.11,0.04,438,428,438,335,366
9.63,-8.15,1.69,0.07,0.04,-0.29,437,428,438,335,367
6.73,-7.75,0.22,0.16,0.20,0.01,437,428,438,335,367
5.64,-7.87,-0.72,0.03,0.07,0.07,436,428,438,335,367
6.35,-8.00,1.15,-0.01,0.04,0.04,436,428,438,335,367
6.74,-7.92,0.73,0.02,0.06,0.07,437,428,438,335,367
4.47,-7.37,0.13,0.02,0.19,0.05,437,428,438,335,367
5.13,-7.11,1.11,-0.09,0.11,-0.01,437,427,438,335,366
4.74,-7.47,0.46,0.01,0.25,-0.08,437,427,438,335,367
5.16,-7.25,0.28,0.01,0.23,-0.09,437,427,438,335,367
5.58,-7.59,1.00,-0.02,0.18,-0.02,437,427,438,335,366
4.72,-7.49,0.88,0.00,0.25,-0.06,438,428,438,335,366
3.85,-7.88,0.52,-0.13,0.24,0.11,439,429,439,335,366
6.46,-7.47,1.11,-0.04,0.53,-0.28,439,429,439,335,366
6.11,-7.34,1.31,0.02,0.31,0.10,438,429,438,335,366
5.72,-7.77,1.26,-0.04,0.13,0.08,440,429,439,335,365
5.13,-9.44,2.94,-0.02,0.27,0.07,441,429,439,335,365
2.47,-8.33,2.66,0.21,0.24,0.31,442,430,439,335,365
5.28,-7.97,2.05,-0.09,0.08,0.11,442,430,439,335,365
3.05,-8.18,2.23,0.08,-0.08,0.17,443,430,439,335,365
4.45,-7.76,1.68,0.04,-0.00,-0.19,444,430,440,335,364
4.16,-7.75,1.46,0.01,0.05,-0.18,443,430,440,335,364
4.15,-7.95,1.62,0.01,0.01,-0.00,443,430,439,335,364
4.70,-8.03,1.84,0.06,-0.05,-0.00,443,430,439,335,364
4.44,-7.70,1.37,0.04,0.05,-0.16,443,430,439,334,364
END
4.72,-8.16,1.63,0.04,-0.05,-0.09,446,427,437,334,356
6.38,-7.26,1.03,0.09,-0.08,0.04,445,427,437,334,356
5.23,-6.89,0.05,-0.02,-0.03,0.06,444,427,437,334,356
5.61,-7.45,0.90,0.07,-0.02,0.11,444,426,437,334,356
6.46,-7.76,0.65,0.10,0.00,-0.11,443,426,437,334,356
4.57,-7.65,0.12,-0.22,-0.22,0.11,442,426,437,334,356
5.94,-7.57,-0.22,0.12,-0.10,0.04,442,426,436,335,355
5.94,-7.66,0.52,0.10,-0.05,0.07,442,426,436,334,356
3.74,-7.00,-1.31,-0.14,-0.15,0.18,442,426,437,334,356
5.83,-8.07,0.52,0.48,0.21,0.02,443,426,437,333,355
2.56,-5.48,-2.30,-0.05,0.20,0.54,443,426,437,334,357
7.90,-8.89,2.28,0.01,-0.08,0.13,443,426,437,334,357
4.57,-9.38,2.32,0.07,0.12,0.01,443,426,437,334,357
4.69,-8.70,0.90,-0.31,-0.07,0.23,443,426,437,334,357
5.69,-8.59,2.53,0.04,0.11,-0.01,443,426,437,334,357
3.68,-8.48,2.12,0.15,0.24,-0.02,444,426,437,334,357
1.61,-7.49,-1.59,-0.24,-0.05,0.34,444,427,438,334,358
4.26,-7.58,0.60,-0.12,0.01,-0.12,443,426,438,334,358
4.95,-8.72,2.36,0.14,0.16,-0.05,443,426,438,334,358
3.28,-8.26,1.40,0.23,0.33,-0.06,443,427,438,334,358
2.30,-7.91,-0.17,0.10,0.25,-0.09,442,427,438,334,358
3.40,-8.20,1.90,0.16,0.24,-0.11,441,427,438,334,357
3.55,-8.54,2.11,0.16,0.18,0.12,441,427,437,334,357
4.18,-8.72,1.92,-0.04,0.10,-0.06,441,427,438,334,357
5.41,-8.71,2.86,-0.00,0.11,-0.23,441,428,438,335,358
2.91,-7.94,1.10,-0.02,0.17,-0.12,442,428,439,334,359
5.16,-8.28,1.89,-0.07,0.01,-0.16,442,430,440,335,365
5.64,-8.23,1.77,0.15,0.15,-0.23,445,431,441,335,367
4.85,-7.93,0.99,-0.06,0.11,-0.17,445,431,441,335,367
2.95,-8.58,2.74,-0.06,0.16,-0.08,445,431,441,335,366
2.61,-7.62,2.13,0.16,0.23,0.09,445,431,441,335,366
5.69,-8.08,2.61,-0.02,0.09,-0.11,445,430,441,335,366
4.10,-8.10,2.47,0.04,-0.11,0.08,445,430,441,335,366
3.31,-7.94,1.99,0.13,0.19,-0.28,445,430,441,335,365
3.06,-7.67,1.69,-0.02,-0.05,0.06,445,430,441,335,365
4.58,-8.54,2.79,0.04,0.04,-0.19,445,430,441,335,365
END
2.94,-8.54,2.12,0.02,0.00,0.06,446,427,439,334,356
6.74,-7.24,0.78,0.09,-0.08,0.06,446,427,439,334,356
4.93,-7.11,0.39,0.03,-0.12,0.13,445,427,438,334,356
5.69,-7.17,0.88,0.05,-0.06,0.16,445,427,438,334,356
6.65,-7.19,1.19,0.16,-0.01,0.02,445,427,439,334,357
5.13,-6.83,-0.23,-0.07,-0.15,0.12,444,427,439,334,357
6.57,-7.59,0.43,0.01,-0.15,-0.13,443,427,439,334,357
6.86,-7.75,0.31,0.25,0.03,-0.15,442,427,438,334,358
5.84,-7.39,-1.06,-0.31,-0.44,0.11,441,426,439,334,358
5.43,-7.82,0.98,0.27,0.08,-0.07,441,427,439,334,359
4.31,-7.70,0.36,-0.09,0.16,-0.02,441,426,439,334,359
6.53,-7.94,1.17,-0.17,-0.04,-0.03,441,426,439,334,358
7.87,-7.14,1.09,0.09,0.13,-0.05,440,426,439,334,358
3.61,-7.40,-0.95,-0.25,-0.20,0.26,441,426,438,334,359
4.44,-7.97,0.38,-0.26,-0.08,0.02,440,427,438,334,359
5.90,-6.48,-1.70,-0.29,-0.07,-0.03,439,427,438,334,361
6.27,-7.87,0.42,-0.06,0.07,-0.18,439,427,438,334,361
6.19,-8.38,0.55,-0.07,-0.05,-0.11,439,427,438,334,362
3.55,-7.97,-1.04,0.01,0.15,0.01,439,428,438,334,361
6.50,-7.65,-0.24,0.12,0.25,-0.12,439,429,438,335,361
6.42,-7.31,-0.52,-0.02,0.04,-0.12,439,429,438,335,361
8.17,-7.93,0.99,0.00,0.08,-0.23,439,429,438,335,361
4.52,-7.63,-0.33,0.08,0.22,-0.08,440,429,438,335,361
5.58,-7.76,0.09,0.25,0.26,0.03,440,429,438,335,362
6.64,-6.86,-0.14,0.19,0.08,0.10,440,429,439,335,362
7.74,-8.42,1.06,-0.03,0.31,-0.14,440,428,439,335,361
4.30,-8.74,0.50,0.22,0.34,-0.00,441,429,439,335,361
4.54,-5.69,-0.43,-0.02,0.22,0.20,442,429,439,335,361
7.92,-6.31,1.35,-0.02,0.25,0.03,442,429,439,335,361
1.51,-8.03,2.98,0.17,0.50,0.11,444,430,440,335,360
2.44,-7.88,2.25,0.18,0.05,0.44,445,430,440,335,360
4.24,-7.39,1.18,0.02,-0.10,0.27,445,430,440,335,360
6.75,-7.60,1.41,0.07,0.11,-0.28,445,430,440,335,360
4.68,-7.47,1.61,0.05,0.07,0.02,444,429,440,335,360
5.06,-8.19,1.72,0.05,0.01,-0.01,444,429,440,335,360
5.00,-8.00,1.55,0.01,0.06,-0.10,444,429,439,335,360
END
5.65,-8.59,1.94,0.01,-0.03,-0.05,443,425,436,335,359
7.08,-6.43,-0.23,0.08,-0.03,0.01,442,425,436,334,360
6.78,-6.69,-1.11,0.13,0.00,-0.04,441,425,435,335,359
6.96,-6.78,-1.00,0.23,0.06,0.03,441,425,435,335,359
7.60,-7.23,-0.47,0.16,-0.13,0.07,441,425,435,335,359
5.81,-7.30,-0.23,0.17,-0.09,0.21,441,425,436,335,359
7.06,-7.36,0.10,0.13,-0.06,0.17,441,425,436,335,359
5.81,-7.08,-0.18,-0.07,-0.18,0.19,441,425,436,335,359
7.05,-7.30,0.75,0.16,-0.00,-0.04,441,425,435,335,359
2.84,-6.88,-0.64,0.06,0.04,0.18,441,425,436,334,359
6.32,-7.24,0.26,0.17,0.10,-0.02,441,425,436,334,360
8.00,-7.80,1.11,0.10,0.10,-0.00,441,426,435,335,360
4.87,-7.52,-0.31,-0.34,-0.06,0.24,442,426,436,334,360
9.43,-8.11,2.73,0.30,0.09,-0.15,441,426,436,335,360
-0.31,-6.78,-2.30,-0.32,0.04,0.43,444,427,436,334,360
8.66,-8.03,3.47,0.08,0.13,-0.09,442,426,436,334,360
3.21,-7.14,0.09,0.04,0.33,0.12,443,427,436,335,360
6.23,-8.40,2.00,-0.20,0.16,0.01,443,427,436,334,360
7.39,-7.82,2.21,0.11,0.17,-0.12,443,427,436,334,360
3.70,-7.47,0.73,0.05,0.09,-0.02,444,427,436,335,360
5.76,-7.85,0.83,-0.08,0.10,0.00,444,427,436,334,360
5.44,-7.49,1.28,0.16,0.08,-0.03,444,427,436,335,360
3.86,-7.78,0.94,-0.02,0.06,0.12,446,427,436,334,360
4.74,-7.93,1.06,0.01,0.15,0.14,446,427,436,334,359
5.79,-8.09,0.71,0.04,0.25,-0.07,446,427,436,335,360
4.98,-8.05,1.39,0.13,0.23,0.04,447,427,436,335,359
3.94,-8.25,2.49,0.00,0.10,0.09,447,427,436,335,359
3.07,-8.18,1.95,0.11,0.17,0.10,448,427,436,335,359
4.54,-8.76,2.58,0.22,0.41,0.09,449,428,436,335,359
4.17,-7.94,1.70,0.04,0.32,-0.08,450,428,436,335,358
5.94,-8.26,2.63,0.11,0.06,-0.16,450,428,437,335,358
2.93,-7.90,2.12,0.05,-0.02,0.03,450,428,437,335,358
3.17,-8.35,2.40,0.01,-0.04,-0.02,449,428,436,335,358
4.57,-8.61,2.46,0.03,-0.03,-0.04,449,428,436,335,358
3.96,-8.05,1.82,-0.01,-0.06,-0.03,449,428,436,335,358
3.53,-8.18,2.16,-0.03,-0.03,-0.06,449,428,436,335,358
END
4.34,-8.34,1.95,0.02,0.00,-0.06,446,425,436,334,356
5.40,-6.98,0.20,0.09,-0.04,-0.02,446,425,436,334,356
6.17,-7.39,0.27,0.10,-0.06,-0.00,446,425,436,334,356
6.07,-7.52,0.17,0.12,-0.05,-0.09,446,425,436,334,357
5.99,-7.25,0.20,-0.04,-0.14,0.07,446,425,436,334,357
6.37,-6.96,0.11,0.06,-0.12,-0.05,446,424,435,334,357
5.68,-7.54,-0.22,0.00,-0.16,0.03,445,424,435,334,357
4.72,-7.50,-0.70,0.02,-0.05,0.05,445,424,435,334,357
6.73,-8.12,-0.15,0.05,0.01,-0.04,444,424,435,334,357
5.75,-7.70,-1.02,-0.15,-0.09,0.17,444,424,435,334,357
5.70,-7.88,-0.55,0.06,0.00,0.02,444,424,435,334,356
5.15,-7.75,-0.37,0.05,0.01,0.05,444,424,435,334,357
4.78,-7.24,-0.57,-0.20,-0.19,0.14,444,424,435,334,357
5.95,-7.30,-0.08,0.22,0.18,-0.10,443,424,435,334,356
4.88,-7.42,-0.59,-0.11,-0.12,0.09,443,424,436,334,356
5.10,-7.54,-0.27,0.04,-0.01,-0.07,444,424,436,334,357
5.72,-7.20,-0.57,0.02,0.10,0.03,443,424,436,334,357
6.83,-8.23,-0.07,-0.16,-0.06,-0.05,443,424,436,334,357
4.36,-8.15,-1.05,0.34,0.30,-0.05,443,424,436,334,357
6.36,-8.44,0.04,0.07,0.05,0.07,443,424,436,334,358
5.23,-7.85,-0.02,0.18,0.16,-0.04,444,424,436,334,357
4.83,-7.31,0.32,0.10,0.21,-0.04,444,424,436,334,357
5.62,-7.31,0.21,0.14,0.14,-0.01,444,425,437,334,357
3.95,-7.97,0.23,0.20,0.22,0.10,444,425,437,334,357
4.54,-8.69,1.56,0.13,0.07,-0.04,445,425,437,334,357
6.91,-8.20,2.73,0.07,0.26,-0.11,445,426,437,334,357
1.77,-7.94,0.19,0.22,0.57,-0.15,447,426,437,334,357
4.22,-7.51,-0.15,-0.03,0.21,-0.13,446,426,437,334,357
6.53,-9.20,3.96,0.12,0.35,-0.10,446,426,436,335,357
5.40,-7.28,4.26,0.03,0.42,-0.20,446,426,436,335,357
-0.05,-7.85,3.35,-0.03,0.40,0.30,448,426,437,334,357
8.69,-7.79,3.68,-0.05,-0.06,-0.12,447,426,437,334,357
4.47,-7.44,1.67,0.07,0.19,-0.05,448,426,437,334,357
3.68,-7.79,2.03,-0.03,-0.04,0.11,448,426,437,335,357
4.98,-7.71,2.21,0.03,-0.04,-0.22,447,426,437,334,357
3.88,-7.20,1.77,-0.01,-0.11,-0.02,448,426,437,334,357
END
4.82,-8.09,2.38,0.04,-0.04,-0.18,446,425,436,334,358
6.78,-6.83,0.16,0.08,0.02,-0.03,446,424,436,334,358
6.49,-7.16,0.11,-0.05,-0.11,-0.00,446,425,436,334,358
6.88,-7.24,0.14,0.09,0.00,-0.04,446,424,436,334,358
6.62,-7.06,-0.52,-0.07,-0.14,0.07,445,425,436,334,358
5.76,-7.26,-0.38,0.11,-0.07,0.02,445,424,436,334,358
6.04,-6.74,-0.02,0.25,0.14,0.09,445,424,436,334,358
6.88,-7.12,-0.65,0.05,-0.09,0.06,445,424,436,334,358
6.24,-7.67,-0.55,-0.01,-0.27,0.10,445,425,436,334,358
5.66,-7.58,-0.70,-0.06,-0.18,-0.04,445,425,436,334,358
5.75,-7.57,0.31,-0.13,-0.28,0.05,445,425,437,334,358
8.18,-7.43,0.69,0.25,-0.29,0.04,445,428,438,334,363
3.80,-7.80,-1.44,-0.24,-0.13,0.17,446,429,439,334,362
6.05,-7.71,-0.36,0.12,0.03,0.07,445,429,438,335,363
4.80,-6.99,-1.31,-0.00,0.02,0.09,445,429,439,334,363
2.10,-6.76,-2.04,-0.20,0.10,0.37,446,430,439,334,363
7.29,-8.66,1.50,-0.13,-0.15,-0.17,444,429,438,334,364
5.84,-7.44,-2.28,-0.06,-0.02,0.13,445,429,438,334,365
8.13,-8.51,0.54,0.05,0.05,-0.19,445,429,438,334,364
4.36,-8.20,-1.06,0.03,0.05,0.06,445,429,438,334,364
5.34,-7.90,-0.06,-0.08,-0.12,-0.01,445,429,438,334,364
6.10,-7.85,1.15,0.06,0.23,-0.10,446,429,438,335,364
1.74,-6.89,-1.72,0.15,0.29,0.06,447,430,438,335,364
4.37,-7.39,0.27,0.13,0.20,-0.05,448,430,439,335,364
7.20,-7.87,2.18,0.12,0.24,-0.11,448,430,439,335,364
6.80,-7.62,1.39,0.09,0.20,-0.14,448,430,439,335,363
0.47,-8.38,0.19,0.51,0.65,0.18,455,432,440,335,362
7.24,-7.33,2.61,0.07,0.24,-0.04,452,431,440,336,362
7.54,-6.83,2.46,-0.08,0.54,-0.15,452,430,440,335,361
1.89,-8.39,3.65,-0.01,0.36,0.04,452,431,440,335,361
7.37,-8.11,3.99,0.06,-0.11,0.13,451,430,440,335,361
3.92,-7.76,2.38,0.09,0.10,-0.14,452,430,440,335,361
4.28,-7.85,2.15,0.17,-0.01,0.08,452,430,439,335,361
4.47,-7.89,2.03,-0.01,-0.08,0.04,452,430,439,335,361
4.87,-7.98,2.20,0.02,0.03,-0.14,451,430,439,335,361
4.38,-7.94,1.97,-0.04,-0.06,0.01,451,430,439,335,361
END
4.74,-8.08,2.30,0.04,0.02,-0.06,443,424,435,334,355
8.25,-7.49,1.48,-0.10,-0.47,0.28,443,423,435,334,356
7.05,-7.15,0.85,0.37,-0.08,0.12,443,424,435,334,355
2.82,-6.98,-1.95,-0.17,-0.27,0.30,444,424,436,334,355
5.28,-7.19,-0.09,0.09,0.05,0.12,444,424,436,334,355
7.29,-7.62,0.21,0.23,0.08,-0.06,443,424,436,334,356
3.47,-7.97,-1.96,-0.13,0.01,0.13,444,424,436,334,355
8.76,-8.10,0.65,0.06,-0.08,-0.06,443,424,436,334,356
4.19,-7.30,-0.24,0.25,0.23,-0.13,443,424,436,334,356
3.95,-7.44,-1.39,-0.31,-0.19,0.11,442,424,436,334,356
8.65,-8.65,3.17,0.33,0.17,-0.17,441,424,436,334,356
3.19,-7.56,-1.44,0.13,0.18,0.16,440,424,436,334,356
3.86,-7.19,-2.25,-0.09,-0.11,0.19,441,424,436,334,356
4.72,-7.92,0.49,0.22,0.19,-0.08,441,424,436,334,356
6.57,-8.06,3.29,0.13,0.25,-0.04,442,424,436,334,356
3.26,-7.36,-1.64,-0.00,0.12,0.20,444,426,437,334,356
5.74,-8.46,2.79,-0.00,0.05,-0.22,446,426,437,334,357
4.54,-7.31,-0.86,-0.08,0.13,-0.10,450,429,439,335,358
5.15,-8.05,0.78,0.04,0.03,-0.20,451,430,440,334,359
6.60,-8.12,0.21,-0.05,-0.07,-0.09,451,430,439,335,359
4.66,-7.77,0.18,0.18,0.09,-0.11,452,430,438,335,359
6.57,-7.44,-0.41,0.02,0.06,-0.20,452,428,438,334,362
5.40,-8.14,0.79,0.21,0.21,-0.01,453,428,439,334,363
6.14,-7.11,-0.14,0.14,0.11,0.17,453,427,439,335,363
3.03,-6.74,1.62,0.41,0.61,0.07,457,428,439,335,362
2.64,-9.10,5.93,0.64,0.64,0.55,458,429,439,336,361
4.40,-9.08,4.12,-0.05,0.47,0.44,458,429,439,336,361
5.28,-8.47,1.65,-0.05,0.06,-0.31,457,429,439,336,361
4.90,-7.21,1.80,-0.07,-0.20,-0.12,457,429,439,335,360
4.10,-8.16,2.96,0.01,-0.05,-0.33,456,429,439,335,360
3.35,-8.15,2.71,0.11,0.05,-0.01,456,429,438,335,360
4.69,-8.20,1.88,-0.06,-0.09,-0.13,455,429,438,335,361
4.02,-8.35,2.48,-0.01,0.02,-0.07,455,428,438,336,360
3.80,-7.49,2.66,0.06,0.09,-0.14,455,428,438,336,360
4.19,-7.99,1.95,-0.02,0.05,-0.06,455,428,438,336,360
5.29,-8.10,2.15,-0.00,-0.02,-0.04,454,428,438,336,360
END
4.64,-8.02,1.93,-0.00,-0.05,-0.09,447,425,438,335,360
6.30,-6.57,-1.33,0.02,-0.04,0.09,447,425,438,335,360
7.07,-6.14,-1.31,0.14,-0.06,0.05,447,424,438,335,359
5.74,-6.37,-0.82,0.04,-0.13,-0.00,447,424,438,335,359
6.37,-7.06,0.68,0.06,-0.09,0.01,447,424,438,335,358
6.40,-6.57,-0.28,0.01,-0.11,0.04,446,424,437,335,358
7.67,-7.25,0.02,0.14,-0.04,-0.00,446,424,437,335,358
5.33,-6.99,-0.61,-0.03,-0.06,0.01,446,424,437,335,358
5.86,-7.44,-0.68,0.01,-0.02,-0.03,446,424,438,334,358
8.03,-8.07,0.45,0.00,-0.04,0.04,446,424,438,334,359
5.13,-6.70,-1.62,-0.06,0.08,0.23,446,425,438,335,359
5.14,-6.59,-1.83,0.03,0.03,0.14,446,425,438,334,359
6.83,-7.21,-0.52,0.19,0.00,-0.02,446,426,440,335,359
6.10,-8.44,-0.66,-0.13,0.00,0.31,446,427,441,335,360
5.92,-7.60,-1.06,-0.20,-0.15,0.29,447,429,442,335,359
7.93,-8.23,1.16,-0.03,-0.21,-0.58,447,430,442,335,359
4.54,-7.99,-1.51,0.09,0.12,-0.07,443,429,441,335,359
6.70,-8.15,-2.01,-0.02,-0.02,-0.02,436,426,440,335,359
8.10,-7.92,-0.65,0.04,-0.05,-0.34,435,425,439,335,359
5.51,-7.32,-0.42,0.04,0.08,-0.01,434,424,438,335,359
3.72,-6.68,-1.60,0.04,0.19,0.19,435,424,438,335,359
6.81,-6.45,-0.59,-0.00,0.06,-0.08,435,424,438,335,359
5.79,-6.96,-0.59,0.12,0.22,-0.28,436,425,438,335,361
5.80,-8.54,-0.04,0.11,0.21,0.06,435,425,438,335,361
6.03,-7.60,-0.59,0.06,0.14,0.23,436,425,437,335,361
6.07,-6.81,-0.54,0.11,0.24,-0.05,436,425,437,335,361
6.40,-7.31,1.21,0.13,0.43,-0.16,437,425,437,335,361
-0.06,-8.42,1.16,0.48,0.82,0.19,441,426,437,335,359
4.82,-8.09,3.98,0.27,0.79,0.14,440,426,436,335,360
11.08,-6.84,2.26,0.19,0.17,-0.03,441,426,437,336,360
5.79,-7.42,1.30,0.07,0.19,0.02,441,426,437,336,359
4.03,-7.65,1.41,-0.00,0.03,0.22,441,426,437,335,359
7.91,-7.74,2.36,-0.04,-0.10,-0.21,441,426,437,336,359
3.19,-7.88,1.84,-0.03,0.04,0.02,442,426,437,336,359
5.14,-8.02,2.11,-0.02,-0.06,0.02,441,426,437,335,359
5.98,-7.59,1.68,-0.01,-0.04,-0.10,441,426,437,335,358
END
6.94,-7.24,1.24,-0.01,0.05,-0.11,447,424,437,334,357
6.70,-7.37,0.32,0.08,0.01,-0.04,446,424,436,335,357
6.35,-7.14,-0.31,0.01,0.02,0.16,445,424,436,335,357
6.60,-7.01,0.06,-0.09,-0.23,0.02,445,423,436,334,357
5.49,-6.60,0.53,0.15,0.01,-0.00,444,423,436,334,357
6.25,-6.88,-0.51,0.04,-0.15,0.08,444,423,436,334,357
6.37,-7.65,0.28,-0.00,-0.22,-0.01,444,423,436,334,358
7.27,-7.91,0.64,0.03,-0.17,-0.05,444,423,436,335,358
4.98,-7.82,-0.75,-0.35,-0.41,0.10,444,425,437,335,360
7.54,-7.31,-0.44,0.06,-0.15,-0.09,443,425,436,335,360
5.47,-6.90,-1.16,0.12,-0.06,0.00,443,425,436,335,360
4.13,-6.57,-2.02,-0.07,-0.14,0.17,442,425,436,335,360
7.41,-7.27,0.48,0.30,0.01,-0.16,442,424,436,334,360
4.20,-7.67,-1.78,-0.06,-0.11,0.24,442,424,436,334,361
6.76,-7.39,-0.93,-0.06,-0.08,-0.13,442,424,436,335,361
5.88,-7.37,-0.62,0.03,0.05,0.01,442,424,436,334,361
4.77,-6.75,-2.20,0.04,-0.05,0.16,442,424,436,334,361
5.69,-7.67,-0.78,-0.02,-0.12,-0.04,442,424,436,335,363
4.36,-7.55,-1.04,-0.00,0.12,-0.06,442,425,436,335,364
6.35,-7.31,-0.65,-0.14,0.00,0.09,442,425,436,335,366
6.38,-8.29,-0.24,0.12,0.20,0.10,442,425,435,334,367
4.64,-7.91,-0.01,0.19,0.29,-0.02,443,425,435,335,368
6.12,-8.60,-1.56,-0.20,-0.03,0.14,443,425,434,335,368
4.55,-9.02,0.66,0.04,0.30,0.05,443,425,434,334,368
5.30,-7.93,0.19,0.08,0.32,-0.06,445,425,434,335,366
5.85,-7.28,-1.69,-0.03,0.24,0.04,447,426,435,335,365
4.97,-7.82,-0.14,0.16,0.67,-0.34,448,427,436,335,364
5.22,-5.25,4.82,-0.15,0.57,-0.58,448,426,436,335,365
3.17,-8.36,5.35,0.11,0.52,0.32,450,426,436,335,365
7.55,-6.55,3.24,0.33,0.38,-0.22,450,426,436,335,364
4.66,-8.26,1.28,0.07,-0.04,0.03,450,426,436,335,365
2.58,-8.54,1.61,-0.02,-0.12,0.16,450,426,436,335,364
5.50,-7.90,1.37,0.03,0.01,-0.03,449,426,436,335,364
5.01,-8.30,1.80,0.05,0.06,-0.08,449,426,436,335,364
4.47,-7.87,2.08,-0.01,0.01,-0.02,449,426,436,335,364
5.15,-7.83,1.52,0.08,0.04,0.02,449,426,436,335,364
END
5.71,-7.76,1.32,-0.04,0.05,-0.13,441,422,434,335,361
6.35,-6.29,-1.31,-0.05,-0.06,0.05,441,422,433,335,361
7.50,-6.62,-0.52,0.14,-0.09,0.01,441,421,433,335,360
6.41,-6.79,-0.62,0.08,-0.16,-0.03,441,421,433,335,360
7.47,-7.24,-0.83,-0.02,-0.21,0.06,441,421,434,335,360
5.97,-6.73,-0.99,0.12,-0.14,0.10,440,421,434,335,360
6.02,-5.97,-1.44,0.18,-0.06,-0.03,440,421,434,335,360
5.97,-6.24,-1.01,-0.06,-0.25,0.03,440,421,435,335,360
6.78,-7.01,-0.16,0.05,-0.08,-0.11,440,421,435,335,360
7.44,-7.10,-0.29,0.16,0.04,-0.08,440,421,435,335,360
6.75,-6.62,-1.28,-0.06,-0.17,0.00,440,421,435,335,359
7.53,-6.37,-0.74,0.09,-0.10,-0.11,441,421,435,335,359
6.13,-6.99,-0.59,0.20,-0.03,0.05,441,422,435,335,359
6.86,-8.00,-0.31,0.01,-0.12,-0.01,441,422,436,335,360
7.46,-7.87,0.06,0.07,0.09,0.00,441,422,439,335,361
4.78,-6.17,-1.09,0.17,0.06,0.10,441,422,440,335,360
6.86,-7.34,-0.95,0.05,-0.01,0.07,441,422,440,335,360
7.40,-8.11,0.37,-0.02,-0.03,-0.09,441,423,440,335,360
5.82,-7.23,-0.98,-0.07,0.08,0.14,441,423,440,335,360
5.51,-6.59,-1.13,-0.02,0.15,0.05,441,423,440,335,360
6.60,-6.45,-0.36,0.03,0.22,-0.21,441,423,440,335,360
5.77,-7.46,1.56,-0.04,0.15,-0.26,441,423,440,335,360
4.19,-5.86,0.52,0.11,0.34,-0.04,440,424,440,335,360
7.41,-5.72,-0.82,0.20,0.46,-0.14,439,423,440,336,361
7.44,-9.58,3.37,0.13,0.17,0.00,439,423,440,336,360
6.27,-8.22,1.12,-0.11,0.10,0.07,440,423,439,336,361
6.08,-7.81,1.30,0.07,0.07,0.13,441,423,439,336,361
4.87,-6.24,-1.28,-0.08,0.21,0.11,442,423,439,336,360
4.65,-6.64,1.74,0.13,0.27,0.16,444,424,439,336,360
2.53,-8.66,5.13,0.18,1.04,0.30,444,423,438,336,359
6.13,-7.44,3.13,0.00,0.36,0.17,443,423,438,336,360
5.84,-8.71,4.12,0.06,-0.18,0.13,444,423,438,336,360
2.16,-7.38,2.76,0.12,-0.05,-0.03,445,423,438,336,359
4.17,-7.75,3.64,0.03,-0.10,-0.01,444,423,438,336,359
4.49,-8.35,1.74,0.09,-0.09,-0.14,445,423,438,336,359
4.38,-7.82,1.42,0.10,0.05,-0.11,445,424,438,336,359
END
4.84,-8.43,2.17,0.06,-0.02,-0.02,442,422,435,335,358
6.54,-6.75,-0.73,0.10,-0.08,0.04,442,422,435,335,358
6.61,-6.36,-0.57,0.20,-0.03,-0.04,442,422,435,335,358
4.67,-6.65,-0.90,-0.03,-0.12,0.07,441,422,435,335,358
8.46,-7.46,1.51,0.19,0.03,-0.15,441,421,435,334,358
5.28,-7.40,-0.45,-0.07,-0.08,0.09,441,421,435,334,358
7.65,-7.70,0.09,0.09,0.02,0.04,440,421,435,335,358
6.10,-7.65,0.22,0.20,0.03,0.00,440,421,436,334,358
6.68,-8.15,0.39,0.14,-0.10,0.07,439,422,437,335,361
7.89,-7.01,-1.31,-0.28,-0.20,-0.07,436,423,437,335,362
4.97,-7.17,-0.50,-0.05,-0.07,0.15,435,423,437,335,362
10.24,-7.09,2.00,0.08,-0.05,-0.05,435,423,437,335,362
3.55,-7.03,-1.51,0.02,-0.03,0.16,435,423,437,335,361
2.94,-6.97,-1.13,-0.07,0.03,0.20,435,423,437,335,361
8.29,-7.48,0.85,0.09,-0.05,-0.04,435,422,437,335,362
6.65,-8.27,0.80,-0.23,-0.09,-0.06,435,422,437,335,361
3.23,-7.43,-1.07,0.04,0.28,0.13,436,423,437,335,361
6.13,-7.11,-0.93,0.07,0.14,0.09,435,423,436,335,361
9.48,-7.96,1.91,-0.00,0.04,-0.27,435,422,436,335,361
3.11,-7.23,-1.79,-0.10,0.16,0.15,437,423,436,335,361
8.08,-8.48,2.15,-0.17,-0.16,-0.19,435,422,436,335,361
6.26,-7.99,0.30,0.21,0.29,-0.12,435,423,436,335,361
4.03,-7.14,-1.25,-0.08,0.10,0.06,436,422,436,335,361
6.47,-7.75,0.75,0.08,0.24,-0.06,437,422,436,335,361
7.27,-7.44,1.65,0.14,0.22,-0.15,437,422,436,335,361
5.33,-7.66,0.69,0.10,0.26,0.02,439,423,436,335,361
3.38,-6.68,-1.77,-0.01,0.09,0.17,440,423,436,335,361
9.91,-7.88,2.76,-0.06,0.11,-0.08,440,423,436,335,361
8.61,-7.34,3.59,0.11,0.61,-0.56,441,423,436,335,360
1.76,-8.07,2.16,0.16,0.20,0.51,441,423,436,335,360
10.82,-7.85,2.35,-0.15,0.06,-0.27,440,423,435,334,360
4.14,-6.69,1.34,0.21,0.11,0.14,441,423,436,335,360
6.25,-8.13,1.82,-0.18,-0.14,-0.14,441,423,436,335,359
4.79,-7.91,1.97,0.13,0.22,-0.01,441,423,436,335,359
3.83,-7.16,1.82,0.08,-0.01,0.17,441,423,436,335,359
4.68,-7.37,1.41,-0.05,0.00,-0.05,441,423,436,335,359
END
5.70,-7.85,1.24,-0.01,0.00,-0.07,445,422,434,334,359
6.34,-6.63,-0.10,-0.07,-0.20,0.00,445,422,434,334,360
6.83,-7.09,-0.45,0.19,-0.02,-0.03,445,422,434,334,359
6.04,-6.58,-1.11,-0.10,-0.29,0.02,445,422,434,334,360
6.53,-7.26,-0.51,0.17,-0.10,0.00,444,422,434,334,361
6.05,-6.56,-1.06,0.07,-0.05,0.10,444,422,434,334,360
7.58,-6.91,-0.67,0.18,-0.02,-0.10,444,422,434,335,360
5.91,-7.32,-1.70,-0.09,-0.16,-0.09,443,422,434,334,360
5.66,-7.52,-0.42,-0.15,-0.30,-0.08,442,423,434,334,360
5.50,-7.02,-1.93,0.02,-0.09,0.19,441,423,434,335,363
8.07,-7.41,-1.35,-0.04,-0.15,-0.02,440,423,434,335,362
4.80,-7.07,-2.00,0.00,-0.12,0.26,440,422,434,335,362
7.31,-7.05,-1.03,-0.11,-0.16,-0.17,440,422,434,335,361
5.18,-6.08,-2.03,0.15,0.14,0.28,440,422,433,334,361
5.76,-7.39,-1.13,-0.05,-0.07,0.00,440,422,433,335,361
7.63,-8.28,0.97,-0.07,-0.11,-0.16,440,422,434,335,361
4.03,-6.89,-0.65,0.22,0.33,0.19,440,422,434,335,361
4.80,-7.06,-1.48,0.16,0.16,-0.03,440,422,434,335,361
10.85,-8.16,2.12,-0.08,-0.05,-0.40,440,422,434,335,361
2.66,-7.31,-2.10,0.20,0.40,0.17,442,423,434,335,361
4.24,-7.91,-0.84,0.23,0.17,-0.16,442,424,435,335,361
5.25,-8.48,1.95,-0.09,0.42,-0.18,448,425,435,335,360
7.59,-6.84,0.73,0.09,0.20,-0.23,448,425,435,335,360
7.24,-7.93,1.87,-0.21,0.22,-0.12,447,424,435,335,360
5.89,-6.96,-0.03,0.38,0.32,-0.01,448,425,435,335,360
6.71,-6.55,-0.62,-0.09,0.21,-0.10,448,425,435,335,360
6.07,-6.39,2.18,0.18,0.29,-0.06,449,425,436,335,360
3.79,-7.03,1.90,0.09,0.71,-0.09,451,426,436,335,359
5.12,-7.85,4.59,0.06,0.62,0.26,451,426,436,335,359
10.01,-7.70,4.41,0.04,0.10,0.03,451,425,436,335,359
1.74,-7.62,1.00,0.13,0.20,0.02,453,426,436,335,358
6.30,-7.62,2.34,-0.07,-0.29,-0.05,451,426,436,335,359
4.99,-7.34,2.43,0.06,0.14,-0.09,452,426,436,335,358
4.36,-7.27,1.85,0.16,-0.01,0.11,451,426,436,335,359
6.45,-7.65,2.16,-0.01,0.03,-0.07,451,425,436,335,359
4.99,-7.82,2.28,0.06,0.04,-0.04,451,425,436,335,358
END
5.83,-7.70,2.11,-0.01,-0.05,-0.02,439,422,433,334,361
8.56,-7.03,0.72,-0.06,-0.12,-0.03,436,422,432,335,362
8.05,-6.96,-0.11,0.19,-0.01,0.14,435,422,432,335,362
5.63,-6.61,-0.62,-0.11,-0.25,0.21,435,421,432,335,362
6.20,-6.02,-0.55,-0.03,-0.19,0.05,435,421,432,335,362
5.69,-6.54,-0.70,0.06,-0.13,0.03,435,421,432,335,362
5.75,-6.62,-1.44,-0.00,-0.11,0.02,436,421,433,335,362
5.67,-6.83,-1.59,0.02,0.00,0.04,436,421,433,335,361
7.99,-7.74,-0.88,-0.00,-0.05,-0.08,435,421,433,334,361
5.68,-7.17,-1.55,0.02,0.02,0.13,435,421,433,335,361
7.60,-6.85,-1.31,-0.00,-0.14,0.15,435,421,433,334,361
7.78,-8.18,-0.68,-0.15,-0.36,-0.07,436,422,434,334,362
4.46,-6.50,-2.12,0.18,0.03,0.12,436,422,434,334,361
5.08,-6.83,-1.99,-0.04,-0.19,0.02,436,422,434,334,362
6.07,-6.87,0.09,0.07,0.10,-0.17,437,422,434,335,361
3.13,-7.30,-1.31,0.15,0.39,0.10,437,422,434,335,361
6.24,-7.34,-0.52,0.03,0.15,0.09,437,422,434,335,361
8.58,-8.09,0.55,0.08,0.22,-0.05,437,422,434,335,362
6.11,-7.87,-0.22,-0.01,0.18,-0.04,439,423,434,335,361
6.39,-7.54,-0.50,0.03,0.13,0.05,438,422,433,335,361
4.44,-7.77,-0.20,-0.02,0.08,0.19,439,423,433,335,361
5.33,-7.04,0.09,0.11,0.29,-0.15,438,423,433,334,362
3.91,-6.65,-0.90,0.14,0.17,0.13,439,423,433,335,362
8.02,-8.03,0.54,0.02,0.18,-0.13,439,423,433,335,362
4.34,-7.28,0.31,0.09,0.34,-0.09,441,424,433,335,362
2.81,-7.92,1.18,0.01,0.30,0.03,443,424,433,335,362
8.58,-8.26,2.17,0.03,0.34,-0.28,443,424,433,335,362
2.97,-7.92,-1.23,0.10,0.58,0.33,443,424,433,335,362
8.33,-7.43,0.24,-0.24,-0.25,0.18,442,423,433,335,363
5.41,-7.05,0.52,0.17,0.13,0.02,443,423,433,335,362
1.36,-6.98,0.65,0.14,0.04,0.24,444,423,433,335,361
5.04,-7.27,1.30,0.02,-0.03,-0.02,443,423,433,335,361
4.12,-7.88,1.19,0.21,0.07,-0.05,443,423,433,334,361
4.86,-7.82,0.26,-0.01,-0.03,-0.06,443,423,433,333,361
4.69,-8.18,1.21,0.05,0.06,-0.06,443,423,433,335,361
5.43,-8.12,1.16,0.09,0.10,-0.07,443,423,433,334,361
END
5.02,-8.20,1.16,0.03,0.07,-0.00,440,419,431,335,359
5.86,-6.70,-0.03,0.05,0.01,-0.02,440,419,431,335,359
7.26,-7.01,-0.14,0.15,-0.00,0.01,440,419,431,334,359
6.20,-6.57,-0.68,0.00,-0.05,-0.05,440,420,431,335,359
5.90,-6.77,-0.95,0.01,-0.13,-0.04,440,420,431,335,358
6.69,-7.15,-0.46,-0.05,-0.10,-0.05,440,420,431,334,359
7.13,-7.01,-0.50,0.08,-0.02,-0.05,440,420,431,334,359
6.43,-7.16,-1.64,-0.00,-0.16,0.06,440,419,431,335,359
9.42,-7.73,-0.19,0.11,-0.03,-0.11,439,420,431,334,359
2.87,-6.40,-3.24,-0.08,-0.04,0.24,440,420,431,335,358
10.11,-7.42,0.03,-0.03,-0.11,0.03,439,420,431,334,359
3.76,-6.96,-2.61,-0.00,-0.08,0.41,440,420,431,334,357
6.39,-8.26,0.13,-0.03,-0.06,0.13,440,420,431,334,358
9.67,-8.08,1.35,0.06,0.03,-0.22,440,419,431,334,359
1.94,-6.70,-1.92,-0.02,0.05,0.19,441,420,431,334,358
8.54,-8.71,2.03,0.05,-0.10,-0.20,440,420,431,334,359
4.61,-7.28,-1.19,0.04,0.24,0.06,440,420,431,334,358
4.41,-7.72,-1.02,0.06,0.29,0.03,441,420,431,334,358
5.70,-8.24,1.84,0.09,0.24,-0.02,441,420,431,334,357
5.40,-8.39,1.59,-0.15,0.10,-0.02,441,420,431,334,358
7.47,-7.88,0.73,-0.12,0.03,-0.07,441,420,431,334,357
5.51,-7.96,0.40,0.04,0.25,-0.10,442,420,431,334,358
5.72,-6.98,0.92,-0.05,0.20,-0.11,443,420,431,334,358
5.15,-8.31,1.03,-0.02,0.16,0.03,443,421,431,334,358
5.66,-7.44,0.50,0.10,0.24,-0.07,443,421,431,334,358
5.73,-7.41,0.56,-0.04,0.19,-0.12,445,421,431,335,358
5.01,-7.44,1.98,0.29,0.36,-0.16,446,422,431,334,357
1.33,-6.80,0.89,0.37,0.68,0.16,452,423,432,334,357
8.28,-9.21,3.97,-0.01,0.10,0.30,452,422,432,331,356
4.90,-7.47,2.92,0.04,0.05,-0.21,453,422,432,331,357
3.62,-7.62,0.25,-0.11,-0.02,-0.08,452,422,431,329,357
4.34,-8.23,1.63,0.05,-0.01,-0.09,451,422,431,328,356
5.31,-7.48,1.15,0.11,0.10,-0.08,451,422,431,328,357
5.24,-7.58,1.76,0.06,0.03,-0.01,451,421,431,328,357
5.07,-8.13,2.46,0.10,0.01,0.01,451,421,431,329,357
5.88,-7.37,1.64,0.04,0.02,-0.00,450,421,432,331,357
END