3.76,-7.44,-7.44,-0.10,-0.10,-0.10,353,335,338,361,354
1.92,-6.69,-6.69,0.02,0.02,0.02,351,333,337,360,353
0.88,-6.15,-6.15,0.13,0.13,0.13,488,449,437,360,358
1.95,-7.45,-7.45,0.70,0.70,0.70,528,462,458,359,407
0.99,-8.66,-8.66,0.92,0.92,0.92,521,460,465,347,424
4.96,-8.15,-8.15,0.21,0.21,0.21,518,345,466,345,419
3.42,-8.51,-8.51,0.05,0.05,0.05,516,373,465,344,413
1.88,-8.74,-8.74,-0.07,-0.07,-0.07,513,451,467,345,410
2.10,-9.11,-9.11,0.07,0.07,0.07,510,377,469,345,410
2.46,-9.17,-9.17,0.04,0.04,0.04,509,351,466,344,409
2.60,-8.93,-8.93,0.06,0.06,0.06,507,454,464,344,407
END
2.92,-8.98,-8.98,-0.02,-0.02,-0.02,332,308,309,346,337
1.26,-6.27,-6.27,0.02,0.02,0.02,333,308,309,348,338
-0.60,-3.96,-3.96,0.09,0.09,0.09,410,391,393,359,343
-0.57,-5.89,-5.89,0.40,0.40,0.40,474,420,422,357,362
2.35,-7.58,-7.58,0.78,0.78,0.78,490,427,442,349,394
-0.17,-9.38,-9.38,0.76,0.76,0.76,483,424,446,345,403
3.25,-8.76,-8.76,0.21,0.21,0.21,479,423,446,341,399
2.18,-9.35,-9.35,-0.06,-0.06,-0.06,476,422,444,341,395
2.32,-8.87,-8.87,-0.09,-0.09,-0.09,474,421,443,341,394
2.27,-8.87,-8.87,0.07,0.07,0.07,473,420,442,341,393
2.47,-9.10,-9.10,0.04,0.04,0.04,472,418,441,341,392
END
2.18,-9.00,-9.00,0.01,0.01,0.01,334,309,311,347,335
0.02,-5.86,-5.86,0.02,0.02,0.02,335,309,311,348,335
0.03,-6.40,-6.40,0.01,0.01,0.01,342,319,325,348,337
-1.97,-4.18,-4.18,0.48,0.48,0.48,502,448,433,365,366
3.04,-6.73,-6.73,1.41,1.41,1.41,502,420,446,350,399
4.34,-9.60,-9.60,0.68,0.68,0.68,490,327,443,346,398
2.18,-9.43,-9.43,0.04,0.04,0.04,486,341,441,345,393
3.27,-9.16,-9.16,-0.09,-0.09,-0.09,482,346,439,345,392
2.83,-8.76,-8.76,0.06,0.06,0.06,480,403,439,345,391
2.94,-9.20,-9.20,0.01,0.01,0.01,480,434,438,345,390
2.83,-8.79,-8.79,0.04,0.04,0.04,479,436,437,345,389
END
3.10,-9.04,-9.04,0.00,0.00,0.00,349,326,329,350,339
-1.01,-4.21,-4.21,0.06,0.06,0.06,356,334,336,353,349
-0.03,-3.96,-3.96,0.57,0.57,0.57,483,438,429,368,370
-0.96,-5.38,-5.38,1.24,1.24,1.24,498,379,443,361,405
3.62,-9.93,-9.93,0.77,0.77,0.77,491,442,454,345,417
2.15,-9.25,-9.25,0.01,0.01,0.01,488,441,453,344,414
2.66,-9.08,-9.08,0.05,0.05,0.05,485,440,451,344,411
3.05,-8.81,-8.81,0.03,0.03,0.03,484,439,450,343,409
2.53,-8.90,-8.90,0.05,0.05,0.05,483,439,449,344,409
3.33,-9.07,-9.07,0.04,0.04,0.04,482,438,448,344,408
2.53,-9.00,-9.00,-0.02,-0.02,-0.02,481,438,447,344,407
END
2.76,-9.22,-9.22,0.01,0.01,0.01,336,311,309,348,337
0.06,-4.74,-4.74,0.02,0.02,0.02,337,313,312,348,338
-1.04,-3.53,-3.53,0.05,0.05,0.05,467,440,437,369,354
-0.21,-4.02,-4.02,0.68,0.68,0.68,497,450,445,364,373
3.63,-9.24,-9.24,0.86,0.86,0.86,492,449,452,359,400
3.19,-9.30,-9.30,0.48,0.48,0.48,492,450,455,354,400
3.54,-8.82,-8.82,0.15,0.15,0.15,490,449,454,351,398
3.45,-9.13,-9.13,0.04,0.04,0.04,488,365,453,349,396
3.12,-8.73,-8.73,0.04,0.04,0.04,487,448,452,348,395
3.45,-8.84,-8.84,0.01,0.01,0.01,486,328,451,348,395
3.20,-8.76,-8.76,-0.01,-0.01,-0.01,484,447,452,348,396
END
3.72,-8.93,-8.93,0.04,0.04,0.04,344,317,322,343,339
0.31,-6.61,-6.61,-0.03,-0.03,-0.03,341,316,320,344,339
0.41,-6.58,-6.58,0.02,0.02,0.02,336,312,320,348,337
0.17,-5.85,-5.85,0.09,0.09,0.09,336,312,319,350,337
-0.76,-5.82,-5.82,0.27,0.27,0.27,410,392,388,357,342
1.98,-7.44,-7.44,0.30,0.30,0.30,487,337,450,355,381
2.91,-7.88,-7.88,0.30,0.30,0.30,506,445,458,355,392
3.03,-9.40,-9.40,0.33,0.33,0.33,488,451,448,346,399
2.44,-9.50,-9.50,-0.02,-0.02,-0.02,490,447,446,344,401
2.54,-8.99,-8.99,-0.01,-0.01,-0.01,491,448,447,343,403
2.86,-9.01,-9.01,-0.04,-0.04,-0.04,490,447,447,343,403
END
3.12,-8.98,-8.98,0.04,0.04,0.04,340,316,319,348,339
-0.72,-4.86,-4.86,0.03,0.03,0.03,340,316,319,348,338
-0.57,-2.75,-2.75,0.34,0.34,0.34,440,412,404,356,352
2.26,-5.87,-5.87,0.73,0.73,0.73,475,430,433,358,387
2.38,-9.53,-9.53,0.98,0.98,0.98,480,441,453,345,418
4.00,-9.00,-9.00,0.07,0.07,0.07,481,439,453,345,415
4.09,-9.18,-9.18,-0.03,-0.03,-0.03,476,438,451,345,411
2.52,-8.48,-8.48,0.01,0.01,0.01,475,437,449,345,409
3.82,-8.66,-8.66,0.06,0.06,0.06,474,436,448,345,409
3.19,-8.83,-8.83,0.06,0.06,0.06,474,436,448,347,409
3.39,-9.07,-9.07,0.01,0.01,0.01,473,436,447,347,409
END
3.38,-8.83,-8.83,-0.01,-0.01,-0.01,347,318,324,359,335
0.63,-5.18,-5.18,0.05,0.05,0.05,346,317,324,360,335
0.20,-3.65,-3.65,0.15,0.15,0.15,345,317,324,363,336
0.22,-5.54,-5.54,0.06,0.06,0.06,425,397,396,368,351
1.00,-5.43,-5.43,0.69,0.69,0.69,496,449,448,374,387
1.24,-7.14,-7.14,0.99,0.99,0.99,488,443,449,357,397
5.41,-9.65,-9.65,0.21,0.21,0.21,484,441,446,350,393
3.03,-8.94,-8.94,0.02,0.02,0.02,481,278,445,348,392
3.83,-8.38,-8.38,-0.02,-0.02,-0.02,480,367,444,348,392
3.35,-8.62,-8.62,0.04,0.04,0.04,479,437,442,347,391
3.57,-8.82,-8.82,0.05,0.05,0.05,478,346,440,346,396
END
3.66,-8.51,-8.51,-0.00,-0.00,-0.00,331,307,306,346,335
-0.09,-5.46,-5.46,-0.03,-0.03,-0.03,331,307,307,346,334
0.45,-5.59,-5.59,0.11,0.11,0.11,335,309,309,347,335
1.36,-6.94,-6.94,0.45,0.45,0.45,381,354,355,352,346
2.34,-6.98,-6.98,0.66,0.66,0.66,476,417,420,349,381
3.05,-8.70,-8.70,0.60,0.60,0.60,472,414,425,347,395
5.65,-8.82,-8.82,0.11,0.11,0.11,465,411,424,343,393
4.61,-8.99,-8.99,0.05,0.05,0.05,463,410,423,342,391
4.74,-8.48,-8.48,0.05,0.05,0.05,460,410,421,342,390
3.94,-8.57,-8.57,0.03,0.03,0.03,457,408,421,342,389
4.11,-8.65,-8.65,-0.06,-0.06,-0.06,457,407,420,342,388
END
3.85,-8.57,-8.57,-0.00,-0.00,-0.00,328,305,305,348,334
0.45,-5.20,-5.20,0.00,0.00,0.00,328,305,305,349,334
-1.26,-2.58,-2.58,0.08,0.08,0.08,428,400,394,354,343
-1.11,-4.16,-4.16,0.71,0.71,0.71,500,425,429,357,406
3.68,-7.64,-7.64,0.40,0.40,0.40,488,423,440,345,415
6.31,-9.10,-9.10,0.28,0.28,0.28,481,423,443,340,411
4.97,-8.62,-8.62,0.06,0.06,0.06,476,421,441,340,408
4.82,-8.10,-8.10,-0.02,-0.02,-0.02,475,421,439,339,406
4.33,-8.28,-8.28,0.02,0.02,0.02,475,421,438,340,406
4.45,-8.38,-8.38,0.05,0.05,0.05,474,420,437,340,406
4.67,-8.22,-8.22,0.04,0.04,0.04,474,420,437,340,406
END
4.67,-8.59,-8.59,0.01,0.01,0.01,396,372,374,348,349
1.79,-4.05,-4.05,0.08,0.08,0.08,452,416,408,351,359
1.13,-6.44,-6.44,0.86,0.86,0.86,491,434,418,352,372
3.25,-9.35,-9.35,0.98,0.98,0.98,478,431,429,344,399
2.56,-9.16,-9.16,0.60,0.60,0.60,478,436,440,344,418
2.91,-9.19,-9.19,0.05,0.05,0.05,475,437,438,345,411
3.61,-9.00,-9.00,-0.00,-0.00,-0.00,468,433,435,343,413
3.45,-8.75,-8.75,-0.00,-0.00,-0.00,468,433,434,343,411
3.73,-8.79,-8.79,0.05,0.05,0.05,467,432,434,343,409
3.63,-8.47,-8.47,-0.01,-0.01,-0.01,466,427,434,343,411
4.17,-8.66,-8.66,0.01,0.01,0.01,466,423,434,343,409
END
3.04,-8.43,-8.43,0.03,0.03,0.03,328,308,311,352,334
0.12,-6.21,-6.21,-0.00,-0.00,-0.00,330,310,313,352,335
-0.62,-5.14,-5.14,-0.09,-0.09,-0.09,432,396,380,353,349
-1.36,-4.74,-4.74,0.60,0.60,0.60,461,420,414,354,377
2.31,-8.20,-8.20,0.75,0.75,0.75,476,436,435,346,406
4.32,-9.10,-9.10,0.23,0.23,0.23,475,436,436,343,407
4.39,-9.02,-9.02,0.03,0.03,0.03,471,433,433,341,403
3.38,-8.81,-8.81,-0.02,-0.02,-0.02,469,432,432,341,403
4.12,-8.62,-8.62,0.03,0.03,0.03,469,432,432,342,403
3.73,-8.63,-8.63,0.05,0.05,0.05,468,431,432,342,402
3.67,-8.60,-8.60,0.07,0.07,0.07,468,431,431,342,402
END
3.57,-8.80,-8.80,-0.05,-0.05,-0.05,333,309,311,355,334
-0.11,-5.15,-5.15,0.08,0.08,0.08,333,309,311,354,333
0.40,-4.89,-4.89,0.20,0.20,0.20,334,311,314,355,335
0.40,-5.73,-5.73,-0.06,-0.06,-0.06,430,410,404,356,349
-2.45,-3.73,-3.73,0.52,0.52,0.52,500,453,451,359,369
2.84,-7.13,-7.13,0.85,0.85,0.85,500,447,442,351,397
3.52,-8.87,-8.87,0.44,0.44,0.44,496,339,447,346,406
3.97,-9.29,-9.29,0.01,0.01,0.01,493,445,446,346,403
4.26,-8.44,-8.44,-0.06,-0.06,-0.06,491,444,445,345,401
4.16,-8.15,-8.15,0.07,0.07,0.07,488,443,444,345,399
4.30,-8.75,-8.75,0.01,0.01,0.01,486,443,443,346,397
END
3.87,-8.39,-8.39,0.02,0.02,0.02,331,308,308,345,328
-1.37,-4.54,-4.54,-0.06,-0.06,-0.06,329,305,303,344,327
1.59,-5.69,-5.69,0.04,0.04,0.04,331,306,305,345,328
-0.89,-4.87,-4.87,0.24,0.24,0.24,437,403,393,347,343
2.35,-7.83,-7.83,1.22,1.22,1.22,468,412,413,347,394
2.80,-8.37,-8.37,0.82,0.82,0.82,469,415,424,342,403
4.82,-9.27,-9.27,0.36,0.36,0.36,465,415,425,340,401
4.30,-8.91,-8.91,-0.01,-0.01,-0.01,462,414,423,339,396
4.35,-8.51,-8.51,-0.03,-0.03,-0.03,461,414,422,339,395
4.16,-8.18,-8.18,0.05,0.05,0.05,459,413,422,340,394
4.44,-8.68,-8.68,-0.01,-0.01,-0.01,458,412,419,341,392
END
3.83,-8.15,-8.15,0.02,0.02,0.02,333,309,312,343,341
0.08,-5.26,-5.26,-0.08,-0.08,-0.08,353,337,344,342,340
0.42,-2.76,-2.76,0.14,0.14,0.14,439,409,400,347,347
0.80,-5.83,-5.83,1.13,1.13,1.13,493,431,433,350,409
2.95,-8.21,-8.21,0.68,0.68,0.68,486,429,439,344,411
4.44,-9.01,-9.01,0.55,0.55,0.55,483,428,438,343,406
4.01,-8.79,-8.79,0.08,0.08,0.08,480,427,437,342,402
4.23,-8.63,-8.63,-0.04,-0.04,-0.04,478,426,435,342,400
3.85,-8.17,-8.17,-0.00,-0.00,-0.00,477,426,435,343,400
4.43,-8.70,-8.70,-0.01,-0.01,-0.01,476,425,434,343,399
4.04,-7.93,-7.93,0.02,0.02,0.02,476,425,433,345,399
END
4.42,-8.43,-8.43,0.03,0.03,0.03,326,304,305,345,339
2.94,-6.72,-6.72,-0.01,-0.01,-0.01,345,324,331,346,347
3.15,-5.37,-5.37,-0.17,-0.17,-0.17,454,412,402,347,344
1.03,-5.36,-5.36,0.64,0.64,0.64,481,430,441,349,410
1.84,-7.36,-7.36,0.59,0.59,0.59,476,431,449,345,418
3.70,-8.56,-8.56,0.34,0.34,0.34,474,429,450,344,421
5.37,-9.20,-9.20,0.01,0.01,0.01,474,430,450,343,415
4.36,-8.61,-8.61,-0.05,-0.05,-0.05,472,429,448,343,413
3.65,-8.46,-8.46,0.06,0.06,0.06,471,428,446,343,412
3.89,-8.87,-8.87,-0.00,-0.00,-0.00,470,427,446,343,411
3.70,-8.58,-8.58,0.03,0.03,0.03,470,427,445,344,410
END
3.50,-8.53,-8.53,0.03,0.03,0.03,379,351,352,343,340
1.62,-5.24,-5.24,0.01,0.01,0.01,440,390,406,338,358
-0.52,-3.17,-3.17,0.45,0.45,0.45,466,405,419,341,399
2.57,-6.38,-6.38,0.82,0.82,0.82,464,405,415,340,400
5.07,-8.66,-8.66,0.54,0.54,0.54,460,402,416,338,399
5.03,-8.26,-8.26,0.01,0.01,0.01,458,403,422,338,400
4.49,-8.71,-8.71,0.00,0.00,0.00,456,403,421,338,400
4.80,-8.21,-8.21,0.00,0.00,0.00,455,402,420,338,398
4.26,-8.30,-8.30,-0.00,-0.00,-0.00,455,402,420,338,398
4.51,-8.18,-8.18,0.04,0.04,0.04,454,402,420,338,397
4.35,-8.36,-8.36,0.01,0.01,0.01,453,402,420,338,398
END
4.15,-8.15,-8.15,0.03,0.03,0.03,334,309,311,344,330
2.10,-4.70,-4.70,-0.06,-0.06,-0.06,415,422,419,364,339
0.94,-3.12,-3.12,0.20,0.20,0.20,439,427,426,361,362
1.91,-5.53,-5.53,0.59,0.59,0.59,494,425,424,351,378
2.15,-6.96,-6.96,1.00,1.00,1.00,497,428,440,343,404
5.55,-9.33,-9.33,0.36,0.36,0.36,494,429,448,341,409
3.95,-8.85,-8.85,-0.01,-0.01,-0.01,491,427,445,340,405
3.89,-8.53,-8.53,-0.04,-0.04,-0.04,487,425,444,340,403
4.41,-8.04,-8.04,0.01,0.01,0.01,485,425,442,340,402
3.78,-8.31,-8.31,0.06,0.06,0.06,483,424,440,340,402
4.50,-8.53,-8.53,0.04,0.04,0.04,482,424,440,340,401
END
4.55,-8.33,-8.33,0.04,0.04,0.04,331,309,311,346,329
1.01,-5.09,-5.09,-0.23,-0.23,-0.23,385,361,358,347,334
1.76,-4.65,-4.65,0.07,0.07,0.07,460,407,398,348,351
2.33,-6.77,-6.77,0.81,0.81,0.81,477,421,430,349,415
3.88,-7.87,-7.87,0.59,0.59,0.59,476,425,436,341,419
2.94,-7.91,-7.91,-0.13,-0.13,-0.13,471,422,434,340,411
3.58,-8.86,-8.86,0.01,0.01,0.01,469,420,432,340,408
3.64,-8.92,-8.92,0.01,0.01,0.01,467,419,431,340,405
3.80,-8.63,-8.63,0.02,0.02,0.02,465,419,430,340,403
3.78,-8.46,-8.46,0.01,0.01,0.01,465,419,430,341,402
4.09,-8.88,-8.88,0.05,0.05,0.05,464,418,429,343,402
END
3.34,-7.48,-7.48,0.04,0.04,0.04,337,319,326,353,340
3.17,-7.23,-7.23,0.02,0.02,0.02,336,317,324,352,341
3.02,-8.31,-8.31,-0.00,-0.00,-0.00,460,430,427,368,359
0.14,-6.09,-6.09,0.71,0.71,0.71,482,434,436,356,387
2.42,-7.66,-7.66,0.75,0.75,0.75,476,434,448,345,407
2.76,-8.93,-8.93,0.18,0.18,0.18,473,433,448,344,402
3.14,-9.22,-9.22,0.19,0.19,0.19,466,432,446,343,396
3.39,-8.59,-8.59,-0.05,-0.05,-0.05,464,430,445,342,396
3.26,-8.53,-8.53,0.02,0.02,0.02,464,430,444,342,395
3.56,-8.74,-8.74,0.08,0.08,0.08,462,429,442,342,393
3.14,-9.23,-9.23,0.05,0.05,0.05,461,427,439,342,391
END
3.33,-8.90,-8.90,-0.10,-0.10,-0.10,333,309,309,347,337
1.19,-4.75,-4.75,-0.12,-0.12,-0.12,354,332,329,350,341
1.08,-6.59,-6.59,0.04,0.04,0.04,472,426,409,353,354
-1.06,-4.20,-4.20,0.94,0.94,0.94,496,436,439,353,412
3.85,-9.19,-9.19,0.97,0.97,0.97,484,434,445,342,416
2.77,-8.46,-8.46,0.38,0.38,0.38,483,434,446,341,411
2.45,-9.12,-9.12,-0.04,-0.04,-0.04,481,433,445,340,407
3.24,-9.11,-9.11,0.05,0.05,0.05,480,433,445,339,409
2.64,-8.76,-8.76,0.06,0.06,0.06,478,432,444,339,408
3.64,-8.71,-8.71,-0.02,-0.02,-0.02,477,431,443,339,408
3.06,-9.10,-9.10,0.13,0.13,0.13,477,431,442,340,408
END
3.47,-8.64,-8.64,-0.01,-0.01,-0.01,341,319,322,352,338
2.60,-7.11,-7.11,0.07,0.07,0.07,341,320,323,353,340
-0.29,-4.56,-4.56,-0.17,-0.17,-0.17,427,395,386,370,359
0.71,-6.09,-6.09,0.53,0.53,0.53,472,414,410,367,382
1.47,-7.62,-7.62,0.63,0.63,0.63,475,426,431,350,407
3.65,-9.74,-9.74,0.15,0.15,0.15,469,426,436,344,409
2.12,-9.53,-9.53,0.03,0.03,0.03,466,424,434,343,405
2.87,-8.87,-8.87,0.03,0.03,0.03,465,424,433,343,404
3.26,-8.59,-8.59,0.04,0.04,0.04,464,423,432,343,404
2.41,-9.07,-9.07,0.04,0.04,0.04,462,422,432,343,402
3.66,-8.99,-8.99,0.01,0.01,0.01,461,422,431,343,401
END
2.79,-8.78,-8.78,-0.02,-0.02,-0.02,334,308,309,348,334
2.75,-5.93,-5.93,-0.06,-0.06,-0.06,351,328,333,346,338
0.26,-4.75,-4.75,-0.06,-0.06,-0.06,473,428,416,348,355
-0.95,-4.67,-4.67,0.06,0.06,0.06,491,437,438,349,408
2.12,-6.35,-6.35,0.54,0.54,0.54,490,436,455,346,436
4.72,-9.07,-9.07,0.60,0.60,0.60,484,431,453,345,419
4.26,-8.93,-8.93,0.12,0.12,0.12,482,430,450,344,413
3.99,-8.65,-8.65,-0.01,-0.01,-0.01,479,429,449,344,411
4.30,-8.74,-8.74,0.08,0.08,0.08,476,428,447,343,410
3.42,-8.31,-8.31,0.05,0.05,0.05,472,427,446,342,408
3.66,-8.88,-8.88,0.03,0.03,0.03,472,426,445,342,408
END
3.88,-8.71,-8.71,0.06,0.06,0.06,339,311,315,354,339
1.70,-5.55,-5.55,0.07,0.07,0.07,336,309,311,353,340
1.92,-5.44,-5.44,0.11,0.11,0.11,358,327,336,353,345
-0.73,-4.78,-4.78,0.21,0.21,0.21,428,377,391,347,366
1.91,-7.66,-7.66,0.65,0.65,0.65,488,439,439,344,428
2.41,-7.52,-7.52,0.83,0.83,0.83,490,442,448,342,436
3.88,-9.34,-9.34,0.16,0.16,0.16,483,439,445,341,427
3.34,-9.20,-9.20,0.03,0.03,0.03,479,438,442,341,423
3.46,-8.68,-8.68,0.00,0.00,0.00,477,436,441,340,420
3.27,-8.79,-8.79,0.05,0.05,0.05,476,436,441,340,419
3.74,-8.95,-8.95,0.07,0.07,0.07,475,435,440,340,419
END
3.45,-8.82,-8.82,0.03,0.03,0.03,332,307,308,346,341
2.11,-5.64,-5.64,0.04,0.04,0.04,332,307,309,346,341
1.36,-4.75,-4.75,0.02,0.02,0.02,334,308,310,347,342
0.87,-5.71,-5.71,0.11,0.11,0.11,392,359,359,351,352
1.34,-5.14,-5.14,1.02,1.02,1.02,445,392,398,354,378
0.54,-8.59,-8.59,1.26,1.26,1.26,441,395,412,345,383
1.94,-9.01,-9.01,0.34,0.34,0.34,447,400,414,341,383
3.42,-9.45,-9.45,0.10,0.10,0.10,446,400,412,340,381
2.53,-9.12,-9.12,0.02,0.02,0.02,442,398,410,340,380
3.01,-9.14,-9.14,0.06,0.06,0.06,441,398,410,340,380
2.76,-8.62,-8.62,0.00,0.00,0.00,441,398,410,340,381
END
2.75,-8.90,-8.90,0.02,0.02,0.02,332,306,308,345,335
2.05,-6.11,-6.11,0.07,0.07,0.07,334,307,309,346,335
1.11,-5.66,-5.66,-0.32,-0.32,-0.32,425,386,365,352,354
-0.30,-2.04,-2.04,0.20,0.20,0.20,499,441,422,359,383
0.59,-5.57,-5.57,1.14,1.14,1.14,492,441,432,347,401
4.82,-9.53,-9.53,0.63,0.63,0.63,489,445,449,340,415
3.46,-9.27,-9.27,0.23,0.23,0.23,488,445,449,339,411
3.67,-8.92,-8.92,0.04,0.04,0.04,485,443,445,339,409
4.59,-8.54,-8.54,-0.06,-0.06,-0.06,482,442,444,339,406
4.14,-8.61,-8.61,0.03,0.03,0.03,481,442,443,340,405
3.20,-8.35,-8.35,-0.03,-0.03,-0.03,478,441,442,340,404
END
3.70,-8.79,-8.79,0.03,0.03,0.03,338,316,318,351,339
0.81,-5.86,-5.86,-0.09,-0.09,-0.09,363,352,364,352,347
-0.73,-3.66,-3.66,0.05,0.05,0.05,490,455,453,367,366
1.79,-6.07,-6.07,1.29,1.29,1.29,484,448,451,358,402
3.17,-7.90,-7.90,0.55,0.55,0.55,469,441,448,344,394
3.04,-8.23,-8.23,0.05,0.05,0.05,469,441,454,341,398
4.52,-8.71,-8.71,0.08,0.08,0.08,468,441,455,340,401
4.13,-8.26,-8.26,-0.01,-0.01,-0.01,468,441,453,340,399
4.19,-8.18,-8.18,0.05,0.05,0.05,467,440,452,340,399
4.36,-8.25,-8.25,-0.06,-0.06,-0.06,466,440,452,340,395
4.39,-8.37,-8.37,0.06,0.06,0.06,465,440,452,340,394
END
4.30,-8.12,-8.12,0.01,0.01,0.01,322,303,304,345,330
2.46,-7.03,-7.03,0.01,0.01,0.01,322,303,304,346,329
2.35,-6.05,-6.05,-0.27,-0.27,-0.27,339,326,335,347,332
0.27,-1.15,-1.15,0.45,0.45,0.45,494,439,431,363,383
0.84,-7.12,-7.12,0.82,0.82,0.82,483,436,441,347,402
6.37,-8.59,-8.59,0.94,0.94,0.94,475,430,438,344,396
5.94,-8.96,-8.96,0.25,0.25,0.25,471,428,436,340,392
4.64,-8.92,-8.92,0.01,0.01,0.01,465,425,432,340,389
4.45,-8.05,-8.05,0.01,0.01,0.01,465,425,433,340,391
4.11,-8.15,-8.15,0.07,0.07,0.07,464,425,433,340,391
4.52,-8.64,-8.64,-0.02,-0.02,-0.02,464,425,434,341,393
END
3.90,-8.29,-8.29,-0.00,-0.00,-0.00,331,304,304,341,329
1.62,-6.17,-6.17,0.07,0.07,0.07,337,311,309,342,331
2.56,-6.27,-6.27,0.25,0.25,0.25,419,373,377,343,356
1.44,-7.90,-7.90,0.44,0.44,0.44,478,423,440,342,409
1.09,-6.55,-6.55,1.13,1.13,1.13,472,425,446,340,405
3.14,-8.94,-8.94,-0.01,-0.01,-0.01,468,423,451,338,407
4.02,-8.99,-8.99,0.19,0.19,0.19,467,421,454,338,413
3.35,-8.89,-8.89,0.02,0.02,0.02,467,421,453,336,410
3.64,-8.61,-8.61,0.05,0.05,0.05,467,421,452,335,409
3.53,-8.80,-8.80,-0.00,-0.00,-0.00,467,420,451,335,408
3.18,-8.61,-8.61,0.01,0.01,0.01,466,420,450,335,408
END
3.19,-8.73,-8.73,0.07,0.07,0.07,330,306,308,343,334
1.97,-7.34,-7.34,0.00,0.00,0.00,331,306,310,343,336
0.02,-5.28,-5.28,-0.28,-0.28,-0.28,477,446,440,364,357
-1.56,-2.79,-2.79,0.17,0.17,0.17,496,456,461,367,421
1.97,-8.12,-8.12,0.91,0.91,0.91,485,462,462,359,432
2.11,-8.11,-8.11,0.85,0.85,0.85,483,470,460,351,432
2.88,-10.16,-10.16,0.03,0.03,0.03,481,467,457,349,432
2.79,-9.04,-9.04,-0.05,-0.05,-0.05,477,464,455,347,428
3.52,-8.74,-8.74,-0.18,-0.18,-0.18,475,459,450,348,433
2.79,-8.92,-8.92,0.04,0.04,0.04,472,457,447,347,431
3.00,-8.74,-8.74,0.02,0.02,0.02,470,455,446,345,429
END
3.35,-8.97,-8.97,0.05,0.05,0.05,417,390,434,341,342
-1.05,-4.41,-4.41,0.12,0.12,0.12,409,378,417,340,341
-0.52,-5.02,-5.02,0.62,0.62,0.62,507,442,436,348,390
0.39,-7.54,-7.54,0.65,0.65,0.65,502,444,453,350,420
3.61,-8.05,-8.05,0.32,0.32,0.32,496,441,455,344,418
4.40,-8.92,-8.92,0.17,0.17,0.17,495,441,456,341,414
4.26,-8.99,-8.99,0.04,0.04,0.04,493,440,455,340,411
3.63,-8.74,-8.74,0.12,0.12,0.12,491,440,454,340,409
2.63,-9.44,-9.44,0.02,0.02,0.02,490,439,454,340,409
3.42,-8.54,-8.54,0.07,0.07,0.07,490,439,454,340,408
4.31,-8.73,-8.73,0.14,0.14,0.14,489,439,453,340,408
END
3.20,-8.63,-8.63,0.01,0.01,0.01,324,307,305,347,328
0.45,-4.95,-4.95,0.08,0.08,0.08,333,317,314,347,330
0.36,-4.39,-4.39,0.04,0.04,0.04,420,399,387,350,342
-1.90,-4.09,-4.09,-0.29,-0.29,-0.29,492,444,439,371,380
-3.10,-3.16,-3.16,1.31,1.31,1.31,484,442,452,357,419
0.62,-6.48,-6.48,0.82,0.82,0.82,479,441,457,352,421
3.40,-9.28,-9.28,0.32,0.32,0.32,477,440,461,354,425
4.02,-9.63,-9.63,0.17,0.17,0.17,472,440,461,344,423
3.85,-8.84,-8.84,0.06,0.06,0.06,471,440,459,342,421
3.90,-8.38,-8.38,0.04,0.04,0.04,470,440,458,340,419
3.52,-8.51,-8.51,0.03,0.03,0.03,469,440,457,340,417
END
3.55,-8.68,-8.68,-0.02,-0.02,-0.02,334,310,307,352,329
2.48,-6.11,-6.11,0.04,0.04,0.04,335,310,307,352,329
2.06,-4.28,-4.28,-0.13,-0.13,-0.13,365,337,334,353,334
0.55,-4.24,-4.24,0.38,0.38,0.38,463,413,408,350,362
1.75,-5.81,-5.81,0.76,0.76,0.76,493,427,447,351,413
4.19,-8.46,-8.46,0.81,0.81,0.81,480,422,446,342,408
5.15,-8.92,-8.92,0.11,0.11,0.11,471,420,442,339,402
4.38,-8.77,-8.77,-0.01,-0.01,-0.01,470,420,441,338,400
3.96,-8.41,-8.41,-0.00,-0.00,-0.00,469,420,439,338,398
4.32,-8.28,-8.28,0.02,0.02,0.02,468,419,438,338,398
4.14,-8.43,-8.43,0.07,0.07,0.07,467,418,437,338,396
END
4.36,-8.46,-8.46,0.03,0.03,0.03,335,312,308,347,334
3.14,-5.95,-5.95,0.04,0.04,0.04,336,313,309,348,335
2.95,-6.30,-6.30,-0.03,-0.03,-0.03,342,320,319,350,337
0.30,-4.05,-4.05,-0.18,-0.18,-0.18,507,450,440,366,379
3.56,-6.34,-6.34,1.06,1.06,1.06,495,446,443,349,405
4.87,-8.00,-8.00,0.50,0.50,0.50,489,443,446,344,404
4.48,-8.57,-8.57,0.30,0.30,0.30,491,443,450,342,403
4.39,-8.38,-8.38,0.05,0.05,0.05,489,443,450,342,400
4.57,-8.76,-8.76,0.04,0.04,0.04,487,442,449,342,399
4.47,-8.63,-8.63,0.02,0.02,0.02,485,442,448,342,399
4.15,-8.28,-8.28,0.04,0.04,0.04,485,441,447,342,399
END
5.02,-8.46,-8.46,-0.03,-0.03,-0.03,506,456,448,382,358
1.22,-5.12,-5.12,0.04,0.04,0.04,506,449,443,372,369
0.88,-3.40,-3.40,1.27,1.27,1.27,497,446,453,358,408
6.34,-9.14,-9.14,0.48,0.48,0.48,492,444,462,340,421
4.83,-8.38,-8.38,0.11,0.11,0.11,490,442,461,338,418
4.16,-8.02,-8.02,0.02,0.02,0.02,489,442,459,338,411
4.49,-8.77,-8.77,-0.07,-0.07,-0.07,484,436,452,336,408
4.41,-8.18,-8.18,0.01,0.01,0.01,478,426,443,336,410
4.19,-8.40,-8.40,0.03,0.03,0.03,478,427,442,335,409
4.05,-8.52,-8.52,-0.02,-0.02,-0.02,477,425,442,335,409
4.37,-8.17,-8.17,0.09,0.09,0.09,477,425,442,335,410
END
4.61,-8.36,-8.36,0.01,0.01,0.01,340,314,311,349,335
1.44,-6.02,-6.02,-0.61,-0.61,-0.61,379,366,382,356,339
-1.55,-2.79,-2.79,0.20,0.20,0.20,501,447,447,392,389
5.48,-7.29,-7.29,0.96,0.96,0.96,489,443,451,357,405
3.78,-8.31,-8.31,0.59,0.59,0.59,487,443,452,344,398
5.10,-7.91,-7.91,0.19,0.19,0.19,485,442,449,344,395
5.49,-8.20,-8.20,0.10,0.10,0.10,483,441,448,343,394
5.28,-8.15,-8.15,0.03,0.03,0.03,481,440,447,344,393
5.16,-7.82,-7.82,0.04,0.04,0.04,481,440,447,344,393
5.43,-7.94,-7.94,0.02,0.02,0.02,480,439,446,344,393
5.74,-8.18,-8.18,0.01,0.01,0.01,479,439,447,343,393
END
4.69,-8.14,-8.14,-0.02,-0.02,-0.02,326,304,303,340,324
1.70,-6.40,-6.40,0.03,0.03,0.03,326,305,304,340,325
0.39,-5.43,-5.43,0.10,0.10,0.10,449,406,397,343,356
1.64,-6.58,-6.58,0.77,0.77,0.77,496,427,424,348,400
1.45,-8.97,-8.97,0.93,0.93,0.93,488,428,440,341,416
4.58,-8.71,-8.71,0.28,0.28,0.28,481,427,438,339,411
3.60,-8.79,-8.79,0.06,0.06,0.06,477,424,435,337,404
3.73,-8.46,-8.46,-0.03,-0.03,-0.03,476,423,433,337,401
3.80,-8.72,-8.72,0.05,0.05,0.05,472,425,435,337,404
3.73,-8.61,-8.61,0.04,0.04,0.04,471,424,434,337,403
3.17,-8.59,-8.59,0.05,0.05,0.05,470,423,434,338,403
END
3.81,-8.71,-8.71,0.05,0.05,0.05,334,310,308,346,331
1.74,-6.54,-6.54,0.03,0.03,0.03,334,309,309,346,333
2.62,-7.76,-7.76,-0.04,-0.04,-0.04,381,357,365,348,341
-1.72,-1.90,-1.90,-0.14,-0.14,-0.14,499,441,429,355,378
0.74,-5.15,-5.15,1.86,1.86,1.86,482,437,435,341,398
4.39,-9.54,-9.54,0.79,0.79,0.79,469,433,435,336,394
4.46,-9.20,-9.20,0.03,0.03,0.03,468,432,435,336,393
2.82,-8.63,-8.63,-0.10,-0.10,-0.10,467,431,434,336,392
4.24,-8.52,-8.52,-0.29,-0.29,-0.29,464,427,434,338,404
3.52,-8.66,-8.66,0.09,0.09,0.09,463,426,432,338,400
3.85,-8.63,-8.63,0.13,0.13,0.13,463,426,431,338,398
END