8.21,1.49,-5.36,0.03,-0.02,-0.05,320,304,296,336,316
8.81,2.96,-4.47,-0.01,-0.04,-0.09,320,304,296,336,315
8.33,2.97,-4.40,0.06,0.07,0.01,320,304,296,336,315
8.33,2.92,-4.06,0.08,0.04,-0.05,320,304,296,336,315
8.47,2.74,-4.24,0.12,0.08,-0.05,320,304,296,336,315
8.85,2.83,-3.93,0.15,0.05,-0.08,320,304,296,336,315
7.83,3.21,-4.36,0.11,-0.01,-0.03,320,304,296,336,315
8.87,3.93,-4.73,0.20,-0.05,-0.10,320,304,296,336,315
8.64,3.52,-4.71,0.34,0.12,0.00,320,304,296,336,315
8.73,3.17,-5.22,0.48,-0.00,-0.11,320,304,296,336,315
8.76,2.70,-4.72,0.62,0.05,-0.07,320,304,295,334,314
7.31,1.95,-4.30,0.52,0.09,0.02,320,304,295,334,314
8.97,2.53,-4.34,0.53,0.07,-0.13,321,304,295,334,313
9.45,1.21,-3.59,0.56,0.22,-0.06,320,304,295,334,314
8.22,0.11,-3.70,0.50,0.18,0.06,321,304,295,334,314
10.32,0.92,-3.67,0.41,-0.08,-0.15,321,304,295,333,314
9.01,0.96,-4.26,0.46,-0.07,-0.17,321,304,295,333,313
7.95,-0.38,-3.62,0.29,0.05,0.00,320,304,295,333,313
9.73,0.42,-3.21,0.29,-0.01,-0.04,320,304,295,333,314
8.47,1.00,-4.82,0.17,-0.17,-0.18,320,304,295,333,314
7.31,4.43,-10.08,0.30,0.08,-0.06,320,304,295,333,313
18.39,-17.67,25.15,1.81,0.16,-1.47,321,304,296,337,314
15.43,-2.48,-5.18,0.14,-0.53,-0.06,321,303,296,336,314
9.43,1.18,-8.23,0.02,0.33,-0.17,320,302,295,335,314
6.46,0.36,-4.26,0.09,0.14,0.09,320,303,295,335,314
9.31,1.07,-4.32,0.08,-0.19,-0.19,320,301,295,335,314
9.48,1.69,-5.38,0.03,-0.06,-0.07,320,303,295,335,314
8.63,1.28,-5.38,0.03,-0.03,-0.08,320,303,295,335,314
8.09,0.98,-5.46,0.02,0.03,-0.00,320,302,296,335,314
8.29,1.10,-5.04,0.05,0.01,-0.06,320,302,295,335,314
8.97,1.27,-5.51,0.06,0.01,-0.04,320,303,295,335,314
8.56,1.62,-5.46,0.04,-0.01,-0.07,320,303,296,335,314
7.59,0.98,-5.11,0.03,0.06,0.02,320,303,296,335,314
8.34,1.08,-5.18,0.03,0.04,-0.01,320,303,296,335,314
9.54,1.21,-5.02,0.04,-0.04,-0.08,320,302,295,335,314
8.27,1.40,-5.29,0.02,-0.00,-0.04,320,302,295,335,314
END
7.88,1.17,-5.56,0.03,0.05,0.01,321,305,297,336,315
8.86,3.09,-4.39,0.14,0.04,-0.07,321,304,297,336,315
8.94,2.63,-3.60,0.30,0.11,-0.01,321,305,296,336,315
8.92,1.92,-3.22,0.36,0.04,-0.21,321,305,296,336,315
8.75,2.68,-4.42,0.25,0.04,-0.12,321,304,296,335,314
8.94,2.38,-3.32,0.29,0.13,-0.07,321,304,296,335,314
8.69,3.10,-4.38,0.19,-0.00,-0.05,321,304,296,335,314
9.23,3.42,-4.47,0.44,-0.03,-0.11,321,304,296,334,314
8.40,2.28,-3.78,0.59,0.03,-0.26,321,304,295,334,314
7.60,3.03,-4.36,0.70,0.03,-0.21,321,304,295,333,314
9.58,1.89,-1.98,0.72,-0.09,-0.34,320,304,295,333,314
8.54,1.76,-4.19,0.54,0.08,-0.14,321,304,295,333,314
8.57,1.77,-3.10,0.45,0.20,0.05,321,304,295,333,314
9.10,1.73,-3.94,0.37,-0.18,-0.20,321,304,295,333,314
9.71,1.21,-4.20,0.43,-0.17,-0.26,321,304,295,333,314
8.49,1.64,-5.25,0.25,0.06,0.03,321,304,295,333,314
8.75,0.93,-4.35,0.38,0.03,-0.05,321,304,295,333,314
9.08,1.46,-3.92,0.24,-0.24,-0.19,321,304,295,333,314
8.98,0.93,-4.75,0.06,-0.00,0.04,321,304,295,333,314
8.92,0.82,-4.26,0.13,0.02,-0.04,321,304,295,332,314
7.46,1.41,-5.07,0.01,-0.00,-0.02,321,304,295,332,314
9.12,3.13,-7.50,0.03,-0.01,-0.03,321,304,295,332,313
-7.05,2.01,-6.57,1.07,0.68,-0.57,321,302,295,334,314
11.04,-2.20,-9.73,0.83,-0.24,0.62,321,302,294,333,314
4.42,1.31,-6.53,0.10,1.25,0.16,319,301,294,333,314
4.31,-1.08,-3.61,0.03,-0.51,0.01,319,302,295,332,314
11.10,2.36,-5.90,-0.02,-0.57,-0.36,319,302,295,333,314
8.94,3.50,-7.14,0.01,0.27,0.18,319,302,295,332,314
6.98,0.95,-4.31,0.02,0.14,0.15,319,302,295,332,314
8.66,1.21,-4.61,0.02,0.04,0.01,319,302,295,332,314
10.11,2.30,-5.53,0.07,-0.16,-0.21,319,302,295,332,314
7.01,1.73,-5.23,0.03,0.13,0.13,319,302,295,333,314
7.21,1.38,-5.15,0.01,0.09,0.10,319,302,294,332,315
9.68,1.78,-5.28,0.03,-0.09,-0.10,319,302,295,332,314
8.07,1.80,-5.28,0.04,0.00,-0.04,319,301,295,332,314
7.09,1.71,-5.55,0.01,0.04,0.04,319,302,295,333,314
END
8.87,1.55,-4.86,-0.01,0.01,0.02,321,303,297,338,317
8.56,2.48,-3.71,0.20,0.03,-0.08,321,303,297,337,317
8.87,2.76,-3.75,0.16,-0.02,-0.11,321,303,297,337,316
8.66,2.81,-4.15,0.19,0.01,-0.13,321,303,297,337,316
8.64,2.26,-3.91,0.23,0.06,-0.11,321,303,297,337,316
9.12,1.78,-3.57,0.17,0.04,-0.12,321,302,296,337,316
9.01,1.99,-3.80,0.09,0.01,-0.11,321,303,296,337,316
8.94,4.48,-4.44,0.10,0.08,-0.11,321,302,296,337,316
7.92,3.73,-4.63,0.36,0.14,-0.06,321,303,296,336,316
10.11,5.40,-4.84,0.60,0.13,0.03,321,303,296,337,316
8.69,1.27,-2.56,0.64,0.05,-0.21,321,303,296,336,316
7.61,1.64,-4.10,0.49,-0.07,-0.03,321,303,297,336,316
9.38,2.05,-4.31,0.52,0.05,0.05,320,303,297,336,316
10.31,1.82,-3.66,0.38,-0.21,-0.17,321,303,297,336,315
8.48,0.89,-3.85,0.32,-0.24,-0.13,321,303,297,336,315
8.95,1.45,-4.52,0.24,0.02,0.12,320,303,296,336,315
8.18,1.21,-4.80,0.34,-0.13,-0.15,320,303,296,335,315
7.86,0.80,-4.43,0.46,-0.03,-0.18,320,303,296,336,315
9.51,0.24,-4.98,0.36,-0.19,-0.25,321,303,296,335,315
9.67,1.82,-5.63,0.24,-0.03,0.01,321,303,296,335,314
7.70,0.45,-4.84,0.22,-0.06,0.06,321,303,296,335,315
9.45,-1.09,-2.84,0.31,0.01,-0.09,321,303,296,334,315
8.03,0.34,-4.67,-0.04,0.02,-0.10,321,303,296,334,315
7.73,1.59,-6.38,-0.05,0.09,-0.01,321,303,296,334,314
6.88,4.17,-9.63,0.15,0.11,-0.04,320,303,296,334,314
70.54,-35.15,56.78,2.50,-0.05,-2.45,321,302,296,335,315
9.45,-5.26,0.60,2.25,1.22,0.41,319,301,296,334,315
5.92,0.61,-5.95,-0.40,0.07,-1.00,318,301,295,334,315
10.52,1.92,-6.50,0.07,-0.55,-0.04,318,301,295,333,313
7.24,1.27,-5.25,0.04,0.01,0.08,317,301,296,334,315
7.73,0.84,-5.36,0.03,0.05,0.08,318,301,295,333,315
9.20,1.33,-5.40,-0.01,-0.12,-0.10,318,301,296,333,315
7.44,0.85,-5.58,0.04,0.09,0.07,318,301,296,334,315
7.65,1.09,-5.13,0.02,0.01,0.05,318,301,296,334,315
8.10,0.98,-5.40,0.01,0.05,0.03,318,301,296,334,315
8.16,1.00,-5.60,0.02,0.01,0.00,318,301,296,334,315
END
8.04,1.13,-5.43,0.02,0.02,-0.02,322,303,297,339,318
8.33,3.15,-4.26,0.26,0.10,-0.08,322,304,297,339,318
8.33,3.50,-4.27,0.25,0.03,-0.10,322,304,297,339,318
8.41,2.85,-4.01,0.32,-0.02,-0.17,322,303,297,339,318
8.88,2.78,-4.03,0.23,0.04,-0.06,322,303,297,338,317
8.10,2.73,-4.21,0.19,-0.01,-0.09,321,303,297,339,318
8.88,3.74,-4.64,0.18,-0.01,-0.09,321,303,297,338,317
8.28,4.03,-5.06,0.22,-0.00,0.03,321,303,297,339,317
8.26,3.26,-4.83,0.37,0.04,-0.08,321,303,297,338,317
7.22,3.49,-4.92,0.42,0.10,-0.08,321,304,297,338,317
9.19,2.72,-4.84,0.49,-0.05,-0.18,321,304,297,338,317
7.96,2.68,-4.65,0.47,0.07,-0.13,321,303,297,338,317
8.51,1.67,-4.66,0.54,0.02,-0.16,321,304,297,337,317
9.04,1.94,-4.64,0.42,-0.03,-0.28,321,304,297,337,317
8.76,1.96,-5.09,0.40,-0.12,-0.24,320,303,296,337,317
8.51,1.44,-4.85,0.36,-0.04,-0.09,321,303,297,337,317
8.92,1.55,-4.72,0.30,-0.07,-0.17,321,303,297,337,316
7.49,2.00,-5.25,0.21,0.04,-0.04,321,304,296,337,316
8.22,2.04,-5.75,0.21,-0.09,-0.24,321,303,296,337,317
8.42,2.01,-5.45,0.23,0.17,0.02,321,303,296,337,316
7.90,1.59,-5.76,0.31,-0.05,-0.27,321,303,296,336,316
6.89,5.25,-7.98,0.30,-0.02,-0.25,320,303,296,336,316
5.96,6.52,-8.32,1.74,0.46,-0.34,318,301,295,335,315
10.20,7.87,-3.69,0.48,-0.40,-0.50,320,302,295,335,315
7.36,0.84,-6.47,-0.24,0.51,0.10,319,302,295,334,315
9.55,1.30,-6.58,-0.06,-0.21,-0.10,319,301,295,334,315
5.56,0.98,-5.42,0.04,0.28,0.14,318,301,295,335,315
9.24,1.20,-5.01,0.06,-0.12,-0.12,319,301,295,334,315
8.58,1.60,-5.05,0.02,-0.10,-0.13,318,301,295,334,315
7.18,1.56,-5.62,0.03,-0.02,-0.03,318,302,295,334,315
8.23,1.26,-5.48,0.06,0.08,0.07,318,301,295,334,315
8.74,2.10,-5.95,0.04,-0.07,-0.08,318,301,295,334,315
7.94,1.65,-5.70,0.04,0.02,-0.03,318,302,295,334,315
8.48,1.64,-5.38,0.07,-0.01,-0.04,318,301,295,334,315
8.40,1.78,-5.60,0.05,-0.05,-0.09,318,301,295,334,315
7.87,1.54,-5.51,0.04,-0.00,-0.04,318,301,295,333,315
END
7.82,1.64,-5.41,0.04,0.00,-0.03,321,303,296,338,314
8.53,3.22,-4.44,0.27,0.01,-0.08,321,303,296,338,316
8.51,3.16,-4.19,0.29,0.00,-0.05,321,304,296,338,316
8.37,2.94,-4.34,0.32,-0.05,-0.07,321,304,296,338,316
8.84,2.96,-4.59,0.36,0.01,-0.04,321,303,296,338,316
8.46,2.65,-4.37,0.41,-0.04,-0.06,321,304,296,338,316
8.31,2.67,-4.74,0.36,-0.07,-0.06,321,304,296,337,316
8.23,2.43,-4.67,0.38,-0.09,-0.13,321,304,296,337,316
8.55,2.25,-5.12,0.54,0.08,-0.19,321,304,296,337,315
8.43,2.03,-4.85,0.72,0.11,-0.27,321,304,296,337,315
7.89,1.72,-4.71,0.53,0.20,-0.07,321,304,296,336,315
9.12,1.09,-4.67,0.52,0.13,-0.08,321,304,296,336,315
8.74,0.75,-4.26,0.43,0.17,0.09,321,304,296,336,315
8.69,0.65,-4.56,0.39,-0.07,-0.13,321,304,295,336,315
8.92,0.38,-4.61,0.35,-0.09,-0.09,321,304,295,336,315
8.50,0.27,-4.63,0.34,-0.09,-0.12,321,304,295,336,315
8.49,0.32,-4.36,0.29,-0.06,-0.17,321,304,295,336,314
7.85,0.46,-5.20,0.20,-0.01,-0.09,321,304,295,335,314
8.65,0.70,-5.15,0.21,-0.07,-0.16,321,304,295,335,315
8.64,0.70,-4.97,0.27,-0.04,-0.22,321,304,295,335,314
7.16,3.86,-8.22,0.22,0.05,-0.18,321,304,295,335,314
4.28,4.86,-12.45,1.53,0.75,-0.08,318,302,295,335,314
12.35,-3.45,-1.60,0.34,-0.56,0.01,320,303,295,335,314
6.14,0.59,-7.24,-0.25,0.59,0.44,319,302,295,334,315
8.98,0.65,-6.00,-0.05,-0.16,-0.12,318,302,295,334,315
9.04,1.34,-5.35,-0.04,-0.12,-0.15,318,302,295,334,315
7.59,1.28,-5.43,0.06,0.04,0.02,319,302,295,334,315
8.38,1.41,-5.27,0.04,-0.05,-0.03,319,302,295,334,315
8.61,1.40,-5.51,0.01,-0.04,-0.03,319,302,295,334,315
7.86,1.07,-5.55,0.02,-0.00,-0.05,318,301,295,334,315
7.95,1.13,-5.52,0.04,0.02,-0.05,318,302,295,334,315
8.27,1.26,-5.62,0.05,0.02,-0.02,319,303,295,334,315
8.31,1.57,-5.48,0.05,-0.03,-0.07,319,303,295,334,315
8.39,1.42,-5.46,0.03,-0.01,-0.03,319,302,294,334,315
8.35,1.33,-5.49,0.04,-0.02,-0.07,318,302,295,334,315
8.41,1.42,-5.67,0.05,0.00,-0.05,319,302,295,334,315
END
7.87,1.22,-5.41,0.03,-0.00,-0.03,322,304,295,336,318
8.05,4.12,-4.54,0.11,0.07,-0.02,322,303,295,336,318
8.12,3.82,-4.65,0.15,0.10,0.01,322,303,294,336,318
8.45,3.78,-4.57,0.22,0.02,-0.07,321,304,295,336,318
8.21,3.87,-4.72,0.25,-0.05,-0.05,321,303,294,335,318
8.34,3.74,-4.67,0.27,0.05,-0.05,321,304,294,336,318
8.11,3.77,-4.54,0.35,0.06,-0.02,321,303,294,336,318
7.95,3.46,-4.47,0.45,0.04,-0.06,321,303,295,336,317
8.91,2.98,-4.97,0.49,0.08,-0.02,321,304,294,336,317
7.26,2.84,-4.87,0.56,0.11,-0.09,321,304,294,336,318
8.26,2.00,-4.17,0.61,0.11,-0.12,321,304,294,336,318
9.32,1.72,-4.31,0.50,0.15,-0.11,321,304,294,336,319
7.95,1.67,-4.63,0.38,-0.04,-0.19,321,304,294,336,317
8.08,1.94,-4.92,0.42,0.00,-0.07,321,304,294,336,318
9.38,1.24,-4.44,0.40,-0.17,-0.34,321,304,294,336,317
8.30,1.84,-5.02,0.32,0.08,0.06,321,304,294,336,316
8.79,1.41,-4.93,0.25,-0.27,-0.29,321,304,294,336,317
9.39,1.35,-4.97,0.22,-0.11,-0.00,321,304,294,336,317
7.09,1.16,-5.11,0.29,0.01,0.03,321,304,294,335,316
6.14,3.43,-7.40,0.31,0.07,-0.04,321,304,294,335,316
0.11,5.71,-10.95,2.14,1.15,-0.00,319,302,294,335,316
9.68,2.43,-4.01,0.23,-0.70,-0.20,319,303,294,334,317
4.99,-0.10,-8.66,-0.32,0.62,0.60,318,302,294,334,316
8.54,1.21,-5.68,0.00,-0.20,-0.16,318,303,294,334,316
8.19,1.69,-5.79,0.05,-0.04,-0.13,318,303,294,334,316
7.06,0.91,-5.43,0.04,0.05,-0.01,318,302,294,334,316
8.78,1.18,-5.38,0.04,-0.00,-0.01,319,303,294,334,316
8.49,1.31,-5.64,0.02,-0.04,-0.07,318,303,294,334,316
7.69,1.20,-5.77,0.03,0.04,-0.00,318,303,294,334,316
8.02,1.26,-5.78,0.06,0.01,-0.04,318,302,295,334,316
8.61,1.49,-5.89,0.07,-0.01,-0.06,318,302,295,334,316
8.13,1.38,-5.63,0.05,0.01,-0.06,318,303,294,334,316
8.03,1.34,-5.54,0.07,0.01,-0.06,318,303,295,334,316
8.09,1.27,-5.56,0.06,-0.00,-0.04,318,303,295,334,316
7.99,1.28,-5.46,0.05,0.01,-0.04,318,302,295,334,316
8.13,1.27,-5.57,0.04,0.02,-0.01,318,303,295,334,316
END
8.48,1.38,-5.43,0.04,-0.03,-0.07,321,304,295,336,316
8.46,3.77,-3.75,0.10,0.01,-0.05,321,304,295,336,316
8.35,3.45,-4.15,0.13,-0.02,-0.05,321,304,295,336,316
8.43,3.17,-4.14,0.15,-0.00,-0.06,321,304,295,335,316
8.54,3.64,-4.22,0.13,0.02,-0.01,321,304,295,335,316
8.76,4.09,-3.86,0.16,-0.05,-0.06,321,304,295,335,316
8.36,4.38,-4.67,0.21,-0.10,-0.04,321,304,295,334,316
7.81,4.74,-4.86,0.45,0.06,0.09,321,304,295,334,315
9.03,4.52,-4.55,0.54,0.00,-0.07,321,304,295,333,315
8.23,2.76,-4.34,0.69,0.21,0.11,321,304,295,333,315
7.93,1.89,-4.64,0.56,-0.00,-0.04,321,304,294,333,315
7.16,1.61,-4.52,0.44,0.19,0.04,321,304,294,333,315
7.00,1.08,-4.42,0.46,0.27,-0.05,321,304,294,332,315
10.05,0.80,-3.60,0.37,0.24,-0.12,321,304,294,332,314
9.73,2.13,-4.06,0.25,0.27,-0.10,322,304,294,332,315
8.30,1.75,-4.35,0.46,0.12,-0.22,322,304,294,331,314
8.97,1.12,-3.17,0.38,0.13,-0.04,323,304,294,331,314
9.40,1.06,-3.04,0.19,0.14,0.03,323,305,294,331,314
9.25,0.93,-3.23,0.26,-0.17,-0.33,323,304,293,331,314
9.10,1.19,-3.87,0.33,0.01,-0.04,323,304,293,331,314
9.40,1.34,-4.00,0.22,-0.21,-0.08,323,304,293,331,313
7.93,4.18,-6.53,0.16,-0.19,-0.03,323,304,293,331,313
5.37,12.95,-17.32,1.80,0.36,0.07,321,304,294,331,313
-8.32,13.78,-7.81,-1.90,-2.21,1.55,323,304,295,332,314
5.76,2.58,-9.83,-0.08,1.19,0.92,320,303,295,333,314
8.66,0.44,-5.07,0.03,-0.11,-0.02,320,303,295,332,314
8.16,1.37,-4.03,0.09,-0.02,-0.07,319,303,295,333,314
9.53,1.77,-5.48,0.01,0.00,-0.01,320,303,295,333,314
8.09,1.79,-5.08,0.02,-0.04,-0.03,320,303,295,333,314
8.41,1.54,-5.21,0.01,-0.01,-0.01,319,303,295,333,314
8.76,1.66,-5.35,0.04,0.01,-0.03,319,303,295,333,314
8.08,1.49,-4.80,0.05,-0.02,-0.04,320,303,295,333,314
8.23,1.39,-5.02,0.04,0.01,0.00,320,303,295,333,314
8.61,1.62,-5.28,0.05,-0.03,-0.04,319,303,295,333,314
8.63,1.85,-5.46,0.04,-0.03,-0.06,319,303,295,333,314
8.30,1.50,-5.10,0.03,0.01,-0.03,319,303,295,333,314
END
8.92,1.74,-5.22,0.04,-0.04,-0.08,321,304,296,335,315
8.18,3.17,-4.32,0.18,0.03,0.02,321,304,296,335,315
8.86,3.14,-4.20,0.21,-0.02,-0.05,322,304,295,335,315
8.53,2.96,-4.01,0.17,-0.02,0.02,322,304,296,335,315
8.29,2.72,-4.29,0.22,-0.08,-0.13,322,304,296,335,315
7.95,2.63,-4.19,0.21,-0.05,-0.15,322,304,295,335,315
8.60,2.81,-4.72,0.17,0.11,0.07,322,304,295,335,315
8.22,3.09,-4.92,0.25,-0.11,-0.15,322,304,296,335,315
8.57,2.81,-4.85,0.32,-0.01,-0.16,322,304,296,335,314
7.32,2.70,-4.80,0.42,0.01,-0.06,321,304,296,335,314
8.28,2.07,-5.49,0.49,0.05,-0.10,321,304,295,335,315
7.86,2.07,-4.58,0.40,0.10,-0.03,321,304,296,335,315
8.88,2.28,-4.91,0.45,0.05,-0.23,321,304,296,335,315
7.65,1.99,-5.00,0.44,0.14,-0.14,321,304,296,335,315
7.84,1.54,-4.72,0.36,0.23,0.05,321,304,296,335,315
9.63,0.99,-4.11,0.42,0.21,-0.03,322,304,296,335,315
8.27,1.77,-5.18,0.30,0.18,-0.06,322,304,296,335,315
8.67,2.06,-4.97,0.44,-0.12,-0.27,322,304,296,335,315
11.51,0.51,-3.45,0.51,-0.25,-0.27,323,304,296,335,314
9.02,0.76,-4.66,0.37,-0.19,-0.15,323,304,295,335,315
7.74,1.07,-4.55,0.29,-0.16,-0.18,323,304,295,334,314
6.48,2.35,-6.09,0.27,0.17,0.01,322,304,295,334,314
16.28,-17.97,14.01,2.43,0.95,-0.58,320,304,295,334,314
6.91,0.85,-3.99,0.72,0.39,0.52,320,303,295,334,314
6.35,0.14,-6.46,-0.22,0.03,-0.39,318,302,295,334,315
9.60,0.97,-5.12,-0.00,-0.30,-0.20,318,303,295,334,314
8.09,1.92,-5.38,0.05,-0.04,0.02,318,302,295,334,314
8.10,1.59,-5.38,0.06,-0.08,0.02,319,302,296,334,314
8.23,1.39,-5.21,0.01,-0.07,0.01,319,303,295,334,314
8.92,1.61,-5.81,0.02,0.01,-0.03,319,302,296,334,314
8.15,1.34,-5.76,0.02,0.03,-0.02,319,303,296,334,314
8.15,1.06,-5.41,0.02,0.05,0.05,319,303,296,334,314
8.37,1.36,-5.26,0.03,-0.06,-0.07,319,303,296,334,314
7.75,1.11,-5.39,0.02,0.01,0.01,319,303,296,334,314
8.29,1.24,-5.66,0.04,0.01,-0.01,319,302,296,334,314
8.79,1.26,-5.66,0.05,-0.05,-0.09,319,303,296,334,314
END
7.82,1.11,-5.96,0.06,0.10,0.05,321,303,296,338,315
8.13,3.73,-4.72,0.21,0.01,-0.03,321,304,296,337,315
8.10,3.50,-4.44,0.21,-0.03,-0.08,321,304,296,337,315
8.03,3.53,-4.26,0.25,-0.02,-0.01,321,303,296,337,315
8.15,3.20,-4.81,0.18,0.01,-0.05,321,304,296,337,317
8.41,3.26,-4.67,0.20,-0.04,-0.07,321,304,296,337,315
8.11,3.04,-4.87,0.31,0.03,-0.04,321,304,296,337,315
8.05,3.05,-4.72,0.28,-0.00,-0.10,321,304,296,337,314
8.07,2.58,-4.64,0.27,0.06,-0.12,321,304,296,337,315
8.00,2.95,-4.88,0.31,0.06,-0.10,321,304,296,337,315
8.35,3.42,-5.22,0.43,0.10,-0.08,321,304,296,337,315
8.90,1.87,-4.82,0.55,0.15,0.02,321,304,295,337,315
8.15,2.04,-4.69,0.45,-0.03,-0.19,321,304,295,337,315
8.62,1.61,-4.79,0.36,-0.07,-0.14,321,304,295,337,315
8.51,1.62,-4.50,0.35,0.07,-0.06,321,304,295,337,315
9.05,2.04,-5.44,0.29,-0.25,-0.27,321,304,295,337,315
7.75,2.20,-5.86,0.29,-0.10,-0.06,321,304,295,336,316
7.21,3.07,-5.82,0.38,-0.32,-0.39,321,304,295,336,316
6.63,1.63,-5.66,0.49,-0.11,-0.25,321,304,295,336,316
7.28,5.77,-9.21,0.53,0.08,-0.14,321,304,295,335,315
15.05,-20.04,15.32,2.50,2.03,0.47,321,305,296,337,314
9.86,2.17,-6.50,1.00,0.88,0.70,320,303,295,335,314
4.39,-2.91,-6.41,-0.06,0.11,-0.57,318,303,295,334,314
9.44,0.39,-5.29,-0.03,-0.45,-0.32,318,303,295,335,314
7.84,0.37,-4.94,0.06,0.01,-0.04,318,302,295,335,314
8.47,1.41,-5.33,0.06,-0.07,-0.07,317,302,295,335,314
8.33,0.47,-4.96,0.03,0.02,-0.05,318,302,295,335,314
8.40,0.34,-5.50,0.03,-0.01,-0.02,318,302,295,335,314
8.87,0.86,-5.37,0.07,-0.02,-0.07,318,303,295,335,314
8.00,0.60,-5.26,0.04,-0.00,-0.03,318,302,295,335,314
8.36,0.79,-5.10,0.05,-0.02,-0.05,318,302,295,335,314
8.74,0.83,-5.32,0.04,-0.04,-0.06,318,303,295,335,314
8.04,0.55,-5.40,0.04,0.01,-0.02,318,303,296,335,314
8.21,0.65,-5.30,0.04,-0.01,-0.03,318,303,296,335,314
8.38,0.66,-5.38,0.03,-0.02,-0.04,318,302,295,335,314
7.97,0.74,-5.32,0.02,-0.02,-0.03,318,303,296,335,314
END
8.63,0.92,-5.74,0.03,-0.02,-0.05,321,304,296,335,314
8.07,2.99,-4.46,0.21,0.02,-0.12,321,304,296,335,314
8.82,2.79,-4.80,0.26,-0.03,-0.15,321,304,296,335,314
8.33,2.55,-4.16,0.32,0.08,-0.06,321,304,296,335,314
8.81,2.37,-4.08,0.26,-0.15,-0.22,321,304,296,335,314
8.26,2.67,-4.44,0.24,-0.03,-0.02,321,304,296,335,314
8.14,2.68,-4.92,0.23,-0.08,-0.17,321,304,296,335,314
8.87,2.49,-4.77,0.29,0.04,-0.10,321,304,296,335,314
7.90,2.43,-5.44,0.44,-0.03,-0.30,321,304,296,335,314
8.82,2.28,-4.70,0.49,-0.11,-0.44,321,304,295,335,314
7.90,2.23,-4.96,0.30,-0.06,-0.19,321,304,295,335,314
8.25,2.43,-5.36,0.27,0.04,-0.07,321,304,295,334,314
7.87,2.52,-5.29,0.27,0.07,-0.05,321,304,295,335,314
8.33,2.45,-5.63,0.30,0.03,-0.11,322,304,295,334,314
7.79,2.49,-5.56,0.40,0.00,-0.20,321,304,295,334,314
8.23,2.07,-5.46,0.38,0.09,0.03,321,304,295,334,314
7.92,1.26,-5.41,0.43,-0.14,-0.24,321,304,295,334,314
9.16,1.39,-5.36,0.40,-0.09,-0.21,322,304,295,334,314
7.52,1.00,-5.20,0.43,0.05,-0.18,322,304,295,334,314
8.71,0.85,-4.88,0.40,-0.02,-0.19,322,304,295,333,314
7.88,1.49,-5.97,0.24,-0.09,-0.23,322,304,295,333,314
7.44,1.25,-5.99,0.18,0.19,0.05,322,304,295,332,314
6.72,2.20,-7.03,0.23,-0.02,-0.23,322,304,295,332,314
5.19,6.47,-10.83,0.59,0.27,-0.20,321,304,295,332,313
46.64,-30.38,26.84,0.24,-1.63,-0.97,322,304,295,332,314
8.65,-1.15,-2.55,0.39,1.50,1.12,320,303,295,333,313
9.96,0.67,-5.02,-0.10,-0.38,-0.60,320,303,295,333,314
8.10,0.52,-4.34,0.11,0.06,0.07,320,303,295,333,314
8.41,0.71,-5.31,0.05,-0.05,-0.07,320,303,295,333,314
9.58,0.93,-5.23,0.01,-0.06,-0.06,320,303,296,334,314
8.05,0.88,-5.38,0.02,-0.02,0.00,320,303,296,334,314
7.90,0.73,-5.58,0.03,0.03,0.03,320,303,296,334,314
8.59,1.22,-5.55,0.04,-0.04,-0.02,320,303,296,334,314
7.90,0.59,-5.36,0.03,0.00,0.01,320,303,296,334,314
8.64,0.91,-5.58,0.02,-0.02,-0.02,320,303,296,334,314
8.28,0.62,-5.31,0.02,0.00,-0.01,320,303,296,334,314
END
8.27,0.62,-5.36,0.02,-0.01,-0.03,322,305,296,337,316
8.69,3.13,-4.14,0.13,0.01,-0.12,323,305,296,337,315
8.26,3.14,-3.94,0.21,0.08,-0.04,323,305,296,337,315
8.40,2.77,-3.85,0.22,0.02,-0.14,323,305,296,337,314
8.92,2.98,-4.09,0.21,0.01,-0.13,323,305,296,336,314
8.61,2.86,-3.83,0.21,0.05,-0.13,323,305,296,336,314
8.60,2.98,-3.89,0.28,-0.02,-0.14,323,305,296,336,314
8.79,2.74,-4.52,0.30,-0.04,-0.12,323,305,296,336,314
8.16,3.47,-4.04,0.27,0.00,-0.10,323,305,296,336,314
8.51,3.50,-4.58,0.27,-0.11,-0.22,323,305,296,336,314
8.37,2.96,-4.40,0.50,0.15,-0.14,323,305,296,336,314
8.41,2.86,-4.01,0.42,0.08,-0.14,324,305,296,336,314
9.61,1.93,-4.73,0.60,-0.03,-0.35,324,305,296,336,314
8.56,2.61,-4.72,0.54,0.12,-0.05,324,306,296,335,314
8.79,1.56,-4.59,0.56,-0.08,-0.24,325,306,296,335,314
7.51,2.04,-5.16,0.50,0.05,-0.03,325,306,296,335,314
8.05,1.74,-5.00,0.55,0.01,-0.16,325,305,296,335,314
6.86,2.36,-4.77,0.53,0.04,-0.22,324,306,296,335,314
7.01,7.03,-9.63,0.70,0.05,-0.18,324,305,295,334,314
1.87,1.77,-6.45,2.50,1.27,-0.97,323,306,297,337,313
9.47,-5.33,-4.62,0.46,-0.43,0.69,323,306,296,335,314
2.60,0.62,-8.42,-0.43,1.32,0.99,320,304,296,335,314
7.93,0.14,-4.65,-0.09,-0.42,-0.37,319,305,296,335,313
10.68,2.63,-6.04,0.00,-0.28,-0.15,320,304,297,335,313
8.26,1.69,-5.59,0.03,0.15,0.12,320,304,297,335,314
8.07,1.48,-4.30,0.02,-0.07,-0.04,320,304,297,335,314
8.79,1.35,-5.26,0.01,0.01,-0.00,320,304,297,336,314
8.38,1.51,-5.28,0.05,-0.03,-0.05,320,305,297,336,314
8.44,1.62,-5.22,0.04,-0.02,-0.05,319,304,297,336,314
8.17,1.48,-5.30,0.05,0.00,-0.03,320,305,297,336,314
8.38,1.54,-5.38,0.04,-0.02,-0.03,320,304,297,336,314
7.62,1.16,-5.13,0.05,0.03,0.00,320,305,297,336,314
8.39,1.53,-5.36,0.05,0.00,-0.04,320,305,297,336,314
8.08,1.42,-5.42,0.06,0.00,-0.03,320,304,297,336,314
7.84,1.45,-5.31,0.03,0.01,-0.02,320,305,297,336,314
8.59,1.55,-5.38,0.03,-0.06,-0.08,320,305,297,336,314
END
7.57,1.38,-5.26,0.01,0.01,-0.02,323,305,295,338,315
8.55,4.24,-4.29,0.20,0.00,-0.11,323,305,295,337,315
8.15,3.98,-4.19,0.32,0.02,-0.09,323,305,295,337,315
8.21,4.05,-3.91,0.38,0.04,-0.06,323,305,295,337,315
8.43,3.12,-4.39,0.37,-0.03,-0.20,323,306,295,338,315
7.87,3.24,-4.42,0.33,0.08,-0.10,323,305,295,337,314
8.64,3.13,-4.24,0.34,0.03,-0.19,323,306,295,337,314
8.28,2.99,-4.79,0.32,-0.01,-0.12,323,305,295,337,315
7.80,4.21,-3.60,0.19,0.01,-0.15,323,305,295,337,314
8.03,2.87,-4.54,0.22,0.15,-0.12,323,305,295,337,314
9.01,4.03,-5.37,0.23,0.02,-0.13,324,306,295,336,314
9.09,3.23,-5.24,0.44,-0.02,-0.25,324,306,295,336,314
9.68,3.08,-4.75,0.57,0.22,-0.09,324,306,295,335,314
8.31,3.52,-5.15,0.57,0.11,0.01,324,306,295,334,313
7.76,2.77,-4.62,0.50,-0.01,-0.20,324,306,295,334,314
7.89,1.82,-4.54,0.63,0.15,-0.14,324,306,295,334,313
9.48,3.24,-4.96,0.58,0.07,-0.05,325,306,295,333,314
7.76,5.30,-7.22,0.88,0.16,-0.35,324,306,294,333,313
1.67,11.77,-13.97,2.43,0.87,-0.39,322,305,294,333,313
9.71,-6.80,-6.08,-0.56,-0.92,0.54,322,304,295,334,313
4.39,2.06,-11.60,-0.41,1.47,1.22,319,303,295,333,313
9.82,0.26,-5.20,0.02,-0.56,-0.35,319,303,295,334,313
8.01,2.79,-5.45,0.05,0.02,0.05,319,303,295,334,313
8.45,1.38,-5.81,0.04,0.05,0.03,319,303,295,334,313
8.69,1.78,-4.82,-0.00,-0.01,-0.03,319,303,295,334,313
8.69,1.82,-5.65,0.02,-0.04,-0.05,319,303,295,334,314
7.64,1.38,-5.08,0.06,0.02,0.00,319,303,295,334,313
8.74,1.86,-5.00,0.05,-0.06,-0.05,319,303,295,334,313
8.09,1.69,-5.12,0.04,-0.01,-0.01,319,303,295,334,313
8.66,1.82,-5.38,0.03,0.01,-0.03,319,303,295,334,313
8.01,1.55,-5.27,0.04,0.01,-0.03,319,303,296,334,313
8.51,1.72,-5.31,0.05,0.00,-0.03,320,303,295,334,313
8.79,1.91,-5.43,0.05,-0.03,-0.07,320,303,295,334,313
8.18,1.94,-5.41,0.03,-0.04,-0.07,320,303,296,334,313
7.98,1.51,-5.30,0.04,0.02,-0.02,320,303,295,334,313
8.31,1.65,-5.32,0.06,-0.01,-0.04,320,304,296,334,313
END
8.31,1.83,-5.33,0.05,-0.00,-0.04,322,305,297,336,315
8.34,3.38,-4.53,0.01,0.04,-0.04,322,305,297,336,315
8.25,3.22,-4.43,0.04,0.01,-0.07,323,305,297,336,314
8.23,3.15,-4.62,0.02,0.02,-0.05,322,305,297,336,314
8.13,3.38,-4.59,0.02,-0.01,-0.06,322,305,297,336,314
8.23,3.47,-4.53,0.03,0.02,-0.05,322,305,297,337,314
7.93,4.12,-4.51,0.05,0.04,-0.03,322,304,297,336,314
7.87,4.62,-4.65,0.13,0.00,-0.07,322,305,297,336,314
7.51,4.49,-5.23,0.26,0.06,-0.07,322,305,297,336,314
7.98,3.93,-4.87,0.33,0.11,-0.08,322,304,297,336,314
7.67,3.98,-4.60,0.35,0.08,-0.12,322,305,297,336,315
7.67,3.88,-4.17,0.28,0.03,-0.28,322,305,297,336,314
8.19,4.22,-4.45,0.38,0.12,-0.11,322,305,297,336,314
9.17,3.50,-4.72,0.54,0.03,-0.25,322,305,297,336,314
8.46,3.09,-4.25,0.49,0.16,-0.20,323,305,295,336,314
7.82,3.27,-4.84,0.55,0.11,-0.17,323,305,297,336,314
8.94,1.84,-4.77,0.61,0.14,-0.09,323,305,297,336,314
8.10,1.49,-4.81,0.50,-0.05,-0.35,323,305,297,335,314
9.43,2.37,-5.10,0.37,-0.09,-0.30,323,305,296,335,314
7.70,3.18,-5.38,0.45,0.06,-0.13,323,305,297,335,314
7.69,3.52,-5.46,0.50,0.01,-0.33,323,305,297,335,314
8.53,4.32,-6.37,0.70,0.17,-0.19,323,305,296,335,314
6.00,9.15,-9.73,1.13,0.19,-0.46,322,305,296,334,313
55.48,-45.91,42.42,2.50,1.71,-1.73,325,307,297,335,314
13.92,3.01,-9.08,1.48,1.74,1.32,322,306,297,335,313
6.30,-0.34,-7.98,-0.23,0.16,-0.63,319,304,296,334,314
7.90,0.93,-5.12,0.05,-0.59,-0.14,320,305,296,335,313
9.07,1.66,-5.30,-0.00,-0.03,-0.01,320,305,296,335,313
8.61,1.74,-5.63,0.03,-0.07,-0.06,320,305,296,335,314
7.47,1.01,-5.05,0.01,0.06,0.02,320,304,296,334,314
9.04,1.30,-5.23,0.01,-0.08,-0.06,320,305,296,335,314
8.54,1.37,-5.83,0.04,-0.05,-0.07,320,304,296,335,313
7.83,1.18,-5.35,0.04,-0.00,-0.03,320,305,296,334,314
8.24,1.24,-5.25,0.04,-0.02,-0.03,320,305,296,334,314
8.56,1.77,-5.74,0.04,-0.03,-0.06,320,305,296,335,313
7.87,1.24,-5.34,0.05,0.00,-0.02,320,305,295,334,313
END
8.43,1.23,-5.27,0.05,0.02,-0.00,322,305,298,337,314
8.53,3.45,-3.95,0.06,0.01,-0.05,322,305,298,337,315
8.02,3.51,-4.03,0.05,-0.03,-0.06,322,305,297,336,314
8.18,3.57,-4.04,0.07,0.02,-0.06,322,305,297,336,314
8.38,3.83,-4.01,0.10,-0.03,-0.10,322,305,297,336,314
8.33,3.96,-4.28,0.16,0.05,-0.04,321,305,297,335,314
8.22,4.48,-4.20,0.19,0.02,-0.08,322,305,297,335,314
8.18,4.40,-4.07,0.26,0.03,-0.09,322,305,297,335,314
7.73,4.01,-4.79,0.37,-0.04,-0.13,323,305,297,335,314
7.21,3.92,-4.06,0.32,-0.05,-0.17,322,305,297,334,314
9.01,3.53,-4.20,0.48,-0.03,-0.26,322,305,297,335,314
8.98,2.39,-5.15,0.54,0.20,0.01,323,306,297,334,314
8.00,3.14,-3.96,0.32,0.01,-0.22,323,306,297,334,314
8.66,3.11,-4.65,0.50,0.05,-0.27,323,306,297,334,314
8.69,2.56,-4.79,0.50,0.27,-0.01,323,306,297,334,314
8.82,2.34,-4.33,0.45,0.20,-0.14,324,306,297,333,314
8.72,2.29,-4.46,0.50,0.03,-0.16,324,307,297,333,314
8.24,2.70,-4.72,0.50,-0.07,-0.25,324,307,297,333,314
9.43,1.92,-4.77,0.45,-0.02,-0.18,324,306,297,333,314
7.85,1.97,-4.72,0.50,0.01,-0.27,324,307,297,333,314
8.20,1.92,-4.35,0.42,0.05,-0.18,324,306,297,333,314
7.57,2.61,-5.06,0.32,-0.05,-0.27,324,306,297,333,314
8.59,2.57,-5.66,0.40,-0.01,-0.29,324,306,297,332,314
6.73,8.11,-9.20,0.75,0.24,-0.36,324,306,296,331,315
3.21,-8.20,8.36,2.50,1.76,-0.16,324,308,299,334,315
12.95,1.26,-6.95,1.35,0.61,1.10,325,307,296,332,314
5.14,1.67,-6.89,-0.17,0.15,-0.61,320,305,296,332,314
9.68,1.31,-4.01,0.05,-0.62,-0.19,321,305,296,332,314
7.34,1.34,-4.69,0.06,0.10,0.15,321,305,296,332,314
8.97,1.61,-5.19,0.04,-0.12,-0.07,321,305,297,333,314
8.52,1.60,-5.03,0.00,0.01,0.04,320,305,296,333,314
8.79,1.71,-5.28,0.03,-0.03,-0.04,321,305,297,333,314
7.86,1.66,-5.20,0.03,0.02,0.03,321,305,297,333,314
8.71,1.86,-5.13,0.03,-0.01,-0.00,321,305,297,334,314
8.09,1.44,-5.24,0.02,-0.00,-0.01,321,305,297,334,314
8.51,1.39,-4.86,0.03,0.00,0.01,321,305,297,334,314
END
9.11,1.72,-5.16,0.04,-0.02,-0.05,324,307,298,334,316
8.15,3.42,-3.83,0.07,0.03,-0.10,324,307,298,334,316
8.67,3.47,-3.73,0.12,0.00,-0.13,323,307,298,334,315
8.71,3.51,-3.71,0.08,0.06,0.01,323,307,298,334,315
8.57,3.35,-3.60,0.17,0.03,-0.07,323,307,298,334,316
8.94,3.44,-3.72,0.09,-0.04,-0.10,323,307,298,333,315
8.23,4.14,-3.75,0.19,0.05,-0.10,324,307,298,333,315
8.70,4.49,-3.91,0.24,-0.04,-0.14,324,307,298,333,315
8.31,4.16,-4.74,0.37,0.08,-0.03,324,307,298,333,315
8.06,4.18,-4.37,0.44,-0.02,-0.22,324,307,298,333,316
7.67,5.42,-3.91,0.59,0.15,-0.03,324,307,298,333,315
9.73,2.89,-4.72,0.78,0.13,-0.11,325,307,297,332,314
8.23,3.12,-3.60,0.73,0.30,-0.11,325,307,297,331,314
8.65,1.97,-3.68,0.62,-0.08,-0.34,325,307,297,331,313
8.98,2.48,-4.85,0.56,-0.10,-0.24,325,307,297,331,313
9.59,1.68,-3.78,0.51,-0.11,-0.27,326,307,297,331,313
8.98,1.59,-4.08,0.52,-0.06,-0.15,326,307,297,331,313
7.85,2.06,-5.19,0.42,-0.12,-0.09,327,307,297,331,313
8.30,2.35,-5.03,0.42,-0.08,-0.15,326,308,297,331,313
8.32,1.12,-4.87,0.43,-0.05,-0.20,327,307,298,331,313
8.32,1.45,-4.95,0.39,0.01,-0.08,326,307,298,331,313
7.56,0.79,-4.64,0.54,-0.13,-0.50,326,307,297,331,313
7.42,1.49,-5.92,-0.05,0.06,0.22,326,307,297,331,312
4.86,8.38,-12.96,0.41,0.24,-0.06,324,307,296,331,312
64.43,-37.62,44.23,1.50,-1.25,-2.09,322,305,296,333,313
11.16,-0.64,-6.83,0.94,1.70,1.42,319,305,296,332,313
7.80,-0.20,-4.28,-0.13,-0.24,-0.56,318,304,296,332,313
7.88,1.56,-5.36,0.08,-0.06,0.05,319,304,296,332,313
9.99,1.79,-5.72,0.02,-0.08,-0.07,318,304,296,332,313
7.57,1.11,-4.92,0.03,0.01,-0.03,319,304,296,333,313
7.76,1.13,-5.36,0.03,0.01,0.05,318,304,296,333,313
9.32,1.44,-5.25,0.03,-0.05,-0.06,318,304,296,333,313
8.13,1.11,-5.10,0.03,-0.02,-0.04,318,304,296,333,313
8.37,1.23,-5.23,0.02,-0.05,-0.02,318,304,296,333,313
8.41,1.25,-5.56,0.04,0.01,-0.02,318,304,296,333,313
8.15,1.33,-5.23,0.03,-0.00,-0.01,318,304,296,333,313
END
8.14,1.17,-5.29,0.03,0.00,-0.01,324,306,297,336,315
8.84,3.75,-3.33,0.02,0.04,-0.13,323,306,297,336,314
8.55,3.10,-3.49,0.10,-0.01,-0.04,324,306,297,336,315
8.48,3.70,-3.32,0.01,0.01,-0.01,324,305,297,336,315
8.54,4.43,-3.61,0.04,-0.02,-0.04,324,306,297,336,315
8.06,4.32,-3.10,0.19,0.02,-0.02,323,306,297,336,315
7.84,4.16,-3.20,0.13,-0.01,-0.08,324,306,297,336,315
8.44,4.83,-3.42,0.25,0.03,-0.08,324,306,297,336,314
8.38,3.96,-3.37,0.35,-0.00,-0.17,324,306,297,336,314
8.50,4.01,-3.22,0.26,-0.01,-0.15,324,306,297,335,314
8.66,3.41,-3.29,0.51,0.03,-0.15,324,306,297,335,314
8.54,3.59,-3.15,0.30,-0.06,-0.25,324,305,297,334,314
8.86,4.08,-3.73,0.38,-0.06,-0.22,324,306,297,333,313
9.02,3.85,-4.54,0.43,0.00,-0.17,324,306,297,334,313
8.01,4.25,-4.55,0.43,-0.08,-0.22,324,306,297,334,314
10.24,3.41,-5.11,0.55,-0.04,-0.12,324,306,297,334,313
8.10,2.85,-5.32,0.70,0.06,-0.13,324,306,297,333,314
8.48,3.17,-5.21,0.54,-0.15,-0.15,324,306,297,333,313
6.93,2.96,-5.33,0.76,-0.05,-0.26,324,306,297,333,313
6.65,3.36,-5.66,0.81,-0.07,-0.47,324,306,296,333,313
4.21,7.92,-8.81,1.46,0.25,-1.05,323,306,296,333,313
104.35,-48.45,64.93,2.50,1.56,-1.01,322,303,296,334,312
6.77,-0.38,-8.03,2.10,0.92,1.55,321,304,295,334,313
8.27,-0.27,-7.19,-0.24,0.03,-0.63,318,303,295,334,313
7.78,1.96,-5.35,0.12,-0.09,0.05,318,303,295,334,313
7.75,1.74,-4.97,0.00,-0.04,0.04,319,303,295,334,313
7.96,2.10,-5.61,0.05,-0.07,-0.01,319,303,295,334,313
7.86,1.93,-5.40,0.02,0.02,0.03,319,303,295,334,313
7.79,1.69,-5.91,0.03,0.03,0.02,319,303,295,334,313
7.98,1.82,-5.64,0.05,-0.00,-0.03,319,303,295,334,313
8.00,1.66,-5.51,0.06,0.00,-0.01,319,303,295,334,313
8.20,1.92,-5.50,0.05,-0.01,-0.03,319,303,295,334,313
7.55,1.56,-5.60,0.04,0.04,-0.01,319,303,295,334,313
8.24,1.77,-5.41,0.03,-0.00,-0.03,319,303,295,334,313
7.98,1.73,-5.85,0.04,-0.05,-0.08,319,303,295,334,313
7.34,1.54,-5.78,0.02,0.01,0.00,319,303,295,334,313
END
8.34,1.91,-5.53,0.05,-0.05,-0.06,322,304,297,336,314
7.94,4.29,-3.73,0.31,0.09,0.03,322,305,297,336,313
8.23,4.31,-3.19,0.26,-0.03,-0.08,322,305,297,335,313
8.11,3.73,-3.57,0.24,-0.06,-0.14,322,305,296,335,313
8.18,3.73,-3.83,0.32,0.08,-0.03,322,304,297,335,313
8.03,4.06,-4.63,0.31,-0.10,-0.15,322,305,297,335,313
7.62,4.14,-4.39,0.28,-0.09,-0.12,322,304,296,335,313
8.21,4.69,-4.13,0.27,-0.05,-0.19,322,305,296,334,313
6.83,5.26,-4.87,0.47,0.05,-0.07,322,305,296,334,313
7.70,4.87,-4.21,0.48,0.10,-0.16,323,305,296,334,312
7.64,3.84,-4.59,0.64,0.20,-0.23,323,305,296,334,313
7.12,3.32,-4.75,0.89,0.30,-0.22,323,305,296,333,313
8.64,3.79,-4.57,0.75,0.09,-0.32,323,305,296,332,313
9.40,3.32,-5.11,0.70,0.02,-0.35,324,305,295,332,313
8.95,3.01,-5.46,0.68,0.04,-0.24,324,305,295,331,313
7.62,2.02,-4.29,0.69,0.11,-0.25,324,304,295,331,313
8.73,3.11,-5.21,0.63,0.16,-0.13,324,305,295,331,313
9.36,3.05,-5.17,0.66,-0.03,-0.19,324,305,295,331,312
5.38,8.84,-11.36,1.26,0.55,0.07,323,305,295,330,312
-7.49,18.89,-0.39,-1.99,-2.04,-0.42,322,305,295,331,312
8.98,1.11,-7.54,0.19,1.06,0.91,319,304,295,331,312
9.30,-0.36,-2.71,0.10,-0.31,-0.17,319,304,295,332,313
9.14,0.90,-4.34,0.02,-0.16,-0.09,319,304,295,332,312
9.26,0.89,-5.41,0.04,-0.07,-0.05,319,304,295,333,313
8.28,0.61,-4.98,0.01,-0.02,-0.01,319,304,295,333,313
8.15,0.36,-5.40,0.03,0.01,-0.02,319,304,295,333,313
8.54,0.39,-5.10,0.06,0.00,-0.03,319,304,295,333,313
8.49,0.60,-4.69,0.06,-0.01,-0.02,319,304,295,333,313
8.29,0.60,-5.20,0.03,-0.02,-0.04,319,304,296,333,313
8.87,0.70,-5.33,0.05,0.00,-0.04,320,304,296,333,313
8.05,0.41,-4.92,0.04,-0.01,-0.05,320,304,296,334,313
8.34,0.41,-4.90,0.04,0.00,-0.04,320,304,296,334,313
8.41,0.67,-5.03,0.03,-0.07,-0.10,320,304,295,334,313
8.39,0.78,-5.30,0.01,-0.01,-0.04,320,304,296,334,313
8.51,0.62,-5.46,0.03,-0.02,-0.06,320,304,296,334,313
8.31,0.68,-4.99,0.03,-0.02,-0.05,320,304,296,334,313
END
8.94,0.87,-5.09,0.02,-0.04,-0.06,325,306,297,335,316
8.68,3.62,-3.28,0.09,0.03,-0.08,325,306,297,335,316
8.51,3.80,-3.52,0.07,0.04,-0.05,325,306,297,335,316
8.59,3.78,-3.40,0.11,0.07,-0.13,325,306,297,335,315
8.66,3.67,-3.18,0.10,0.11,-0.03,325,306,297,335,315
8.94,4.37,-2.90,0.14,-0.11,-0.16,325,306,297,335,315
8.58,4.13,-4.09,0.29,-0.04,-0.05,325,306,297,335,315
8.51,4.26,-3.08,0.35,0.11,-0.02,325,306,297,335,315
8.88,4.13,-3.44,0.40,-0.08,-0.13,325,306,296,335,316
9.20,3.49,-3.92,0.27,-0.03,0.09,326,307,297,335,315
8.49,4.54,-4.41,0.43,0.13,-0.02,326,307,296,335,315
7.94,2.98,-3.49,0.43,0.15,0.05,326,307,297,335,314
9.54,2.63,-4.22,0.65,0.19,-0.02,326,307,296,334,313
8.08,2.65,-3.34,0.58,-0.09,-0.35,325,307,296,334,313
8.84,1.82,-3.41,0.76,-0.01,-0.15,325,307,296,335,313
9.52,1.36,-4.43,0.70,-0.05,-0.19,325,307,296,334,313
9.34,2.11,-4.69,0.69,-0.04,0.04,325,307,297,334,313
6.02,3.91,-4.95,0.78,-0.14,-0.33,325,307,296,334,313
3.16,9.45,-8.53,1.90,0.60,-0.69,324,306,295,333,313
82.20,-54.81,82.62,2.41,0.55,-2.27,323,306,297,334,313
12.38,-1.41,1.06,2.28,1.88,0.88,321,305,296,334,313
7.98,1.00,-5.60,-0.34,-0.26,-0.80,319,304,296,333,313
8.78,2.15,-5.25,0.16,-0.25,-0.12,319,304,296,333,313
8.98,1.90,-4.57,0.00,-0.00,-0.03,320,304,297,333,312
7.89,1.76,-4.68,0.03,-0.07,-0.07,320,304,296,333,313
8.89,1.76,-5.08,0.02,-0.01,-0.01,320,304,296,333,312
8.62,1.82,-4.92,0.05,-0.02,-0.03,319,304,296,334,313
8.28,1.73,-5.05,0.05,-0.02,-0.05,320,304,297,334,313
8.77,1.68,-4.59,0.04,-0.00,-0.03,320,304,296,333,313
8.56,1.91,-5.00,0.04,-0.05,-0.09,320,304,297,334,313
8.53,1.79,-5.15,0.03,-0.00,-0.03,320,305,297,334,313
8.32,1.82,-4.80,0.04,0.00,-0.02,320,305,297,334,313
7.93,1.37,-4.78,0.04,-0.02,-0.05,320,304,297,334,313
8.76,1.48,-4.74,0.04,-0.11,-0.14,320,305,297,334,313
8.91,2.18,-5.46,0.06,-0.06,-0.08,320,304,297,334,313
7.88,1.87,-4.89,0.07,0.05,-0.02,320,304,297,334,313
END
8.40,1.72,-5.04,0.02,0.02,-0.02,325,305,297,335,316
8.99,2.82,-3.89,0.35,0.01,-0.12,325,306,297,335,316
8.77,2.76,-4.19,0.38,0.08,-0.16,326,306,297,335,316
8.74,2.25,-4.16,0.31,-0.03,-0.19,325,306,297,335,316
8.45,3.12,-4.25,0.28,0.05,-0.08,325,306,297,335,316
7.90,3.83,-4.97,0.31,-0.02,-0.16,326,306,297,335,315
9.18,3.44,-4.62,0.28,0.03,-0.17,326,306,297,335,315
8.05,3.68,-4.89,0.61,0.28,-0.01,326,306,297,335,315
9.08,3.86,-5.56,0.63,0.07,-0.04,326,306,297,334,315
8.15,2.52,-4.80,0.83,0.17,-0.14,326,306,297,334,315
8.38,1.96,-4.25,0.89,0.17,0.04,326,306,296,334,314
8.46,2.15,-4.37,0.69,-0.11,-0.22,326,306,296,334,314
2.51,9.93,-11.72,1.34,0.39,-0.44,324,306,296,334,313
41.54,-3.17,74.86,1.60,-0.39,-1.88,322,304,296,335,313
13.93,0.82,-3.35,2.16,1.69,1.10,320,304,296,335,313
9.67,1.35,-5.28,-0.21,-0.29,-0.61,318,303,296,335,313
8.74,1.97,-4.90,0.14,-0.21,-0.04,318,303,296,335,313
8.15,1.18,-4.95,0.03,0.00,0.09,318,303,296,335,313
8.59,1.74,-5.25,0.00,-0.13,-0.07,318,303,296,335,313
8.03,0.91,-5.12,0.04,0.05,-0.00,318,303,296,335,313
8.58,1.23,-4.80,0.06,-0.02,-0.03,318,303,296,334,313
8.61,1.33,-5.03,0.06,-0.03,-0.02,318,303,296,335,313
8.33,1.23,-5.27,0.06,0.01,-0.01,319,304,296,335,313
8.91,1.51,-5.38,0.05,-0.03,-0.02,319,304,296,335,313
7.83,1.11,-5.05,0.05,0.02,-0.02,319,303,296,335,313
8.61,1.23,-5.20,0.04,0.01,-0.02,319,304,296,335,313
8.49,1.33,-5.21,0.04,-0.03,-0.04,319,304,296,335,313
8.26,1.23,-5.42,0.03,0.00,-0.03,319,304,296,335,313
8.16,1.00,-5.20,0.04,0.02,-0.04,319,304,296,335,313
8.45,1.26,-5.05,0.02,0.02,-0.02,319,304,296,335,313
8.79,1.39,-5.12,0.03,-0.02,-0.06,319,304,296,335,313
8.00,1.03,-5.23,0.03,0.02,-0.03,318,303,296,335,313
9.01,1.68,-5.21,0.02,-0.06,-0.04,319,304,296,335,313
8.52,1.37,-5.40,-0.00,-0.04,-0.06,319,304,296,335,313
8.48,1.19,-5.39,0.01,0.01,-0.03,319,304,296,335,313
8.33,1.10,-5.44,0.03,0.00,-0.04,319,304,296,336,313
END
8.15,1.21,-5.31,0.05,0.02,-0.03,324,305,296,335,316
8.48,3.49,-4.10,0.27,-0.04,-0.08,325,306,296,335,316
8.58,3.25,-3.76,0.29,0.04,-0.10,325,306,296,335,316
8.98,2.87,-3.97,0.28,0.04,-0.07,325,306,296,335,315
8.35,4.03,-3.90,0.21,0.03,-0.09,325,306,296,335,315
8.20,4.36,-4.20,0.28,0.01,-0.01,325,306,296,334,315
8.06,4.62,-4.52,0.40,-0.00,-0.13,325,305,296,335,315
7.57,4.16,-4.21,0.44,0.06,-0.14,325,306,296,335,315
8.58,3.39,-4.45,0.49,0.07,-0.28,325,306,296,334,315
8.51,3.70,-4.78,0.71,0.04,-0.46,325,306,296,334,314
9.28,3.35,-4.75,0.46,0.07,-0.12,325,306,296,335,315
8.21,2.88,-4.52,0.65,0.06,-0.21,325,306,296,334,314
7.88,3.09,-4.61,0.61,-0.03,-0.10,325,306,296,334,314
8.37,3.75,-5.25,0.62,0.04,-0.11,325,306,296,334,314
5.62,3.50,-5.16,0.76,-0.02,-0.22,325,306,296,334,314
4.57,10.07,-9.58,1.08,0.09,-0.58,324,306,296,334,313
91.20,-72.01,82.21,2.50,2.04,-0.32,325,307,296,334,314
12.35,-2.33,0.57,2.33,2.18,1.20,323,305,296,334,314
10.08,0.02,-6.86,-0.26,-0.53,-1.03,321,304,296,334,314
6.98,1.39,-5.23,0.20,0.13,0.17,321,304,296,334,314
9.50,1.69,-4.79,-0.03,-0.01,0.00,321,304,296,333,314
8.93,1.79,-5.83,-0.00,-0.07,-0.10,321,305,296,334,314
8.04,1.62,-5.38,0.00,-0.03,-0.01,321,305,296,334,314
7.98,1.31,-5.64,0.06,0.04,0.04,321,305,296,334,314
8.43,1.62,-5.58,0.05,-0.03,-0.02,321,305,296,334,314
8.13,1.38,-5.38,0.03,-0.01,-0.02,321,305,296,334,314
7.66,1.23,-5.16,0.04,0.02,0.01,321,305,296,334,314
8.58,1.42,-5.61,0.03,-0.04,-0.03,321,305,296,334,315
8.24,1.44,-5.56,0.02,-0.02,-0.02,321,305,297,334,314
8.10,1.34,-5.60,0.02,-0.00,-0.02,321,305,297,334,314
8.38,1.28,-5.49,0.02,-0.01,-0.03,321,305,297,334,314
8.15,1.31,-5.59,0.03,-0.01,-0.02,321,305,297,334,314
8.24,1.31,-5.29,0.03,0.00,-0.03,321,305,297,335,314
7.94,1.16,-5.50,0.02,-0.01,-0.03,321,305,297,335,314
8.74,1.71,-5.69,0.02,-0.04,-0.06,321,305,297,335,314
7.88,1.25,-5.48,0.03,0.02,-0.02,321,305,297,335,314
END
8.11,0.78,-6.27,-0.20,0.07,-0.19,322,304,294,335,316
8.75,1.38,-4.24,0.28,-0.02,-0.10,322,304,295,335,315
8.76,0.98,-3.70,0.21,0.01,-0.11,322,304,295,335,315
9.33,0.72,-3.85,0.12,0.04,-0.09,322,304,295,335,315
9.31,0.83,-3.89,0.00,0.06,-0.07,322,304,295,335,315
9.27,1.64,-3.78,-0.11,0.03,-0.04,322,304,295,334,315
9.08,5.29,-5.09,-0.10,-0.06,-0.07,322,304,295,334,315
7.57,4.76,-4.77,0.48,0.12,-0.10,322,304,295,335,315
9.03,4.09,-4.59,0.47,0.01,0.06,322,306,295,334,315
10.30,0.06,-2.71,0.65,0.02,-0.28,322,309,296,334,314
7.30,1.41,-4.14,0.48,0.09,-0.16,322,309,296,334,314
9.88,2.93,-4.73,0.22,-0.21,0.03,321,309,297,334,313
8.95,2.15,-4.94,0.52,0.07,-0.14,321,309,296,333,313
8.33,1.28,-3.83,0.49,0.10,0.02,321,309,296,333,313
9.02,0.65,-3.78,0.40,-0.15,-0.08,321,309,296,333,313
8.63,1.22,-5.10,0.29,-0.10,0.05,321,308,296,333,313
9.91,-0.29,-3.17,0.36,-0.05,-0.17,321,308,296,333,313
7.87,0.47,-4.42,0.19,0.21,0.08,321,309,295,333,313
8.90,1.59,-4.44,0.15,-0.10,0.03,321,310,296,333,313
8.66,0.64,-4.54,0.29,0.09,0.03,322,309,295,333,313
8.92,-0.06,-4.01,0.24,-0.02,0.04,321,309,296,332,312
9.76,0.28,-4.70,0.22,-0.04,-0.11,322,309,295,332,313
8.48,0.03,-4.82,0.20,0.06,0.10,321,308,295,332,313
9.25,-0.73,-3.98,0.17,-0.13,-0.12,321,308,295,332,313
8.76,-0.11,-4.59,0.11,-0.10,-0.14,322,308,295,332,313
7.90,0.62,-5.09,0.08,0.06,-0.05,322,308,295,332,313
8.51,2.26,-6.16,0.12,0.03,-0.08,321,308,295,332,313
9.03,0.84,-5.94,0.49,-0.13,-0.40,321,307,295,332,313
9.83,-0.93,-3.31,0.58,-0.10,-0.27,321,307,294,332,313
-2.12,7.30,-12.06,0.25,0.25,0.10,318,305,294,332,312
-13.57,15.00,-4.19,-2.35,-2.47,-0.35,320,304,295,333,313
5.04,-1.36,-10.20,-0.07,1.86,1.54,318,301,295,333,314
7.49,0.79,-3.48,-0.11,-0.30,-0.38,318,303,295,332,314
9.12,1.31,-5.27,-0.07,-0.19,0.05,318,303,296,333,313
8.37,0.39,-5.20,0.00,-0.07,0.03,319,303,295,333,314
9.86,1.36,-4.98,-0.03,-0.07,-0.06,317,303,295,333,314
END
8.04,0.57,-5.92,-0.03,0.01,0.03,321,304,297,337,315
8.69,3.03,-4.12,0.03,0.03,-0.04,321,304,297,337,315
8.60,3.40,-4.22,0.05,0.01,-0.03,321,304,297,337,315
8.22,3.32,-4.11,0.13,0.03,-0.02,321,304,297,337,315
8.54,2.83,-3.92,0.17,0.05,-0.05,321,304,296,337,315
8.12,3.91,-4.31,0.13,0.11,0.01,321,304,296,336,315
7.89,4.26,-4.07,0.28,0.04,-0.16,321,304,296,336,314
8.09,3.85,-4.05,0.35,0.16,-0.06,321,304,296,336,314
8.30,3.13,-4.11,0.43,0.14,-0.14,321,304,296,335,314
8.69,3.02,-3.27,0.40,0.10,-0.15,320,304,295,335,314
9.30,2.54,-3.80,0.36,-0.04,-0.23,320,304,295,335,314
9.28,2.20,-4.66,0.52,0.03,-0.11,320,304,295,334,314
8.66,2.53,-4.21,0.44,-0.16,-0.30,320,304,295,334,314
9.43,2.29,-4.02,0.46,-0.03,-0.14,320,304,295,334,314
8.26,2.13,-4.36,0.56,-0.05,-0.25,320,304,295,333,314
9.07,2.32,-4.96,0.57,-0.14,-0.42,320,304,295,333,313
8.47,2.16,-4.69,0.49,0.18,-0.03,320,304,295,333,313
8.17,1.74,-4.87,0.41,0.02,-0.16,320,304,294,332,313
7.47,1.80,-4.80,0.35,-0.06,-0.21,320,304,294,332,313
8.13,1.55,-4.80,0.43,0.06,-0.22,320,304,294,332,313
8.76,1.95,-5.39,0.25,0.07,-0.09,320,304,294,332,313
8.19,2.30,-5.84,0.32,-0.14,-0.27,320,304,294,332,313
8.77,2.38,-4.52,0.47,-0.13,-0.33,320,304,294,332,313
8.13,1.61,-5.12,0.44,-0.22,-0.37,320,304,294,332,313
2.40,6.12,-9.84,0.20,0.22,0.00,320,303,294,332,313
24.60,-25.71,57.64,1.46,-1.30,-1.05,320,303,295,333,314
14.39,-1.82,-9.22,0.50,1.84,1.71,318,302,295,333,314
7.21,0.53,-4.68,-0.16,0.12,-0.22,318,302,294,332,314
6.85,1.41,-4.78,0.05,-0.09,0.01,318,302,294,332,314
10.01,1.44,-5.43,0.08,-0.15,-0.12,318,302,294,332,314
8.29,1.84,-5.14,0.02,-0.01,-0.04,318,302,294,332,314
8.09,1.72,-5.13,-0.03,0.02,0.04,318,302,295,333,314
8.13,1.33,-5.47,0.01,0.07,0.06,318,302,295,333,314
8.51,1.74,-5.48,0.04,-0.04,-0.08,318,302,295,333,314
8.27,1.66,-5.38,0.02,0.01,-0.02,318,302,295,333,314
8.15,1.46,-5.60,0.04,0.00,-0.03,318,302,295,333,315
END
8.15,1.39,-5.13,0.04,0.01,-0.02,321,304,294,336,315
8.72,3.03,-3.60,0.08,0.02,-0.06,321,304,295,336,315
8.65,3.12,-3.87,0.10,-0.00,-0.06,321,304,295,336,315
8.56,3.13,-4.00,0.11,-0.01,-0.07,321,304,295,336,315
8.50,3.03,-3.64,0.11,0.05,-0.04,321,304,295,336,315
8.69,3.22,-3.63,0.10,0.01,-0.10,321,304,295,336,315
8.18,3.83,-3.98,0.12,0.02,-0.04,321,304,295,336,316
8.18,4.20,-4.24,0.21,0.03,-0.04,321,304,295,336,315
8.87,5.00,-3.66,0.19,0.09,-0.02,321,304,295,336,315
8.43,4.60,-4.80,0.48,0.10,-0.03,321,304,295,335,315
8.69,2.72,-4.45,0.62,0.08,0.07,321,304,295,335,315
8.48,2.51,-2.99,0.60,-0.04,-0.29,321,305,295,335,314
9.51,2.34,-4.18,0.72,0.02,-0.23,321,305,295,335,314
7.94,1.97,-4.54,1.01,0.26,-0.20,321,305,295,335,314
8.49,1.95,-3.13,0.76,0.07,-0.38,321,305,294,335,314
10.46,2.23,-3.95,0.56,0.03,-0.31,321,305,294,335,316
8.45,1.58,-3.65,0.61,0.08,-0.18,321,305,295,335,314
8.66,1.65,-3.47,0.45,-0.31,-0.35,321,305,294,335,314
6.75,13.56,-13.57,0.26,0.00,0.16,320,304,295,334,314
-3.72,-21.07,21.54,2.50,1.09,-1.38,320,306,295,336,314
8.23,-4.31,-4.99,0.77,-0.24,1.00,325,304,295,335,314
7.27,0.32,-7.94,-0.52,0.22,0.03,322,304,295,335,314
8.58,1.31,-7.80,0.01,-0.01,-0.01,321,304,295,335,315
8.00,2.35,-5.36,0.04,-0.09,-0.13,321,303,295,334,315
7.98,2.21,-6.09,0.03,0.11,0.05,321,303,295,335,314
7.82,1.60,-5.30,0.00,0.02,0.03,321,303,295,335,314
8.83,2.34,-6.14,0.02,-0.08,-0.10,321,304,295,335,315
7.16,1.59,-5.65,0.03,0.11,0.08,321,304,295,335,315
8.35,2.00,-5.66,0.06,-0.05,-0.08,321,303,295,335,315
8.18,1.96,-5.87,0.05,0.01,-0.04,321,304,295,335,315
7.70,1.78,-5.48,0.04,0.03,-0.01,321,304,296,335,315
8.32,1.96,-5.84,0.06,0.00,-0.03,321,304,296,335,315
7.99,1.82,-5.46,0.05,-0.00,-0.07,321,304,295,335,315
7.69,1.69,-5.52,0.03,0.03,-0.00,321,304,296,335,315
8.25,1.79,-5.78,0.03,0.00,-0.01,321,304,295,335,315
8.14,2.05,-5.69,0.04,-0.04,-0.09,321,304,295,335,315
END
7.84,1.79,-5.53,0.01,0.04,-0.02,321,304,296,336,315
8.93,3.21,-3.63,0.11,-0.01,-0.09,321,304,296,336,315
9.14,3.12,-3.75,0.11,0.00,-0.07,321,304,296,336,315
9.10,3.16,-3.71,0.09,-0.03,-0.06,321,304,296,336,314
8.86,3.04,-3.75,0.10,-0.01,-0.04,321,304,296,336,315
8.79,2.79,-3.41,0.10,-0.02,-0.02,321,304,296,336,315
8.07,3.66,-3.78,0.07,0.01,-0.04,321,304,296,336,315
7.85,4.39,-3.91,0.20,0.04,-0.10,321,304,296,336,315
8.49,4.45,-4.10,0.27,0.07,-0.22,321,304,295,336,314
7.24,1.96,-3.56,0.51,0.21,-0.17,321,304,295,334,314
8.87,5.11,-3.83,0.16,-0.06,-0.20,321,304,295,335,314
8.31,3.83,-3.92,0.43,0.20,-0.20,321,304,295,334,314
7.29,3.38,-4.14,0.31,0.12,0.03,321,304,296,334,314
9.37,3.95,-3.24,0.26,-0.17,-0.29,321,304,294,333,314
8.81,3.55,-4.82,0.37,0.07,-0.11,321,304,295,334,314
8.31,4.78,-4.09,0.26,0.02,-0.10,321,304,295,334,314
8.36,4.31,-4.59,0.51,-0.08,-0.28,321,304,295,333,314
8.64,2.96,-5.32,0.56,0.05,0.04,322,304,295,334,314
10.25,2.89,-4.21,0.59,0.05,-0.16,321,304,295,333,314
7.43,3.25,-4.50,0.63,-0.00,-0.11,322,304,295,333,314
7.72,3.22,-5.81,0.70,-0.10,-0.21,322,304,294,333,314
7.31,2.28,-4.46,0.82,0.22,-0.23,321,305,295,333,314
4.28,6.93,-8.83,1.05,0.29,-0.47,321,305,294,333,314
21.81,-8.88,10.19,1.94,-0.81,-2.07,325,304,295,335,314
9.10,2.32,-10.92,1.02,0.71,1.47,323,303,295,335,314
6.37,0.68,-5.71,-0.15,0.12,-0.10,321,303,295,334,314
8.71,1.82,-6.22,0.05,-0.25,-0.10,321,303,295,334,314
8.76,2.25,-5.92,0.01,-0.02,-0.01,321,303,295,334,314
7.00,2.15,-5.70,0.07,-0.00,-0.05,321,303,295,334,314
7.52,2.03,-5.44,0.02,0.04,0.08,321,303,295,334,314
8.87,2.30,-5.76,0.03,-0.11,-0.11,320,303,295,333,314
7.12,1.86,-5.94,0.04,0.11,0.03,320,303,295,334,314
8.02,2.03,-5.48,0.06,0.01,-0.06,321,303,295,334,314
8.03,2.18,-5.76,0.06,0.02,-0.03,321,303,295,333,314
7.94,2.30,-5.86,0.07,0.02,-0.05,320,303,295,333,314
7.84,1.95,-5.55,0.08,0.01,-0.04,321,303,295,333,314
END
8.09,2.09,-5.66,0.06,-0.02,-0.04,321,305,296,336,316
8.60,3.45,-3.75,0.06,0.01,-0.04,321,305,296,336,316
8.44,3.50,-3.74,0.06,-0.01,-0.03,321,305,296,336,316
8.28,3.60,-3.53,0.08,-0.05,-0.09,321,305,296,336,316
8.32,3.52,-3.68,0.07,0.02,-0.02,321,305,296,336,316
8.27,3.78,-3.15,0.08,0.01,-0.06,321,305,296,336,316
8.09,4.21,-4.00,0.15,-0.04,-0.08,323,305,295,336,316
8.45,4.72,-3.94,0.19,-0.00,-0.09,321,305,295,336,316
8.10,4.09,-4.15,0.27,0.02,-0.01,321,305,295,336,316
8.31,4.01,-3.78,0.37,0.03,-0.08,321,305,295,336,316
8.66,3.83,-3.65,0.28,-0.17,-0.24,321,305,295,336,316
8.03,3.82,-4.75,0.36,0.00,-0.09,321,305,295,336,316
8.15,3.82,-4.18,0.42,0.11,-0.16,321,305,295,335,316
7.90,3.25,-4.72,0.50,-0.01,-0.18,321,305,295,335,315
9.32,3.79,-4.47,0.53,-0.04,-0.14,322,305,295,335,315
7.86,3.12,-5.02,0.49,0.03,-0.25,321,305,295,335,315
7.21,2.94,-4.36,0.56,0.05,-0.16,322,305,295,335,316
8.78,2.69,-4.90,0.57,0.03,-0.32,322,306,295,335,315
8.05,2.76,-5.36,0.57,0.10,-0.32,322,305,295,335,315
8.34,3.82,-5.69,0.56,0.06,-0.32,322,305,295,334,315
8.83,4.32,-6.29,0.81,0.02,-0.50,322,305,295,334,315
5.22,5.97,-8.16,1.11,0.30,-0.48,322,305,295,333,315
5.99,-18.49,18.48,2.50,1.05,-0.85,323,306,296,334,315
9.50,1.08,-7.85,1.01,1.30,1.33,321,304,295,334,315
5.40,0.55,-6.85,-0.15,0.24,-0.28,319,304,295,334,315
7.36,1.87,-5.86,0.05,-0.19,-0.09,319,303,295,333,315
8.97,2.89,-5.81,0.02,-0.15,-0.11,320,303,295,333,315
7.51,2.35,-5.95,0.06,0.05,0.01,320,303,295,333,315
7.43,2.05,-5.28,0.04,0.01,0.02,319,303,295,333,315
8.15,2.86,-6.09,0.02,-0.04,-0.09,319,303,295,333,315
6.72,1.97,-5.77,0.06,0.03,-0.06,319,303,295,333,315
7.80,2.42,-5.52,0.06,-0.07,-0.02,320,304,295,333,316
8.36,2.69,-6.21,0.04,-0.04,-0.05,320,303,295,334,315
7.05,2.14,-5.69,0.05,0.06,-0.00,320,303,295,334,315
7.69,2.33,-5.81,0.03,0.05,-0.02,320,304,295,334,315
8.29,2.61,-5.95,0.03,-0.03,-0.07,320,304,295,334,315
END
7.33,2.14,-5.66,0.04,0.04,-0.03,321,305,297,338,315
7.70,4.82,-3.65,0.05,0.08,-0.01,321,305,297,338,315
7.49,4.97,-3.77,0.02,-0.00,-0.00,321,305,297,338,315
8.12,5.19,-3.65,0.08,0.03,-0.03,321,305,297,338,315
7.64,5.23,-4.03,0.12,-0.10,-0.12,321,305,297,338,315
7.87,5.25,-4.34,0.22,0.04,0.00,321,306,297,338,315
7.26,5.71,-4.13,0.22,0.08,0.00,321,305,297,338,315
7.79,5.18,-4.04,0.31,-0.02,-0.10,321,305,297,337,315
7.32,4.24,-4.44,0.30,0.14,-0.03,321,305,297,337,315
9.03,4.67,-2.72,0.27,0.12,-0.04,321,305,296,337,315
8.11,3.65,-3.96,0.13,0.09,0.12,321,305,296,337,315
7.10,3.62,-4.95,0.26,-0.08,0.17,321,305,296,337,315
8.65,4.72,-4.41,0.23,-0.21,-0.25,321,305,296,336,314
8.61,4.11,-5.53,0.47,-0.06,-0.21,321,305,296,336,314
7.64,3.35,-5.06,0.54,0.09,-0.11,322,305,296,336,314
9.35,3.36,-5.26,0.61,0.11,-0.09,322,305,297,336,314
6.58,4.07,-5.16,0.77,0.13,-0.17,322,305,296,336,314
7.52,3.45,-5.43,0.83,-0.04,-0.39,322,305,296,336,314
8.06,2.51,-5.08,0.90,0.20,-0.23,321,305,296,336,313
8.20,2.90,-5.48,0.79,0.05,-0.20,321,305,296,336,313
5.97,3.91,-6.90,0.88,0.07,-0.31,321,305,295,335,312
-2.68,7.94,-13.51,1.93,0.60,-0.67,317,302,295,335,313
13.29,23.63,-4.98,0.11,-1.48,-1.18,321,304,295,335,313
4.36,3.01,-11.56,-0.43,1.28,0.78,318,303,295,335,313
8.92,1.94,-7.05,-0.00,-0.19,-0.05,318,303,295,334,314
6.32,1.19,-5.02,0.05,0.06,-0.02,318,303,295,334,314
9.40,1.94,-6.35,0.03,-0.05,-0.09,318,303,295,334,314
7.59,1.66,-5.61,0.02,0.02,-0.03,318,303,295,334,315
7.64,1.65,-5.72,0.02,-0.00,-0.04,318,303,295,334,314
7.89,1.46,-6.13,0.03,0.03,0.01,318,303,295,334,314
8.00,1.84,-6.15,0.06,-0.03,-0.09,318,303,295,334,314
8.04,1.64,-6.16,0.08,-0.03,-0.09,318,303,295,335,314
7.78,1.54,-5.53,0.10,0.04,-0.06,318,303,295,335,314
7.62,1.86,-5.91,0.05,0.02,-0.10,318,303,295,336,314
7.52,1.66,-5.77,0.04,0.03,-0.05,318,303,295,336,314
8.05,1.85,-5.96,0.06,-0.00,-0.05,318,303,295,336,314
END
7.43,1.72,-6.01,0.07,-0.04,-0.06,321,305,299,339,315
8.38,4.89,-3.87,0.19,-0.01,-0.06,321,305,299,338,315
8.33,4.56,-3.22,0.09,0.05,0.11,322,305,299,339,315
8.48,4.67,-3.22,0.18,0.04,-0.07,321,305,299,338,314
7.92,4.74,-3.50,0.06,-0.25,-0.15,322,305,299,338,314
7.67,4.65,-3.94,0.29,-0.01,-0.07,321,305,299,338,314
7.46,4.57,-3.71,0.34,0.08,-0.05,321,305,299,338,314
7.92,4.92,-4.63,0.37,-0.01,-0.04,322,305,299,338,314
8.48,4.41,-4.17,0.40,0.03,-0.12,322,305,299,338,314
8.35,4.09,-4.23,0.45,0.11,-0.04,322,305,298,338,314
7.73,3.46,-4.44,0.54,0.27,-0.08,322,305,298,338,314
8.55,4.56,-3.75,0.43,-0.01,-0.26,323,305,298,337,313
8.39,3.39,-4.69,0.57,0.08,-0.16,323,305,298,337,313
7.68,3.73,-4.16,0.42,0.07,-0.07,323,305,298,336,313
8.43,3.22,-4.72,0.51,0.12,-0.07,323,305,298,335,313
8.63,3.01,-4.33,0.44,0.00,-0.27,324,305,298,335,313
6.64,3.28,-4.77,0.45,0.23,0.07,324,306,298,335,312
9.32,3.63,-5.36,0.54,-0.04,-0.40,324,306,298,334,312
9.38,2.74,-5.41,0.56,-0.02,-0.15,324,305,298,334,312
8.10,2.98,-5.64,0.60,-0.05,-0.13,324,307,298,334,312
2.34,6.99,-9.76,1.11,0.15,-0.31,322,305,297,333,312
3.93,-13.36,22.31,2.50,0.78,-2.03,320,302,295,333,312
9.27,-2.84,-2.16,2.46,1.70,1.47,319,302,295,333,313
7.17,1.14,-4.80,-0.33,0.24,-0.85,316,301,294,332,313
7.16,1.71,-5.04,0.10,-0.17,0.11,317,301,295,333,313
8.62,2.08,-5.23,-0.07,-0.15,-0.02,317,301,294,333,313
8.01,2.86,-5.46,-0.02,-0.15,-0.03,317,301,294,333,313
7.68,1.89,-5.61,0.01,0.05,0.04,317,301,294,333,313
7.88,1.97,-5.59,0.02,0.03,-0.01,317,302,294,333,313
8.08,1.86,-5.86,0.07,0.02,-0.03,317,301,294,333,313
8.15,2.49,-5.63,0.07,-0.08,-0.10,317,302,295,333,313
8.15,2.38,-5.64,0.04,-0.00,-0.05,317,302,294,332,313
7.87,2.14,-6.01,0.04,0.02,-0.03,317,301,294,333,313
8.07,2.06,-5.87,0.04,0.02,-0.02,317,301,295,333,313
7.74,2.19,-5.79,0.07,-0.03,-0.07,317,302,295,333,313
7.60,2.03,-5.56,0.05,0.03,-0.02,317,301,295,333,313
END
8.28,2.23,-5.64,0.04,-0.03,-0.05,321,304,298,337,315
8.35,4.04,-4.03,0.07,0.09,-0.06,321,304,298,337,314
8.25,4.19,-3.70,0.13,0.11,-0.07,321,304,299,336,314
8.80,4.50,-3.83,0.12,-0.02,-0.19,321,304,298,336,313
7.90,4.13,-4.22,0.15,0.01,-0.08,321,304,298,336,313
8.29,4.19,-3.65,0.15,0.02,-0.06,321,304,298,336,313
7.98,4.47,-3.96,0.15,-0.06,-0.13,320,304,298,336,313
7.59,5.86,-4.16,0.21,0.13,-0.01,321,304,298,336,313
7.33,5.23,-4.03,0.39,-0.03,-0.18,320,304,298,335,313
8.28,4.92,-4.35,0.50,-0.00,-0.13,321,305,298,335,313
7.37,4.62,-4.19,0.57,0.23,-0.09,321,305,298,335,313
9.22,3.63,-3.63,0.58,-0.08,-0.32,321,305,297,335,313
7.85,3.04,-4.44,0.59,0.16,-0.08,321,305,297,335,312
8.54,2.70,-4.49,0.40,-0.09,-0.12,321,305,297,335,312
8.05,2.63,-4.29,0.44,-0.03,-0.18,321,305,297,335,312
9.26,2.61,-4.92,0.25,0.34,0.19,321,305,297,334,312
7.70,2.34,-4.87,0.33,0.23,-0.04,321,305,298,335,312
8.64,2.87,-4.81,0.22,-0.05,-0.23,321,305,297,335,312
7.73,2.72,-5.13,0.38,0.03,-0.15,321,305,298,335,312
10.44,3.68,-5.61,0.40,-0.12,-0.14,322,305,298,335,311
8.77,2.02,-4.69,0.50,-0.13,-0.14,322,306,298,335,313
6.68,2.90,-5.97,0.35,-0.11,-0.00,322,306,298,335,312
4.79,5.01,-7.34,0.76,0.20,-0.40,321,305,297,334,312
-1.27,11.84,-13.67,2.50,1.23,-1.15,317,303,296,333,312
8.94,1.31,-5.84,1.46,-0.24,1.03,318,303,296,333,312
6.91,0.76,-9.50,-0.14,1.03,-0.07,316,302,295,333,312
8.34,1.72,-5.97,0.11,-0.29,-0.01,316,302,296,332,312
8.16,2.31,-4.82,0.09,-0.15,-0.12,316,302,296,332,313
8.43,2.25,-5.46,0.08,-0.01,-0.01,316,302,295,333,312
7.87,2.24,-5.34,0.02,-0.03,-0.01,316,301,295,333,312
8.51,1.97,-5.48,0.02,0.02,-0.01,316,302,295,332,313
8.31,2.01,-5.50,0.05,-0.05,-0.08,316,302,295,333,313
8.19,2.18,-5.48,0.06,-0.04,-0.06,316,302,295,333,313
8.14,2.42,-5.69,0.06,0.01,-0.04,316,302,295,333,313
7.80,1.90,-5.23,0.06,0.03,-0.04,316,302,295,333,313
8.05,1.98,-5.31,0.05,0.01,-0.05,316,302,295,333,313
END
8.42,2.18,-5.69,0.04,-0.02,-0.07,320,304,297,336,313
7.91,4.92,-4.18,0.13,0.00,-0.05,320,304,297,336,313
7.75,4.33,-3.87,0.17,0.07,-0.07,320,304,297,336,313
8.23,4.64,-3.73,0.14,0.04,-0.05,320,304,297,336,313
7.93,4.80,-3.82,0.17,-0.04,-0.08,320,304,297,336,315
7.59,4.19,-4.24,0.19,-0.02,-0.08,320,304,297,336,313
6.98,4.41,-3.77,0.19,0.04,-0.11,320,304,297,336,313
7.87,5.01,-3.94,0.19,0.05,-0.11,320,304,297,336,313
8.03,5.05,-4.63,0.30,0.13,-0.04,320,304,297,335,313
8.73,4.93,-4.52,0.33,0.07,-0.12,320,304,297,335,313
8.27,5.18,-5.14,0.38,0.08,0.05,320,304,297,335,313
8.44,4.87,-4.46,0.49,-0.03,-0.10,320,304,297,335,313
7.52,5.48,-4.64,0.49,0.06,0.12,320,304,297,335,313
7.60,4.18,-5.09,0.50,-0.05,-0.13,320,304,296,335,313
6.95,4.66,-4.92,0.71,0.05,-0.14,320,304,297,335,313
9.30,2.51,-4.78,0.89,0.13,-0.08,321,304,296,335,313
7.25,2.31,-4.42,0.80,0.17,-0.33,321,304,296,335,313
8.97,0.80,-3.40,1.05,-0.06,-0.33,322,304,297,334,313
8.76,-0.17,-3.78,0.69,-0.11,-0.37,322,304,297,334,313
9.81,0.36,-4.07,0.29,-0.28,-0.34,322,304,296,333,313
6.37,1.74,-5.89,0.32,0.09,0.01,322,304,296,334,313
-11.90,17.04,-19.53,1.88,1.20,-0.72,317,302,295,333,312
2.65,45.81,-22.06,-2.40,-2.30,-0.83,319,302,295,333,313
2.73,3.98,-11.21,0.12,2.43,2.43,317,301,295,333,314
8.04,1.80,-4.54,0.17,-0.27,-0.03,317,301,295,333,313
7.29,1.97,-6.45,0.02,-0.25,-0.00,317,301,295,333,314
8.92,1.95,-6.04,0.07,-0.08,-0.02,317,301,295,333,314
7.63,2.12,-5.97,0.03,0.01,0.04,317,301,295,333,314
7.84,1.70,-6.06,0.01,0.01,-0.03,317,302,295,333,314
7.09,1.39,-5.92,0.06,0.08,0.03,317,301,295,333,314
8.18,1.82,-6.06,0.06,-0.01,-0.05,317,302,295,333,314
7.54,1.73,-6.04,0.04,-0.00,-0.06,317,302,295,333,314
7.53,1.55,-5.99,0.04,0.02,-0.02,317,302,295,333,314
7.47,1.62,-5.85,0.06,-0.02,-0.11,317,302,295,333,314
7.87,2.09,-6.01,0.02,-0.02,-0.05,317,301,295,333,314
7.20,1.69,-5.94,0.03,0.06,0.00,317,301,295,333,314
END
8.06,1.74,-5.93,0.04,-0.02,-0.05,319,303,297,336,314
8.00,4.92,-3.79,0.06,-0.00,-0.05,320,303,297,336,314
7.67,5.08,-4.19,0.13,0.01,-0.08,320,303,297,336,314
7.71,5.17,-4.57,0.15,-0.02,-0.09,319,303,297,336,314
7.98,5.05,-4.23,0.19,0.02,-0.10,319,303,297,335,314
7.50,4.54,-4.45,0.27,-0.01,-0.13,319,303,296,335,314
7.88,5.74,-4.19,0.18,0.08,0.01,320,304,297,335,314
7.90,5.32,-4.42,0.37,0.00,-0.15,319,303,296,335,314
7.40,4.52,-5.43,0.41,0.02,0.06,320,303,296,334,314
7.85,5.41,-3.90,0.37,0.05,-0.17,320,303,296,334,314
8.17,4.10,-4.92,0.55,0.28,0.09,320,304,296,334,313
7.11,3.19,-4.96,0.46,0.05,-0.07,320,304,297,334,313
9.78,3.21,-4.68,0.50,0.11,-0.14,320,304,297,334,313
7.88,3.79,-4.89,0.59,0.11,-0.14,320,304,297,334,313
8.49,2.43,-5.20,0.58,-0.08,-0.33,320,304,297,334,313
8.43,2.64,-5.20,0.56,0.10,-0.10,321,304,297,334,313
8.51,2.15,-5.23,0.67,-0.01,-0.34,321,304,296,334,313
6.50,2.73,-5.10,0.71,0.06,-0.26,321,304,296,334,312
8.95,2.88,-5.73,0.62,-0.18,-0.55,321,304,296,333,312
7.42,1.91,-5.38,0.64,0.21,-0.30,320,304,296,333,312
-10.67,11.89,-14.11,2.10,1.27,-0.94,317,302,294,331,312
13.34,23.07,-16.63,-2.41,-2.27,-1.77,318,302,295,332,313
4.88,3.35,-11.94,0.01,2.00,2.15,316,301,295,332,313
8.54,1.12,-4.03,0.09,-0.34,-0.00,316,301,295,332,314
9.90,2.44,-5.63,-0.06,-0.33,-0.04,317,301,294,332,313
7.38,0.98,-5.99,-0.00,0.03,0.20,316,301,295,332,313
8.16,1.51,-5.79,-0.03,-0.07,0.03,316,301,295,332,313
7.82,1.48,-5.92,-0.03,0.01,0.01,316,301,295,332,313
7.82,1.00,-6.09,-0.00,0.02,0.00,316,301,295,332,313
8.06,1.33,-5.94,0.03,0.03,-0.01,316,302,295,332,314
8.35,1.47,-5.84,0.03,-0.03,-0.05,316,301,295,332,314
8.33,1.43,-5.94,0.03,-0.04,-0.07,316,301,295,332,314
7.62,1.13,-5.63,0.02,0.05,0.02,316,301,295,332,313
8.32,1.48,-5.45,0.03,-0.02,-0.04,316,301,295,332,313
7.70,1.16,-5.79,0.05,0.00,-0.06,316,301,295,332,313
8.46,1.47,-5.63,0.03,0.01,-0.00,316,301,295,333,314
END
8.33,1.59,-5.74,0.03,-0.02,-0.03,320,304,298,336,316
7.90,4.75,-4.15,0.24,-0.03,-0.14,320,304,298,336,315
7.46,4.53,-4.13,0.27,0.02,-0.05,320,304,298,337,315
7.25,4.34,-4.54,0.27,-0.02,-0.13,320,304,298,336,315
7.76,4.52,-4.21,0.28,0.07,-0.18,320,304,297,336,315
7.68,4.94,-4.39,0.28,0.14,-0.11,320,304,297,336,315
8.43,4.03,-4.56,0.30,0.09,-0.14,320,304,297,336,315
8.20,3.80,-4.94,0.30,0.03,-0.09,320,304,298,336,315
7.73,4.71,-5.11,0.33,0.01,-0.16,320,304,297,336,314
8.17,4.90,-4.52,0.36,0.06,-0.02,320,304,297,335,313
8.08,4.26,-4.76,0.40,0.05,-0.03,320,304,297,335,313
7.42,4.01,-4.67,0.51,0.11,-0.08,321,304,297,335,313
7.85,3.70,-5.10,0.42,0.05,-0.08,321,304,297,334,313
8.15,3.66,-5.15,0.51,0.05,-0.14,321,304,297,334,313
7.48,3.05,-5.53,0.70,0.01,-0.20,321,304,297,334,313
7.99,1.95,-5.06,0.66,0.05,-0.23,321,304,297,333,313
7.76,2.02,-5.49,0.49,-0.20,-0.42,321,304,297,332,313
8.68,2.17,-5.71,0.51,0.02,-0.02,321,304,297,332,313
7.60,1.97,-5.46,0.51,-0.05,-0.16,321,305,297,332,313
7.34,1.82,-5.29,0.46,-0.05,-0.36,321,304,296,331,313
4.82,3.04,-6.47,0.55,0.18,-0.46,322,304,295,330,313
-4.70,12.40,-16.98,2.14,2.48,0.27,319,303,295,331,313
3.19,-9.96,-0.94,1.75,0.58,2.02,319,303,295,331,314
2.44,2.57,-10.98,-0.60,0.39,0.51,318,302,295,331,314
9.33,0.89,-6.02,-0.10,-0.36,0.03,317,303,295,331,314
8.71,0.95,-5.78,-0.11,-0.07,0.06,317,302,295,331,314
8.13,0.88,-5.71,-0.02,0.01,0.07,317,302,294,331,314
8.46,0.72,-5.66,-0.01,-0.01,0.05,317,302,295,331,313
8.47,0.45,-5.43,-0.02,-0.04,-0.00,318,302,295,332,314
8.08,0.32,-5.41,0.03,-0.00,-0.01,317,302,295,332,314
8.19,0.52,-5.48,0.05,0.01,-0.02,318,303,295,332,314
8.56,0.65,-5.71,0.07,0.01,-0.05,318,303,295,332,314
8.42,0.38,-5.40,0.07,0.02,-0.04,318,303,295,332,314
8.56,0.44,-5.20,0.05,0.02,-0.04,318,302,295,332,314
8.07,0.46,-5.53,0.07,0.04,-0.04,318,302,295,332,314
8.00,0.45,-5.20,0.04,0.03,-0.03,318,302,295,332,314
END
8.76,0.80,-5.32,0.06,0.01,-0.06,320,303,297,335,316
8.08,3.98,-4.68,0.17,-0.01,-0.19,320,304,297,335,316
7.42,4.01,-4.97,0.26,0.02,-0.14,320,303,297,335,316
8.15,3.98,-4.23,0.32,0.14,-0.11,320,304,297,335,315
8.20,3.50,-4.83,0.31,0.05,-0.14,320,303,297,335,316
8.09,3.91,-4.81,0.24,-0.06,-0.15,321,303,297,335,316
7.80,4.44,-5.08,0.32,-0.04,-0.08,321,303,297,335,316
8.01,4.44,-5.36,0.33,-0.02,-0.08,321,304,297,335,316
8.04,3.67,-5.33,0.42,-0.01,-0.16,321,304,297,335,315
7.52,4.26,-4.82,0.58,0.16,-0.16,321,304,297,335,315
8.15,3.50,-4.85,0.23,-0.02,-0.59,322,304,297,334,315
7.14,3.24,-5.09,0.65,0.36,0.01,323,304,296,334,315
7.77,2.97,-4.59,0.48,0.08,-0.23,323,304,297,333,315
9.25,1.62,-4.78,0.56,0.15,-0.21,323,304,297,334,315
8.04,1.79,-4.92,0.62,0.08,-0.20,323,304,296,332,314
9.18,2.35,-5.05,0.43,-0.04,-0.16,324,304,296,332,314
7.31,1.97,-5.50,0.41,-0.04,-0.11,324,304,296,332,313
8.28,1.88,-5.36,0.26,-0.08,-0.18,324,304,296,332,313
6.86,3.63,-6.62,0.34,-0.08,-0.14,325,304,296,332,313
3.14,5.75,-9.15,0.71,0.20,-0.28,323,304,295,331,313
99.40,-49.99,41.36,2.17,0.10,-2.22,320,303,295,333,313
4.33,-0.50,-4.64,1.89,0.95,1.12,318,302,295,332,313
6.04,-0.70,-7.01,-0.52,-0.31,-0.66,317,302,295,332,313
8.09,1.77,-5.96,-0.06,-0.12,0.01,316,302,295,333,313
8.41,1.21,-5.79,0.03,0.08,0.05,317,302,295,332,314
8.12,1.11,-5.57,-0.01,-0.02,0.01,316,302,295,333,314
8.42,1.42,-6.17,0.01,-0.07,-0.03,316,302,295,333,313
8.55,1.21,-5.86,0.02,0.02,0.01,317,302,295,333,313
8.10,1.22,-5.86,0.06,-0.01,-0.06,317,302,295,333,314
7.85,1.05,-5.64,0.05,0.05,0.01,317,302,295,333,313
7.82,1.12,-5.81,0.06,-0.01,-0.04,317,302,295,333,313
8.12,1.24,-5.99,0.04,0.01,-0.02,317,302,295,333,314
8.28,1.28,-5.73,0.03,0.00,-0.03,317,302,295,333,313
8.23,1.26,-5.79,0.03,-0.02,-0.05,317,302,295,333,313
7.46,0.93,-5.36,0.02,-0.04,-0.02,317,302,295,333,313
7.96,1.05,-5.67,0.02,-0.05,-0.01,317,302,295,333,313
END
7.92,1.20,-5.87,0.02,-0.02,0.01,321,303,299,336,315
7.55,5.62,-4.67,0.08,0.12,0.04,321,303,299,336,315
6.91,5.35,-4.41,0.30,0.08,-0.08,321,303,299,336,315
7.86,5.30,-4.45,0.29,0.01,-0.12,321,303,299,336,315
7.96,4.31,-4.34,0.37,0.05,-0.15,321,303,299,336,315
7.34,4.02,-4.90,0.39,0.01,-0.06,321,303,299,336,315
7.47,4.62,-4.58,0.26,-0.08,-0.15,321,303,299,336,315
7.73,4.50,-5.30,0.28,-0.04,-0.05,321,303,297,336,315
6.53,4.82,-5.86,0.47,0.07,-0.05,321,303,299,336,315
7.16,4.26,-5.37,0.47,0.06,-0.23,322,303,299,336,315
8.29,3.73,-5.30,0.72,0.20,-0.28,322,303,298,335,314
7.44,3.60,-5.67,0.60,0.33,-0.08,322,302,298,335,314
7.97,5.38,-5.99,0.50,0.02,-0.18,322,304,298,335,314
7.95,3.32,-5.71,0.64,0.08,-0.24,322,304,298,335,314
8.03,3.35,-5.56,0.66,0.02,-0.23,322,304,298,335,314
6.58,2.15,-5.63,0.72,-0.03,-0.30,322,304,298,334,314
1.96,14.99,-14.68,1.13,0.40,-0.51,320,303,295,333,313
-9.78,19.85,59.50,1.92,0.20,-1.87,320,302,295,334,314
7.58,-3.10,-5.83,2.36,2.11,2.25,317,302,295,334,313
10.07,-0.56,-4.55,-0.30,-0.62,-1.01,317,301,295,333,313
7.12,1.69,-6.14,0.07,0.02,0.13,317,302,295,333,313
7.14,1.03,-5.35,0.05,0.10,0.11,317,302,295,333,314
7.47,1.63,-5.52,-0.02,-0.08,-0.04,317,301,295,333,314
8.03,1.45,-6.22,-0.01,-0.03,0.00,317,302,295,333,314
7.95,1.26,-6.12,0.03,0.00,-0.03,317,302,295,333,313
7.71,1.24,-5.56,0.05,-0.02,-0.03,317,302,295,333,314
7.92,1.51,-6.06,0.06,-0.02,-0.02,317,302,295,333,314
7.99,1.36,-5.96,0.05,0.00,-0.03,317,302,295,333,314
8.01,1.39,-6.05,0.05,0.01,-0.04,317,301,295,333,314
8.09,1.31,-5.84,0.07,-0.02,-0.06,317,301,295,333,314
7.68,0.95,-5.82,0.07,-0.02,-0.08,317,302,295,333,314
8.42,1.48,-5.92,0.06,-0.04,-0.09,317,302,295,334,314
7.64,1.25,-6.03,0.06,0.02,-0.04,317,301,295,333,314
7.78,1.25,-5.60,0.06,0.02,-0.04,317,301,295,333,314
7.84,1.49,-6.08,0.02,-0.01,-0.06,317,301,295,333,314
8.03,1.59,-6.20,0.01,-0.01,-0.05,317,302,295,333,314
END
7.89,1.32,-5.80,0.00,-0.00,-0.04,321,303,296,337,316
7.96,4.90,-4.60,0.15,0.01,-0.04,321,303,296,337,316
7.38,4.92,-3.76,0.16,-0.03,-0.07,321,303,296,337,317
7.66,5.00,-4.41,0.20,0.01,-0.08,321,303,296,337,316
7.40,4.48,-4.72,0.28,0.11,0.01,321,303,297,337,316
8.33,4.51,-4.75,0.21,0.02,-0.09,321,303,296,336,316
7.39,4.77,-4.26,0.25,0.08,-0.02,321,303,296,336,316
7.13,4.24,-4.24,0.30,-0.03,-0.13,321,303,296,336,316
7.43,4.12,-4.42,0.27,0.05,-0.05,321,303,296,336,316
7.65,4.31,-5.10,0.28,0.02,-0.09,321,303,296,336,316
7.66,4.25,-5.54,0.34,0.08,-0.07,321,303,296,336,316
7.67,4.85,-5.19,0.38,0.09,-0.16,321,303,296,336,315
7.21,4.01,-5.00,0.54,0.07,-0.19,321,303,296,336,315
7.19,3.59,-5.12,0.56,0.05,-0.14,321,303,296,335,314
8.14,4.32,-5.47,0.48,0.01,-0.22,322,304,296,335,314
8.02,3.02,-5.25,0.60,0.03,-0.31,322,303,296,335,314
7.58,3.70,-6.29,0.70,0.08,-0.11,322,303,296,335,314
9.32,3.27,-5.87,0.57,-0.25,-0.37,322,303,296,335,314
6.64,2.26,-5.99,0.67,0.11,-0.03,322,303,296,335,315
7.96,1.59,-5.17,0.49,-0.07,-0.13,322,303,296,335,314
6.03,2.09,-5.51,0.51,0.20,-0.02,322,303,296,335,314
5.22,5.33,-8.58,0.44,0.16,-0.20,322,303,295,335,314
-0.70,12.59,-14.78,1.92,1.13,-0.62,325,304,294,333,313
4.90,-3.35,-5.95,-1.72,-1.71,-1.12,321,303,295,334,314
4.08,2.30,-10.01,-0.44,1.15,0.87,317,302,294,334,314
8.51,0.20,-6.25,-0.06,-0.52,-0.21,317,302,295,334,314
7.22,0.78,-5.65,-0.00,-0.15,-0.12,317,302,295,334,313
7.71,0.42,-5.76,0.02,0.10,-0.01,317,302,295,334,314
7.53,0.98,-5.32,0.01,-0.03,0.00,317,302,295,334,314
7.87,0.88,-6.15,0.01,-0.06,-0.01,317,302,295,334,314
7.90,0.75,-6.21,0.02,-0.02,-0.03,317,302,295,334,314
7.81,0.71,-5.98,0.05,0.00,-0.06,317,302,295,334,314
8.14,0.80,-5.87,0.06,-0.02,-0.07,317,302,295,334,314
8.16,0.98,-6.35,0.05,-0.02,-0.08,317,302,295,334,314
7.98,0.84,-5.92,0.05,-0.01,-0.05,317,302,295,334,314
8.15,0.90,-6.22,0.06,-0.02,-0.06,318,302,295,334,314
END
7.69,0.73,-5.84,0.08,0.01,-0.05,321,303,297,336,315
7.65,5.38,-4.77,0.25,0.05,-0.03,321,303,296,336,315
6.85,5.36,-4.96,0.33,0.02,-0.04,320,303,296,335,315
7.51,5.00,-4.84,0.35,0.07,-0.06,321,303,296,335,314
6.97,4.28,-5.20,0.43,0.14,-0.00,320,303,296,335,314
7.89,4.56,-5.20,0.44,0.09,-0.06,321,303,296,334,314
7.53,4.87,-5.17,0.42,0.09,-0.06,321,303,295,334,314
6.70,1.91,-4.90,0.50,0.09,-0.07,320,303,295,334,314
7.87,3.27,-4.90,0.34,0.04,-0.08,321,303,295,334,314
6.38,3.26,-5.38,0.45,0.12,-0.05,320,303,295,333,314
7.35,2.46,-4.96,0.45,0.10,-0.27,321,303,295,333,314
8.66,2.94,-6.15,0.51,0.12,-0.35,321,303,295,333,314
8.42,3.24,-5.40,0.47,0.16,-0.20,321,303,296,333,313
7.74,3.47,-6.16,0.42,0.10,-0.12,321,303,295,333,313
8.28,2.87,-5.33,0.45,-0.01,-0.16,321,303,295,333,313
7.87,2.57,-5.23,0.53,0.12,-0.09,321,303,295,333,313
7.93,2.20,-5.71,0.57,-0.11,-0.37,321,303,295,333,313
8.41,2.00,-5.77,0.53,-0.04,-0.17,321,303,295,333,313
7.49,1.84,-6.00,0.36,-0.01,-0.03,321,303,295,332,312
2.63,7.37,-11.62,0.77,0.27,-0.17,320,303,295,332,312
-7.51,-7.01,6.37,1.96,0.39,-1.87,319,302,295,333,313
5.02,-0.45,-6.17,1.45,0.45,1.58,318,302,295,333,313
7.59,-0.42,-6.99,-0.48,0.05,-0.10,316,301,295,333,313
7.77,1.05,-6.98,-0.03,-0.03,0.03,316,302,294,333,314
7.69,1.58,-5.97,-0.01,-0.05,-0.03,316,300,294,333,313
7.19,1.14,-5.74,0.04,0.04,0.05,316,301,294,332,313
7.34,1.49,-6.25,0.02,-0.05,0.03,316,301,295,333,313
8.70,1.77,-6.96,-0.02,-0.07,-0.00,316,301,295,333,314
7.15,1.37,-6.30,0.02,0.02,-0.00,316,301,295,333,314
7.32,1.16,-6.39,0.05,0.02,0.01,316,301,295,333,313
7.96,1.51,-6.36,0.04,0.01,-0.02,316,301,295,333,313
7.86,1.41,-6.58,0.03,0.03,-0.02,316,301,295,333,313
7.82,1.28,-5.61,0.02,0.05,-0.00,316,302,295,333,313
7.65,1.67,-5.95,-0.00,-0.09,-0.12,316,301,295,333,313
6.89,1.04,-6.41,0.03,0.09,0.01,316,301,294,333,313
7.94,1.23,-6.22,0.05,-0.02,-0.07,316,301,295,333,313
END
8.03,1.54,-6.08,0.05,-0.02,-0.09,321,303,298,336,315
7.06,4.72,-4.43,0.19,0.02,-0.09,321,304,298,336,315
7.29,4.91,-4.75,0.14,0.07,-0.11,321,303,298,336,315
7.90,4.87,-4.93,0.13,0.21,0.01,321,303,298,336,315
7.80,5.14,-4.77,0.03,0.01,-0.05,321,304,298,335,314
6.98,4.59,-5.51,0.12,0.01,0.05,321,304,298,335,314
7.46,4.95,-4.39,0.34,-0.02,-0.20,321,304,298,335,315
7.15,4.24,-4.72,0.42,0.06,-0.13,321,304,298,335,314
7.29,4.23,-4.64,0.42,0.06,-0.18,321,304,297,334,314
7.40,4.96,-5.01,0.38,0.06,-0.15,321,304,297,334,314
7.29,4.59,-5.62,0.45,0.04,-0.19,321,304,297,334,314
7.54,4.57,-5.53,0.58,0.11,-0.18,322,304,297,334,313
8.34,4.15,-5.86,0.58,0.14,-0.13,323,304,297,334,313
7.10,4.11,-5.76,0.67,0.14,-0.13,323,304,297,334,313
8.05,4.22,-6.02,0.66,0.17,0.03,323,304,297,333,313
7.67,2.91,-5.94,1.02,0.47,0.17,323,304,297,333,313
5.98,2.31,-5.54,0.80,0.03,-0.28,322,304,297,333,313
2.38,4.01,-8.13,1.17,0.44,-0.19,321,303,296,333,313
63.50,-31.46,69.75,1.16,-1.36,-1.38,322,305,296,333,313
6.65,-1.05,-4.29,2.02,1.63,1.16,319,304,296,333,313
7.52,-0.57,-6.26,-0.35,-0.10,-0.39,317,303,296,333,314
7.62,1.64,-5.64,-0.02,-0.21,-0.10,317,303,296,333,313
8.18,1.13,-5.69,0.07,0.06,0.02,317,303,296,333,313
7.81,1.26,-5.60,0.02,0.00,-0.00,317,303,296,333,313
8.59,1.47,-6.07,0.02,-0.01,-0.05,317,303,296,333,313
8.61,1.24,-6.30,0.06,0.02,-0.05,317,303,296,333,313
7.77,0.97,-5.15,0.08,0.05,-0.05,317,303,296,333,313
7.66,1.00,-5.38,0.09,0.02,-0.04,317,303,296,333,313
8.33,1.28,-5.87,0.06,0.04,-0.08,317,303,296,333,313
9.27,1.44,-5.63,0.03,-0.12,-0.21,317,302,296,333,313
7.99,1.11,-5.61,0.03,0.13,-0.00,317,303,295,333,313
8.02,1.27,-5.28,0.03,-0.01,-0.02,317,302,295,333,313
9.04,1.56,-5.77,0.03,-0.03,-0.06,317,303,295,333,313
7.63,1.26,-5.74,0.04,0.02,-0.02,317,303,296,333,313
8.37,1.28,-5.35,0.03,0.05,0.03,317,302,296,333,313
7.89,1.13,-5.52,0.04,-0.01,0.01,317,303,296,333,313
END
8.02,1.12,-5.64,0.04,-0.03,-0.01,320,303,296,334,314
6.99,4.42,-4.83,0.33,0.05,-0.13,320,303,296,334,314
8.15,4.36,-4.72,0.29,0.07,-0.11,321,303,296,333,314
7.36,4.21,-4.64,0.30,0.06,-0.15,321,303,295,333,314
7.67,3.57,-4.82,0.28,0.09,-0.12,321,303,296,333,314
7.43,4.03,-4.49,0.21,0.08,-0.10,321,303,296,333,314
7.42,4.53,-5.16,0.22,0.06,-0.13,321,303,296,333,314
7.28,5.00,-5.23,0.27,0.11,-0.07,321,303,296,333,314
7.91,4.72,-5.06,0.30,0.03,-0.13,321,303,296,333,313
7.95,4.63,-5.84,0.38,0.06,-0.12,321,303,296,333,313
7.61,5.04,-5.00,0.19,0.05,-0.54,322,304,296,332,313
6.86,3.70,-5.40,0.67,0.37,0.09,321,304,296,332,313
7.37,2.58,-4.90,0.60,0.17,-0.03,322,304,296,332,313
8.05,3.05,-4.78,0.34,-0.02,-0.11,322,304,296,332,313
7.31,2.83,-4.70,0.47,-0.02,-0.19,323,304,296,332,312
8.75,2.70,-5.31,0.43,0.02,-0.15,323,304,296,332,312
7.86,3.33,-5.85,0.51,0.07,-0.09,323,304,295,332,312
4.44,6.41,-8.31,0.63,0.07,-0.22,323,304,295,332,313
1.62,9.75,-12.78,2.38,1.42,-0.46,327,303,296,333,312
3.68,-1.42,-6.14,0.80,-0.70,-0.44,323,303,295,333,313
4.15,3.49,-11.18,-0.40,0.46,0.20,319,303,295,333,313
8.99,1.81,-6.47,0.04,-0.23,-0.06,319,303,295,333,313
7.35,2.20,-5.39,0.05,-0.05,0.02,319,303,295,333,313
7.46,1.91,-6.12,0.08,-0.02,0.02,319,303,295,333,313
8.46,2.66,-5.81,0.02,-0.12,-0.07,319,303,295,333,313
7.62,2.12,-5.60,0.03,-0.00,-0.05,319,302,295,333,313
7.77,1.90,-5.81,0.04,0.02,-0.01,319,303,295,333,313
8.18,2.12,-5.77,0.07,-0.02,-0.09,319,303,295,333,313
7.61,2.00,-5.86,0.05,0.02,-0.02,319,303,295,333,313
7.87,2.16,-6.01,0.06,-0.01,-0.06,319,303,295,333,313
7.37,1.87,-5.85,0.05,0.02,-0.01,319,302,295,333,313
8.50,2.36,-6.07,0.04,-0.04,-0.07,319,303,295,333,313
7.78,2.20,-5.62,0.04,-0.01,-0.04,319,303,295,333,313
7.54,1.82,-5.74,0.03,0.04,0.02,319,303,295,333,313
7.57,1.96,-5.69,0.03,0.00,-0.00,320,303,295,333,313
7.90,1.81,-5.75,0.03,0.01,-0.01,319,303,295,333,313
END
7.93,2.20,-5.86,0.02,-0.03,-0.07,321,304,296,333,316
8.14,4.26,-4.28,0.02,0.06,-0.06,321,304,295,333,316
8.14,4.92,-4.28,0.04,-0.00,-0.03,321,304,295,333,316
7.96,4.86,-4.82,0.18,0.05,-0.05,321,304,295,333,315
8.10,4.55,-4.47,0.17,-0.03,-0.09,321,304,295,333,315
7.64,4.68,-4.01,0.20,0.05,-0.07,321,304,295,333,315
7.32,4.90,-4.37,0.22,0.10,0.03,321,304,295,332,315
8.33,4.50,-3.89,0.26,0.05,-0.18,321,304,295,332,315
7.80,4.72,-4.54,0.40,0.03,-0.04,321,304,295,332,315
7.73,4.37,-4.21,0.38,-0.04,-0.21,322,304,295,332,315
7.77,4.57,-4.72,0.51,0.05,-0.15,322,304,295,332,315
7.85,4.31,-4.94,0.67,0.12,-0.15,322,304,295,332,315
8.04,3.07,-4.75,0.51,0.15,-0.10,322,304,295,332,314
8.94,4.15,-4.74,0.50,0.12,-0.14,323,304,295,332,313
7.88,2.62,-5.15,0.67,0.11,-0.13,323,304,296,332,313
7.62,2.56,-4.95,0.57,0.12,-0.14,323,304,295,332,313
7.54,2.35,-4.86,0.55,0.06,-0.26,323,304,295,332,313
7.93,2.14,-4.57,0.56,0.16,-0.12,323,304,295,332,313
6.38,3.07,-5.58,0.51,-0.06,-0.44,323,304,295,332,313
8.69,2.87,-5.41,0.60,0.10,-0.39,322,304,295,331,313
3.49,9.15,-11.46,1.31,0.79,-0.27,322,304,295,331,313
115.37,-52.50,33.92,1.83,-0.00,-2.29,320,303,295,331,313
7.48,0.04,-8.18,1.65,2.05,1.87,318,302,295,331,313
8.72,2.04,-6.26,-0.19,-0.22,-0.37,318,302,294,332,314
7.70,2.10,-5.38,0.00,-0.25,-0.09,318,302,294,332,314
8.29,2.18,-5.13,-0.04,-0.09,0.06,318,302,295,332,314
8.41,2.94,-5.81,0.00,-0.19,-0.10,318,302,295,332,314
7.46,2.37,-5.59,0.00,0.01,0.04,318,302,295,332,314
8.12,2.23,-5.91,0.02,-0.04,-0.06,318,302,295,332,314
7.87,2.25,-5.98,0.07,0.02,-0.04,318,302,295,332,314
8.20,2.69,-5.81,0.05,-0.03,-0.09,318,302,295,332,314
7.67,2.35,-5.99,0.08,0.03,-0.06,318,302,295,332,314
8.11,2.46,-5.50,0.06,-0.02,-0.04,318,302,295,332,314
8.20,2.62,-5.71,0.04,-0.05,-0.09,318,303,295,332,314
7.29,2.23,-5.46,0.02,0.01,-0.02,318,302,295,332,313
7.82,2.23,-5.69,0.04,-0.00,-0.03,318,302,295,332,314
END
7.83,2.37,-5.62,0.05,-0.02,-0.06,321,304,297,335,317
8.07,4.25,-3.94,0.07,0.00,-0.07,321,303,297,335,317
8.00,4.31,-3.80,0.09,-0.02,-0.10,321,304,296,335,317
7.71,4.62,-4.20,0.12,-0.01,-0.08,321,304,297,334,317
7.77,4.85,-4.25,0.16,0.04,-0.10,321,304,296,334,317
7.78,4.79,-4.16,0.17,0.06,-0.09,321,303,297,334,317
7.65,4.99,-4.46,0.22,0.07,-0.04,321,304,296,334,317
7.90,4.99,-4.13,0.21,-0.03,-0.24,321,304,296,334,317
7.90,5.30,-4.62,0.47,0.09,-0.12,321,304,296,333,317
7.77,3.97,-3.97,0.28,0.08,-0.20,322,304,296,333,317
8.13,4.46,-3.95,0.21,0.05,-0.25,322,304,296,333,317
8.14,5.15,-4.52,0.02,-0.09,-0.35,322,304,297,333,317
7.82,4.26,-4.77,0.41,0.03,-0.15,322,304,297,333,317
8.20,4.12,-4.62,0.47,0.06,-0.02,323,304,297,333,317
7.85,4.37,-5.02,0.50,0.06,-0.23,322,304,297,333,317
7.65,4.00,-4.69,0.55,0.08,-0.07,323,304,297,333,317
8.00,4.20,-5.33,0.53,0.09,-0.21,322,304,297,333,317
6.68,3.45,-5.36,0.52,0.02,-0.23,322,304,297,333,317
7.87,3.65,-5.43,0.61,0.13,-0.07,322,304,297,333,317
6.60,3.04,-5.51,0.71,0.12,-0.33,323,304,297,333,316
6.99,3.82,-6.82,0.72,0.12,-0.30,323,304,297,333,316
2.89,10.93,-11.27,1.96,0.84,-0.59,321,304,296,333,315
7.06,5.65,-5.09,-1.60,-1.85,0.37,322,305,296,333,315
8.94,2.60,-8.78,0.36,1.45,0.81,319,304,296,333,315
7.90,1.26,-6.23,0.01,-0.18,-0.08,319,304,296,333,315
7.38,2.07,-5.43,0.05,-0.07,-0.09,319,303,296,333,315
8.24,2.07,-6.38,0.04,0.00,0.00,319,303,296,333,315
7.95,2.55,-6.03,0.07,-0.03,-0.07,318,303,296,333,315
7.55,2.14,-5.87,0.05,-0.00,-0.04,319,303,296,333,315
7.67,2.08,-6.17,0.08,0.04,-0.04,318,303,296,333,315
7.49,1.99,-5.66,0.07,0.01,-0.05,318,303,296,333,315
7.49,1.97,-5.51,0.06,0.00,-0.08,319,303,297,333,315
8.16,2.34,-6.06,0.05,-0.00,-0.07,319,303,296,333,315
7.78,2.21,-5.96,0.03,0.00,-0.07,319,303,296,333,315
7.52,2.25,-6.03,0.04,0.03,-0.04,319,303,296,333,315
7.44,1.91,-5.89,0.04,0.02,-0.02,319,303,296,333,315
END
8.26,2.41,-6.06,0.04,-0.04,-0.08,321,305,297,335,318
8.00,4.51,-4.01,0.08,-0.06,-0.05,322,304,297,334,318
7.52,4.64,-4.15,0.13,0.00,-0.06,321,304,297,335,318
7.71,4.31,-4.22,0.13,0.06,-0.02,322,304,297,334,318
7.82,4.34,-4.55,0.17,0.03,-0.05,321,304,297,334,318
7.91,4.74,-4.54,0.16,-0.02,-0.07,321,304,297,334,318
7.24,5.32,-4.72,0.28,0.05,-0.03,321,305,297,334,318
7.26,5.53,-4.67,0.34,-0.02,-0.19,321,305,297,334,318
6.94,6.10,-5.46,0.53,0.21,-0.14,321,304,297,334,318
7.31,5.02,-3.63,0.35,0.17,-0.45,322,305,297,334,318
7.59,6.27,-5.67,0.71,0.23,-0.33,322,305,296,333,317
8.66,5.06,-4.88,0.88,0.23,-0.30,322,305,297,333,317
8.22,4.44,-4.42,0.71,0.13,-0.36,322,305,296,333,317
7.19,3.12,-5.24,1.10,0.19,-0.18,322,305,296,333,316
9.18,2.99,-5.37,0.99,-0.05,-0.52,322,305,296,333,316
9.31,0.39,-3.80,0.84,-0.17,-0.51,323,305,296,333,315
8.02,2.68,-5.89,0.53,0.01,-0.04,323,305,296,333,315
-10.72,18.34,-19.62,2.44,2.02,-0.61,319,303,296,333,314
5.71,-0.34,-10.57,-1.88,-1.49,-0.61,321,304,296,333,315
1.96,6.17,-14.26,-0.78,0.99,0.40,317,303,296,333,315
9.63,0.85,-5.90,0.07,-0.57,-0.16,317,303,296,333,315
7.67,2.31,-5.74,0.02,-0.20,-0.01,318,303,296,333,315
8.42,1.50,-6.18,0.07,-0.05,-0.02,318,303,296,333,315
8.05,1.96,-5.70,0.02,-0.01,0.01,318,303,296,333,315
7.55,1.33,-5.92,0.03,0.05,0.03,318,303,296,333,315
8.15,1.54,-5.90,0.06,-0.02,-0.03,317,303,296,333,315
7.49,1.17,-5.58,0.05,0.02,0.01,318,303,296,333,315
8.50,1.75,-5.92,0.05,-0.03,-0.03,318,303,296,334,315
8.02,1.67,-5.81,0.03,-0.02,-0.05,318,303,295,333,315
7.87,1.31,-5.73,0.01,-0.01,-0.02,318,303,296,334,315
8.11,1.49,-5.99,0.02,-0.04,-0.06,318,304,296,334,315
7.31,1.17,-5.83,0.03,0.02,0.01,318,303,296,334,315
8.36,1.70,-6.03,0.02,-0.05,-0.07,318,303,296,334,315
7.61,1.33,-5.99,0.05,-0.00,-0.10,318,304,296,334,315
8.38,1.72,-5.97,0.04,0.02,-0.05,318,303,296,333,315
7.94,1.55,-5.66,0.02,0.01,-0.06,318,303,296,333,315
END