4.69,-6.39,-6.39,0.04,0.04,0.04,327,307,309,353,334
4.92,-6.73,-6.73,0.01,0.01,0.01,327,307,309,353,334
5.30,-5.36,-5.36,0.18,0.18,0.18,327,307,309,353,334
6.93,-2.84,-2.84,0.86,0.86,0.86,327,307,309,353,334
11.36,1.26,1.26,1.33,1.33,1.33,326,306,308,353,334
6.55,0.95,0.95,0.77,0.77,0.77,322,305,302,347,333
7.80,0.60,0.60,-0.06,-0.06,-0.06,320,304,296,338,327
7.49,0.53,0.53,0.01,0.01,0.01,320,303,295,337,325
7.54,0.49,0.49,-0.00,-0.00,-0.00,320,303,295,337,325
7.14,0.25,0.25,0.04,0.04,0.04,320,303,295,337,325
7.39,0.64,0.64,0.01,0.01,0.01,320,303,295,337,326
END
7.33,0.53,0.53,0.03,0.03,0.03,321,305,300,343,327
3.30,-7.61,-7.61,0.06,0.06,0.06,321,305,300,343,327
3.51,-5.30,-5.30,0.24,0.24,0.24,321,305,300,343,327
5.58,-1.66,-1.66,0.57,0.57,0.57,321,305,301,344,328
10.72,-1.50,-1.50,1.01,1.01,1.01,321,305,301,344,329
7.49,2.33,2.33,0.85,0.85,0.85,322,305,300,343,331
6.20,1.79,1.79,-0.10,-0.10,-0.10,319,304,297,341,331
7.30,0.67,0.67,0.02,0.02,0.02,319,304,296,339,329
7.06,0.86,0.86,0.02,0.02,0.02,319,304,296,339,328
7.28,0.75,0.75,0.04,0.04,0.04,319,304,296,339,328
7.19,0.81,0.81,0.03,0.03,0.03,319,304,296,339,328
END
6.98,0.84,0.84,0.01,0.01,0.01,321,305,303,342,329
3.55,-7.72,-7.72,0.12,0.12,0.12,323,307,305,344,329
6.57,-3.45,-3.45,1.05,1.05,1.05,323,307,306,345,329
8.73,-0.46,-0.46,0.68,0.68,0.68,324,308,309,346,330
9.18,1.29,1.29,1.00,1.00,1.00,323,307,307,346,330
7.18,2.83,2.83,0.07,0.07,0.07,323,307,306,350,331
11.27,-0.68,-0.68,0.65,0.65,0.65,321,306,300,343,331
7.47,0.87,0.87,0.01,0.01,0.01,320,306,299,342,330
6.91,0.98,0.98,0.04,0.04,0.04,320,306,299,342,330
7.21,0.95,0.95,0.02,0.02,0.02,320,306,299,342,331
7.06,0.93,0.93,0.02,0.02,0.02,320,306,299,342,330
END
7.11,0.93,0.93,0.04,0.04,0.04,321,306,302,344,329
3.61,-7.39,-7.39,0.13,0.13,0.13,321,305,302,344,329
5.24,-4.90,-4.90,0.84,0.84,0.84,321,306,302,345,329
7.29,-1.40,-1.40,1.31,1.31,1.31,320,305,298,343,329
9.95,1.64,1.64,1.06,1.06,1.06,320,305,299,342,329
8.05,1.89,1.89,-0.07,-0.07,-0.07,321,305,296,338,327
7.20,0.46,0.46,0.01,0.01,0.01,321,304,295,337,326
7.50,0.74,0.74,0.04,0.04,0.04,320,304,295,337,326
7.39,0.63,0.63,0.02,0.02,0.02,321,304,295,337,326
7.31,0.47,0.47,0.02,0.02,0.02,320,304,295,337,326
7.52,0.52,0.52,0.03,0.03,0.03,320,304,295,337,326
END
7.34,0.47,0.47,0.03,0.03,0.03,322,305,304,347,327
4.14,-8.94,-8.94,-0.10,-0.10,-0.10,322,305,304,346,327
2.58,-2.41,-2.41,0.37,0.37,0.37,322,305,304,346,327
12.56,1.11,1.11,1.85,1.85,1.85,321,304,303,346,327
12.61,1.64,1.64,1.58,1.58,1.58,321,306,298,341,326
8.81,1.65,1.65,0.07,0.07,0.07,320,305,297,339,326
7.52,1.99,1.99,0.04,0.04,0.04,320,305,297,339,326
7.52,1.90,1.90,0.02,0.02,0.02,320,305,297,339,326
6.99,1.75,1.75,0.02,0.02,0.02,320,305,297,339,326
7.16,1.78,1.78,0.03,0.03,0.03,320,305,297,339,326
7.44,1.74,1.74,0.05,0.05,0.05,320,305,297,339,326
END
7.33,1.86,1.86,0.04,0.04,0.04,323,307,304,347,329
4.57,-7.18,-7.18,0.06,0.06,0.06,323,307,304,347,329
4.18,-3.45,-3.45,0.48,0.48,0.48,323,307,304,345,329
6.39,2.35,2.35,1.37,1.37,1.37,322,307,304,345,329
9.40,0.99,0.99,1.03,1.03,1.03,321,305,299,343,328
6.83,0.98,0.98,0.04,0.04,0.04,320,305,298,341,328
7.27,1.34,1.34,0.03,0.03,0.03,320,305,298,341,328
7.26,1.34,1.34,0.01,0.01,0.01,320,305,297,340,328
7.29,1.41,1.41,0.04,0.04,0.04,320,305,297,340,328
7.14,1.38,1.38,0.03,0.03,0.03,320,306,297,340,328
7.49,1.53,1.53,0.00,0.00,0.00,320,305,298,341,329
END
7.26,1.46,1.46,0.03,0.03,0.03,324,310,304,345,329
2.81,-6.67,-6.67,0.01,0.01,0.01,325,311,305,346,329
2.95,-5.00,-5.00,0.50,0.50,0.50,326,311,305,346,329
7.65,1.18,1.18,1.34,1.34,1.34,324,311,304,346,330
11.40,1.26,1.26,1.05,1.05,1.05,323,307,301,345,330
6.55,2.69,2.69,-0.12,-0.12,-0.12,320,305,298,342,331
7.38,1.14,1.14,0.05,0.05,0.05,319,305,298,341,330
7.31,1.48,1.48,0.01,0.01,0.01,319,305,298,341,330
7.37,1.39,1.39,0.02,0.02,0.02,319,305,298,341,330
7.52,1.39,1.39,0.04,0.04,0.04,319,305,298,341,331
7.30,1.28,1.28,0.02,0.02,0.02,319,305,298,341,330
END
7.13,1.37,1.37,0.04,0.04,0.04,320,305,300,343,329
2.81,-7.57,-7.57,0.08,0.08,0.08,320,304,300,343,329
3.22,-6.65,-6.65,0.42,0.42,0.42,321,304,300,344,329
3.85,-3.04,-3.04,0.98,0.98,0.98,321,305,303,345,330
12.73,-0.69,-0.69,1.00,1.00,1.00,321,305,303,347,331
10.01,0.09,0.09,0.61,0.61,0.61,320,304,300,345,333
7.67,0.80,0.80,-0.01,-0.01,-0.01,319,304,299,343,336
7.55,1.35,1.35,0.02,0.02,0.02,319,305,299,343,335
7.36,1.13,1.13,0.03,0.03,0.03,319,304,299,342,335
7.44,1.30,1.30,0.02,0.02,0.02,319,304,299,343,335
7.24,1.30,1.30,0.02,0.02,0.02,319,304,298,343,335
END
7.35,1.33,1.33,0.03,0.03,0.03,321,305,305,350,326
2.42,-7.37,-7.37,0.14,0.14,0.14,322,305,305,351,326
3.51,-5.48,-5.48,0.34,0.34,0.34,322,305,305,350,327
6.61,-4.49,-4.49,0.89,0.89,0.89,321,305,304,349,328
9.51,2.10,2.10,1.14,1.14,1.14,321,305,304,349,332
9.27,1.59,1.59,1.21,1.21,1.21,320,304,300,346,333
6.73,0.22,0.22,0.04,0.04,0.04,319,304,299,344,334
7.05,1.13,1.13,0.01,0.01,0.01,319,304,298,344,334
7.01,1.09,1.09,0.03,0.03,0.03,319,304,298,344,334
7.42,1.34,1.34,0.02,0.02,0.02,319,304,299,344,334
7.00,1.17,1.17,0.02,0.02,0.02,319,304,299,344,334
END
6.88,1.37,1.37,0.03,0.03,0.03,325,310,307,345,324
2.56,-7.74,-7.74,0.01,0.01,0.01,324,308,307,346,325
3.07,-3.82,-3.82,0.35,0.35,0.35,324,308,307,346,325
8.49,-0.72,-0.72,1.10,1.10,1.10,323,308,305,347,336
11.51,3.13,3.13,0.79,0.79,0.79,323,307,305,348,336
13.14,0.04,0.04,1.27,1.27,1.27,320,303,298,342,334
7.32,1.87,1.87,0.01,0.01,0.01,319,303,297,340,332
6.83,1.97,1.97,0.03,0.03,0.03,319,303,297,340,332
7.28,1.87,1.87,0.02,0.02,0.02,319,303,297,339,332
6.99,1.90,1.90,0.03,0.03,0.03,319,303,297,340,332
7.06,2.06,2.06,0.04,0.04,0.04,319,303,297,340,333
END
7.16,1.97,1.97,0.03,0.03,0.03,321,304,304,344,329
3.14,-7.34,-7.34,0.13,0.13,0.13,321,304,304,344,329
3.11,-6.90,-6.90,0.09,0.09,0.09,321,305,304,346,329
2.51,-4.02,-4.02,0.51,0.51,0.51,321,305,304,346,329
8.19,-2.31,-2.31,1.14,1.14,1.14,321,304,303,346,328
10.05,-0.57,-0.57,1.15,1.15,1.15,322,305,303,347,328
8.78,3.29,3.29,0.76,0.76,0.76,320,304,299,342,326
8.27,1.31,1.31,-0.01,-0.01,-0.01,319,303,298,340,327
7.36,1.61,1.61,0.02,0.02,0.02,319,303,298,339,327
7.72,1.72,1.72,0.03,0.03,0.03,318,303,298,339,327
7.42,1.62,1.62,0.03,0.03,0.03,319,303,298,339,327
END
7.46,1.57,1.57,0.03,0.03,0.03,326,307,318,355,347
2.02,-7.54,-7.54,0.07,0.07,0.07,326,308,317,355,348
1.57,-7.77,-7.77,0.03,0.03,0.03,325,307,316,354,346
1.45,-7.37,-7.37,0.03,0.03,0.03,325,307,316,354,344
1.82,-7.62,-7.62,0.03,0.03,0.03,325,307,315,354,343
0.87,-5.81,-5.81,0.04,0.04,0.04,325,307,315,354,343
6.00,1.31,1.31,0.94,0.94,0.94,324,307,313,354,340
12.43,0.40,0.40,1.16,1.16,1.16,323,306,309,353,339
9.37,1.48,1.48,0.57,0.57,0.57,323,306,307,352,338
8.18,1.55,1.55,0.10,0.10,0.10,322,305,306,351,339
7.14,1.68,1.68,0.02,0.02,0.02,321,305,305,351,339
END
7.40,1.87,1.87,0.06,0.06,0.06,323,305,306,349,335
2.72,-7.16,-7.16,0.08,0.08,0.08,323,306,306,349,335
3.00,-4.26,-4.26,0.41,0.41,0.41,323,305,306,349,335
11.00,1.87,1.87,1.11,1.11,1.11,323,305,307,350,336
10.48,3.21,3.21,1.03,1.03,1.03,322,305,306,349,336
15.58,-1.13,-1.13,0.44,0.44,0.44,321,305,301,345,336
7.21,2.14,2.14,-0.01,-0.01,-0.01,319,305,300,343,337
7.26,1.92,1.92,0.02,0.02,0.02,319,305,299,342,336
7.24,2.10,2.10,0.02,0.02,0.02,319,304,299,342,336
7.49,2.22,2.22,0.02,0.02,0.02,319,305,299,342,336
7.13,2.24,2.24,0.04,0.04,0.04,319,305,299,342,337
END
7.19,2.25,2.25,0.02,0.02,0.02,323,306,304,347,334
1.44,-8.24,-8.24,0.10,0.10,0.10,323,306,304,347,334
2.43,-5.06,-5.06,0.51,0.51,0.51,323,306,304,347,334
9.49,-3.35,-3.35,1.37,1.37,1.37,322,305,303,348,332
9.49,1.18,1.18,1.24,1.24,1.24,322,305,303,348,331
9.89,2.43,2.43,0.93,0.93,0.93,321,305,301,345,331
8.00,1.26,1.26,0.01,0.01,0.01,319,305,299,341,330
7.52,1.84,1.84,0.05,0.05,0.05,319,304,298,340,330
7.58,1.99,1.99,0.03,0.03,0.03,319,304,298,340,330
7.77,1.95,1.95,0.02,0.02,0.02,319,304,298,340,330
7.52,1.97,1.97,0.04,0.04,0.04,319,304,298,340,330
END
7.37,1.90,1.90,0.03,0.03,0.03,320,305,301,346,330
2.43,-8.00,-8.00,0.14,0.14,0.14,320,305,301,346,330
1.93,-4.16,-4.16,0.18,0.18,0.18,321,305,302,347,330
7.51,-1.39,-1.39,0.99,0.99,0.99,321,305,302,349,331
10.71,0.74,0.74,1.19,1.19,1.19,320,305,301,346,331
12.34,-0.14,-0.14,0.70,0.70,0.70,320,304,297,342,331
7.03,0.84,0.84,-0.00,-0.00,-0.00,320,304,296,337,329
7.21,1.34,1.34,0.04,0.04,0.04,320,303,295,337,329
6.73,1.14,1.14,0.04,0.04,0.04,320,304,295,337,328
6.86,1.24,1.24,0.03,0.03,0.03,320,304,296,337,328
6.93,1.25,1.25,0.03,0.03,0.03,320,304,296,337,328
END
7.14,1.26,1.26,0.03,0.03,0.03,320,304,300,343,326
1.03,-8.02,-8.02,0.04,0.04,0.04,320,303,300,343,326
2.15,-5.02,-5.02,0.42,0.42,0.42,320,304,300,343,326
8.84,-2.95,-2.95,1.34,1.34,1.34,321,304,300,343,326
12.53,0.87,0.87,1.10,1.10,1.10,321,304,300,343,328
11.90,-0.57,-0.57,0.36,0.36,0.36,320,304,298,341,327
7.44,1.69,1.69,-0.02,-0.02,-0.02,319,304,296,339,327
7.11,1.52,1.52,0.04,0.04,0.04,320,304,296,339,327
7.16,1.48,1.48,0.04,0.04,0.04,320,304,296,339,327
7.15,1.56,1.56,0.04,0.04,0.04,320,304,296,339,327
7.18,1.66,1.66,0.02,0.02,0.02,320,304,296,339,327
END
7.09,1.69,1.69,0.03,0.03,0.03,322,306,306,347,332
3.85,-6.37,-6.37,0.08,0.08,0.08,322,306,306,347,332
3.07,-6.16,-6.16,0.20,0.20,0.20,322,306,306,348,332
4.65,-2.88,-2.88,0.73,0.73,0.73,322,306,306,348,331
9.92,-1.03,-1.03,1.38,1.38,1.38,322,306,305,347,329
11.51,0.64,0.64,1.17,1.17,1.17,321,305,303,346,328
6.74,1.46,1.46,0.05,0.05,0.05,319,305,299,343,327
7.42,1.27,1.27,0.04,0.04,0.04,320,305,298,341,326
7.20,1.34,1.34,0.02,0.02,0.02,320,305,298,342,326
7.24,1.23,1.23,-0.00,-0.00,-0.00,320,305,299,342,326
7.36,1.29,1.29,0.04,0.04,0.04,320,306,299,342,326
END
7.41,1.46,1.46,0.05,0.05,0.05,321,306,303,349,329
4.62,-6.42,-6.42,0.32,0.32,0.32,322,306,303,349,329
9.84,-1.34,-1.34,1.13,1.13,1.13,321,306,304,348,329
9.24,1.72,1.72,0.73,0.73,0.73,321,305,301,346,329
6.50,1.35,1.35,0.06,0.06,0.06,319,306,298,341,328
7.57,1.87,1.87,0.05,0.05,0.05,319,306,297,340,327
7.04,1.73,1.73,0.03,0.03,0.03,319,305,297,340,327
7.19,1.73,1.73,0.02,0.02,0.02,319,306,297,340,327
7.14,1.74,1.74,0.03,0.03,0.03,319,306,297,340,327
7.31,1.74,1.74,0.03,0.03,0.03,319,306,297,340,327
7.21,1.86,1.86,0.03,0.03,0.03,319,306,297,340,327
END
7.25,1.79,1.79,0.03,0.03,0.03,321,305,306,356,331
1.72,-7.55,-7.55,0.10,0.10,0.10,322,306,308,356,331
1.79,-7.34,-7.34,0.09,0.09,0.09,322,306,308,355,331
4.48,-5.33,-5.33,0.68,0.68,0.68,322,305,307,354,330
5.54,-2.91,-2.91,0.90,0.90,0.90,321,306,308,354,330
11.87,0.83,0.83,0.93,0.93,0.93,320,305,304,350,329
15.56,-2.22,-2.22,0.82,0.82,0.82,320,305,299,344,333
7.48,1.10,1.10,0.03,0.03,0.03,318,304,297,341,329
7.27,1.22,1.22,0.01,0.01,0.01,318,304,297,341,329
7.05,1.00,1.00,0.03,0.03,0.03,318,304,297,341,329
7.23,1.05,1.05,0.03,0.03,0.03,318,304,297,341,329
END
3.82,-7.29,-7.29,0.08,0.08,0.08,326,310,316,352,336
4.06,-7.55,-7.55,0.04,0.04,0.04,326,310,316,352,336
4.07,-6.78,-6.78,0.15,0.15,0.15,326,310,316,352,336
6.20,-3.15,-3.15,1.08,1.08,1.08,325,310,315,353,335
8.93,0.55,0.55,1.46,1.46,1.46,323,309,309,351,332
11.04,-0.50,-0.50,0.47,0.47,0.47,319,305,298,342,328
7.32,0.56,0.56,-0.02,-0.02,-0.02,319,305,296,338,325
7.56,0.78,0.78,-0.01,-0.01,-0.01,319,305,296,338,325
7.45,0.54,0.54,0.04,0.04,0.04,319,304,296,338,325
7.24,0.62,0.62,0.03,0.03,0.03,319,304,296,338,325
7.39,0.70,0.70,-0.01,-0.01,-0.01,319,305,296,338,325
END
7.55,0.65,0.65,0.05,0.05,0.05,321,306,306,346,327
2.86,-7.93,-7.93,0.07,0.07,0.07,321,306,307,346,328
4.04,-4.32,-4.32,0.44,0.44,0.44,321,306,306,347,327
8.99,-3.60,-3.60,1.49,1.49,1.49,321,306,306,346,327
8.74,0.54,0.54,1.26,1.26,1.26,320,306,302,344,327
6.40,0.27,0.27,0.00,0.00,0.00,319,305,297,338,325
7.81,0.87,0.87,0.04,0.04,0.04,319,305,296,337,324
7.22,0.67,0.67,0.01,0.01,0.01,319,305,296,337,323
7.37,0.76,0.76,0.02,0.02,0.02,319,305,296,337,323
7.44,0.72,0.72,0.02,0.02,0.02,319,304,296,337,323
7.38,0.65,0.65,0.03,0.03,0.03,319,305,296,337,323
END
7.52,0.70,0.70,0.04,0.04,0.04,320,305,302,343,327
3.22,-7.45,-7.45,0.12,0.12,0.12,320,305,302,343,327
2.48,-6.28,-6.28,0.12,0.12,0.12,320,305,302,344,327
5.69,-3.55,-3.55,1.17,1.17,1.17,320,305,301,344,327
7.93,-0.62,-0.62,1.08,1.08,1.08,320,305,302,344,327
8.58,-0.83,-0.83,0.68,0.68,0.68,319,305,298,342,326
8.58,-0.44,-0.44,-0.10,-0.10,-0.10,319,304,296,338,325
7.06,-0.35,-0.35,0.02,0.02,0.02,319,304,296,338,325
6.96,-0.34,-0.34,0.02,0.02,0.02,319,304,296,338,325
7.31,-0.17,-0.17,0.03,0.03,0.03,319,304,296,338,324
7.14,-0.21,-0.21,0.03,0.03,0.03,319,304,296,337,324
END
7.10,-0.11,-0.11,0.03,0.03,0.03,319,304,299,342,325
2.73,-7.94,-7.94,0.07,0.07,0.07,319,304,300,343,326
4.54,-5.97,-5.97,0.34,0.34,0.34,319,304,300,343,326
4.93,-6.31,-6.31,0.97,0.97,0.97,320,304,301,344,327
11.46,-2.95,-2.95,1.36,1.36,1.36,320,305,301,344,327
9.57,0.44,0.44,0.89,0.89,0.89,320,305,299,342,326
7.44,0.15,0.15,0.00,0.00,0.00,320,304,298,339,324
7.40,0.62,0.62,0.03,0.03,0.03,320,304,297,339,324
7.44,0.51,0.51,0.04,0.04,0.04,320,304,297,338,324
7.62,0.56,0.56,0.03,0.03,0.03,320,304,297,338,324
7.30,0.46,0.46,0.03,0.03,0.03,320,304,297,338,324
END
7.42,0.52,0.52,0.04,0.04,0.04,320,304,301,344,327
2.98,-7.67,-7.67,0.10,0.10,0.10,320,305,301,344,327
2.71,-7.72,-7.72,0.02,0.02,0.02,320,305,300,344,327
2.77,-5.31,-5.31,0.41,0.41,0.41,320,305,300,344,327
6.54,-0.01,-0.01,1.54,1.54,1.54,320,305,300,343,327
9.30,2.06,2.06,1.00,1.00,1.00,319,304,297,341,325
6.54,-0.27,-0.27,-0.01,-0.01,-0.01,319,304,295,337,324
7.88,0.60,0.60,0.01,0.01,0.01,319,304,295,337,324
7.52,0.32,0.32,0.04,0.04,0.04,319,304,295,336,324
7.42,0.19,0.19,0.00,0.00,0.00,319,304,295,337,324
7.59,0.32,0.32,0.05,0.05,0.05,319,304,295,337,323
END
7.08,0.11,0.11,0.02,0.02,0.02,321,306,304,345,329
2.75,-7.06,-7.06,0.05,0.05,0.05,321,304,304,345,329
4.10,-5.10,-5.10,0.42,0.42,0.42,321,305,304,345,329
5.15,-5.90,-5.90,0.91,0.91,0.91,321,304,303,345,328
10.00,-1.93,-1.93,1.04,1.04,1.04,321,304,302,345,329
11.64,1.13,1.13,0.91,0.91,0.91,320,304,299,343,326
5.49,1.66,1.66,0.46,0.46,0.46,320,304,298,342,327
6.70,0.37,0.37,0.01,0.01,0.01,319,304,297,339,327
7.42,0.45,0.45,0.04,0.04,0.04,319,304,296,338,327
7.26,0.37,0.37,0.01,0.01,0.01,319,304,296,338,327
7.42,0.39,0.39,0.02,0.02,0.02,319,304,296,338,327
END
7.23,0.48,0.48,0.03,0.03,0.03,319,304,299,343,328
2.46,-8.06,-8.06,0.10,0.10,0.10,319,304,299,343,328
2.88,-6.37,-6.37,0.23,0.23,0.23,319,304,299,343,328
8.06,-3.09,-3.09,1.16,1.16,1.16,319,304,299,342,327
11.84,-1.09,-1.09,1.45,1.45,1.45,319,304,297,341,327
9.26,1.54,1.54,0.77,0.77,0.77,319,304,297,341,326
7.47,1.30,1.30,-0.14,-0.14,-0.14,319,304,296,340,327
7.47,0.32,0.32,-0.01,-0.01,-0.01,319,304,296,338,326
7.61,0.71,0.71,0.04,0.04,0.04,319,304,296,338,326
7.47,0.62,0.62,0.03,0.03,0.03,319,304,296,338,326
7.43,0.53,0.53,0.02,0.02,0.02,319,304,296,338,325
END
7.29,0.46,0.46,0.03,0.03,0.03,320,304,298,343,326
2.86,-7.62,-7.62,0.04,0.04,0.04,320,304,298,344,326
3.85,-5.06,-5.06,0.52,0.52,0.52,320,304,299,345,326
6.92,-2.25,-2.25,0.46,0.46,0.46,320,305,300,346,326
10.01,2.32,2.32,1.06,1.06,1.06,320,305,301,347,327
8.89,0.62,0.62,0.48,0.48,0.48,320,304,298,343,327
7.67,1.00,1.00,-0.00,-0.00,-0.00,319,304,298,342,328
7.28,0.73,0.73,0.01,0.01,0.01,319,304,297,341,328
7.56,0.90,0.90,0.02,0.02,0.02,319,304,298,341,328
7.61,0.78,0.78,0.02,0.02,0.02,319,304,297,341,328
7.46,0.64,0.64,0.03,0.03,0.03,319,304,297,341,328
END
7.63,0.95,0.95,0.03,0.03,0.03,329,316,318,355,329
1.81,-7.46,-7.46,0.10,0.10,0.10,328,316,317,354,329
1.82,-5.88,-5.88,0.12,0.12,0.12,327,315,316,354,329
6.57,-2.69,-2.69,1.14,1.14,1.14,325,314,311,352,329
11.16,-1.31,-1.31,0.70,0.70,0.70,325,313,310,351,329
7.85,1.00,1.00,0.90,0.90,0.90,321,307,300,345,328
7.59,0.24,0.24,-0.00,-0.00,-0.00,321,306,298,341,328
7.05,0.65,0.65,0.03,0.03,0.03,321,306,297,341,328
7.22,0.83,0.83,0.03,0.03,0.03,321,305,297,341,328
7.25,0.75,0.75,0.02,0.02,0.02,320,306,298,341,328
7.26,0.71,0.71,0.04,0.04,0.04,320,306,297,340,327
END
7.27,0.70,0.70,0.03,0.03,0.03,326,308,305,348,330
2.39,-7.95,-7.95,0.17,0.17,0.17,326,308,305,346,330
1.77,-7.49,-7.49,0.05,0.05,0.05,325,308,304,346,330
4.24,-3.09,-3.09,0.86,0.86,0.86,324,307,304,346,329
10.12,-1.87,-1.87,1.29,1.29,1.29,323,307,303,345,328
11.16,0.13,0.13,0.98,0.98,0.98,322,306,300,345,327
7.58,0.81,0.81,-0.10,-0.10,-0.10,321,306,297,341,326
7.47,0.14,0.14,0.02,0.02,0.02,320,305,297,339,325
7.24,0.43,0.43,0.04,0.04,0.04,320,305,296,338,325
7.24,0.37,0.37,0.01,0.01,0.01,320,305,296,338,325
7.23,0.29,0.29,0.04,0.04,0.04,320,305,296,338,325
END
7.34,0.60,0.60,0.03,0.03,0.03,321,305,301,345,326
2.15,-7.81,-7.81,0.03,0.03,0.03,321,306,301,345,327
2.46,-4.88,-4.88,0.41,0.41,0.41,321,305,301,345,327
4.61,-4.52,-4.52,0.59,0.59,0.59,321,306,302,346,327
13.44,-0.61,-0.61,1.46,1.46,1.46,321,306,303,347,328
7.93,0.62,0.62,1.03,1.03,1.03,320,305,299,345,327
7.67,-0.01,-0.01,0.00,0.00,0.00,320,305,297,341,325
7.21,0.32,0.32,0.02,0.02,0.02,320,305,297,340,325
7.27,0.46,0.46,0.02,0.02,0.02,320,305,296,340,325
7.32,0.42,0.42,0.04,0.04,0.04,320,305,297,340,325
6.81,0.07,0.07,0.03,0.03,0.03,320,305,297,340,325
END
7.11,0.43,0.43,0.02,0.02,0.02,323,306,307,347,330
2.33,-6.98,-6.98,0.06,0.06,0.06,322,306,307,348,330
2.75,-6.79,-6.79,0.09,0.09,0.09,322,306,307,348,330
2.46,-6.70,-6.70,0.03,0.03,0.03,322,306,307,348,330
4.16,-4.48,-4.48,0.72,0.72,0.72,322,307,307,348,330
9.04,3.18,3.18,1.32,1.32,1.32,322,306,305,347,328
8.55,1.92,1.92,1.16,1.16,1.16,321,306,300,344,327
7.37,-0.22,-0.22,-0.00,-0.00,-0.00,320,305,297,339,326
7.19,0.46,0.46,0.01,0.01,0.01,320,305,297,339,326
7.07,0.45,0.45,0.02,0.02,0.02,320,305,297,338,326
7.06,0.46,0.46,0.02,0.02,0.02,320,305,297,339,325
END
7.21,0.57,0.57,0.03,0.03,0.03,324,307,308,348,338
1.90,-7.80,-7.80,-0.01,-0.01,-0.01,324,307,308,347,336
2.08,-7.07,-7.07,0.12,0.12,0.12,324,307,307,348,335
2.59,-5.31,-5.31,0.72,0.72,0.72,324,307,308,348,334
9.37,1.30,1.30,1.51,1.51,1.51,322,307,306,348,332
9.72,1.41,1.41,1.26,1.26,1.26,321,306,301,346,330
8.22,-0.24,-0.24,0.03,0.03,0.03,320,306,298,341,329
6.98,-0.12,-0.12,0.02,0.02,0.02,320,306,298,340,328
7.19,0.06,0.06,0.03,0.03,0.03,320,306,298,340,328
7.39,0.15,0.15,0.02,0.02,0.02,320,306,298,340,328
7.34,0.32,0.32,0.03,0.03,0.03,320,306,298,340,328
END
5.53,0.22,0.22,0.04,0.04,0.04,324,308,309,350,327
3.60,-6.83,-6.83,0.05,0.05,0.05,324,308,309,350,327
4.57,-3.91,-3.91,0.42,0.42,0.42,324,308,309,350,327
6.63,-0.62,-0.62,0.79,0.79,0.79,323,307,308,350,327
10.10,0.69,0.69,1.02,1.02,1.02,322,307,306,349,328
6.99,0.67,0.67,0.66,0.66,0.66,321,307,300,346,328
6.43,0.53,0.53,-0.04,-0.04,-0.04,320,306,297,340,327
6.88,0.20,0.20,0.02,0.02,0.02,320,306,297,340,327
6.98,0.34,0.34,0.01,0.01,0.01,320,306,297,340,327
6.83,0.33,0.33,0.03,0.03,0.03,320,306,297,340,327
6.92,0.40,0.40,0.02,0.02,0.02,320,306,297,340,327
END
7.18,0.47,0.47,0.02,0.02,0.02,322,307,303,346,331
2.42,-7.62,-7.62,0.08,0.08,0.08,322,306,303,345,331
3.12,-6.98,-6.98,0.14,0.14,0.14,322,306,303,345,331
2.07,-3.96,-3.96,0.83,0.83,0.83,321,306,303,345,329
10.61,-1.20,-1.20,1.42,1.42,1.42,321,306,302,345,328
8.36,-0.24,-0.24,0.94,0.94,0.94,320,306,300,344,327
7.83,-0.37,-0.37,-0.04,-0.04,-0.04,320,305,297,339,325
7.02,-0.38,-0.38,0.04,0.04,0.04,320,305,297,338,325
7.14,-0.32,-0.32,0.02,0.02,0.02,320,305,296,338,325
7.09,-0.42,-0.42,0.03,0.03,0.03,320,305,296,338,325
7.10,-0.22,-0.22,0.04,0.04,0.04,320,305,296,338,325
END
7.31,-0.13,-0.13,0.01,0.01,0.01,330,312,313,348,333
3.19,-6.57,-6.57,0.25,0.25,0.25,329,312,312,348,331
4.12,-3.57,-3.57,0.70,0.70,0.70,329,312,312,348,330
10.40,1.15,1.15,1.26,1.26,1.26,326,311,309,348,330
9.05,1.55,1.55,1.17,1.17,1.17,323,308,304,346,329
6.37,1.73,1.73,-0.11,-0.11,-0.11,324,308,301,343,329
6.99,0.04,0.04,0.00,0.00,0.00,323,307,300,341,327
7.15,0.14,0.14,0.02,0.02,0.02,323,307,300,341,327
7.16,0.27,0.27,0.03,0.03,0.03,323,307,300,341,327
7.28,0.44,0.44,0.04,0.04,0.04,323,307,300,341,327
7.07,0.62,0.62,0.03,0.03,0.03,323,307,300,341,327
END
7.19,0.53,0.53,0.05,0.05,0.05,327,310,322,365,339
1.83,-7.42,-7.42,0.10,0.10,0.10,327,309,322,364,338
3.83,-3.56,-3.56,0.53,0.53,0.53,326,309,317,360,335
5.97,-2.35,-2.35,0.71,0.71,0.71,323,308,311,356,330
9.62,0.67,0.67,1.02,1.02,1.02,322,307,307,352,329
7.90,0.79,0.79,0.62,0.62,0.62,321,305,302,348,328
6.17,0.04,0.04,-0.03,-0.03,-0.03,320,305,298,344,328
7.34,0.50,0.50,0.03,0.03,0.03,320,305,298,344,328
7.19,0.64,0.64,0.02,0.02,0.02,320,305,298,344,327
7.16,0.75,0.75,0.02,0.02,0.02,321,305,299,344,327
7.30,0.70,0.70,0.04,0.04,0.04,321,305,298,344,327
END
7.24,0.65,0.65,0.03,0.03,0.03,334,318,320,354,335
2.91,-7.12,-7.12,0.07,0.07,0.07,333,318,320,354,334
5.37,-4.11,-4.11,0.41,0.41,0.41,333,318,319,354,333
5.49,-0.95,-0.95,1.27,1.27,1.27,329,316,316,353,330
10.81,2.74,2.74,1.31,1.31,1.31,324,309,306,348,329
6.00,1.61,1.61,-0.07,-0.07,-0.07,321,306,298,341,328
7.31,0.36,0.36,-0.01,-0.01,-0.01,321,306,297,339,327
7.30,0.37,0.37,0.04,0.04,0.04,321,306,297,340,327
7.20,0.59,0.59,0.02,0.02,0.02,321,306,297,340,327
7.37,0.39,0.39,0.03,0.03,0.03,321,306,297,340,328
7.09,0.65,0.65,0.01,0.01,0.01,321,306,297,340,328
END
7.25,0.57,0.57,0.06,0.06,0.06,326,309,311,352,332
0.82,-6.87,-6.87,0.07,0.07,0.07,326,310,311,353,332
3.23,-3.04,-3.04,0.64,0.64,0.64,325,309,311,354,331
6.68,1.82,1.82,0.95,0.95,0.95,324,309,309,353,329
9.39,1.96,1.96,0.91,0.91,0.91,323,308,303,349,328
5.68,1.75,1.75,0.07,0.07,0.07,325,307,299,344,331
6.73,0.47,0.47,-0.04,-0.04,-0.04,324,307,298,341,331
7.11,0.48,0.48,0.04,0.04,0.04,324,306,298,342,330
6.88,0.44,0.44,0.03,0.03,0.03,323,306,298,343,331
7.11,0.63,0.63,0.03,0.03,0.03,323,306,298,343,331
7.08,0.51,0.51,0.02,0.02,0.02,323,306,298,343,331
END