7.85,10.75,10.75,-0.17,-0.17,-0.17,318,296,294,339,319
7.67,2.68,2.68,-0.12,-0.12,-0.12,318,296,294,339,319
7.87,2.66,2.66,0.10,0.10,0.10,318,296,294,339,319
7.75,2.68,2.68,0.04,0.04,0.04,318,296,294,339,319
8.29,3.05,3.05,0.00,0.00,0.00,318,296,294,339,320
8.23,3.35,3.35,0.03,0.03,0.03,318,296,294,339,320
7.87,3.30,3.30,0.00,0.00,0.00,318,296,294,339,320
7.78,3.22,3.22,0.03,0.03,0.03,318,296,294,339,320
7.93,3.69,3.69,0.02,0.02,0.02,318,296,295,339,320
8.15,3.60,3.60,0.04,0.04,0.04,318,296,295,339,320
7.81,2.58,2.58,0.04,0.04,0.04,318,296,294,339,319
END
8.10,2.56,2.56,-0.03,-0.03,-0.03,318,296,294,338,318
7.73,3.62,3.62,0.03,0.03,0.03,318,296,293,338,318
7.80,4.16,4.16,0.06,0.06,0.06,318,296,294,338,318
6.96,5.64,5.64,0.51,0.51,0.51,318,296,294,338,319
9.42,0.72,0.72,0.99,0.99,0.99,318,296,294,338,318
9.55,-0.04,-0.04,0.13,0.13,0.13,318,296,293,337,317
8.57,0.24,0.24,0.01,0.01,0.01,318,296,293,337,316
9.07,0.46,0.46,0.03,0.03,0.03,318,296,293,337,316
8.59,0.27,0.27,-0.00,-0.00,-0.00,318,296,293,337,316
8.73,0.36,0.36,0.03,0.03,0.03,318,296,293,337,316
8.84,0.31,0.31,0.03,0.03,0.03,318,296,293,337,316
END
8.63,0.38,0.38,0.03,0.03,0.03,318,296,294,338,317
8.10,3.02,3.02,0.03,0.03,0.03,318,296,294,338,317
8.05,4.34,4.34,0.12,0.12,0.12,318,296,294,338,317
8.97,3.43,3.43,0.59,0.59,0.59,318,296,294,338,317
8.06,0.13,0.13,0.59,0.59,0.59,318,295,294,338,317
12.77,-1.96,-1.96,0.48,0.48,0.48,318,296,293,337,316
8.59,0.47,0.47,0.00,0.00,0.00,318,295,293,337,316
9.04,0.42,0.42,0.04,0.04,0.04,318,295,293,337,316
8.86,0.62,0.62,0.02,0.02,0.02,318,295,293,336,316
9.08,0.53,0.53,0.03,0.03,0.03,318,295,293,336,316
8.78,0.44,0.44,0.06,0.06,0.06,318,296,293,336,316
END
8.71,0.41,0.41,0.04,0.04,0.04,318,296,295,339,316
8.23,2.63,2.63,-0.01,-0.01,-0.01,318,296,295,340,317
8.33,4.28,4.28,0.12,0.12,0.12,318,296,295,340,317
7.37,2.84,2.84,0.96,0.96,0.96,318,296,295,339,317
8.84,-1.82,-1.82,0.68,0.68,0.68,318,295,294,338,317
7.64,-0.35,-0.35,0.06,0.06,0.06,318,295,293,337,317
8.52,0.27,0.27,0.05,0.05,0.05,318,295,293,336,317
8.68,0.33,0.33,0.05,0.05,0.05,318,295,293,336,317
8.59,0.27,0.27,0.03,0.03,0.03,318,295,293,336,317
8.05,0.22,0.22,0.04,0.04,0.04,318,295,293,336,317
8.35,0.32,0.32,0.03,0.03,0.03,318,295,293,336,317
END
8.48,0.24,0.24,0.01,0.01,0.01,318,296,296,340,317
8.33,3.27,3.27,0.02,0.02,0.02,318,296,296,340,317
7.72,5.03,5.03,0.34,0.34,0.34,318,296,296,340,318
8.31,2.81,2.81,0.64,0.64,0.64,318,296,295,339,318
9.35,-0.22,-0.22,0.80,0.80,0.80,318,296,294,338,317
8.33,0.18,0.18,0.09,0.09,0.09,317,296,293,337,317
8.66,0.85,0.85,0.05,0.05,0.05,317,295,292,336,317
8.74,0.94,0.94,0.00,0.00,0.00,317,295,293,336,316
8.42,0.80,0.80,0.04,0.04,0.04,317,295,293,336,316
8.74,0.80,0.80,0.03,0.03,0.03,317,295,292,336,317
8.44,0.90,0.90,0.03,0.03,0.03,317,295,293,336,316
END
8.47,0.64,0.64,0.04,0.04,0.04,318,296,295,339,317
8.54,3.57,3.57,0.05,0.05,0.05,318,296,295,339,317
7.49,5.49,5.49,0.41,0.41,0.41,318,296,295,339,317
8.29,1.59,1.59,0.96,0.96,0.96,318,296,294,339,317
1.87,11.13,11.13,-0.74,-0.74,-0.74,319,295,293,337,317
8.84,1.08,1.08,0.04,0.04,0.04,319,295,293,336,317
8.62,0.82,0.82,0.01,0.01,0.01,319,295,293,337,317
8.58,0.70,0.70,0.02,0.02,0.02,319,295,293,336,317
8.76,0.91,0.91,0.02,0.02,0.02,319,296,293,336,317
8.97,0.79,0.79,0.04,0.04,0.04,319,296,292,336,317
8.48,0.76,0.76,0.04,0.04,0.04,319,295,293,336,317
END
8.82,1.00,1.00,0.01,0.01,0.01,318,296,293,337,315
7.08,4.95,4.95,0.08,0.08,0.08,318,295,293,337,316
7.30,6.50,6.50,0.47,0.47,0.47,318,296,293,337,316
8.40,1.40,1.40,0.73,0.73,0.73,318,295,293,337,318
10.06,-2.82,-2.82,1.04,1.04,1.04,318,295,292,335,329
8.81,0.32,0.32,0.04,0.04,0.04,317,295,292,334,325
8.48,0.59,0.59,0.03,0.03,0.03,318,295,292,334,326
8.89,0.62,0.62,0.05,0.05,0.05,318,295,292,334,327
8.92,0.56,0.56,0.05,0.05,0.05,318,295,292,334,326
8.74,0.40,0.40,0.03,0.03,0.03,318,295,292,334,326
8.30,0.59,0.59,0.00,0.00,0.00,318,295,291,334,328
END
8.79,0.50,0.50,0.03,0.03,0.03,318,296,292,335,337
7.31,4.77,4.77,0.03,0.03,0.03,318,296,292,335,337
7.10,6.09,6.09,0.33,0.33,0.33,318,296,292,335,337
8.01,3.92,3.92,0.66,0.66,0.66,319,296,292,335,337
8.33,-0.38,-0.38,0.65,0.65,0.65,319,296,292,335,337
9.34,2.30,2.30,0.08,0.08,0.08,318,296,292,335,336
8.71,0.38,0.38,0.09,0.09,0.09,317,295,292,334,334
8.74,0.23,0.23,-0.01,-0.01,-0.01,317,296,292,334,333
9.28,0.48,0.48,0.05,0.05,0.05,317,295,292,334,333
8.44,0.07,0.07,0.01,0.01,0.01,317,295,292,334,333
8.89,0.19,0.19,0.04,0.04,0.04,317,295,292,334,333
END
8.40,0.13,0.13,0.02,0.02,0.02,318,296,293,336,334
8.61,4.45,4.45,0.10,0.10,0.10,318,296,293,336,334
6.65,5.36,5.36,0.94,0.94,0.94,318,296,293,336,334
7.40,-0.68,-0.68,0.90,0.90,0.90,318,296,293,335,334
8.38,0.98,0.98,-0.09,-0.09,-0.09,317,296,292,335,334
8.76,0.44,0.44,0.06,0.06,0.06,317,296,292,334,333
8.66,0.27,0.27,0.05,0.05,0.05,317,295,292,334,333
8.97,0.53,0.53,0.04,0.04,0.04,317,296,292,334,333
8.55,0.42,0.42,0.04,0.04,0.04,317,296,292,335,333
8.71,0.45,0.45,0.03,0.03,0.03,317,296,292,334,333
8.93,0.56,0.56,0.03,0.03,0.03,317,296,292,334,333
END
8.26,0.29,0.29,0.03,0.03,0.03,318,296,294,336,334
8.14,3.60,3.60,0.04,0.04,0.04,318,296,294,336,333
7.34,5.80,5.80,0.35,0.35,0.35,318,296,294,336,334
7.86,3.19,3.19,0.95,0.95,0.95,318,296,293,336,334
8.62,-0.39,-0.39,1.16,1.16,1.16,318,296,292,335,333
9.50,0.58,0.58,0.03,0.03,0.03,318,296,292,335,333
9.07,1.51,1.51,-0.01,-0.01,-0.01,318,295,292,335,333
8.51,0.35,0.35,0.02,0.02,0.02,318,296,292,335,333
8.39,0.57,0.57,0.03,0.03,0.03,318,296,292,335,333
8.47,0.73,0.73,0.04,0.04,0.04,318,295,292,334,333
8.37,0.48,0.48,0.04,0.04,0.04,318,296,292,334,333
END
8.61,0.62,0.62,0.03,0.03,0.03,318,296,293,336,332
7.90,3.88,3.88,0.02,0.02,0.02,318,296,293,336,333
7.95,5.61,5.61,0.07,0.07,0.07,318,296,293,336,333
7.52,3.85,3.85,0.80,0.80,0.80,318,296,293,335,334
8.19,-0.96,-0.96,0.89,0.89,0.89,318,296,293,335,333
7.74,-0.88,-0.88,-0.04,-0.04,-0.04,317,296,292,335,331
8.59,0.41,0.41,0.07,0.07,0.07,317,296,292,334,330
8.18,0.32,0.32,0.04,0.04,0.04,317,296,291,334,330
8.84,0.71,0.71,0.05,0.05,0.05,317,295,292,334,330
8.43,0.53,0.53,0.04,0.04,0.04,317,295,292,334,330
8.41,0.45,0.45,0.04,0.04,0.04,317,295,292,334,330
END
8.27,0.37,0.37,0.03,0.03,0.03,318,296,293,335,332
7.50,4.43,4.43,0.07,0.07,0.07,318,296,293,335,331
7.28,5.79,5.79,0.23,0.23,0.23,318,296,293,335,332
7.01,4.29,4.29,0.71,0.71,0.71,318,296,293,335,332
7.57,1.74,1.74,0.91,0.91,0.91,318,296,292,335,332
6.72,1.22,1.22,-0.10,-0.10,-0.10,318,296,292,334,331
8.03,0.66,0.66,0.08,0.08,0.08,318,296,292,334,331
8.52,0.78,0.78,0.03,0.03,0.03,318,296,292,334,330
8.22,0.60,0.60,0.04,0.04,0.04,318,296,292,334,330
8.30,0.81,0.81,0.04,0.04,0.04,318,296,292,334,330
8.66,0.90,0.90,0.03,0.03,0.03,318,296,293,334,330
END
8.47,0.73,0.73,0.03,0.03,0.03,318,296,293,336,333
7.92,4.34,4.34,0.01,0.01,0.01,318,296,293,336,333
7.72,6.91,6.91,0.28,0.28,0.28,318,296,293,336,333
7.46,4.65,4.65,1.02,1.02,1.02,318,296,293,336,333
7.28,-0.32,-0.32,0.78,0.78,0.78,318,296,293,335,332
8.83,0.68,0.68,0.19,0.19,0.19,318,296,292,334,330
8.48,0.61,0.61,0.04,0.04,0.04,318,295,292,334,330
7.99,0.67,0.67,0.02,0.02,0.02,318,296,292,334,329
8.50,0.93,0.93,0.03,0.03,0.03,318,296,292,334,329
8.43,0.88,0.88,0.03,0.03,0.03,318,295,292,334,330
8.51,1.25,1.25,0.03,0.03,0.03,318,296,292,334,329
END
8.20,0.88,0.88,0.03,0.03,0.03,318,296,293,335,331
7.19,6.53,6.53,-0.15,-0.15,-0.15,318,296,293,335,331
7.56,4.84,4.84,0.13,0.13,0.13,318,296,293,336,331
7.03,4.99,4.99,0.88,0.88,0.88,318,296,293,336,331
7.98,1.63,1.63,0.96,0.96,0.96,319,296,293,335,332
8.04,1.03,1.03,0.04,0.04,0.04,320,296,293,335,331
8.13,0.98,0.98,0.05,0.05,0.05,319,296,293,335,330
8.17,0.87,0.87,0.03,0.03,0.03,319,296,292,335,330
8.19,1.08,1.08,0.03,0.03,0.03,319,296,293,335,330
8.21,1.11,1.11,0.03,0.03,0.03,319,296,292,335,330
8.38,0.96,0.96,0.03,0.03,0.03,319,296,292,335,330
END
8.05,1.03,1.03,0.03,0.03,0.03,318,296,293,335,333
7.68,4.51,4.51,0.02,0.02,0.02,318,296,294,335,333
7.62,6.30,6.30,0.26,0.26,0.26,318,296,293,335,332
7.02,4.26,4.26,0.84,0.84,0.84,318,296,293,335,332
8.19,-0.56,-0.56,0.95,0.95,0.95,318,296,293,335,332
10.82,0.65,0.65,-0.17,-0.17,-0.17,318,296,293,334,333
8.23,0.68,0.68,0.06,0.06,0.06,317,296,292,334,332
8.52,0.47,0.47,0.04,0.04,0.04,318,296,293,334,332
8.51,0.46,0.46,0.03,0.03,0.03,318,296,292,334,332
8.41,0.48,0.48,0.04,0.04,0.04,318,296,293,334,332
8.44,0.67,0.67,0.04,0.04,0.04,318,296,293,334,332
END
8.19,0.30,0.30,0.03,0.03,0.03,318,297,294,336,333
7.75,4.57,4.57,0.02,0.02,0.02,318,297,294,337,333
7.80,5.25,5.25,0.09,0.09,0.09,318,296,294,336,333
6.66,6.05,6.05,0.73,0.73,0.73,318,296,294,336,333
7.85,2.75,2.75,1.11,1.11,1.11,318,296,294,336,333
7.10,2.66,2.66,-0.24,-0.24,-0.24,319,296,293,335,330
7.77,0.70,0.70,0.04,0.04,0.04,319,296,293,335,329
8.59,0.85,0.85,0.02,0.02,0.02,319,296,293,335,329
7.99,0.67,0.67,0.01,0.01,0.01,319,296,293,335,329
8.01,0.41,0.41,0.02,0.02,0.02,319,296,293,334,329
8.14,0.56,0.56,0.04,0.04,0.04,319,296,293,334,329
END
8.21,0.45,0.45,0.03,0.03,0.03,318,296,293,335,327
7.19,4.90,4.90,0.02,0.02,0.02,318,296,293,335,327
7.43,5.85,5.85,0.04,0.04,0.04,318,296,293,335,327
6.53,5.73,5.73,1.04,1.04,1.04,318,296,293,335,328
7.11,-1.21,-1.21,1.26,1.26,1.26,318,296,293,335,328
6.02,-1.01,-1.01,-0.07,-0.07,-0.07,318,296,292,334,327
8.26,0.62,0.62,0.05,0.05,0.05,318,296,292,334,327
8.03,0.54,0.54,0.02,0.02,0.02,318,296,292,334,327
8.21,0.32,0.32,0.03,0.03,0.03,318,296,292,334,327
7.98,0.26,0.26,0.03,0.03,0.03,318,296,293,334,327
8.40,0.51,0.51,0.04,0.04,0.04,318,296,293,334,327
END
7.87,0.42,0.42,0.02,0.02,0.02,318,296,293,335,327
7.57,4.59,4.59,0.01,0.01,0.01,318,297,293,335,327
7.59,6.30,6.30,0.23,0.23,0.23,318,297,293,335,328
7.83,4.36,4.36,0.80,0.80,0.80,318,296,293,335,328
7.62,0.73,0.73,1.06,1.06,1.06,318,296,293,335,328
6.36,0.86,0.86,-0.17,-0.17,-0.17,318,296,293,334,327
8.10,0.85,0.85,0.04,0.04,0.04,318,296,292,334,326
7.77,0.44,0.44,0.03,0.03,0.03,318,296,292,334,326
8.46,0.76,0.76,0.06,0.06,0.06,318,296,293,334,326
8.44,0.88,0.88,0.03,0.03,0.03,318,296,293,334,326
8.21,0.43,0.43,0.03,0.03,0.03,318,296,293,334,326
END
8.38,0.83,0.83,0.03,0.03,0.03,318,296,294,336,326
7.06,5.38,5.38,0.01,0.01,0.01,318,296,294,336,326
7.06,5.31,5.31,0.03,0.03,0.03,318,296,294,336,326
7.10,6.03,6.03,0.15,0.15,0.15,318,297,294,336,326
6.17,5.87,5.87,0.66,0.66,0.66,318,297,294,336,326
7.74,2.28,2.28,0.74,0.74,0.74,318,297,294,336,327
8.27,1.91,1.91,0.67,0.67,0.67,318,297,293,335,326
5.80,0.18,0.18,0.05,0.05,0.05,319,296,293,335,326
8.44,0.90,0.90,0.04,0.04,0.04,319,296,293,335,325
8.37,1.07,1.07,0.03,0.03,0.03,319,296,293,335,325
8.12,0.84,0.84,0.02,0.02,0.02,319,296,293,335,325
END
8.28,2.71,2.71,0.03,0.03,0.03,318,297,296,339,337
8.08,2.96,2.96,0.02,0.02,0.02,318,297,296,339,337
8.10,3.00,3.00,0.04,0.04,0.04,318,297,296,339,337
8.18,2.81,2.81,0.07,0.07,0.07,317,297,296,339,337
7.71,3.75,3.75,0.25,0.25,0.25,318,297,296,339,337
7.24,1.50,1.50,0.57,0.57,0.57,317,297,296,338,338
9.42,0.28,0.28,0.57,0.57,0.57,317,297,295,338,338
8.82,0.98,0.98,0.21,0.21,0.21,317,296,295,337,335
8.96,0.96,0.96,0.05,0.05,0.05,317,296,294,336,333
8.68,1.00,1.00,0.04,0.04,0.04,316,296,294,336,333
8.76,1.08,1.08,0.03,0.03,0.03,316,296,294,336,333
END
8.61,0.89,0.89,0.02,0.02,0.02,318,297,298,339,338
9.12,2.81,2.81,0.05,0.05,0.05,318,297,298,340,338
8.94,3.06,3.06,-0.02,-0.02,-0.02,318,297,298,340,338
7.93,4.34,4.34,0.67,0.67,0.67,318,297,298,339,338
9.02,-0.36,-0.36,0.62,0.62,0.62,317,297,297,339,337
9.04,1.85,1.85,0.49,0.49,0.49,317,296,295,338,337
6.87,0.12,0.12,-0.02,-0.02,-0.02,317,296,294,336,336
9.06,0.90,0.90,0.11,0.11,0.11,316,296,293,336,334
8.71,1.08,1.08,0.04,0.04,0.04,316,296,293,335,333
8.54,0.79,0.79,0.01,0.01,0.01,316,296,293,335,333
8.38,0.47,0.47,0.07,0.07,0.07,316,296,293,335,333
END
8.21,0.50,0.50,0.05,0.05,0.05,317,296,294,336,337
6.78,3.64,3.64,0.01,0.01,0.01,317,297,294,336,337
6.93,4.12,4.12,0.01,0.01,0.01,317,297,294,336,337
6.79,4.45,4.45,0.66,0.66,0.66,317,297,294,336,337
7.37,0.25,0.25,0.88,0.88,0.88,317,296,294,336,338
7.85,2.26,2.26,0.10,0.10,0.10,317,296,294,336,336
7.89,0.50,0.50,0.01,0.01,0.01,317,296,293,335,333
8.32,0.27,0.27,0.04,0.04,0.04,317,296,293,335,334
8.22,0.32,0.32,0.03,0.03,0.03,317,296,293,335,334
8.45,0.32,0.32,0.03,0.03,0.03,316,296,293,335,334
8.32,0.43,0.43,0.03,0.03,0.03,317,296,293,335,334
END
8.08,0.39,0.39,0.03,0.03,0.03,317,296,295,336,334
8.36,3.65,3.65,0.02,0.02,0.02,317,297,295,337,334
8.30,4.69,4.69,0.10,0.10,0.10,317,297,295,337,334
7.33,3.91,3.91,0.55,0.55,0.55,318,297,295,336,335
9.55,1.46,1.46,0.67,0.67,0.67,317,297,294,336,335
6.88,0.32,0.32,0.78,0.78,0.78,317,296,294,336,334
7.75,0.03,0.03,0.14,0.14,0.14,316,296,293,335,331
8.27,0.51,0.51,0.05,0.05,0.05,316,296,293,335,331
8.12,0.53,0.53,0.05,0.05,0.05,316,296,293,335,331
8.33,0.66,0.66,0.02,0.02,0.02,316,296,293,334,331
8.66,0.48,0.48,0.06,0.06,0.06,316,296,293,335,331
END
8.34,0.70,0.70,0.02,0.02,0.02,318,297,294,336,333
7.89,4.24,4.24,0.04,0.04,0.04,318,297,295,337,333
7.72,5.06,5.06,0.12,0.12,0.12,318,297,295,337,333
7.43,4.90,4.90,0.71,0.71,0.71,318,297,295,337,334
7.87,0.47,0.47,0.81,0.81,0.81,317,296,295,337,334
10.57,-4.64,-4.64,1.04,1.04,1.04,317,296,294,335,334
8.32,0.69,0.69,0.03,0.03,0.03,317,296,293,335,332
7.84,0.57,0.57,0.03,0.03,0.03,316,296,293,335,332
8.31,0.85,0.85,0.03,0.03,0.03,316,296,293,335,332
7.90,0.56,0.56,0.03,0.03,0.03,316,296,293,334,332
8.20,0.57,0.57,0.03,0.03,0.03,317,296,293,334,332
END
8.55,0.58,0.58,0.04,0.04,0.04,318,297,298,339,334
7.95,3.44,3.44,0.04,0.04,0.04,318,297,298,339,334
8.18,6.04,6.04,0.42,0.42,0.42,318,297,297,339,334
7.64,1.85,1.85,1.00,1.00,1.00,318,297,296,337,333
7.12,-0.11,-0.11,0.67,0.67,0.67,318,297,295,337,334
8.14,1.98,1.98,-0.21,-0.21,-0.21,317,296,294,336,333
7.64,0.68,0.68,0.05,0.05,0.05,317,296,294,335,332
7.97,0.58,0.58,0.02,0.02,0.02,317,296,294,335,332
8.08,0.51,0.51,0.03,0.03,0.03,317,296,294,335,332
8.16,0.53,0.53,0.03,0.03,0.03,317,296,294,335,332
7.98,0.43,0.43,0.02,0.02,0.02,317,296,294,335,332
END
8.35,0.60,0.60,0.03,0.03,0.03,318,297,297,339,335
7.69,4.59,4.59,0.01,0.01,0.01,318,297,297,339,334
8.03,5.74,5.74,0.38,0.38,0.38,318,297,297,340,334
7.10,4.43,4.43,0.87,0.87,0.87,318,297,297,339,335
7.52,-0.25,-0.25,0.86,0.86,0.86,318,297,296,338,334
10.19,0.42,0.42,-0.04,-0.04,-0.04,317,296,294,336,334
7.95,0.55,0.55,0.02,0.02,0.02,316,296,294,335,333
8.21,0.42,0.42,0.04,0.04,0.04,316,296,294,335,333
8.40,0.62,0.62,0.04,0.04,0.04,316,296,294,335,333
8.44,0.73,0.73,0.04,0.04,0.04,316,296,294,335,333
8.19,0.55,0.55,0.03,0.03,0.03,316,296,294,335,333
END
8.46,0.59,0.59,0.05,0.05,0.05,318,297,296,339,335
7.43,4.38,4.38,0.07,0.07,0.07,318,297,296,339,334
7.65,5.21,5.21,0.31,0.31,0.31,318,297,296,338,334
7.98,4.36,4.36,0.78,0.78,0.78,318,297,296,338,334
8.15,-0.23,-0.23,1.11,1.11,1.11,318,297,295,337,333
8.00,0.46,0.46,-0.05,-0.05,-0.05,317,296,294,335,332
8.42,0.80,0.80,0.06,0.06,0.06,317,296,294,335,331
8.30,0.96,0.96,0.02,0.02,0.02,317,296,293,335,331
8.39,0.66,0.66,0.03,0.03,0.03,317,297,293,335,331
8.46,0.87,0.87,0.03,0.03,0.03,317,296,293,335,331
8.08,0.73,0.73,0.03,0.03,0.03,317,296,293,335,331
END
8.38,0.78,0.78,0.03,0.03,0.03,319,297,298,340,334
7.83,4.04,4.04,0.02,0.02,0.02,319,297,298,340,334
8.00,5.60,5.60,0.26,0.26,0.26,319,297,298,340,334
7.74,4.34,4.34,0.68,0.68,0.68,319,297,297,339,334
8.00,0.21,0.21,0.89,0.89,0.89,318,297,297,339,334
15.42,-12.25,-12.25,0.11,0.11,0.11,317,296,294,337,333
7.49,0.49,0.49,0.02,0.02,0.02,317,296,294,336,331
8.10,1.07,1.07,0.02,0.02,0.02,317,297,294,336,331
8.58,0.93,0.93,0.03,0.03,0.03,317,297,294,336,331
8.09,0.75,0.75,0.03,0.03,0.03,317,296,294,336,331
8.24,0.88,0.88,0.03,0.03,0.03,317,296,294,336,331
END
8.17,0.80,0.80,0.03,0.03,0.03,317,297,294,336,336
7.60,4.44,4.44,0.05,0.05,0.05,318,297,294,336,336
6.98,6.18,6.18,0.32,0.32,0.32,317,297,294,336,336
7.91,3.75,3.75,0.92,0.92,0.92,317,297,294,336,336
8.33,0.05,0.05,0.86,0.86,0.86,317,297,294,336,335
7.53,0.81,0.81,0.07,0.07,0.07,317,297,294,335,334
7.96,1.15,1.15,0.03,0.03,0.03,317,296,294,335,334
8.15,1.13,1.13,0.03,0.03,0.03,317,296,294,335,333
8.29,1.24,1.24,0.03,0.03,0.03,317,296,293,335,333
8.43,1.18,1.18,0.03,0.03,0.03,317,296,294,335,333
8.16,1.18,1.18,0.03,0.03,0.03,317,296,293,335,333
END
8.33,1.18,1.18,0.03,0.03,0.03,318,297,297,339,333
7.85,4.07,4.07,0.02,0.02,0.02,318,297,297,340,333
7.88,4.08,4.08,0.01,0.01,0.01,318,297,297,339,333
7.52,5.48,5.48,0.38,0.38,0.38,318,297,297,339,334
7.71,2.91,2.91,0.78,0.78,0.78,318,297,297,339,334
9.07,0.46,0.46,0.53,0.53,0.53,318,297,297,339,334
7.00,1.26,1.26,0.57,0.57,0.57,318,297,296,338,334
6.36,1.05,1.05,0.09,0.09,0.09,317,297,294,336,331
8.36,1.24,1.24,0.03,0.03,0.03,317,296,294,336,331
8.31,1.20,1.20,0.05,0.05,0.05,317,296,294,336,331
8.51,1.16,1.16,0.03,0.03,0.03,317,296,294,335,331
END
7.99,1.10,1.10,0.02,0.02,0.02,318,297,296,339,333
7.97,3.57,3.57,0.04,0.04,0.04,318,297,296,338,333
7.98,4.13,4.13,0.05,0.05,0.05,318,297,297,338,333
7.80,4.43,4.43,0.40,0.40,0.40,318,297,297,338,333
8.49,2.59,2.59,0.60,0.60,0.60,318,297,296,338,333
8.95,0.71,0.71,0.43,0.43,0.43,318,297,296,338,333
6.91,1.00,1.00,0.54,0.54,0.54,318,297,295,337,333
7.31,0.28,0.28,0.13,0.13,0.13,317,296,294,336,332
8.50,1.16,1.16,0.04,0.04,0.04,317,296,294,336,332
8.28,1.11,1.11,0.02,0.02,0.02,316,296,293,335,331
8.60,0.99,0.99,0.04,0.04,0.04,316,296,294,335,331
END
8.15,1.21,1.21,0.02,0.02,0.02,318,297,296,339,334
8.13,3.69,3.69,0.04,0.04,0.04,318,297,297,339,334
8.18,4.44,4.44,0.17,0.17,0.17,318,297,297,339,334
7.95,3.49,3.49,0.34,0.34,0.34,318,297,297,339,334
8.79,2.66,2.66,0.51,0.51,0.51,318,297,297,339,335
9.47,0.19,0.19,0.59,0.59,0.59,318,297,296,339,335
7.19,0.85,0.85,0.65,0.65,0.65,318,297,296,338,335
8.36,1.26,1.26,0.13,0.13,0.13,317,297,294,336,335
8.31,1.23,1.23,0.03,0.03,0.03,317,296,294,336,334
8.26,1.23,1.23,0.03,0.03,0.03,317,296,294,336,334
8.35,1.16,1.16,0.04,0.04,0.04,316,296,294,336,334
END
8.49,1.21,1.21,0.04,0.04,0.04,319,297,298,340,336
7.96,3.83,3.83,0.04,0.04,0.04,319,297,299,340,336
8.17,4.47,4.47,0.13,0.13,0.13,319,297,299,340,336
8.00,4.57,4.57,0.51,0.51,0.51,319,297,299,340,336
8.37,1.10,1.10,0.71,0.71,0.71,319,297,298,339,336
8.74,1.21,1.21,0.42,0.42,0.42,319,297,297,339,339
7.70,7.78,7.78,-0.47,-0.47,-0.47,317,296,295,337,337
8.18,1.48,1.48,0.04,0.04,0.04,317,297,294,336,334
8.11,1.16,1.16,0.04,0.04,0.04,317,297,294,336,334
8.48,1.43,1.43,0.03,0.03,0.03,317,296,294,336,334
8.10,1.40,1.40,0.03,0.03,0.03,317,296,294,336,334
END
8.08,1.38,1.38,0.03,0.03,0.03,318,297,297,339,337
8.18,3.66,3.66,0.05,0.05,0.05,318,297,297,339,337
7.93,4.92,4.92,0.54,0.54,0.54,318,297,297,339,337
7.40,2.61,2.61,0.79,0.79,0.79,318,297,297,339,337
9.06,1.31,1.31,0.80,0.80,0.80,318,297,296,338,337
7.88,2.48,2.48,-0.04,-0.04,-0.04,317,296,294,336,336
7.78,1.12,1.12,0.04,0.04,0.04,317,296,294,336,334
7.89,0.84,0.84,0.03,0.03,0.03,317,296,294,336,334
8.83,0.49,0.49,0.13,0.13,0.13,317,296,294,336,334
7.98,-0.14,-0.14,0.11,0.11,0.11,317,296,294,336,333
7.59,-0.02,-0.02,0.11,0.11,0.11,317,296,294,336,333
END
7.47,-0.50,-0.50,0.02,0.02,0.02,318,297,299,340,335
5.10,5.22,5.22,0.42,0.42,0.42,318,297,299,340,336
6.83,3.14,3.14,0.81,0.81,0.81,318,297,299,339,337
8.74,0.79,0.79,0.57,0.57,0.57,318,297,297,339,338
8.41,2.37,2.37,0.15,0.15,0.15,317,296,295,337,336
7.77,0.77,0.77,0.02,0.02,0.02,317,297,295,336,333
8.05,0.71,0.71,0.03,0.03,0.03,317,296,294,336,333
8.28,0.95,0.95,0.04,0.04,0.04,317,296,294,336,333
8.14,0.67,0.67,0.03,0.03,0.03,317,297,294,336,333
7.65,0.67,0.67,0.03,0.03,0.03,317,296,294,336,333
7.83,0.75,0.75,0.03,0.03,0.03,317,296,294,336,333
END
7.56,0.45,0.45,0.03,0.03,0.03,318,298,299,340,334
6.65,4.79,4.79,0.02,0.02,0.02,318,297,299,340,333
6.56,4.87,4.87,0.02,0.02,0.02,319,297,299,341,334
6.68,5.92,5.92,0.20,0.20,0.20,318,297,299,341,334
6.32,4.35,4.35,0.67,0.67,0.67,318,298,299,341,335
5.80,2.13,2.13,0.57,0.57,0.57,318,297,299,341,334
7.16,1.64,1.64,0.47,0.47,0.47,318,298,298,340,335
7.12,0.22,0.22,0.11,0.11,0.11,317,297,296,338,334
7.62,0.78,0.78,0.04,0.04,0.04,317,296,295,337,333
7.39,0.42,0.42,0.03,0.03,0.03,317,297,295,337,333
7.77,0.81,0.81,0.04,0.04,0.04,317,297,295,337,332
END
7.48,0.81,0.81,0.02,0.02,0.02,318,297,299,340,333
6.72,4.70,4.70,0.06,0.06,0.06,318,297,299,341,333
6.78,4.81,4.81,0.05,0.05,0.05,318,298,299,341,333
6.78,4.95,4.95,0.34,0.34,0.34,318,297,299,341,333
6.16,3.17,3.17,0.47,0.47,0.47,318,298,299,340,333
6.88,0.14,0.14,0.51,0.51,0.51,318,297,299,340,333
7.47,1.29,1.29,0.42,0.42,0.42,318,297,298,340,333
18.99,-12.87,-12.87,0.66,0.66,0.66,317,297,296,338,332
8.41,1.03,1.03,0.08,0.08,0.08,317,296,295,337,331
8.09,1.11,1.11,0.02,0.02,0.02,317,296,294,337,331
8.46,1.29,1.29,0.05,0.05,0.05,317,296,294,337,331
END
8.40,1.26,1.26,0.03,0.03,0.03,317,296,295,337,332
7.98,1.16,1.16,0.04,0.04,0.04,317,297,295,337,332
9.52,-0.75,-0.75,-0.59,-0.59,-0.59,317,297,295,338,333
6.45,2.38,2.38,-0.77,-0.77,-0.77,318,297,297,340,336
7.01,4.77,4.77,-0.50,-0.50,-0.50,318,297,297,340,336
7.25,4.66,4.66,0.17,0.17,0.17,318,297,297,340,336
8.31,3.80,3.80,0.78,0.78,0.78,318,297,297,340,335
7.37,0.47,0.47,0.69,0.69,0.69,318,297,297,340,335
9.74,3.43,3.43,-0.17,-0.17,-0.17,318,297,295,338,334
7.32,0.77,0.77,0.04,0.04,0.04,317,297,295,337,332
8.10,1.23,1.23,0.03,0.03,0.03,317,297,295,337,332
END