3.68,1.17,-9.53,0.04,-0.01,-0.05,515,455,450,338,416
3.85,0.94,-9.57,0.04,-0.03,-0.03,515,455,450,338,415
3.54,0.83,-9.17,0.04,-0.01,0.01,515,455,450,338,416
3.19,0.74,-9.02,0.01,-0.01,-0.01,514,455,450,338,416
3.58,1.10,-9.53,0.02,0.01,-0.02,514,455,450,338,416
3.70,0.99,-9.37,0.04,0.01,-0.04,514,455,450,338,415
3.51,0.69,-9.41,0.05,-0.00,-0.03,514,454,450,338,415
3.44,0.78,-9.38,0.03,-0.01,-0.00,514,454,449,338,415
3.35,0.81,-9.45,0.02,-0.03,-0.04,513,454,450,338,415
3.33,0.83,-9.45,0.04,-0.01,-0.02,514,453,449,338,416
3.50,0.60,-9.56,0.04,-0.04,-0.07,513,454,449,338,415
3.38,0.78,-9.42,0.04,-0.01,-0.00,513,454,449,338,415
3.62,0.69,-9.32,0.05,-0.02,-0.03,513,454,449,338,415
3.07,0.74,-9.46,0.03,0.01,0.02,513,454,449,338,415
3.13,0.74,-9.33,0.03,-0.01,-0.04,513,454,449,338,415
3.22,0.80,-9.60,0.03,0.02,-0.04,513,454,449,338,415
3.78,0.72,-9.33,0.06,0.02,-0.04,513,453,449,338,415
3.52,0.53,-9.34,0.05,0.01,-0.01,513,454,449,338,414
3.17,0.46,-9.38,0.02,-0.02,-0.04,512,453,449,338,415
3.16,0.65,-9.38,0.04,-0.00,-0.05,512,453,449,338,415
3.55,0.93,-9.56,0.05,-0.00,-0.07,512,452,449,338,415
3.63,0.76,-9.51,0.05,0.01,-0.06,512,453,449,338,415
3.31,0.62,-9.36,0.05,0.03,-0.06,512,453,449,338,415
3.18,0.49,-9.41,0.06,0.05,-0.06,512,453,448,338,415
3.15,0.57,-9.42,0.03,0.04,-0.07,512,453,448,338,414
3.88,1.23,-9.71,0.06,-0.04,-0.11,512,453,448,338,414
3.45,0.70,-9.28,0.11,-0.05,-0.08,512,453,448,338,414
3.76,0.39,-9.15,0.06,-0.03,-0.04,511,453,448,338,414
3.53,0.67,-9.35,-0.00,-0.05,0.01,511,453,448,338,414
3.53,0.95,-9.63,-0.00,-0.08,-0.05,511,453,448,338,414
3.37,0.82,-9.48,0.05,0.04,0.02,511,452,448,338,414
3.25,0.44,-9.39,0.07,0.05,0.00,511,452,448,338,414
3.00,0.57,-9.27,0.02,0.02,-0.01,511,452,448,338,414
3.20,1.05,-9.61,-0.02,-0.01,-0.03,511,453,448,338,414
3.59,1.02,-9.54,0.01,-0.03,-0.06,511,452,448,338,414
3.86,0.70,-9.32,0.03,-0.00,-0.04,511,452,448,338,414
END
3.53,0.65,-9.35,0.01,0.02,-0.03,508,451,446,338,413
3.01,0.71,-9.45,0.00,-0.03,-0.08,508,451,446,338,413
3.58,1.13,-9.50,0.02,-0.04,-0.09,507,450,446,338,412
3.59,0.79,-9.50,0.04,-0.03,-0.09,507,451,446,338,412
3.55,0.95,-9.58,0.03,0.01,-0.04,508,451,446,338,413
3.31,0.83,-9.50,0.03,0.04,-0.01,507,451,446,339,413
3.21,0.92,-9.55,0.05,-0.00,-0.04,507,451,446,338,413
3.26,0.82,-9.41,0.03,-0.01,-0.00,508,451,446,338,413
3.37,0.85,-9.49,0.02,-0.02,-0.04,507,451,446,338,413
3.52,0.83,-9.38,0.04,0.01,0.01,507,451,446,338,412
3.04,0.74,-9.30,0.02,0.01,0.02,506,451,446,338,413
2.94,0.70,-9.28,-0.00,0.01,-0.01,507,451,446,338,412
3.01,0.88,-9.46,-0.01,0.00,-0.04,507,450,446,338,412
3.07,0.91,-9.68,-0.00,-0.00,-0.09,507,450,445,339,412
3.29,0.93,-9.78,0.05,0.02,-0.12,507,450,445,338,412
3.74,1.03,-9.53,0.08,0.03,-0.09,507,450,445,338,412
3.56,0.92,-9.42,0.09,0.02,-0.08,507,450,446,338,412
3.70,0.97,-9.28,0.07,0.00,-0.05,507,450,446,338,413
3.63,1.00,-9.28,0.05,-0.02,-0.03,507,450,445,339,413
3.64,0.92,-9.25,0.04,-0.03,-0.00,507,450,445,338,412
3.14,0.68,-9.28,0.01,-0.03,0.02,507,449,445,338,413
3.02,0.68,-9.43,-0.01,-0.01,0.00,507,450,445,338,412
3.29,0.84,-9.66,0.03,0.01,-0.04,507,450,445,339,412
3.40,0.84,-9.58,0.05,-0.01,-0.06,506,450,445,338,412
3.42,0.70,-9.45,0.05,-0.01,-0.05,506,450,445,338,412
3.45,0.88,-9.32,0.05,-0.03,-0.04,506,450,445,339,412
3.15,0.90,-9.47,0.05,-0.00,-0.01,506,450,445,338,412
3.22,0.75,-9.36,0.01,-0.01,-0.03,506,450,445,338,412
3.14,0.84,-9.55,0.02,-0.02,-0.05,506,450,445,339,412
3.25,0.86,-9.45,0.01,0.00,-0.03,506,450,445,339,412
3.38,0.94,-9.52,0.01,-0.01,-0.05,506,450,445,339,412
3.32,0.95,-9.45,0.01,-0.00,-0.02,506,450,445,339,412
3.16,0.92,-9.45,0.02,-0.00,-0.03,506,450,445,338,412
3.14,0.97,-9.60,0.01,-0.02,-0.05,506,450,445,339,412
3.35,1.00,-9.56,0.03,0.00,-0.02,506,449,445,339,412
3.30,1.02,-9.55,0.05,-0.02,-0.05,506,449,445,338,412
END
3.08,1.06,-9.58,0.04,0.00,-0.01,504,448,444,338,412
3.41,0.75,-9.45,0.02,0.00,-0.02,504,448,443,339,412
3.24,0.78,-9.45,0.01,-0.03,-0.04,503,448,444,339,412
3.24,0.84,-9.59,0.03,0.00,-0.02,503,448,444,339,412
3.37,0.80,-9.50,0.02,-0.02,-0.03,504,448,444,339,411
3.24,0.80,-9.53,0.03,-0.00,-0.03,504,448,444,339,412
3.18,0.84,-9.45,0.03,-0.01,-0.03,503,447,443,339,411
3.21,0.78,-9.34,0.03,0.00,-0.02,504,448,443,339,412
3.29,0.83,-9.35,0.02,-0.01,-0.03,503,447,443,339,411
3.36,0.82,-9.55,0.02,-0.01,-0.03,503,447,443,339,411
3.24,0.89,-9.67,0.03,-0.00,-0.03,503,447,443,339,411
3.30,0.70,-9.48,0.01,-0.00,-0.01,503,447,443,339,411
3.32,0.87,-9.56,0.02,0.01,-0.02,503,447,443,339,412
3.12,0.86,-9.54,0.02,-0.02,-0.02,503,447,443,339,411
3.35,0.88,-9.53,0.05,0.00,-0.03,503,447,443,339,412
3.15,0.81,-9.37,0.04,-0.01,-0.02,503,447,443,339,412
3.24,0.82,-9.44,0.02,0.00,-0.02,503,447,443,339,412
3.30,1.00,-9.55,0.03,-0.00,-0.03,503,447,443,339,412
3.22,0.93,-9.53,0.03,0.01,-0.02,503,447,443,339,411
3.37,0.77,-9.45,0.03,-0.00,-0.04,502,447,442,338,411
3.27,0.90,-9.53,0.04,-0.01,-0.04,503,447,442,339,411
3.25,0.93,-9.39,0.02,0.01,-0.01,503,447,442,339,411
3.19,0.96,-9.38,0.03,-0.01,-0.03,503,448,443,339,411
3.35,0.92,-9.54,0.02,-0.01,-0.02,503,447,442,338,411
3.30,0.73,-9.51,0.03,-0.00,-0.02,503,447,442,339,411
3.14,0.84,-9.54,0.02,-0.01,-0.03,503,447,442,339,411
3.39,0.91,-9.50,0.03,0.01,-0.02,503,447,443,339,411
3.25,0.91,-9.43,0.03,-0.00,-0.03,502,446,442,339,411
3.12,0.88,-9.59,0.01,-0.00,-0.02,503,447,442,339,411
3.27,0.91,-9.55,0.03,-0.01,-0.03,502,447,442,339,411
3.37,0.90,-9.58,0.02,0.00,-0.02,502,446,442,339,411
3.32,0.94,-9.62,0.03,-0.01,-0.03,502,448,442,339,411
3.22,0.94,-9.45,0.03,-0.00,-0.03,502,446,442,339,411
3.18,0.97,-9.48,0.03,0.00,-0.03,502,446,442,339,411
3.26,0.88,-9.53,0.03,-0.00,-0.03,502,447,442,339,411
3.34,0.90,-9.45,0.05,-0.01,-0.04,502,446,442,339,411
END
3.38,0.85,-9.50,0.03,-0.01,-0.01,500,445,441,338,411
3.09,0.77,-9.28,0.07,-0.02,0.00,500,445,441,338,411
2.87,0.83,-9.23,0.02,-0.01,-0.02,500,445,441,338,410
3.36,0.80,-9.50,-0.01,-0.02,-0.07,500,445,441,338,411
3.45,0.95,-9.55,0.00,0.00,-0.05,499,445,440,338,410
3.58,1.26,-9.68,0.03,0.01,-0.01,499,445,440,338,410
3.25,1.13,-9.30,0.04,-0.03,-0.02,499,445,441,338,410
3.14,0.83,-9.25,0.03,-0.04,-0.04,499,445,440,338,410
3.24,0.85,-9.58,-0.02,-0.02,-0.05,499,445,440,339,410
3.60,1.46,-10.05,0.01,-0.00,-0.04,499,444,440,338,410
3.34,1.15,-9.61,0.07,0.02,0.01,499,445,441,338,410
3.00,1.06,-9.43,0.07,0.00,-0.00,499,444,441,339,410
2.89,1.23,-9.49,0.04,0.00,-0.02,499,444,440,339,410
3.05,0.78,-9.43,0.05,0.00,-0.06,499,445,441,339,410
3.17,0.95,-9.44,0.02,0.01,-0.06,499,445,441,338,410
3.32,0.85,-9.42,0.03,0.03,-0.05,499,444,440,338,410
3.25,0.94,-9.45,0.02,0.03,-0.05,499,444,440,338,410
3.62,1.03,-9.34,0.04,-0.00,-0.04,498,443,440,339,410
3.70,1.12,-9.38,0.03,-0.07,-0.04,499,444,440,338,410
3.65,1.26,-9.36,0.01,-0.08,0.01,499,444,440,339,410
3.25,1.23,-9.45,0.04,-0.04,0.01,499,443,440,339,410
3.18,1.01,-9.53,0.03,-0.01,0.02,499,444,440,338,410
2.96,0.75,-9.46,0.00,-0.03,0.02,499,444,440,338,410
2.26,0.85,-9.74,0.02,-0.01,-0.08,499,444,439,339,410
2.97,1.18,-9.56,-0.01,-0.03,-0.14,499,444,440,338,411
3.01,1.29,-9.74,0.06,0.06,-0.00,499,444,440,338,410
3.31,0.90,-9.33,0.07,-0.02,-0.06,499,444,440,339,410
3.21,1.16,-9.48,0.04,-0.01,-0.04,499,444,440,338,410
3.01,1.11,-9.49,0.03,0.01,-0.05,499,444,440,338,410
3.09,1.16,-9.59,0.03,0.02,-0.06,499,444,440,339,410
3.15,1.16,-9.68,0.05,-0.00,-0.07,499,444,440,338,410
3.12,0.95,-9.37,0.05,-0.01,-0.07,499,444,439,339,410
3.19,1.17,-9.60,0.02,-0.01,-0.03,499,444,440,339,410
3.10,1.28,-9.61,0.04,-0.02,-0.06,499,444,440,339,410
3.04,1.17,-9.60,0.04,0.03,-0.03,499,444,440,339,410
3.35,1.15,-9.43,0.03,0.02,-0.04,499,444,440,339,410
END
3.39,1.10,-9.25,0.05,0.02,0.00,497,443,439,338,410
3.65,1.16,-9.73,0.02,-0.02,-0.07,497,443,439,338,409
3.42,1.15,-9.64,0.05,0.01,0.00,497,443,439,338,410
3.50,1.09,-9.42,0.05,-0.04,-0.02,497,443,439,338,409
3.02,1.21,-9.48,0.05,-0.02,0.00,497,443,439,338,409
3.17,1.05,-9.47,0.04,0.00,-0.00,497,443,438,338,410
3.29,0.88,-9.30,0.01,0.01,0.00,497,443,438,339,410
3.48,1.08,-9.55,0.01,0.05,0.08,497,443,439,338,410
2.99,1.21,-9.55,0.01,0.03,0.02,497,443,439,338,409
3.63,1.03,-9.44,0.03,-0.05,-0.08,497,443,438,339,410
3.08,1.00,-9.46,0.03,-0.00,-0.02,497,443,440,339,410
3.35,1.13,-9.46,0.03,-0.05,-0.08,497,443,439,338,410
3.46,1.14,-9.57,0.05,-0.05,-0.05,497,443,438,339,410
3.36,0.99,-9.48,0.04,-0.04,0.01,497,442,438,338,409
3.21,0.88,-9.41,0.04,-0.04,-0.00,497,443,439,338,409
2.96,0.91,-9.55,0.02,-0.03,-0.02,497,443,438,338,409
3.06,0.98,-9.58,0.01,-0.01,-0.01,497,442,438,338,409
2.61,0.99,-9.73,0.03,0.00,-0.03,497,443,439,339,410
2.98,0.93,-9.52,0.02,0.02,-0.01,497,443,438,338,409
3.07,0.97,-9.64,0.03,0.01,-0.05,497,443,438,339,409
3.20,1.07,-9.62,0.03,0.03,-0.02,497,443,438,339,409
3.38,1.00,-9.38,0.05,0.06,0.05,497,443,438,338,409
3.18,0.67,-9.37,0.01,0.08,0.09,497,443,438,338,409
3.61,1.17,-9.51,-0.01,0.05,0.10,497,443,438,339,409
3.27,1.01,-9.32,0.04,0.04,0.06,497,442,438,338,409
3.38,0.78,-9.33,0.04,-0.01,-0.02,497,443,438,339,409
3.27,0.73,-9.43,0.05,0.01,-0.00,496,442,438,338,409
3.43,0.68,-9.42,0.05,0.03,0.05,496,442,438,339,409
3.59,0.75,-9.37,0.05,0.03,0.02,497,442,438,338,410
3.47,0.69,-9.38,0.07,0.05,0.01,496,442,438,339,409
3.45,0.78,-9.40,0.05,0.00,-0.15,497,442,438,338,409
4.06,1.07,-9.64,0.10,0.04,-0.07,496,442,438,338,409
3.83,0.52,-9.34,0.12,-0.02,-0.05,496,442,440,338,409
3.37,0.27,-9.19,0.08,-0.05,-0.04,496,442,438,338,409
3.27,0.64,-9.45,0.03,-0.03,-0.05,496,442,438,338,409
3.41,0.75,-9.38,0.04,-0.00,-0.05,496,442,438,338,409
END
3.35,0.62,-9.63,0.05,-0.01,-0.06,495,441,437,338,409
3.61,0.80,-9.28,0.02,0.01,-0.02,495,441,437,338,409
3.91,0.79,-9.32,0.03,0.00,-0.04,495,441,437,338,409
3.87,0.90,-9.32,0.05,-0.01,-0.04,495,441,437,338,409
3.73,0.76,-9.05,0.02,0.01,-0.02,495,441,437,339,409
3.93,0.80,-9.20,0.04,0.00,-0.04,495,441,437,338,409
3.89,0.94,-9.35,0.04,0.00,-0.03,495,441,437,339,409
3.75,0.81,-9.28,0.03,-0.01,-0.03,495,441,437,338,409
3.99,0.87,-9.40,0.04,-0.01,-0.02,495,441,437,338,408
3.73,0.63,-9.30,0.03,-0.01,-0.03,495,441,438,338,409
3.85,0.94,-9.32,0.02,0.00,-0.02,495,441,437,338,409
3.71,0.96,-9.32,0.03,0.01,-0.02,495,441,437,338,408
3.83,0.72,-9.26,0.03,-0.00,-0.03,495,441,437,339,409
3.95,0.78,-9.32,0.03,-0.01,-0.03,495,441,437,338,409
3.88,0.90,-9.41,0.02,-0.01,-0.03,495,441,437,339,408
3.80,0.89,-9.32,0.04,-0.02,-0.03,495,441,437,339,409
3.88,0.75,-9.31,0.05,-0.01,-0.01,495,441,437,339,408
3.80,0.60,-9.15,0.02,-0.03,-0.01,495,441,437,338,409
3.54,0.63,-9.18,0.02,-0.02,-0.01,495,441,437,339,409
3.64,0.73,-9.44,0.01,-0.01,-0.02,495,441,437,338,408
3.70,0.82,-9.47,0.03,0.02,-0.03,495,440,437,338,408
3.72,0.83,-9.41,0.04,-0.00,-0.04,495,441,437,338,409
3.73,0.83,-9.27,0.04,-0.00,-0.02,495,440,437,339,409
3.78,0.71,-9.22,0.04,0.00,-0.04,494,441,437,338,408
3.86,0.60,-9.16,0.02,0.01,-0.02,495,441,437,339,408
3.89,0.84,-9.32,0.03,0.01,-0.03,494,441,437,339,409
3.70,0.70,-9.41,0.02,-0.00,-0.02,495,440,437,339,409
3.76,0.76,-9.28,0.04,0.00,-0.03,495,441,437,339,409
3.85,0.65,-9.22,0.04,-0.01,-0.03,495,440,437,339,408
3.64,0.73,-9.35,0.03,-0.00,-0.03,495,441,437,339,408
3.73,0.90,-9.37,0.03,0.01,-0.04,494,440,437,339,408
3.80,0.77,-9.30,0.05,0.01,-0.04,494,440,436,338,409
3.91,0.75,-9.30,0.04,0.00,-0.04,494,440,437,339,408
3.82,0.65,-9.33,0.05,-0.01,-0.03,494,440,437,339,409
3.91,0.80,-9.32,0.06,-0.01,-0.02,494,440,437,339,408
3.65,0.62,-9.18,0.03,-0.00,-0.02,494,440,437,339,409
END
3.67,0.79,-9.24,0.03,0.01,-0.04,493,439,436,339,408
3.78,0.82,-9.20,0.04,-0.00,-0.02,493,439,436,339,408
3.78,0.94,-9.29,0.01,-0.01,-0.03,493,440,437,339,408
3.76,1.00,-9.40,0.03,0.00,-0.03,493,440,436,339,408
3.73,0.88,-9.21,0.03,-0.01,-0.04,493,439,436,339,408
3.80,0.88,-9.30,0.03,0.00,-0.03,493,439,436,339,408
3.93,0.81,-9.28,0.03,-0.01,-0.03,493,439,437,339,408
3.87,1.00,-9.20,0.02,-0.01,-0.02,493,439,436,339,408
3.75,0.92,-9.26,0.02,0.00,-0.02,493,439,436,339,408
3.76,0.97,-9.22,0.02,0.00,-0.04,493,439,436,339,408
3.85,0.98,-9.27,0.03,0.00,-0.04,493,439,436,339,408
3.77,0.90,-9.30,0.02,0.00,-0.02,493,439,436,339,408
3.95,1.01,-9.38,0.03,-0.00,-0.02,493,439,436,339,408
3.90,0.91,-9.26,0.04,-0.01,-0.04,493,439,436,339,408
3.67,0.88,-9.15,0.05,-0.00,-0.02,493,439,438,339,408
3.79,0.76,-9.08,0.03,-0.01,-0.04,493,439,436,339,408
3.74,0.90,-9.24,0.02,-0.00,-0.04,493,439,436,339,408
3.80,0.95,-9.29,0.03,-0.01,-0.04,493,439,436,338,408
3.85,0.85,-9.36,0.03,-0.00,-0.04,493,439,436,339,408
3.83,0.93,-9.28,0.03,-0.01,-0.04,493,439,436,339,408
3.88,0.83,-9.27,0.03,0.01,-0.02,493,439,436,339,408
3.83,0.96,-9.20,0.03,0.01,-0.04,493,439,436,339,408
3.73,0.96,-9.17,0.04,0.02,-0.02,493,439,436,339,408
3.57,1.00,-9.30,0.04,0.02,-0.04,493,439,436,339,408
3.89,1.13,-9.42,0.03,0.00,-0.05,493,439,436,339,408
3.79,0.80,-9.25,0.05,0.01,-0.05,493,439,436,339,408
3.80,0.81,-9.22,0.05,0.02,-0.05,492,439,436,339,408
3.68,0.96,-9.10,0.05,0.03,-0.02,493,439,436,339,408
4.01,1.39,-9.21,0.05,0.02,-0.04,493,439,436,339,408
4.02,1.31,-9.29,0.06,0.01,-0.02,493,439,436,339,407
3.93,1.01,-9.44,0.05,-0.01,0.00,493,439,436,339,408
3.96,0.89,-9.27,0.04,-0.04,0.02,492,441,436,339,408
3.75,0.65,-9.30,0.02,-0.04,0.00,493,439,436,339,408
3.75,0.85,-9.22,0.04,0.01,0.00,493,439,436,340,408
3.97,0.94,-9.36,0.03,0.02,-0.01,491,439,436,340,408
3.84,0.95,-9.25,0.05,0.01,-0.03,493,439,436,340,408
END
3.57,0.80,-9.06,0.05,0.02,-0.03,491,438,435,340,408
3.97,1.08,-9.35,0.01,-0.02,-0.01,491,437,435,340,407
3.80,0.86,-9.17,0.03,-0.01,-0.01,491,438,435,340,407
3.83,0.92,-9.39,0.02,-0.00,-0.01,491,438,435,339,407
3.84,1.03,-9.31,0.01,-0.01,-0.02,491,437,435,340,407
3.84,1.04,-9.30,0.05,-0.01,-0.02,492,437,435,340,407
3.82,0.96,-9.20,0.03,-0.00,-0.01,491,438,435,340,407
3.94,0.83,-9.20,0.03,0.00,-0.02,491,438,435,340,407
3.81,1.03,-9.23,0.02,-0.01,-0.03,491,437,435,340,408
3.83,0.98,-9.34,0.03,0.00,-0.02,491,437,435,340,408
3.91,0.95,-9.36,0.04,-0.00,-0.04,491,438,435,340,407
3.69,0.92,-9.25,0.04,0.01,-0.01,491,437,435,339,407
3.95,0.95,-9.22,0.03,-0.00,-0.04,491,437,435,339,407
3.85,1.03,-9.26,0.04,-0.00,-0.03,491,437,435,340,407
3.71,0.85,-9.19,0.02,0.00,-0.04,491,437,435,340,407
3.92,0.98,-9.30,0.04,0.00,-0.04,491,437,435,340,407
3.98,1.03,-9.22,0.04,0.00,-0.03,491,437,435,340,407
3.75,0.95,-9.12,0.03,-0.00,-0.03,491,437,435,340,407
3.78,0.88,-9.10,0.03,0.01,-0.02,491,437,435,340,407
3.90,0.90,-9.26,0.04,-0.01,-0.05,491,437,435,340,407
3.85,0.90,-9.33,0.04,0.00,-0.03,491,436,435,340,407
3.89,0.90,-9.17,0.04,-0.00,-0.02,491,437,435,340,407
3.83,0.99,-9.20,0.03,-0.01,-0.04,491,437,435,340,407
3.58,0.97,-9.34,0.02,0.01,-0.02,491,437,435,339,407
3.91,1.03,-9.34,0.03,-0.00,-0.04,491,437,435,339,407
3.86,0.81,-9.32,0.05,-0.01,-0.03,491,436,435,339,407
3.84,0.83,-9.12,0.04,0.00,-0.01,491,437,435,339,407
3.83,0.97,-9.15,0.04,-0.01,-0.02,491,436,435,339,407
3.64,0.98,-9.25,0.02,0.01,-0.01,491,437,435,340,407
3.88,0.90,-9.33,0.05,0.01,-0.03,491,437,435,339,407
3.91,0.80,-9.30,0.03,-0.01,-0.04,491,437,435,339,407
3.98,1.00,-9.28,0.03,-0.00,-0.00,491,437,435,340,407
3.85,0.85,-9.16,0.03,-0.01,-0.02,491,436,435,339,407
3.60,0.88,-9.19,0.02,0.01,0.00,491,436,435,340,407
3.85,0.87,-9.38,0.04,0.00,-0.03,491,436,435,340,407
3.98,0.84,-9.26,0.02,-0.01,-0.02,491,436,435,339,407
END
3.87,0.88,-9.39,0.03,-0.01,-0.03,490,436,434,339,407
3.97,1.20,-9.43,0.06,0.02,-0.12,491,436,434,340,407
4.43,1.43,-9.35,0.08,0.03,-0.10,490,436,434,340,407
4.30,1.08,-9.03,0.08,0.03,-0.08,490,436,434,340,407
4.21,0.93,-9.07,0.05,0.03,-0.03,490,436,434,339,407
3.94,1.00,-9.02,0.04,-0.00,-0.03,490,436,434,340,407
3.86,1.10,-9.16,0.04,-0.01,-0.04,490,436,434,339,407
4.33,1.12,-9.18,0.05,0.01,-0.03,490,437,434,340,407
4.52,0.81,-9.08,0.03,-0.02,-0.01,490,436,434,340,407
4.21,0.83,-9.21,0.01,-0.03,0.03,490,436,434,340,407
3.93,0.91,-9.06,-0.00,-0.03,0.04,488,436,434,339,407
3.65,0.87,-9.10,0.02,-0.01,0.01,490,435,434,340,407
3.74,1.00,-9.17,0.02,-0.01,-0.01,489,436,434,339,407
4.01,0.88,-9.20,0.02,-0.02,-0.04,490,436,434,340,407
4.02,0.88,-10.95,0.02,0.00,-0.03,490,436,434,339,407
4.14,0.97,-9.24,0.03,-0.01,-0.03,490,436,434,339,407
3.83,0.90,-9.18,0.03,0.01,-0.02,490,435,434,339,407
3.75,0.98,-9.33,0.05,-0.02,-0.04,490,436,434,339,407
4.00,0.90,-9.28,0.06,0.01,-0.04,489,435,434,339,407
4.07,0.89,-9.04,0.05,-0.01,-0.06,489,435,434,339,407
3.89,0.91,-9.02,0.04,0.00,-0.04,489,436,432,339,407
4.07,1.00,-9.16,0.03,-0.00,-0.04,489,435,434,339,407
3.89,0.96,-9.18,0.03,-0.00,-0.03,490,436,434,339,407
3.99,0.85,-9.32,0.01,-0.02,-0.03,489,435,434,339,407
3.97,0.97,-9.18,0.03,0.00,-0.03,490,436,434,339,407
3.94,0.86,-9.22,0.03,0.01,-0.02,489,435,434,339,407
3.95,0.91,-9.17,0.02,0.01,-0.03,490,436,434,339,407
3.91,0.95,-9.12,0.03,0.01,-0.02,489,436,434,339,407
4.02,0.98,-9.19,0.03,-0.01,-0.04,490,436,434,339,407
3.83,0.90,-9.20,0.03,0.00,-0.03,489,435,434,339,407
4.07,0.97,-9.21,0.04,-0.00,-0.03,489,435,434,339,407
3.96,0.90,-9.21,0.03,0.00,-0.02,489,435,434,339,406
3.96,1.03,-9.26,0.02,-0.01,-0.02,489,435,434,339,406
3.94,0.94,-9.17,0.03,0.01,-0.02,489,435,433,339,406
4.01,0.92,-9.16,0.03,0.01,-0.02,489,435,434,339,407
4.00,0.96,-9.24,0.03,0.00,-0.02,489,435,434,339,407
END
4.01,0.98,-9.16,0.04,-0.01,-0.03,488,435,433,340,406
3.68,0.91,-9.20,0.01,-0.04,-0.02,488,435,433,341,406
3.90,0.82,-9.25,0.02,-0.04,-0.04,488,435,433,339,406
4.18,0.85,-9.28,0.03,-0.02,-0.05,488,434,433,339,406
4.03,0.79,-9.32,0.04,-0.03,-0.05,488,435,433,339,406
4.07,0.86,-9.20,0.04,-0.01,-0.02,488,435,433,340,406
4.07,0.84,-9.11,0.02,-0.04,-0.03,488,435,433,339,406
3.99,0.87,-9.12,0.02,-0.01,-0.01,488,434,433,339,406
4.02,0.80,-9.19,0.02,0.01,-0.01,488,434,433,339,406
3.70,0.78,-9.19,0.00,0.00,-0.01,488,435,433,339,406
3.88,0.86,-9.35,0.02,0.02,-0.01,488,434,433,339,406
3.96,0.95,-9.48,0.02,-0.02,-0.05,488,434,433,339,406
4.08,0.88,-9.24,0.05,-0.02,-0.03,488,434,433,339,406
4.14,0.80,-9.19,0.05,-0.01,-0.04,488,435,433,339,406
3.96,0.75,-9.10,0.02,-0.01,-0.02,488,434,433,339,406
4.02,0.93,-9.25,0.02,0.00,-0.01,487,434,433,339,406
3.93,0.93,-9.28,0.01,-0.01,-0.01,488,434,433,339,406
3.95,0.88,-9.25,0.01,-0.00,-0.01,488,434,433,339,406
4.24,0.96,-9.22,0.03,-0.01,-0.01,488,434,433,339,406
4.03,0.75,-9.07,0.00,0.00,0.01,487,434,433,339,406
3.91,0.84,-9.15,-0.00,-0.00,0.01,487,434,433,339,406
3.77,0.89,-9.35,-0.01,-0.03,-0.02,487,434,433,339,406
3.73,0.88,-9.29,0.02,-0.00,-0.01,487,434,433,339,405
4.05,1.00,-9.16,0.03,-0.05,-0.05,488,434,433,339,405
3.70,1.03,-9.22,0.01,-0.05,-0.05,487,434,433,339,405
3.57,1.00,-9.35,0.02,-0.04,-0.07,487,434,433,339,405
3.70,0.72,-9.59,0.03,-0.03,-0.07,487,434,433,339,405
4.35,1.31,-9.44,0.03,-0.00,-0.01,487,434,433,339,405
3.96,1.10,-9.02,0.05,-0.05,0.00,487,433,433,339,405
3.48,0.91,-8.97,0.02,-0.03,0.01,487,434,432,339,405
3.32,1.00,-9.14,-0.04,0.03,-0.01,487,434,432,339,405
3.05,1.04,-9.26,-0.04,0.04,-0.05,487,434,433,339,405
3.45,1.11,-9.48,-0.03,0.00,-0.12,487,434,433,339,405
4.20,1.19,-9.65,0.02,-0.02,-0.12,487,434,433,340,405
4.21,1.08,-9.44,0.07,-0.00,-0.08,487,434,432,340,405
3.99,1.30,-9.33,0.07,0.01,-0.04,487,434,432,340,405
END
3.73,1.22,-9.33,0.08,0.03,-0.01,486,433,432,339,404
3.69,0.66,-9.22,0.02,-0.03,-0.01,486,433,432,340,404
3.86,0.65,-9.26,0.03,-0.00,-0.02,486,433,432,339,404
4.01,0.78,-9.20,0.01,0.01,-0.01,486,433,432,339,404
3.92,0.80,-9.22,0.02,0.01,0.02,487,433,432,339,404
3.73,0.77,-9.22,0.02,-0.00,0.02,486,433,432,339,405
3.57,0.80,-9.24,0.01,0.00,0.01,486,433,432,339,404
3.80,0.71,-9.26,0.02,-0.00,-0.01,486,433,432,340,405
3.81,0.60,-9.37,0.01,-0.01,-0.00,486,433,432,339,405
3.82,0.83,-9.12,0.01,-0.02,-0.00,486,433,432,339,404
3.43,0.65,-9.22,0.00,-0.05,-0.03,486,433,432,339,404
3.44,0.71,-9.31,0.03,-0.03,-0.09,488,434,432,339,404
4.17,1.00,-9.50,0.06,-0.05,-0.17,492,435,432,339,405
3.91,0.87,-9.31,0.04,-0.02,-0.05,493,435,432,339,405
3.69,0.82,-9.14,0.02,0.00,0.03,492,435,432,339,405
3.35,0.75,-9.38,-0.02,0.01,0.06,491,434,432,339,405
3.63,1.06,-9.46,0.00,-0.01,-0.02,490,434,432,340,405
3.99,1.03,-9.40,0.04,0.01,-0.04,490,434,432,340,404
4.09,0.92,-9.27,0.04,0.01,-0.02,490,434,432,340,405
3.65,0.79,-9.09,0.04,0.01,0.03,490,434,432,340,405
3.50,0.77,-9.27,-0.01,-0.02,0.01,489,434,432,339,405
3.36,1.14,-9.52,0.00,-0.02,-0.08,489,434,432,339,405
3.87,0.95,-9.46,0.05,0.02,-0.06,489,434,432,339,404
3.81,0.65,-9.25,0.07,0.00,-0.07,489,434,432,339,404
3.62,0.84,-9.38,0.05,0.01,-0.02,489,433,432,340,404
3.63,1.04,-9.35,0.04,-0.03,-0.03,489,434,432,339,404
3.64,0.89,-9.21,0.04,-0.01,-0.03,489,434,432,339,404
3.82,0.93,-9.28,0.05,-0.01,-0.05,488,434,432,340,404
3.76,0.83,-9.27,0.03,-0.01,-0.02,488,434,432,340,405
3.75,0.82,-9.32,0.03,0.01,-0.02,489,434,432,340,404
3.63,0.67,-9.22,0.03,0.03,-0.02,488,434,432,340,404
4.03,0.80,-9.31,0.00,0.03,-0.00,488,434,432,339,405
4.02,0.83,-9.23,0.04,0.03,0.02,488,434,432,339,405
3.63,0.78,-9.20,0.02,0.01,0.00,488,434,432,339,404
3.50,0.75,-9.38,0.02,0.01,-0.01,488,434,432,339,404
3.52,0.62,-9.22,0.04,0.02,-0.03,488,434,432,340,404
END
3.92,0.77,-9.24,0.03,0.01,-0.05,487,433,432,341,404
3.80,1.11,-9.10,0.06,0.00,-0.06,487,433,432,340,404
3.86,1.13,-9.04,0.06,0.00,-0.06,487,433,432,340,404
3.98,1.02,-9.05,0.04,0.01,-0.07,487,433,432,340,404
4.03,1.08,-9.30,0.04,0.01,-0.05,487,433,432,340,404
4.11,0.97,-9.24,0.04,0.00,-0.05,487,433,432,340,404
4.02,0.97,-9.33,0.05,-0.01,-0.02,487,433,431,340,404
3.96,0.99,-9.17,0.04,-0.02,-0.00,487,432,432,340,404
3.77,1.01,-9.17,0.03,-0.01,-0.01,487,434,431,340,404
3.74,1.06,-9.15,0.02,0.00,-0.01,487,433,432,340,404
3.96,1.13,-9.23,0.02,0.00,-0.02,487,433,432,340,404
4.03,1.01,-9.18,0.02,0.01,-0.01,487,432,432,340,404
3.87,1.00,-9.36,0.03,0.02,0.01,487,432,432,340,406
3.96,0.97,-9.28,0.01,-0.01,-0.01,487,432,432,341,407
4.02,0.95,-9.29,0.03,-0.02,-0.03,487,432,432,340,406
3.98,0.98,-9.30,0.03,-0.04,-0.08,487,432,432,340,406
4.06,1.06,-9.29,0.02,-0.05,-0.10,487,432,432,340,405
3.84,1.08,-9.29,0.03,-0.01,-0.02,487,431,432,340,405
3.70,1.16,-9.34,0.04,0.00,-0.02,487,431,431,340,405
3.78,1.06,-9.27,0.05,0.00,-0.03,486,432,432,340,405
3.78,1.13,-9.37,0.06,-0.02,-0.10,486,432,431,340,405
3.82,0.98,-9.30,0.04,-0.00,0.00,487,432,431,340,405
3.86,0.95,-9.20,0.05,-0.01,-0.03,486,431,431,340,405
3.77,1.00,-9.35,0.06,0.01,-0.03,487,432,432,340,405
3.95,0.99,-9.30,0.05,0.01,-0.02,487,432,431,340,405
3.77,0.93,-9.25,0.04,-0.00,-0.03,487,432,431,340,405
3.72,1.03,-9.27,0.05,0.00,-0.03,487,432,432,340,405
3.83,0.91,-9.26,0.04,-0.00,-0.04,487,432,431,340,405
3.64,0.85,-9.25,0.03,0.00,-0.03,486,432,432,340,405
3.92,1.02,-9.37,0.04,-0.00,-0.03,486,432,431,340,405
3.61,0.84,-9.22,0.03,-0.00,-0.03,486,432,431,340,405
3.78,0.98,-9.27,0.04,0.00,-0.03,487,432,434,340,405
3.84,1.11,-9.32,0.03,-0.00,-0.04,486,431,433,340,405
3.78,0.97,-9.20,0.02,-0.00,-0.03,486,432,431,340,405
3.83,0.92,-9.15,0.01,-0.01,-0.04,486,431,431,340,404
3.82,1.09,-9.35,0.02,-0.02,-0.06,487,431,431,340,405
END
3.68,1.03,-9.45,0.02,0.01,-0.02,486,432,431,340,405
3.68,1.12,-9.27,0.04,-0.02,-0.03,486,431,431,340,405
3.63,1.05,-9.28,0.02,-0.01,-0.03,486,431,431,340,405
3.75,1.20,-9.42,0.04,-0.01,-0.04,486,431,431,341,404
3.73,1.06,-9.27,0.04,0.01,-0.03,486,431,431,341,404
3.76,1.06,-9.30,0.03,0.00,-0.03,486,431,431,340,404
3.72,1.18,-9.40,0.03,0.01,-0.02,486,431,431,340,404
3.73,1.06,-9.29,0.04,0.01,-0.03,486,431,431,340,404
3.80,1.15,-9.32,0.02,0.00,-0.03,486,431,431,340,404
3.77,0.96,-9.27,0.02,0.01,-0.01,486,431,432,340,405
3.80,1.10,-9.20,0.03,-0.00,-0.04,486,431,431,340,404
3.55,1.20,-9.36,0.03,0.02,-0.02,486,431,431,340,404
3.83,1.07,-9.35,0.05,0.02,-0.04,486,431,431,340,404
3.88,0.83,-9.36,0.04,0.01,-0.04,486,431,431,340,404
3.80,1.23,-9.60,0.04,-0.00,-0.01,486,431,431,340,404
1.92,1.18,-9.30,0.09,-0.03,-0.02,486,431,431,340,404
3.57,1.01,-9.04,0.09,-0.02,-0.04,486,431,431,340,404
3.75,0.90,-8.91,0.09,-0.01,-0.05,486,431,431,340,404
3.71,0.80,-9.08,0.05,-0.00,-0.04,486,431,431,340,404
3.68,0.99,-9.47,0.02,-0.01,-0.06,486,431,431,340,404
3.83,1.04,-9.48,0.06,-0.02,-0.04,486,431,431,340,404
3.75,0.70,-9.00,0.06,-0.02,-0.03,486,430,431,340,404
3.65,0.79,-9.14,0.02,-0.01,-0.03,486,431,431,340,404
3.60,1.03,-9.28,-0.01,0.00,-0.02,486,431,431,340,404
3.83,1.13,-9.31,0.01,-0.00,-0.03,486,431,431,341,404
3.61,0.90,-9.27,0.02,-0.00,-0.02,486,431,431,340,404
3.63,0.82,-9.30,0.02,-0.00,-0.03,486,431,431,340,404
3.81,1.11,-9.48,0.05,-0.02,-0.05,486,431,431,340,404
3.85,0.94,-9.28,0.04,-0.00,-0.03,486,431,431,340,405
3.77,0.92,-9.35,0.02,-0.02,-0.03,486,431,431,340,404
3.60,0.93,-9.23,0.01,-0.01,-0.01,486,431,431,340,404
3.67,0.88,-9.25,0.01,-0.00,-0.02,486,431,431,340,404
3.70,1.02,-9.36,0.01,-0.01,-0.04,486,431,431,340,404
3.69,0.93,-9.50,0.03,0.01,-0.03,486,431,431,340,404
4.29,1.13,-9.43,0.02,0.02,0.02,486,431,431,341,404
3.93,0.83,-9.18,0.01,0.03,0.05,486,431,431,340,404
END
3.51,0.94,-9.07,0.01,0.03,0.07,485,431,431,340,404
3.82,0.79,-8.99,0.04,0.01,0.02,485,431,430,340,403
3.22,0.88,-8.98,-0.00,-0.02,0.04,485,431,430,341,403
3.14,1.01,-9.50,-0.02,-0.04,-0.01,485,430,430,340,403
3.88,1.20,-9.71,0.01,-0.00,-0.03,485,431,431,342,404
4.03,0.67,-9.02,0.04,0.03,-0.00,485,431,430,341,404
3.63,0.45,-8.84,0.00,-0.03,-0.02,485,430,430,341,404
3.07,0.70,-9.46,-0.02,0.00,-0.01,485,431,430,340,404
3.41,1.34,-9.93,0.01,-0.01,-0.06,485,430,430,341,403
3.65,1.19,-9.72,0.07,-0.01,-0.05,485,430,430,341,404
3.57,0.66,-9.22,0.07,-0.02,-0.04,485,431,430,341,403
3.54,0.83,-9.27,0.04,-0.00,-0.05,485,430,429,340,403
3.69,0.98,-9.41,0.02,0.03,-0.03,486,430,430,341,403
3.91,0.97,-9.31,0.03,0.02,-0.02,484,430,430,341,403
3.66,0.88,-9.18,0.02,0.00,0.01,485,430,430,341,403
3.43,0.88,-9.34,-0.01,0.00,-0.00,485,431,430,341,403
3.39,0.90,-9.33,-0.00,-0.00,-0.02,485,430,430,341,404
3.65,0.83,-9.40,0.00,-0.00,-0.03,485,430,430,341,404
3.77,1.00,-9.45,0.02,0.00,-0.05,485,430,430,341,403
3.66,0.98,-9.34,0.02,-0.00,-0.05,485,431,430,341,403
3.75,1.14,-9.40,0.04,0.00,-0.05,485,430,431,341,403
3.63,0.95,-9.35,0.04,-0.01,-0.04,485,429,430,341,403
3.64,1.12,-9.34,0.02,-0.01,-0.03,485,430,430,341,403
3.55,1.03,-9.30,0.05,-0.01,-0.06,485,430,430,340,403
3.57,0.96,-9.35,0.03,0.01,-0.03,485,430,430,340,403
3.71,1.02,-9.44,0.03,0.00,-0.03,485,430,430,341,403
3.45,0.98,-9.27,0.03,-0.01,-0.05,485,430,430,341,403
3.65,1.08,-9.41,0.03,-0.00,-0.04,485,430,430,341,403
3.70,1.08,-9.35,0.03,-0.02,-0.04,484,431,430,341,403
3.60,1.04,-9.32,0.03,-0.01,-0.02,485,431,430,341,403
3.67,1.08,-9.39,0.01,-0.01,-0.02,485,431,430,341,403
3.68,1.03,-9.28,0.03,0.01,-0.02,485,430,430,340,403
3.70,0.96,-9.38,0.03,-0.00,-0.02,484,430,430,340,403
3.57,0.98,-9.37,0.03,-0.02,-0.02,485,430,430,340,403
3.55,0.98,-9.40,0.03,-0.01,-0.02,485,430,430,340,403
3.60,1.15,-9.46,0.02,-0.01,-0.03,484,430,430,340,403
END
3.56,1.08,-9.42,0.04,-0.01,-0.04,484,430,430,340,403
3.60,0.92,-9.35,0.03,0.01,-0.02,484,430,430,340,403
3.55,0.89,-9.30,0.02,0.00,-0.03,484,430,430,340,403
3.70,0.99,-9.38,0.03,-0.01,-0.03,484,430,430,340,403
3.71,0.82,-9.45,0.03,-0.00,-0.03,484,430,430,340,403
3.71,0.78,-9.39,0.03,-0.01,-0.04,484,430,430,340,403
3.65,0.97,-9.39,0.03,0.00,-0.02,484,430,430,340,402
3.66,0.88,-9.34,0.02,0.00,-0.02,484,430,430,340,403
3.68,0.91,-9.30,0.03,-0.01,-0.02,484,430,429,340,403
3.67,0.93,-9.40,0.02,-0.01,-0.03,484,430,430,340,402
3.65,0.93,-9.38,0.03,-0.01,-0.02,484,430,430,340,402
3.68,0.80,-9.32,0.02,-0.00,-0.02,484,430,430,340,403
3.49,0.85,-9.41,0.01,-0.01,-0.01,484,430,430,340,403
3.50,0.94,-9.31,0.02,0.01,-0.03,484,430,430,340,403
3.55,0.93,-9.43,0.02,0.00,-0.05,484,429,430,340,403
3.48,0.93,-9.31,0.01,-0.00,-0.06,484,430,430,340,403
3.52,1.03,-9.36,0.02,0.01,-0.06,484,430,430,341,403
3.87,0.88,-9.27,0.03,0.01,-0.08,484,429,430,340,403
3.70,1.11,-9.40,0.02,0.00,-0.06,484,430,430,340,403
3.74,1.10,-9.44,0.03,0.01,-0.02,484,429,430,340,403
3.68,0.95,-9.22,0.03,-0.01,-0.02,484,430,430,340,403
3.67,1.13,-9.33,0.03,-0.01,-0.01,484,430,430,340,402
3.58,0.89,-9.26,0.02,-0.01,-0.01,484,430,430,340,403
3.58,0.98,-9.19,0.01,0.00,-0.01,484,430,430,340,403
3.65,1.02,-9.35,0.01,-0.01,-0.01,484,429,430,340,403
3.55,1.07,-9.43,0.01,-0.01,-0.02,484,430,430,340,403
3.65,1.06,-9.38,0.03,-0.01,-0.02,484,430,430,340,403
3.52,0.82,-9.41,0.02,-0.01,-0.02,484,430,430,340,403
3.57,1.22,-9.42,0.03,-0.01,-0.02,484,430,430,341,403
3.65,1.16,-9.30,0.04,-0.02,-0.02,484,430,430,340,403
3.56,1.05,-9.35,0.04,-0.01,-0.04,484,430,430,340,402
3.57,1.01,-9.29,-0.00,-0.02,-0.04,484,429,430,340,403
3.65,1.28,-9.51,0.01,-0.01,-0.03,483,430,430,340,402
3.46,1.34,-9.50,0.04,0.00,-0.04,483,430,430,340,402
3.43,1.06,-9.26,0.04,0.01,-0.03,484,430,430,340,403
3.75,1.14,-9.43,0.03,-0.01,-0.03,484,430,430,340,403
END
3.68,1.00,-9.40,0.03,-0.00,-0.02,483,429,430,341,402
3.79,1.23,-9.22,0.03,0.01,-0.03,483,430,429,341,402
3.66,1.16,-9.26,0.02,0.01,-0.02,483,429,430,341,402
3.83,1.28,-9.31,-0.00,-0.01,-0.02,483,429,429,341,402
3.68,1.15,-9.37,0.01,0.00,0.01,483,429,430,341,402
3.91,1.15,-9.45,0.01,-0.01,-0.01,483,429,429,341,402
3.52,1.23,-9.11,0.05,0.01,-0.02,483,430,429,341,402
3.73,1.07,-9.25,0.03,0.03,-0.02,483,429,430,341,402
3.73,1.20,-9.31,-0.01,0.03,-0.04,483,429,429,342,402
4.03,1.69,-9.57,0.02,0.02,-0.02,483,428,430,341,402
3.91,1.34,-9.35,0.04,-0.00,-0.04,483,430,430,341,402
3.91,1.06,-9.27,0.06,-0.03,-0.10,483,429,430,341,402
4.13,0.89,-9.34,0.08,-0.02,0.02,483,429,430,341,402
3.91,1.35,-9.69,0.02,-0.09,-0.01,483,429,429,341,402
3.93,1.28,-9.27,0.11,-0.05,-0.01,483,429,429,341,402
3.28,0.83,-8.98,0.09,-0.02,-0.02,483,429,429,341,402
3.80,1.05,-9.17,0.02,0.00,0.00,483,429,429,341,402
3.75,1.16,-9.22,0.03,-0.00,-0.01,483,429,429,341,402
3.65,1.00,-9.37,0.01,0.02,0.01,483,429,429,341,402
4.05,1.13,-9.38,0.02,0.03,0.00,483,429,430,341,402
3.63,0.69,-9.15,0.02,0.02,0.01,483,430,429,342,402
3.46,0.80,-9.12,0.01,0.00,0.00,483,429,429,341,402
3.87,1.27,-9.46,-0.02,-0.02,-0.03,483,429,430,341,402
3.68,0.83,-9.35,0.03,-0.00,-0.03,483,429,429,341,402
3.75,0.90,-9.28,0.04,-0.00,-0.04,483,429,429,341,402
3.49,0.95,-9.19,0.04,0.03,-0.01,483,429,429,341,402
2.84,1.28,-9.07,0.03,0.05,-0.10,482,429,429,341,402
4.03,1.13,-9.59,0.03,0.09,-0.10,482,429,429,341,401
4.80,1.03,-9.35,0.01,-0.01,-0.15,483,429,429,341,402
3.94,0.88,-9.25,0.04,-0.02,-0.03,483,429,429,342,402
3.73,1.13,-9.19,0.04,-0.01,-0.01,483,429,429,341,402
4.51,0.74,-9.13,0.03,0.02,-0.00,483,429,429,341,402
3.60,0.94,-9.44,-0.04,-0.01,0.01,483,429,429,341,402
3.42,1.75,-9.58,0.06,0.02,0.02,483,428,429,341,402
3.63,1.26,-9.30,0.13,0.00,-0.04,483,429,429,342,402
4.21,0.95,-8.88,0.06,-0.02,-0.01,483,429,429,342,402
END
3.78,1.00,-9.09,0.01,-0.10,-0.04,482,429,429,342,401
3.75,1.16,-9.26,0.06,-0.02,-0.02,482,428,429,342,401
3.66,1.29,-9.24,0.06,0.01,-0.00,482,429,429,342,401
3.61,1.18,-9.13,0.07,-0.01,-0.00,482,429,428,342,401
3.49,1.21,-9.27,0.06,-0.01,-0.04,482,429,429,342,401
3.66,1.22,-9.30,0.05,-0.00,-0.05,482,429,429,342,401
3.81,1.15,-9.42,0.05,0.01,-0.01,482,429,429,342,402
3.76,1.23,-9.35,0.01,-0.04,-0.04,482,429,429,342,401
3.46,1.22,-9.33,0.06,0.02,-0.01,482,429,429,342,401
5.50,1.15,-9.43,0.05,0.01,-0.04,481,429,429,342,401
3.66,1.17,-9.27,0.05,0.00,-0.04,482,429,429,342,401
3.70,1.13,-9.34,0.06,0.01,-0.03,482,429,429,342,401
3.55,1.21,-9.40,0.04,0.01,-0.03,482,428,429,341,401
3.75,1.13,-9.31,0.05,0.01,-0.03,482,429,429,342,401
3.63,1.03,-9.13,0.05,0.00,-0.04,482,429,429,341,401
3.76,1.14,-9.22,0.02,0.01,-0.02,482,429,429,342,401
3.86,1.12,-9.37,0.03,0.00,-0.03,482,429,429,342,401
3.81,1.28,-9.21,0.03,0.01,-0.02,482,429,429,342,401
3.78,1.09,-9.17,0.03,-0.01,-0.01,482,429,429,342,401
3.63,0.98,-9.21,0.01,-0.02,-0.03,482,429,429,342,401
3.63,1.16,-9.26,0.01,0.01,-0.02,482,428,429,342,401
3.69,1.16,-9.30,0.03,0.00,-0.03,482,429,429,342,402
3.86,1.26,-9.25,0.01,-0.01,-0.04,482,428,429,342,401
3.75,1.27,-9.29,0.01,-0.02,-0.03,481,428,429,342,401
3.75,1.21,-9.36,0.01,-0.00,-0.01,481,428,428,342,401
3.70,1.22,-9.36,0.02,-0.01,-0.03,482,429,428,342,401
3.59,1.21,-9.15,0.01,0.00,-0.02,482,428,429,341,401
3.65,1.28,-9.20,0.01,-0.02,-0.04,482,428,429,342,401
3.72,1.40,-9.41,0.03,-0.01,-0.04,482,429,429,342,401
3.87,1.18,-9.30,0.00,-0.02,-0.04,482,429,429,342,401
3.77,1.26,-9.30,0.03,-0.01,-0.03,482,429,429,342,401
3.80,1.32,-9.32,0.06,0.01,-0.01,482,429,429,342,401
3.67,1.24,-9.17,0.03,-0.01,-0.02,481,428,429,341,401
3.63,1.25,-9.20,0.02,-0.02,-0.03,481,428,429,342,401
3.53,1.24,-9.27,0.03,0.01,-0.03,482,428,428,342,401
3.66,1.36,-9.32,0.04,0.01,-0.04,481,428,428,342,401
END
3.73,1.13,-9.27,0.04,-0.00,-0.04,481,428,429,342,401
3.67,1.25,-9.34,0.03,-0.01,-0.04,481,428,428,342,401
3.65,1.19,-9.36,0.03,0.00,-0.03,481,428,428,342,401
3.64,1.23,-9.20,0.04,0.01,-0.02,481,428,428,342,401
3.77,1.21,-9.32,0.02,0.00,-0.04,481,428,428,342,401
3.78,1.31,-9.34,0.03,0.00,-0.02,481,428,428,342,401
3.74,1.23,-9.37,0.04,-0.00,-0.03,481,428,428,342,401
3.65,1.22,-9.23,0.04,0.00,-0.04,481,428,428,342,401
3.57,1.17,-9.32,0.04,-0.00,-0.03,481,428,428,341,401
3.53,1.25,-9.19,0.03,0.00,-0.03,481,428,428,342,401
3.75,1.18,-9.27,0.02,0.01,-0.04,481,428,428,342,402
3.77,1.21,-9.30,0.03,0.01,-0.04,481,428,429,341,401
3.67,1.19,-9.27,0.04,0.01,-0.03,481,428,428,342,401
3.68,1.21,-9.36,0.03,-0.00,-0.03,481,428,428,342,401
3.50,1.23,-9.32,0.02,-0.01,-0.02,481,428,428,342,401
3.50,1.31,-9.35,0.03,-0.01,-0.05,481,428,428,342,401
3.62,1.41,-9.35,0.04,-0.01,-0.06,481,428,428,342,401
3.80,1.05,-9.27,0.04,0.01,-0.03,481,428,428,342,401
3.78,1.23,-9.21,0.01,-0.01,-0.03,481,428,428,341,401
3.50,1.34,-9.36,0.03,0.01,-0.02,481,428,428,342,401
3.68,1.31,-9.38,0.03,-0.01,-0.03,481,428,427,341,401
3.63,1.17,-9.14,0.01,0.01,-0.02,481,426,428,342,401
3.89,1.34,-9.37,0.03,-0.00,-0.03,481,428,428,342,401
3.64,1.23,-9.32,0.03,-0.00,-0.02,480,428,429,342,401
3.67,1.29,-9.28,0.04,0.01,-0.03,481,428,428,341,401
3.82,1.24,-9.28,0.02,-0.01,-0.03,481,428,428,342,401
3.73,1.32,-9.32,0.03,0.00,-0.02,481,428,428,341,401
3.68,1.36,-9.45,0.03,-0.01,-0.02,481,428,428,342,401
3.52,1.19,-9.25,0.02,0.00,-0.03,481,430,428,342,401
3.68,1.41,-9.38,0.02,-0.01,-0.04,481,428,428,341,401
3.74,1.38,-9.26,0.03,-0.00,-0.03,481,427,428,342,401
3.83,1.21,-9.33,0.04,0.01,-0.03,481,428,428,342,401
3.73,1.31,-9.31,0.03,-0.01,-0.04,481,428,428,341,401
3.68,1.28,-9.31,0.04,0.01,-0.02,481,427,428,342,401
3.67,1.20,-9.32,0.04,-0.01,-0.04,481,428,428,342,401
3.70,1.39,-9.26,0.03,-0.01,-0.03,481,428,429,342,401
END
3.75,1.42,-9.38,0.05,-0.00,-0.03,481,428,428,342,401
3.70,1.29,-9.16,0.02,0.01,-0.03,480,428,428,342,401
3.86,1.21,-9.35,0.04,-0.00,-0.04,480,428,428,342,401
3.64,1.21,-9.30,0.03,0.01,-0.02,480,427,428,342,401
3.74,1.28,-9.34,0.03,0.00,-0.03,480,427,428,341,401
3.80,1.37,-9.26,0.03,-0.00,-0.02,480,428,428,342,401
3.78,1.21,-9.22,0.04,-0.01,-0.03,480,428,428,342,401
3.72,1.28,-9.22,0.03,-0.00,-0.03,481,428,429,342,401
3.84,1.45,-9.15,0.02,-0.01,-0.04,481,427,428,342,401
3.80,1.28,-9.31,0.02,0.00,-0.03,480,428,428,341,401
3.96,1.24,-9.24,0.01,-0.00,-0.04,482,428,428,342,401
3.96,1.45,-9.42,0.02,-0.01,-0.02,481,428,428,342,401
3.65,1.31,-9.40,0.03,-0.01,-0.01,480,428,428,342,401
3.58,1.44,-9.18,0.01,-0.00,-0.01,480,428,428,341,401
3.75,1.40,-9.27,0.03,-0.00,-0.03,480,427,428,342,401
3.78,1.38,-9.22,0.02,-0.02,-0.04,480,427,428,341,401
3.80,1.27,-9.32,0.02,0.00,-0.02,480,428,428,341,401
3.83,1.47,-9.37,0.00,-0.01,-0.02,483,427,428,342,401
3.69,1.36,-9.38,0.04,-0.00,-0.01,481,428,428,341,401
3.78,1.26,-9.32,0.04,0.02,-0.02,480,428,428,342,401
3.80,1.41,-9.23,0.03,-0.01,-0.04,480,428,428,341,401
3.83,1.42,-9.15,0.03,-0.00,-0.02,480,427,428,341,401
3.78,1.44,-9.26,0.04,-0.02,-0.03,480,428,428,341,401
3.69,1.41,-9.30,0.03,-0.01,-0.01,480,428,428,341,401
3.65,1.44,-9.19,0.04,-0.00,-0.02,480,428,428,341,401
3.64,1.32,-9.12,0.03,-0.01,-0.03,480,428,428,341,401
3.73,1.50,-9.00,0.02,-0.00,-0.03,480,427,428,341,401
3.75,1.32,-9.25,0.02,-0.00,-0.03,480,428,428,341,401
3.77,1.37,-9.53,0.02,-0.01,-0.03,480,427,428,341,401
3.70,1.34,-9.32,0.02,0.01,-0.02,480,428,428,341,401
3.83,1.51,-9.23,0.04,-0.01,-0.02,480,428,428,341,401
3.57,1.42,-9.25,0.03,0.00,-0.02,480,428,428,342,401
3.54,1.42,-9.21,0.03,-0.01,-0.04,480,428,428,341,401
3.82,1.48,-9.31,0.04,0.01,-0.04,480,428,428,341,401
3.68,1.27,-9.31,0.03,-0.00,-0.04,480,428,428,341,401
3.70,1.32,-9.33,0.03,-0.00,-0.03,480,428,428,342,401
END
3.78,1.39,-9.32,0.04,-0.01,-0.04,480,427,428,341,401
3.66,1.53,-9.21,0.02,0.00,-0.02,480,427,428,342,400
3.75,1.51,-9.38,0.01,-0.01,-0.03,480,427,429,341,400
3.81,1.45,-9.24,0.03,-0.00,-0.03,480,427,428,341,400
3.83,1.51,-9.24,0.03,0.01,-0.02,480,427,428,342,400
3.71,1.44,-9.06,0.02,-0.01,-0.03,480,427,428,341,400
3.80,1.62,-9.11,0.03,0.00,-0.03,480,427,428,341,400
3.83,1.60,-9.40,0.04,-0.00,-0.03,480,427,428,342,400
3.75,1.43,-9.17,0.02,0.00,-0.03,480,427,428,342,400
3.83,1.55,-9.23,0.02,0.00,-0.03,479,427,428,342,400
3.80,1.64,-9.27,0.02,-0.01,-0.03,479,427,428,342,400
3.71,1.57,-9.21,0.04,0.00,-0.03,480,427,428,341,400
3.83,1.51,-9.17,0.03,0.00,-0.02,479,427,428,341,400
3.86,1.66,-9.20,0.04,-0.01,-0.03,480,427,428,341,400
3.78,1.65,-9.22,0.03,-0.00,-0.02,480,427,428,342,400
3.68,1.46,-9.15,0.04,-0.02,-0.09,480,427,428,342,400
3.92,1.60,-9.11,0.03,0.02,-0.02,479,427,428,341,400
3.77,1.56,-9.27,0.02,-0.00,-0.04,479,427,428,342,400
3.65,1.49,-9.27,0.03,0.00,-0.03,480,427,428,342,400
3.70,1.43,-9.19,0.02,0.02,-0.03,479,427,428,341,400
3.96,1.81,-9.32,0.02,-0.00,-0.05,479,427,428,341,400
3.45,1.79,-9.44,0.06,-0.01,-0.08,479,427,428,342,400
3.77,1.51,-9.16,0.05,-0.00,-0.02,479,427,428,341,400
3.77,1.49,-9.06,0.03,-0.01,-0.04,480,427,428,341,400
3.67,1.68,-9.16,0.02,0.00,-0.04,479,427,427,341,400
3.80,1.72,-9.33,0.02,0.01,-0.03,480,427,428,342,400
3.94,1.62,-9.28,0.03,-0.02,-0.04,480,427,428,342,400
3.65,1.46,-9.16,0.04,-0.00,-0.02,479,427,428,342,400
3.71,1.65,-9.12,0.03,-0.00,-0.02,479,427,428,342,400
3.67,1.62,-9.18,0.03,0.01,-0.03,479,427,428,342,400
3.73,1.58,-9.16,0.02,0.00,-0.03,479,427,428,342,400
3.71,1.67,-9.21,0.01,-0.01,-0.03,479,427,427,342,400
3.86,1.66,-9.27,0.03,0.01,-0.01,479,427,428,341,400
3.84,1.59,-9.40,0.04,-0.01,-0.03,479,427,428,342,400
3.72,1.54,-9.18,0.03,-0.00,-0.01,479,427,428,341,400
3.86,1.68,-9.17,0.03,-0.00,-0.02,479,426,428,341,400
END
2.85,1.78,-9.73,0.02,-0.03,-0.04,492,446,443,342,400
3.02,1.26,-9.60,0.03,0.02,-0.06,492,445,443,342,399
2.86,1.54,-9.58,0.04,-0.00,-0.01,492,445,443,342,399
2.98,1.87,-9.58,0.05,-0.03,-0.02,491,445,442,342,399
2.75,1.72,-9.50,0.06,-0.03,0.00,492,445,443,342,399
2.69,1.49,-9.48,0.03,-0.02,-0.01,492,445,442,342,399
2.69,1.49,-9.56,0.00,-0.01,-0.04,492,445,443,342,399
2.69,1.41,-9.67,0.01,0.02,-0.04,492,445,443,342,399
2.95,1.77,-9.66,0.02,0.03,-0.04,492,445,442,342,399
3.01,1.93,-9.77,0.03,-0.02,-0.01,492,445,443,342,399
2.97,1.63,-9.64,0.05,-0.04,0.01,491,445,443,342,399
2.63,1.56,-9.37,0.05,-0.02,0.03,491,445,442,342,399
2.68,1.34,-9.58,0.01,-0.00,0.02,491,445,442,342,399
2.73,1.47,-9.60,0.00,0.01,0.00,491,445,442,342,399
2.73,1.67,-9.57,0.03,0.01,-0.03,491,444,442,342,399
2.81,1.56,-9.68,0.02,0.00,-0.01,491,445,442,342,399
2.91,1.59,-9.50,0.02,-0.02,-0.03,491,445,442,342,399
2.59,1.56,-9.51,0.04,-0.00,-0.02,491,445,442,342,399
2.60,1.79,-9.43,0.01,-0.00,-0.03,491,444,442,342,398
2.89,1.76,-9.50,0.04,-0.01,-0.06,491,444,442,342,399
2.75,1.49,-9.55,0.02,-0.00,-0.03,491,444,442,342,399
3.18,1.46,-9.52,0.01,-0.01,-0.07,490,444,442,342,398
2.81,1.63,-9.56,0.02,0.00,-0.03,490,444,442,342,398
2.81,1.82,-9.61,0.02,0.01,-0.02,490,444,441,342,398
2.68,1.69,-9.61,0.04,0.01,0.00,490,444,442,342,398
2.91,1.57,-9.49,0.05,-0.01,-0.02,490,444,442,342,398
2.81,1.49,-9.58,0.03,-0.01,0.00,490,443,442,342,398
2.74,1.65,-9.42,0.03,-0.01,-0.03,490,444,442,342,398
2.68,1.61,-9.63,0.04,0.01,-0.02,490,444,442,342,398
2.71,1.51,-9.58,0.03,0.01,-0.04,490,444,442,342,398
2.74,1.51,-9.43,0.02,-0.00,-0.05,490,444,441,342,398
2.79,1.56,-9.71,0.02,0.01,-0.06,489,444,442,342,398
2.63,1.72,-9.87,0.04,0.00,-0.07,489,444,441,342,398
2.68,1.54,-9.60,0.07,-0.00,-0.04,489,443,441,342,398
3.05,1.47,-9.42,0.06,-0.03,-0.07,489,443,441,342,398
2.59,1.58,-9.44,0.03,-0.02,-0.04,489,443,441,342,398
END
2.63,1.71,-9.53,0.05,0.00,-0.05,485,439,442,338,401
2.56,1.39,-9.67,0.04,-0.00,-0.03,485,439,441,338,401
2.60,1.31,-9.65,0.03,-0.05,-0.06,485,438,442,338,402
2.38,1.33,-9.58,0.05,-0.00,-0.02,485,438,441,338,402
2.57,1.44,-9.67,0.03,-0.01,-0.07,485,438,441,338,402
2.52,1.38,-9.55,0.03,0.03,-0.01,485,438,441,338,401
2.54,1.36,-9.78,0.02,-0.00,-0.03,484,438,441,338,401
2.63,1.38,-9.68,0.03,0.01,0.02,485,438,441,338,401
2.43,1.34,-9.66,0.04,-0.02,-0.01,485,438,441,338,401
2.31,1.36,-9.67,0.03,-0.00,0.01,485,438,441,338,401
2.58,1.21,-9.51,0.03,-0.00,-0.03,484,438,441,338,401
2.43,1.28,-9.64,0.02,0.01,-0.02,485,438,441,338,401
2.68,1.26,-9.86,0.03,0.00,-0.03,485,438,441,338,401
2.64,1.36,-9.67,0.02,-0.00,0.01,485,438,441,339,401
2.67,1.41,-9.72,0.04,-0.01,-0.04,484,438,441,338,401
2.38,1.28,-9.78,0.01,-0.01,-0.03,484,438,441,339,401
2.71,1.23,-9.66,0.04,0.01,-0.03,484,438,441,338,401
2.63,1.37,-9.79,0.03,-0.00,-0.03,484,438,441,339,401
2.60,1.36,-9.47,0.04,0.01,-0.02,484,437,441,339,401
2.48,1.33,-9.70,0.03,0.01,-0.03,484,437,440,339,401
2.58,1.25,-9.50,0.03,0.01,-0.04,484,438,440,339,401
2.65,1.46,-9.66,0.02,-0.00,-0.04,484,438,440,339,401
2.69,1.46,-9.72,0.02,-0.01,-0.02,484,438,441,339,401
2.64,1.35,-9.64,0.04,-0.00,-0.02,484,437,441,339,401
2.63,1.34,-9.54,0.04,0.00,-0.02,484,438,441,339,401
2.52,1.21,-9.55,0.02,0.01,-0.02,484,438,441,339,401
2.61,1.32,-9.59,0.01,-0.00,-0.04,484,438,441,339,401
2.62,1.44,-9.73,0.02,0.00,-0.04,484,438,441,339,401
2.79,1.39,-9.89,0.02,0.00,-0.05,485,437,440,339,401
2.71,1.23,-9.72,0.02,-0.01,-0.04,484,437,440,339,401
2.52,1.36,-9.65,0.02,-0.01,-0.00,484,437,440,339,401
2.57,1.46,-9.68,0.02,0.00,-0.03,484,438,440,339,401
2.48,1.41,-9.60,0.01,-0.00,-0.04,484,438,440,339,401
2.65,1.44,-9.62,0.02,0.01,-0.02,484,437,440,340,401
2.72,1.41,-9.74,0.02,-0.01,-0.05,484,438,440,339,401
2.57,1.39,-9.77,0.01,-0.00,-0.01,484,437,440,339,401
END
2.68,1.51,-9.70,0.02,-0.01,-0.04,483,437,440,340,400
2.78,1.54,-9.56,0.04,0.01,-0.02,482,436,440,340,400
2.77,1.40,-9.64,0.04,-0.00,-0.03,482,436,439,340,400
2.59,1.43,-9.48,0.03,0.01,-0.01,482,436,439,340,400
2.84,1.50,-9.66,0.03,0.00,-0.04,482,436,439,340,400
2.63,1.48,-9.58,0.03,0.00,-0.02,482,436,439,340,400
2.73,1.28,-9.37,0.02,0.01,-0.03,481,436,439,339,400
2.86,1.39,-9.60,0.03,0.01,-0.03,482,436,439,340,400
2.90,1.49,-9.66,0.01,0.00,-0.02,482,436,439,340,400
2.76,1.37,-9.48,0.03,0.00,-0.02,482,436,439,340,400
2.73,1.60,-9.60,0.02,0.01,-0.03,482,436,439,340,400
2.87,1.56,-9.76,0.03,-0.00,-0.04,482,436,439,340,400
2.95,1.41,-9.70,0.05,-0.01,-0.04,482,436,439,340,400
2.76,1.39,-9.55,0.03,-0.01,-0.04,482,436,439,340,400
2.75,1.40,-9.50,0.03,0.01,-0.02,482,436,439,341,400
2.76,1.47,-9.57,0.03,-0.00,-0.04,482,436,439,340,400
2.70,1.54,-9.50,0.02,0.01,-0.03,482,436,439,339,400
2.80,1.51,-9.76,0.02,0.00,-0.04,482,436,439,339,400
2.88,1.52,-9.57,0.02,-0.00,-0.03,482,436,439,339,400
2.81,1.56,-9.43,0.04,0.01,-0.03,482,436,439,340,400
2.85,1.55,-9.67,0.03,-0.01,-0.03,482,436,439,340,400
2.82,1.53,-9.58,0.02,-0.00,-0.02,482,436,439,340,400
2.84,1.46,-9.65,0.03,-0.00,-0.04,482,435,439,340,400
2.73,1.51,-9.49,0.02,0.00,-0.03,482,436,439,340,400
2.87,1.54,-9.58,0.02,0.00,-0.04,481,436,439,340,400
2.73,1.56,-9.65,0.02,-0.00,-0.05,482,436,439,340,400
2.73,1.47,-9.60,0.02,0.00,-0.03,481,436,439,340,399
2.89,1.62,-9.58,0.02,-0.01,-0.05,482,436,439,340,400
2.87,1.58,-9.57,0.03,0.01,-0.03,482,435,439,340,400
2.81,1.56,-9.61,0.03,-0.00,-0.05,481,436,439,340,400
2.66,1.68,-9.61,0.02,0.00,-0.03,482,436,439,340,400
2.80,1.67,-9.50,0.03,-0.00,-0.04,482,436,439,340,400
2.83,1.67,-9.65,0.03,-0.02,-0.04,481,436,439,339,399
2.71,1.79,-9.65,0.05,-0.01,-0.04,482,436,439,340,400
2.86,1.63,-9.58,0.05,-0.02,-0.04,481,435,439,340,400
2.77,1.47,-9.40,0.04,-0.00,-0.02,481,436,439,340,399
END
2.66,1.56,-9.61,0.02,-0.01,-0.03,480,434,438,340,399
2.79,1.57,-9.60,0.02,-0.01,-0.05,481,434,437,340,399
2.70,1.69,-9.61,0.01,-0.02,-0.06,481,434,436,340,398
2.61,1.63,-9.60,0.02,-0.00,-0.04,480,433,436,340,398
2.76,1.74,-9.61,0.02,-0.02,-0.05,481,434,435,340,398
2.72,1.71,-9.63,0.01,-0.02,-0.06,481,434,434,340,398
2.68,1.80,-9.62,-0.03,-0.05,-0.02,481,434,433,339,397
2.86,1.79,-9.66,0.04,-0.02,-0.06,481,435,431,339,397
2.59,1.95,-9.63,0.03,-0.01,-0.04,480,435,431,339,396
2.80,1.82,-9.48,0.03,-0.01,-0.03,480,434,430,339,396
2.84,1.77,-9.58,0.03,-0.01,-0.03,481,435,430,339,395
2.47,1.94,-9.65,0.01,-0.00,-0.01,480,435,430,339,396
2.63,1.87,-9.57,0.04,0.01,-0.02,480,434,430,339,396
2.71,1.79,-9.64,0.04,-0.02,-0.04,480,434,430,339,396
2.38,1.89,-9.65,0.02,-0.01,-0.01,480,434,430,339,396
2.80,1.82,-9.63,0.04,0.01,-0.03,480,434,430,339,395
2.64,1.68,-9.50,0.03,-0.01,-0.04,480,434,430,339,396
2.74,1.73,-9.66,0.03,-0.00,-0.03,480,434,430,339,396
2.64,1.87,-9.50,0.01,-0.01,-0.04,480,435,429,339,396
2.55,1.96,-9.65,0.02,0.00,-0.04,480,434,429,339,396
2.68,1.87,-9.66,0.01,0.01,-0.03,480,434,429,339,395
2.64,1.91,-9.63,0.01,-0.01,-0.05,480,434,429,338,395
2.76,2.01,-9.68,0.03,-0.00,-0.03,480,435,429,339,395
2.60,1.93,-9.56,0.05,0.01,-0.02,480,435,429,339,394
2.56,1.86,-9.50,0.03,-0.01,-0.03,479,434,428,338,394
2.56,1.77,-9.46,0.01,-0.00,-0.02,479,434,428,339,394
2.65,2.06,-9.70,0.01,-0.03,-0.05,479,434,428,339,394
2.54,1.97,-9.56,0.02,-0.00,-0.02,479,435,427,339,394
2.68,1.93,-9.60,0.04,-0.00,-0.05,479,434,427,339,394
2.60,1.90,-9.58,0.03,0.02,-0.00,479,434,427,339,394
2.65,2.00,-9.68,0.03,-0.00,-0.04,479,434,426,339,394
2.62,1.99,-9.57,0.04,0.01,-0.04,479,433,426,339,394
2.56,1.84,-9.56,0.05,0.01,-0.03,479,433,426,339,393
2.69,1.84,-9.48,0.04,0.00,-0.03,477,434,426,339,393
2.71,1.97,-9.55,0.04,-0.01,-0.04,479,433,426,339,393
2.51,1.86,-9.55,0.04,0.02,0.00,478,432,426,338,393
END
2.67,1.90,-9.55,0.03,-0.01,-0.04,478,432,426,339,394
2.61,2.18,-9.59,0.04,-0.01,-0.05,478,433,426,339,395
2.80,2.00,-9.56,0.04,0.01,-0.03,478,433,426,338,395
2.73,2.10,-9.55,0.03,-0.01,-0.05,479,433,427,339,396
2.52,2.00,-9.59,0.04,-0.01,-0.05,479,433,427,338,396
2.74,2.10,-9.55,0.03,0.01,-0.03,478,432,427,338,396
2.71,1.97,-9.48,0.03,-0.00,-0.05,478,432,426,338,396
2.55,2.02,-9.57,0.03,0.01,-0.04,478,432,427,338,396
2.60,2.19,-9.58,0.04,0.01,-0.04,478,432,427,338,396
2.71,2.03,-9.60,0.04,0.00,-0.05,478,432,426,338,396
2.66,1.98,-9.55,0.04,-0.02,-0.04,478,432,426,338,396
2.61,2.10,-9.67,0.04,-0.00,-0.04,478,432,426,338,396
2.66,2.02,-9.61,0.04,-0.00,-0.03,478,432,426,338,396
2.68,1.96,-9.55,0.04,-0.01,-0.04,478,432,426,338,396
2.66,2.05,-9.52,0.03,-0.00,-0.02,478,432,426,338,396
2.69,2.01,-9.49,0.03,-0.01,-0.02,478,432,426,338,396
2.54,2.05,-9.51,0.03,0.00,-0.01,477,433,426,338,396
2.56,1.99,-9.57,0.02,0.01,-0.01,478,432,427,338,396
2.83,2.04,-9.70,0.02,-0.00,-0.03,477,432,426,338,396
2.71,1.82,-9.60,0.06,0.01,-0.01,477,432,426,338,396
2.62,1.84,-9.48,0.03,0.01,-0.01,477,432,426,338,396
2.58,1.95,-9.57,0.03,0.00,0.00,477,431,426,338,396
2.56,1.86,-9.50,0.03,0.01,0.00,477,431,427,338,396
2.76,1.95,-9.53,0.03,-0.00,-0.04,477,431,427,338,396
2.79,1.89,-9.49,0.05,0.01,-0.03,478,431,427,338,396
2.75,1.74,-9.55,0.04,0.02,-0.02,477,431,427,338,396
2.59,1.93,-9.61,0.02,0.01,-0.01,477,432,428,338,396
2.64,1.94,-9.63,0.03,-0.00,-0.02,477,431,428,338,396
2.57,2.02,-9.74,0.04,-0.01,-0.06,477,431,428,338,396
2.90,2.01,-9.43,0.06,0.00,-0.05,477,431,427,338,396
2.82,1.79,-9.45,0.05,-0.00,-0.04,477,431,427,338,397
2.67,1.81,-9.42,0.04,0.01,-0.03,476,431,428,338,396
2.66,1.95,-9.64,0.02,-0.00,-0.05,477,431,428,338,396
2.63,1.86,-9.58,0.03,0.01,-0.02,477,431,428,339,396
2.81,1.77,-9.47,0.01,-0.01,-0.02,477,430,428,338,396
2.67,1.84,-9.68,0.04,-0.00,-0.03,477,431,428,338,396
END
2.65,1.79,-9.53,0.05,0.02,-0.03,477,430,427,339,396
2.72,2.04,-9.55,0.05,0.01,-0.05,476,430,426,339,396
2.81,1.93,-9.52,0.07,0.02,-0.03,476,430,427,339,396
2.92,1.92,-9.55,0.04,0.00,-0.05,476,431,426,339,396
2.68,1.99,-9.55,0.04,0.01,-0.03,476,430,426,339,396
2.77,2.03,-9.45,0.03,0.01,-0.04,476,430,427,339,396
2.72,1.90,-9.56,0.01,0.01,-0.03,476,430,427,339,396
2.75,2.04,-9.58,0.05,0.02,-0.03,477,430,427,339,396
2.76,2.07,-9.67,0.08,0.01,-0.04,478,431,427,339,396
2.65,2.05,-9.38,0.09,0.04,-0.00,481,432,428,341,397
2.81,1.79,-9.50,0.05,-0.01,-0.04,481,432,428,341,397
2.86,1.67,-9.45,0.03,0.00,-0.00,480,431,428,340,398
2.71,1.84,-9.54,0.02,-0.02,-0.04,479,431,427,340,397
2.82,1.90,-9.54,0.04,0.01,-0.01,479,431,427,339,397
2.80,1.78,-9.54,0.02,-0.01,-0.03,478,431,427,339,397
2.79,1.73,-9.57,0.04,0.01,-0.01,478,431,427,339,397
2.98,1.86,-9.48,0.02,-0.01,-0.02,478,431,427,339,397
2.77,1.70,-9.55,0.03,-0.00,-0.02,478,431,427,339,396
2.56,1.77,-9.48,0.03,-0.00,-0.02,478,431,427,338,397
2.81,1.92,-9.50,0.02,-0.00,-0.04,478,431,427,339,397
2.76,1.69,-9.58,0.02,0.00,-0.05,478,431,427,339,397
3.00,1.98,-9.50,0.01,0.00,-0.04,478,431,427,339,397
2.96,1.84,-9.53,0.02,-0.01,-0.02,478,431,427,339,397
2.70,1.81,-9.41,0.02,-0.01,-0.03,478,431,427,339,397
2.66,1.80,-9.55,0.01,0.02,-0.01,477,431,427,338,397
2.89,2.07,-9.66,0.02,-0.00,-0.02,477,431,427,339,396
2.88,1.87,-9.60,0.06,-0.00,-0.01,476,430,426,339,397
2.65,1.82,-9.43,0.03,-0.01,-0.03,477,431,427,339,396
2.56,1.82,-9.40,0.02,0.00,-0.06,477,430,427,339,396
2.85,2.00,-9.55,0.03,0.01,-0.05,477,431,427,339,396
2.94,1.87,-9.71,0.02,-0.01,-0.03,477,431,426,339,396
2.81,1.89,-9.55,0.02,-0.01,-0.01,477,431,426,339,396
2.84,1.97,-9.65,0.03,-0.01,-0.02,477,431,426,339,396
2.86,1.82,-9.41,0.03,0.00,-0.01,476,430,426,339,396
2.86,1.85,-9.51,0.02,-0.01,-0.03,476,430,426,339,396
2.67,1.84,-9.66,0.03,-0.01,-0.02,476,428,426,339,396
END
2.85,1.79,-9.48,0.04,-0.00,-0.02,497,434,419,340,388
2.22,1.78,-9.68,0.07,0.01,-0.01,496,435,420,340,387
2.34,1.41,-9.66,0.02,-0.02,-0.03,496,435,420,340,387
2.26,1.51,-9.63,0.03,0.01,0.03,496,435,421,340,387
2.37,1.51,-9.66,0.01,-0.02,-0.06,495,435,421,340,387
2.19,1.57,-9.54,-0.02,-0.01,-0.03,494,435,421,340,386
2.11,1.51,-9.78,0.03,-0.00,-0.06,494,436,423,340,385
2.43,1.69,-9.87,-0.01,-0.00,0.01,493,436,423,340,385
2.30,1.75,-9.74,0.01,-0.01,-0.04,493,434,423,340,385
2.51,1.86,-9.72,0.03,0.00,-0.00,492,435,422,338,384
2.50,1.69,-9.66,0.04,-0.02,-0.05,491,435,422,340,385
2.32,1.53,-9.63,0.02,-0.00,-0.02,491,436,422,340,385
2.27,1.67,-9.64,0.01,0.00,-0.05,491,435,422,340,385
2.25,1.78,-9.83,0.00,-0.01,-0.05,491,435,422,340,385
2.28,1.81,-9.64,-0.00,-0.01,-0.05,491,435,421,340,385
2.43,1.92,-9.81,0.01,-0.01,-0.05,491,435,420,340,385
2.29,1.61,-9.78,0.00,0.01,0.01,490,435,421,340,384
2.33,1.84,-9.87,0.02,-0.01,-0.05,491,435,421,340,384
2.22,1.89,-9.85,0.05,-0.00,-0.02,490,435,421,340,384
2.40,1.87,-9.53,0.04,-0.00,-0.03,490,435,421,340,384
2.18,1.81,-9.52,0.05,0.01,-0.04,490,435,421,340,384
2.31,1.74,-9.68,0.02,-0.01,-0.04,490,434,421,340,384
2.51,1.88,-9.87,0.03,-0.02,-0.05,490,435,421,340,384
2.26,1.87,-9.81,0.04,-0.00,-0.01,490,435,421,340,384
2.23,1.74,-9.60,0.03,-0.01,0.00,490,434,421,340,384
2.30,1.76,-9.59,0.03,-0.02,-0.04,490,435,421,340,384
2.30,1.82,-9.65,0.02,-0.00,-0.03,490,434,421,340,384
2.37,1.79,-9.72,0.03,-0.00,-0.03,490,434,421,340,384
2.34,1.83,-9.74,0.02,-0.00,0.00,490,434,421,340,385
2.27,1.93,-9.75,0.03,-0.01,-0.01,490,433,421,340,385
2.25,1.77,-9.52,0.03,-0.02,-0.06,490,433,421,340,385
2.29,1.84,-9.63,0.02,0.02,-0.02,490,433,421,340,385
2.48,1.92,-9.70,0.02,-0.00,-0.04,490,433,421,340,385
2.40,1.92,-9.68,0.03,-0.02,-0.05,489,433,421,340,385
2.33,1.90,-9.88,0.03,0.01,-0.03,489,433,421,340,385
2.42,1.87,-9.77,0.04,-0.02,-0.06,489,432,421,340,385
END
2.10,1.84,-9.68,0.06,-0.00,-0.05,487,431,420,340,385
2.27,1.83,-9.68,0.03,-0.02,-0.04,487,431,420,340,385
2.31,1.77,-9.63,0.02,-0.00,-0.01,487,431,420,340,385
2.53,1.87,-9.63,0.03,-0.01,-0.04,487,431,420,341,385
2.30,1.79,-9.60,0.02,0.00,-0.02,487,431,420,341,385
2.48,1.87,-9.73,0.02,-0.02,-0.03,487,431,420,341,385
2.23,1.81,-9.71,0.03,-0.00,-0.02,487,430,420,340,385
2.37,1.73,-9.85,0.02,-0.00,-0.02,487,431,420,340,384
2.34,1.79,-9.71,0.02,-0.01,-0.02,487,431,420,340,385
2.37,1.79,-9.82,0.03,-0.00,-0.03,487,431,420,340,385
2.32,1.73,-9.75,0.03,-0.01,-0.02,487,431,420,341,385
2.23,1.87,-9.64,0.04,0.01,-0.01,487,431,420,341,385
2.25,1.78,-9.81,0.03,-0.01,-0.02,487,430,420,340,385
2.25,1.76,-9.68,0.03,-0.00,-0.01,487,430,420,340,385
2.22,1.74,-9.73,0.04,-0.01,-0.04,487,430,420,340,385
2.28,1.84,-9.71,0.03,0.01,-0.01,487,430,420,340,385
2.43,1.78,-9.77,0.04,0.00,-0.02,487,430,420,340,385
2.33,1.85,-9.73,0.04,-0.00,-0.02,487,430,420,340,385
2.31,1.57,-9.66,0.05,0.02,0.02,487,431,421,340,385
2.25,1.59,-9.56,0.03,0.01,0.01,487,431,421,341,385
2.24,1.74,-9.60,0.01,0.00,-0.02,486,431,421,341,385
2.49,1.76,-9.73,0.03,-0.00,-0.05,486,431,421,340,385
2.33,1.76,-9.73,0.04,0.01,-0.03,486,431,421,340,385
2.37,1.56,-9.67,0.05,0.00,-0.05,486,431,421,340,385
2.33,1.69,-9.66,0.05,0.00,-0.04,486,430,421,341,385
2.38,1.67,-9.63,0.04,-0.01,-0.04,486,430,421,340,385
2.30,1.77,-9.68,0.02,0.01,-0.03,486,430,421,341,385
2.50,1.79,-9.62,0.02,-0.00,-0.04,485,430,421,340,385
2.47,1.69,-9.64,0.03,0.00,-0.03,485,430,420,340,385
2.40,1.59,-9.69,0.02,-0.01,-0.04,485,430,420,340,385
2.47,1.84,-9.70,0.01,-0.00,-0.03,485,430,420,340,385
2.43,1.64,-9.71,0.03,0.00,-0.03,485,430,420,340,385
2.39,1.65,-9.76,0.03,0.01,-0.02,485,430,420,340,385
2.54,1.68,-9.80,0.04,-0.02,-0.04,485,430,420,340,385
2.34,1.82,-9.79,0.04,-0.01,-0.02,485,430,420,340,385
2.43,1.89,-9.69,0.06,0.00,-0.04,485,430,420,341,385
END
2.51,1.73,-9.63,0.07,-0.01,-0.04,484,428,420,341,385
2.45,1.69,-9.52,0.02,-0.00,-0.03,484,429,420,341,385
2.43,1.97,-9.73,0.03,-0.01,-0.03,484,429,420,341,385
2.51,1.79,-9.71,0.05,-0.00,-0.04,484,429,420,341,385
2.48,1.76,-9.55,0.04,0.01,-0.02,484,429,420,342,385
2.52,1.74,-9.76,0.04,-0.01,-0.03,484,428,420,341,385
2.53,1.79,-9.71,0.04,0.01,-0.04,484,429,420,341,385
2.39,1.84,-9.68,0.04,0.01,-0.03,484,429,420,341,385
2.44,1.95,-9.79,0.05,0.01,-0.04,484,429,420,342,385
2.42,1.67,-9.60,0.04,0.05,-0.03,484,429,420,342,385
2.38,1.56,-9.58,0.01,-0.02,-0.02,484,429,420,342,385
2.53,1.51,-9.66,0.01,-0.02,-0.04,484,429,420,342,385
2.41,2.03,-9.76,0.02,-0.03,-0.07,484,429,420,342,385
2.47,1.87,-9.81,0.04,-0.03,-0.07,483,429,421,342,385
2.44,1.90,-9.60,0.06,0.01,-0.03,483,428,420,342,385
2.64,1.57,-9.66,0.03,-0.00,-0.02,483,429,421,342,385
2.50,1.91,-9.58,0.03,-0.01,-0.01,483,429,421,342,385
2.35,1.88,-9.73,0.03,-0.01,-0.01,483,429,421,342,385
2.56,1.77,-9.61,0.06,-0.00,-0.02,483,429,421,342,385
2.30,1.70,-9.66,0.03,-0.02,-0.04,483,429,421,342,385
2.44,1.77,-9.66,0.04,0.01,-0.02,483,430,421,342,385
2.55,1.76,-9.76,0.05,-0.01,-0.09,483,430,421,342,384
2.48,1.77,-9.88,0.05,0.02,-0.02,483,429,421,343,385
2.72,1.59,-9.63,0.06,0.00,-0.01,482,430,421,343,384
2.41,1.64,-9.59,0.03,-0.01,0.00,482,429,421,342,384
2.35,1.65,-9.58,0.03,-0.00,-0.02,482,429,421,343,384
2.40,1.59,-9.60,0.03,0.01,-0.03,482,429,421,343,384
2.52,1.44,-9.57,0.05,-0.00,-0.03,482,429,421,343,384
2.43,1.68,-9.69,0.01,-0.01,-0.01,482,429,421,343,384
2.28,1.74,-9.68,0.05,-0.01,-0.03,482,429,421,343,384
2.15,1.49,-9.68,0.03,-0.00,-0.02,482,429,421,343,384
2.33,1.53,-9.64,0.04,0.01,-0.04,482,429,421,343,384
2.46,1.60,-9.78,0.05,0.03,-0.04,482,430,421,343,384
2.73,1.50,-9.73,0.04,0.01,-0.04,482,429,421,344,384
2.70,1.59,-9.61,0.02,-0.01,-0.02,482,429,421,344,384
2.48,1.41,-9.67,0.03,-0.00,-0.01,482,429,421,344,384
END
2.37,1.55,-9.68,0.01,-0.00,-0.02,482,428,420,345,384
2.58,1.80,-9.73,0.01,0.00,-0.04,482,428,421,345,384
2.58,1.67,-9.64,0.04,0.01,-0.03,482,428,421,344,384
2.56,1.70,-9.72,0.04,-0.00,-0.02,482,427,421,345,384
2.44,1.64,-9.60,0.02,-0.01,-0.03,482,428,421,345,384
2.46,1.62,-9.54,0.03,0.01,-0.03,482,428,421,344,384
2.48,1.59,-9.67,0.02,0.00,-0.03,482,428,421,344,384
2.56,1.63,-9.66,0.03,0.01,-0.02,482,428,421,345,384
2.56,1.77,-9.58,0.03,-0.01,-0.04,482,428,420,345,384
2.53,1.64,-9.50,0.02,0.00,-0.02,481,428,420,344,384
2.62,1.67,-9.60,0.03,-0.01,-0.04,482,428,420,344,384
2.48,1.58,-9.68,0.03,-0.01,-0.03,482,428,420,344,384
2.41,1.57,-9.71,0.02,-0.01,-0.03,482,428,420,345,384
2.60,1.83,-9.81,0.03,0.00,-0.01,481,428,420,344,384
2.45,1.53,-9.73,0.04,-0.00,-0.02,482,428,421,345,384
2.34,1.72,-9.54,0.03,0.01,-0.03,482,428,420,345,384
2.33,1.75,-9.59,0.03,-0.00,-0.04,482,428,421,344,385
2.47,1.77,-9.72,0.04,0.01,-0.05,482,428,421,345,384
2.76,1.54,-9.57,0.04,0.00,-0.05,482,428,421,345,384
2.71,1.59,-9.80,0.03,-0.00,-0.03,481,428,420,344,384
2.63,1.71,-9.59,0.03,-0.00,-0.01,482,428,420,345,384
2.30,1.70,-9.66,0.03,-0.02,-0.01,482,428,420,345,384
2.15,1.59,-9.48,0.04,-0.00,-0.04,481,428,420,345,384
2.31,1.56,-9.66,0.04,0.01,-0.07,481,428,420,344,384
2.72,1.75,-9.75,0.03,0.02,-0.08,481,428,420,344,384
2.91,1.71,-9.60,0.04,-0.01,-0.05,482,428,420,344,384
2.66,1.62,-9.57,0.03,-0.01,-0.02,482,428,421,345,384
2.44,1.56,-9.66,0.02,-0.02,-0.04,482,428,421,345,384
2.43,1.66,-9.76,0.00,-0.01,-0.03,482,428,420,345,384
2.50,1.79,-9.81,0.02,0.00,-0.05,482,429,420,345,384
2.45,1.74,-9.67,0.03,0.01,-0.03,481,427,421,345,384
2.60,1.76,-9.68,0.03,-0.02,-0.02,482,428,420,345,384
2.36,3.57,-9.60,0.01,-0.01,-0.01,481,427,420,344,384
2.46,1.74,-9.62,0.03,-0.00,-0.04,481,428,420,345,384
2.40,1.56,-9.60,0.02,0.01,-0.01,481,428,420,345,384
2.60,1.89,-9.68,0.01,-0.01,-0.03,481,428,420,345,384
END
2.53,1.70,-9.74,0.02,0.01,-0.02,481,427,420,344,384
2.48,1.82,-9.53,0.03,-0.00,-0.03,481,427,420,344,384
2.40,1.80,-9.84,0.02,-0.01,-0.04,481,427,420,344,384
2.37,2.00,-9.87,0.04,0.00,-0.05,481,427,420,344,384
2.66,1.67,-9.94,0.06,0.01,-0.05,481,427,420,344,384
2.77,1.73,-9.67,0.05,-0.00,-0.04,480,427,419,343,384
2.51,1.85,-9.63,0.02,0.00,-0.02,480,427,420,344,384
2.40,1.96,-9.59,0.03,0.01,-0.03,480,427,420,343,384
2.49,1.65,-9.39,0.04,0.01,-0.04,480,427,420,344,384
2.46,1.58,-9.45,0.00,0.01,-0.05,480,427,420,344,384
2.68,1.77,-9.75,-0.01,0.02,-0.04,480,427,420,345,384
2.71,1.97,-9.89,0.00,0.00,-0.04,480,427,420,344,384
2.63,1.98,-9.55,0.02,0.00,-0.03,480,427,420,344,384
2.66,1.91,-9.34,0.01,-0.01,-0.05,480,427,420,344,384
2.38,2.00,-9.54,0.00,0.01,-0.04,480,426,420,344,384
2.70,2.09,-9.58,0.01,0.01,-0.03,480,427,420,344,384
2.73,1.99,-9.53,0.02,-0.00,-0.01,480,427,420,344,384
2.48,1.67,-9.58,0.00,-0.01,-0.01,480,426,420,344,384
2.66,2.00,-9.68,0.01,0.00,-0.03,480,427,420,344,383
2.58,1.99,-9.72,0.03,0.02,-0.05,480,427,420,344,384
2.91,2.19,-9.58,0.05,0.03,-0.03,480,426,420,344,384
2.98,2.20,-9.40,0.05,-0.01,-0.01,480,427,420,344,384
2.25,1.87,-9.37,0.03,-0.02,-0.00,480,427,420,344,384
2.28,2.00,-9.57,0.02,0.00,-0.04,480,427,420,344,384
2.79,2.04,-9.76,0.04,0.01,-0.07,480,427,420,344,384
3.08,2.00,-9.65,0.07,0.01,-0.03,480,426,420,344,384
2.46,2.00,-9.40,0.06,-0.02,-0.02,480,426,420,344,384
2.56,1.81,-9.54,0.08,-0.00,-0.05,480,427,420,344,384
2.71,1.98,-9.58,0.07,0.00,-0.05,480,427,420,344,384
2.79,1.92,-9.40,0.05,-0.01,-0.03,480,426,420,344,384
2.51,1.67,-9.50,0.04,-0.02,-0.04,480,425,420,343,384
2.50,1.85,-9.65,0.01,0.00,-0.07,480,426,420,344,384
2.91,2.02,-9.71,0.05,0.03,-0.04,480,427,420,344,384
2.71,1.87,-9.47,0.03,-0.01,-0.01,480,427,420,344,384
2.30,1.67,-9.50,0.02,-0.01,-0.04,480,426,420,344,384
2.63,1.99,-9.71,0.02,0.02,-0.03,480,426,420,344,384
END
2.76,2.07,-9.50,0.02,-0.02,-0.04,479,426,419,344,384
2.35,1.82,-9.48,0.03,-0.02,-0.02,480,426,419,344,384
2.58,1.99,-9.72,0.03,0.02,-0.06,480,426,420,344,384
2.91,1.92,-9.56,0.06,0.03,0.01,479,426,419,344,384
2.53,1.82,-9.27,0.02,-0.05,0.01,480,426,420,344,384
2.33,1.92,-9.55,-0.00,-0.01,-0.01,480,426,419,344,384
2.63,1.97,-9.70,0.02,0.02,-0.04,480,427,420,344,384
2.79,2.01,-9.78,0.03,0.01,-0.05,480,426,420,344,384
2.74,1.90,-9.48,0.04,-0.01,0.01,480,426,421,344,384
2.41,2.13,-9.48,0.02,-0.03,-0.01,480,426,420,344,384
2.12,2.04,-9.55,0.02,0.01,-0.02,480,426,420,344,384
2.66,2.04,-9.75,0.03,0.00,-0.08,480,426,419,344,384
2.86,1.79,-9.61,0.06,-0.00,-0.05,480,426,419,344,384
2.77,1.84,-9.66,0.05,-0.01,-0.02,480,426,419,343,384
2.46,2.02,-9.66,0.05,-0.02,-0.01,479,426,419,344,384
2.25,1.90,-9.46,0.01,-0.02,-0.02,480,425,420,344,384
2.33,1.90,-9.50,0.02,0.01,-0.06,480,426,419,345,384
2.77,1.83,-9.81,0.03,0.03,-0.07,480,427,419,344,384
2.88,1.94,-9.65,0.05,0.01,-0.02,480,426,420,344,384
2.47,2.01,-9.50,0.05,-0.04,0.00,479,427,420,344,384
2.12,1.85,-9.45,0.03,-0.01,-0.01,480,426,419,344,384
2.48,1.97,-9.63,0.02,0.01,-0.05,480,426,419,344,384
2.66,1.90,-9.74,0.02,0.01,-0.04,479,426,419,344,384
2.80,1.97,-9.83,0.05,-0.01,-0.01,479,426,419,344,384
2.42,1.90,-9.38,0.03,-0.02,-0.00,479,426,419,344,384
2.24,1.77,-9.50,0.01,0.01,-0.03,479,426,419,344,384
2.66,1.88,-9.75,0.03,0.03,-0.04,479,426,419,344,384
2.73,1.98,-9.63,0.04,-0.02,-0.04,479,426,420,344,384
2.35,1.77,-9.48,0.04,-0.02,-0.04,479,426,419,344,384
2.58,1.94,-9.50,0.04,0.00,-0.04,479,426,420,344,384
2.60,1.90,-9.39,0.02,-0.00,-0.02,480,426,419,344,384
2.48,1.88,-9.62,0.02,-0.01,-0.04,480,426,419,344,384
2.45,1.90,-9.66,0.02,0.01,-0.05,479,426,420,344,384
2.79,2.01,-9.81,0.03,0.01,-0.03,479,426,419,344,384
2.65,1.96,-9.55,0.02,-0.02,-0.01,479,426,419,344,384
2.25,1.94,-9.62,0.01,-0.01,-0.03,479,423,419,344,384
END
2.55,2.05,-9.69,0.03,0.03,-0.03,479,426,419,343,384
2.46,2.07,-9.61,0.03,-0.02,-0.04,479,425,419,344,384
2.52,1.97,-9.70,0.02,0.01,-0.02,479,426,419,344,384
2.57,1.93,-9.68,0.02,0.01,-0.02,479,426,419,344,384
2.77,2.12,-9.75,0.03,0.00,-0.01,479,426,419,344,384
2.38,2.09,-9.48,0.02,-0.01,0.01,479,426,419,344,384
2.23,2.00,-9.62,0.03,-0.00,-0.04,479,425,419,344,384
2.66,2.00,-9.63,0.04,0.02,-0.04,479,426,418,344,384
2.76,2.17,-9.63,0.04,-0.01,-0.02,479,425,419,344,384
2.38,1.89,-9.60,0.04,-0.01,-0.03,479,425,419,343,384
2.63,2.10,-9.60,0.05,0.01,-0.05,479,425,419,344,384
2.73,1.92,-9.57,0.06,-0.01,-0.03,479,426,419,344,384
2.50,1.88,-9.48,0.03,-0.03,-0.02,479,425,419,344,384
2.15,1.90,-9.58,0.03,0.02,-0.01,479,426,419,344,384
2.73,2.01,-9.73,0.04,0.02,-0.04,479,425,419,344,384
2.71,2.00,-9.55,0.04,-0.00,-0.01,479,425,419,344,384
2.48,1.81,-9.45,0.03,-0.02,-0.01,479,425,419,344,383
2.26,1.93,-9.50,0.02,0.00,-0.04,479,425,419,344,384
2.63,1.91,-9.77,0.04,0.02,-0.06,478,425,419,344,384
2.77,1.79,-9.63,0.04,0.01,-0.03,478,425,419,344,384
2.38,1.80,-9.53,0.01,-0.03,-0.03,478,425,419,344,384
2.47,2.00,-9.57,0.03,0.02,-0.03,478,425,419,344,384
2.68,2.06,-9.61,0.03,0.01,-0.04,478,425,419,344,384
2.47,1.90,-9.57,0.02,-0.02,-0.05,478,425,419,344,384
2.51,1.89,-9.61,0.03,0.01,-0.05,479,426,419,344,384
2.91,2.00,-9.78,0.03,0.01,-0.01,478,425,419,344,384
2.59,1.86,-9.53,0.02,-0.03,-0.00,478,425,418,344,384
2.16,1.92,-9.50,0.00,-0.02,-0.02,478,425,419,344,384
2.73,2.06,-9.70,0.03,0.03,-0.06,478,425,419,344,384
2.86,1.95,-9.76,0.02,-0.01,-0.01,478,425,419,344,384
2.58,1.95,-9.59,0.03,-0.04,0.01,478,424,419,344,384
2.35,2.00,-9.49,0.02,-0.02,-0.01,479,425,419,344,384
2.40,2.08,-9.64,0.02,0.01,-0.04,478,427,418,344,384
2.68,1.84,-9.70,0.04,0.01,-0.04,478,426,419,344,384
2.66,1.92,-9.81,0.04,-0.02,-0.05,478,425,419,344,384
2.53,2.18,-9.63,0.05,-0.03,-0.03,478,424,419,344,384
END
2.43,1.95,-9.73,0.05,-0.02,-0.01,478,425,419,344,384
2.33,1.83,-9.89,0.05,-0.03,0.00,478,424,419,344,384
1.87,1.79,-9.61,0.07,-0.02,-0.01,478,425,419,344,384
2.04,1.49,-9.71,0.06,0.00,-0.02,478,425,419,344,384
2.42,1.53,-9.72,0.03,0.02,-0.01,477,424,419,344,384
2.02,2.07,-9.71,0.03,0.01,-0.00,478,425,419,344,384
2.06,1.96,-9.91,0.07,0.00,-0.09,478,425,419,344,384
2.45,1.30,-9.60,0.06,0.01,-0.03,478,425,419,344,384
2.30,1.50,-9.55,0.01,-0.02,-0.02,478,425,419,344,384
1.85,1.80,-9.83,0.01,0.00,-0.01,478,425,418,343,384
2.01,1.75,-9.83,0.04,0.02,-0.02,478,425,419,343,384
2.32,1.42,-9.57,0.02,0.02,-0.05,478,425,419,344,384
2.15,1.80,-9.63,-0.02,0.01,-0.06,478,425,419,344,384
2.34,2.01,-9.86,0.01,0.04,-0.01,478,425,419,344,384
2.23,1.79,-9.76,0.03,-0.01,-0.04,478,425,419,344,384
2.39,1.84,-9.43,0.02,0.04,-0.05,478,425,419,344,384
2.14,1.36,-9.34,-0.02,0.04,-0.04,478,425,419,344,384
2.64,2.06,-9.84,-0.08,-0.00,-0.07,478,425,419,344,384
2.67,2.12,-10.12,0.01,0.01,-0.06,478,425,418,344,384
2.35,1.98,-9.88,0.04,-0.01,-0.02,478,425,418,344,384
2.27,2.14,-9.68,0.07,-0.06,-0.03,478,425,419,344,384
2.46,1.83,-9.46,0.05,-0.00,0.01,478,425,419,344,384
2.21,1.74,-9.51,0.02,-0.00,-0.05,478,425,419,344,384
2.24,1.97,-9.71,-0.00,0.00,-0.03,478,425,419,344,384
2.38,2.10,-9.63,0.02,0.00,-0.04,478,425,419,344,384
2.51,2.12,-9.73,0.01,-0.02,-0.04,478,425,419,344,384
2.52,1.92,-9.51,0.03,0.01,0.00,477,423,419,344,384
2.36,2.12,-9.67,0.02,-0.02,0.01,478,425,419,344,384
2.07,1.93,-9.49,0.03,0.00,0.03,478,425,419,344,383
2.02,2.11,-9.56,-0.02,-0.01,-0.01,478,425,419,344,384
2.35,2.13,-9.86,-0.01,0.02,-0.02,477,425,419,344,384
2.35,2.15,-10.01,0.01,-0.01,-0.06,478,425,419,344,384
2.27,2.28,-9.74,0.05,0.03,0.00,478,425,419,344,384
2.34,2.18,-9.53,0.07,0.01,-0.02,478,425,418,344,384
2.35,2.03,-9.38,0.05,0.01,-0.04,478,425,419,344,384
2.60,2.05,-9.45,0.04,0.01,-0.03,478,425,419,344,384
END
2.32,1.91,-9.62,0.01,-0.00,-0.02,477,425,418,344,383
2.51,1.90,-9.76,0.05,0.03,-0.07,477,425,418,344,383
2.28,1.72,-9.66,0.03,0.01,-0.05,477,425,418,344,383
2.37,1.84,-9.58,0.03,0.01,-0.05,477,425,418,344,383
2.59,1.74,-9.59,0.03,0.01,-0.04,477,425,418,344,383
2.73,1.95,-9.80,0.02,0.01,-0.04,477,425,418,344,383
2.33,1.86,-9.69,0.05,-0.00,-0.03,477,425,418,344,383
2.12,1.82,-9.60,0.04,0.01,-0.03,477,425,418,344,383
2.42,1.80,-9.62,0.02,-0.01,-0.04,477,425,418,344,384
2.28,1.75,-9.58,0.03,-0.00,-0.02,477,425,418,344,383
2.49,1.76,-9.62,0.01,-0.01,-0.06,477,424,418,344,383
2.73,1.67,-9.71,0.02,0.00,-0.02,477,425,418,344,383
2.66,1.93,-9.88,0.02,-0.03,-0.00,477,424,418,344,383
2.05,1.86,-9.70,0.05,-0.01,0.00,477,422,418,344,383
2.17,1.90,-9.73,0.06,-0.00,-0.04,477,425,418,344,383
2.33,1.85,-9.60,0.05,-0.00,-0.05,477,425,418,344,383
2.31,1.70,-9.51,0.03,-0.01,-0.04,477,425,418,344,383
2.44,1.84,-9.63,0.02,-0.00,-0.03,477,425,418,344,383
2.25,1.82,-9.66,0.03,-0.01,-0.05,477,425,418,344,383
2.32,1.81,-9.67,0.02,0.00,-0.02,477,425,418,344,383
2.51,1.77,-9.73,0.03,-0.01,-0.05,477,425,418,344,383
2.47,1.75,-9.54,0.03,-0.01,-0.04,477,426,418,344,383
2.28,1.76,-9.68,0.02,0.01,-0.03,477,424,418,344,383
2.42,1.75,-9.60,0.02,0.00,-0.04,477,424,418,344,383
2.40,1.83,-9.72,0.02,-0.00,-0.04,477,424,418,344,383
2.46,1.91,-9.68,0.02,0.00,-0.03,476,425,418,344,383
2.37,1.84,-9.66,0.02,-0.01,-0.03,477,424,418,344,383
2.30,1.83,-9.60,0.03,-0.01,-0.04,477,425,418,344,383
2.33,1.96,-9.69,0.02,-0.01,-0.05,477,425,418,344,383
2.47,1.78,-9.65,0.03,0.00,-0.03,477,425,418,344,383
2.56,1.79,-9.80,0.03,0.00,-0.01,477,424,418,344,383
2.47,2.07,-9.82,0.02,-0.02,-0.04,477,424,418,344,383
2.35,2.03,-9.70,0.06,0.01,-0.02,477,424,418,345,383
2.43,1.87,-9.42,0.04,-0.01,-0.03,477,425,418,344,383
2.22,1.77,-9.58,0.02,-0.00,-0.02,477,424,418,344,383
2.33,1.80,-9.68,0.02,-0.01,-0.05,477,424,418,344,383
END
2.18,1.90,-9.73,0.02,0.01,-0.05,476,424,417,344,383
2.35,1.97,-9.55,0.03,-0.01,-0.02,476,424,417,344,383
2.20,1.86,-9.61,0.03,-0.02,-0.07,477,424,417,344,383
2.59,1.77,-9.65,-0.00,-0.01,-0.05,476,424,417,344,383
2.33,2.14,-9.60,-0.01,-0.01,-0.01,476,425,417,344,383
2.33,2.02,-9.77,0.03,0.00,-0.03,476,424,417,344,383
2.54,1.90,-9.63,0.04,-0.00,-0.04,476,424,417,344,383
2.39,1.99,-9.65,0.02,-0.01,-0.02,476,424,417,344,383
2.26,2.12,-9.71,0.02,0.00,0.00,476,424,417,344,383
2.35,2.17,-9.63,0.03,-0.01,-0.01,476,424,417,344,383
2.25,2.02,-9.69,0.05,0.01,-0.03,476,424,417,344,383
2.40,1.93,-9.65,0.04,0.00,-0.03,476,424,417,344,383
2.50,1.92,-9.64,0.02,-0.02,-0.02,476,424,417,344,383
2.38,1.97,-9.67,0.03,-0.01,-0.03,476,424,417,344,383
2.22,1.95,-9.58,0.03,0.00,-0.03,476,424,417,344,383
2.34,2.07,-9.60,0.02,0.01,-0.04,476,424,418,344,383
2.47,2.15,-9.61,0.02,-0.01,-0.04,476,424,417,344,383
2.35,1.99,-9.65,0.03,0.00,-0.02,476,424,417,344,383
2.31,2.02,-9.79,0.03,-0.01,-0.03,476,424,417,344,383
2.26,1.99,-9.68,0.04,0.01,-0.02,476,424,418,344,383
2.32,1.85,-9.63,0.05,0.00,-0.05,476,424,417,344,383
2.51,1.95,-9.64,0.04,-0.00,-0.02,476,424,417,344,383
2.43,1.80,-9.63,0.04,-0.01,-0.03,476,424,417,344,383
2.28,1.97,-9.49,0.02,-0.00,-0.02,476,424,417,344,383
2.38,1.95,-9.66,0.02,0.01,-0.04,476,424,417,344,383
2.43,1.97,-9.78,0.02,0.00,-0.04,476,424,417,344,383
2.29,1.85,-9.68,0.02,-0.00,-0.04,476,424,417,345,383
2.31,2.08,-9.69,0.03,0.00,-0.04,476,424,417,344,383
2.45,1.99,-9.71,0.04,0.00,-0.03,476,424,417,344,383
2.38,1.97,-9.81,0.04,-0.00,-0.04,476,424,417,344,383
2.41,2.04,-9.66,0.05,0.00,-0.03,476,424,417,345,383
2.42,1.92,-9.60,0.04,-0.01,-0.03,476,424,417,344,383
2.48,1.87,-9.73,0.05,-0.00,-0.02,476,424,417,344,383
2.45,1.77,-9.71,0.05,-0.01,-0.03,476,424,416,344,383
2.40,1.84,-9.58,0.05,0.01,-0.00,476,424,417,344,383
2.40,1.93,-9.59,0.03,-0.01,-0.02,476,424,417,344,383
END
2.40,1.81,-9.68,0.03,-0.00,-0.01,473,426,415,344,383
2.37,1.78,-9.68,-0.00,0.01,-0.04,473,425,415,344,383
2.70,1.75,-9.62,0.02,-0.01,-0.04,473,425,416,344,383
2.58,1.78,-9.46,0.02,-0.00,-0.01,472,425,416,343,383
2.46,1.89,-9.76,0.04,-0.01,-0.02,472,425,416,343,383
2.44,1.90,-9.53,0.04,-0.00,-0.01,472,425,416,344,382
2.57,1.81,-9.63,0.05,-0.01,-0.03,472,425,416,344,383
2.42,1.66,-9.57,0.03,-0.00,-0.01,472,425,416,344,383
2.63,1.84,-9.71,0.03,-0.00,-0.01,471,425,416,344,383
2.47,1.76,-9.63,0.05,-0.00,-0.02,472,425,416,343,383
2.43,1.72,-9.67,0.03,-0.00,-0.02,472,425,416,343,383
2.33,1.69,-9.55,0.02,0.00,-0.02,472,424,416,344,383
2.63,1.84,-9.71,0.04,0.01,-0.04,471,424,416,344,383
2.46,1.77,-9.76,0.04,0.01,-0.03,472,424,416,344,383
2.53,1.59,-9.55,0.04,0.01,-0.03,471,424,416,343,383
2.73,1.76,-9.60,0.01,0.00,-0.03,471,424,416,344,383
2.76,1.80,-9.62,0.03,0.01,-0.03,471,424,416,344,383
2.54,1.72,-9.50,-0.00,-0.01,-0.00,471,424,416,343,383
2.71,1.93,-9.75,0.01,-0.01,-0.00,471,424,415,344,383
2.60,1.74,-9.50,0.01,-0.01,-0.01,471,424,416,344,383
2.57,1.87,-9.68,0.01,0.00,0.00,471,424,416,343,383
2.68,1.91,-9.84,0.02,-0.01,-0.01,471,424,416,344,383
2.50,1.71,-9.60,0.04,0.00,-0.00,473,424,416,343,383
2.63,1.82,-9.75,0.04,0.01,-0.02,471,424,416,344,383
2.63,1.79,-9.70,0.04,0.00,-0.01,471,424,416,344,383
2.53,1.64,-9.54,0.06,0.01,-0.01,471,424,415,344,382
2.71,1.76,-9.54,0.03,-0.00,-0.01,470,424,416,343,383
2.53,1.74,-9.73,0.03,0.00,-0.02,471,423,416,344,383
2.64,1.56,-9.66,0.05,0.01,-0.01,471,424,415,344,383
2.64,1.69,-9.60,0.04,0.00,-0.03,471,424,416,344,383
2.64,1.82,-9.73,0.03,-0.00,-0.03,471,424,415,343,383
2.68,1.66,-9.60,0.04,-0.00,-0.03,471,424,416,343,383
2.81,1.66,-9.68,0.03,-0.01,-0.02,471,424,415,344,383
2.50,1.46,-9.55,0.03,0.01,-0.01,471,424,416,343,383
2.43,1.60,-9.70,0.02,0.01,-0.04,471,424,416,344,383
2.68,1.83,-9.72,0.04,0.01,-0.05,471,424,416,344,383
END
2.72,1.74,-9.50,0.04,0.00,-0.03,472,423,415,344,383
2.41,1.80,-9.48,0.05,-0.02,-0.11,471,423,416,343,383
2.68,2.00,-9.66,0.00,0.01,-0.01,473,424,415,344,383
2.73,1.91,-9.60,0.00,0.03,0.04,472,423,415,344,383
2.51,1.55,-9.51,0.05,0.01,-0.02,472,423,416,344,383
2.36,1.39,-9.42,-0.01,-0.02,-0.03,472,423,416,344,383
2.77,2.17,-9.95,-0.04,-0.01,-0.03,472,423,416,344,383
2.71,2.36,-10.04,0.02,0.02,-0.00,472,423,416,344,383
2.38,1.90,-9.60,0.08,-0.03,0.00,472,423,416,344,383
2.29,1.71,-9.40,0.06,-0.04,-0.00,472,423,416,344,383
2.48,1.82,-9.47,0.04,-0.06,-0.05,472,423,416,344,383
2.41,1.75,-9.67,0.03,0.01,-0.03,472,423,416,344,383
2.74,1.77,-10.01,0.03,0.03,-0.02,472,423,416,344,383
2.28,1.88,-9.78,0.05,0.02,0.03,472,422,416,344,382
2.33,1.77,-9.59,0.10,-0.06,0.01,471,422,416,344,383
2.28,1.69,-9.35,0.06,-0.07,-0.03,471,422,416,344,382
2.08,1.14,-9.15,0.04,-0.03,-0.06,471,422,416,344,383
2.04,1.42,-9.71,-0.07,0.00,-0.09,471,423,416,344,383
2.69,2.12,-10.23,-0.03,0.04,-0.07,471,422,416,346,383
2.70,2.01,-10.19,0.04,0.00,-0.05,470,422,416,344,383
2.23,1.65,-9.55,0.06,-0.01,-0.01,471,422,416,344,383
2.33,2.02,-9.65,0.06,-0.02,-0.05,471,422,416,344,383
2.20,1.80,-9.48,0.03,0.02,-0.05,471,422,416,344,383
2.56,1.87,-9.71,0.01,0.01,-0.05,471,422,416,344,383
2.61,1.95,-9.88,0.01,0.02,0.00,470,423,416,344,383
2.20,1.67,-9.79,0.03,0.01,0.02,471,423,415,344,382
2.10,1.64,-9.59,0.04,0.02,-0.06,470,424,415,344,382
2.50,1.76,-9.60,0.03,0.06,-0.03,471,423,416,344,383
2.81,1.91,-9.75,0.04,-0.02,-0.06,471,423,415,344,383
2.68,1.77,-9.77,0.06,-0.02,-0.02,470,423,415,344,383
2.15,1.62,-9.73,0.02,-0.01,-0.03,470,423,416,344,383
2.31,1.88,-9.69,0.04,0.04,-0.04,470,423,415,344,383
2.43,2.01,-9.68,0.01,0.03,-0.03,470,423,415,344,382
2.61,2.00,-9.60,0.04,0.00,-0.03,470,422,415,344,383
2.53,1.70,-9.63,0.05,0.00,-0.03,470,422,415,344,383
2.63,1.73,-9.51,0.02,0.01,-0.02,470,421,415,345,383
END
2.65,2.02,-9.70,0.05,0.01,-0.04,469,421,415,344,383
2.44,1.73,-9.62,0.05,0.01,-0.03,470,421,416,344,383
2.85,1.76,-9.63,0.06,-0.04,-0.13,470,420,415,344,383
2.70,1.54,-9.42,0.08,-0.03,-0.09,471,419,415,344,383
2.66,1.66,-9.57,0.03,-0.05,-0.07,472,419,415,344,383
2.33,1.72,-9.69,0.01,0.00,-0.01,471,419,415,344,383
2.79,1.74,-9.73,0.01,0.01,-0.01,471,419,416,344,383
2.77,1.78,-9.68,0.02,0.00,-0.02,471,419,415,344,383
2.58,1.91,-9.53,0.07,-0.03,-0.15,475,417,416,344,384
2.48,1.72,-9.48,0.08,-0.04,-0.11,476,416,416,344,384
2.55,1.55,-9.52,0.04,-0.02,-0.04,476,416,415,344,384
2.43,1.44,-9.73,-0.01,0.01,0.08,474,416,416,344,384
2.39,1.76,-9.73,0.01,-0.02,-0.01,474,416,416,344,384
2.52,1.78,-9.64,0.02,-0.01,-0.03,473,416,416,344,384
2.17,1.59,-9.67,0.02,-0.00,-0.05,473,417,416,344,384
2.46,1.94,-9.78,0.03,0.02,-0.03,473,416,416,344,384
2.76,1.71,-9.82,0.04,0.00,-0.04,473,417,416,344,384
2.43,1.75,-9.66,0.04,-0.01,-0.03,473,417,415,344,383
2.39,1.72,-9.64,0.05,0.00,-0.01,473,416,415,344,384
2.18,1.64,-9.60,0.06,-0.02,-0.09,473,418,416,344,384
2.32,1.72,-9.67,0.05,-0.05,-0.12,474,418,416,344,384
2.48,1.92,-9.76,0.04,-0.07,-0.09,474,419,416,344,383
2.68,1.43,-9.50,0.00,0.05,0.14,472,419,415,344,383
2.45,1.72,-9.50,0.05,0.02,-0.01,471,419,417,344,383
2.35,1.76,-9.85,0.01,0.00,-0.02,471,419,417,344,383
2.46,1.76,-9.74,0.07,-0.02,-0.02,471,419,418,344,383
2.07,1.37,-9.48,0.05,0.00,0.01,470,419,418,345,383
2.69,1.67,-9.71,0.04,-0.02,-0.04,470,419,418,345,383
2.45,1.58,-9.59,0.03,-0.03,-0.06,470,419,418,345,382
2.34,1.68,-9.80,0.04,0.02,-0.03,470,419,417,344,383
2.40,1.49,-9.73,0.03,0.00,-0.03,470,418,418,344,383
2.34,1.56,-9.68,0.00,-0.02,-0.01,470,418,418,345,383
2.32,1.77,-10.05,0.02,-0.02,-0.03,470,419,418,344,383
2.48,1.62,-9.66,0.05,0.02,-0.03,470,419,418,345,383
2.62,1.73,-9.69,0.04,0.00,-0.06,470,419,418,345,383
2.30,1.56,-9.59,0.03,0.01,-0.02,470,419,418,345,383
END
2.36,1.46,-9.75,0.03,0.01,-0.03,469,419,418,345,382
2.77,1.55,-9.46,0.05,-0.02,-0.07,469,420,417,345,382
2.79,1.47,-9.39,0.05,0.01,-0.05,468,420,417,345,382
2.77,1.46,-9.37,0.01,0.00,-0.07,468,420,417,345,382
2.76,1.69,-9.57,-0.00,0.00,-0.05,468,420,417,345,382
2.86,1.69,-9.73,0.02,0.01,-0.04,468,419,417,345,382
2.80,1.54,-9.67,0.03,-0.00,-0.03,468,420,417,345,382
2.94,1.70,-9.66,0.04,-0.00,-0.03,468,420,417,345,382
2.86,1.75,-9.54,0.04,-0.00,-0.02,468,420,417,345,382
2.86,1.64,-9.52,0.04,0.01,-0.00,469,420,417,345,382
2.65,1.41,-9.46,0.03,0.01,0.01,468,420,417,345,382
2.84,1.54,-9.59,0.01,-0.01,0.02,468,420,417,345,382
2.73,1.51,-9.69,0.01,-0.03,0.02,469,420,417,345,382
2.61,1.49,-9.52,0.02,0.00,-0.02,469,419,417,345,382
2.58,1.51,-9.63,0.02,0.01,-0.03,468,419,417,345,382
2.68,1.41,-9.65,0.02,0.00,-0.04,468,420,417,345,382
2.99,1.62,-9.62,0.03,-0.01,-0.04,468,419,417,345,382
2.87,1.74,-9.66,0.04,-0.00,-0.04,468,420,417,345,382
2.70,1.50,-9.45,0.04,0.01,-0.02,468,420,417,345,382
2.65,1.44,-9.45,-0.00,0.02,-0.02,468,420,417,345,382
2.88,1.74,-9.70,0.01,0.02,-0.02,468,420,419,345,382
2.80,1.68,-9.71,0.02,0.01,-0.03,468,419,417,345,382
2.91,1.72,-9.63,0.05,0.01,-0.06,468,420,417,345,382
2.94,1.51,-9.53,0.02,-0.01,-0.02,468,420,417,345,382
2.88,1.56,-9.50,0.03,0.01,-0.03,468,420,417,345,382
2.73,1.72,-9.61,0.02,-0.01,-0.02,469,420,417,344,382
2.66,1.71,-9.48,0.01,0.00,-0.01,468,420,417,345,382
2.69,1.54,-9.51,0.03,0.00,-0.05,468,420,417,345,382
2.94,1.62,-9.63,-0.01,-0.01,-0.07,468,420,417,344,382
3.13,1.79,-9.81,0.03,0.02,-0.04,468,420,417,344,382
3.04,1.78,-9.60,0.03,-0.01,-0.04,468,420,417,345,382
2.45,1.59,-9.36,0.02,0.01,-0.02,468,420,417,346,382
2.47,1.92,-9.53,-0.02,0.00,-0.08,468,420,417,344,382
2.94,1.95,-9.58,0.02,0.03,-0.09,468,420,417,345,382
3.29,1.69,-9.52,0.01,0.00,-0.10,468,420,417,345,382
3.28,1.76,-9.43,0.01,0.00,-0.06,468,420,417,345,382
END