3.10,-0.19,-9.35,0.04,0.01,-0.06,495,439,435,331,375
3.12,-0.07,-9.90,0.04,0.02,-0.02,494,439,433,330,375
3.06,-0.21,-9.45,0.03,-0.01,-0.05,495,439,435,330,375
3.07,-0.10,-9.84,0.03,0.02,-0.03,494,439,435,330,375
3.35,-0.10,-9.75,0.04,-0.01,-0.06,494,439,435,331,375
3.05,-0.09,-9.59,0.04,0.03,-0.03,495,439,435,330,375
3.00,-0.19,-9.30,0.02,-0.01,-0.04,494,439,435,331,375
3.13,-0.08,-9.80,0.02,0.01,-0.02,495,438,435,330,375
3.27,0.00,-9.87,0.04,-0.00,-0.03,494,439,435,331,375
2.90,-0.04,-9.46,0.03,-0.01,-0.03,494,440,435,330,375
2.99,-0.22,-9.55,0.02,0.00,-0.02,494,439,435,330,375
3.22,-0.13,-9.68,0.03,0.01,-0.03,495,438,435,331,375
3.14,-0.27,-9.72,0.03,-0.00,-0.03,495,436,435,331,375
3.04,-0.14,-9.73,0.03,-0.00,-0.03,495,439,435,331,375
3.00,-0.14,-9.49,0.06,0.00,-0.05,495,439,435,331,375
3.12,-0.25,-9.88,0.03,-0.00,-0.04,494,439,435,330,375
2.94,-0.11,-9.42,0.03,0.01,-0.03,495,438,435,330,375
2.99,-0.16,-9.33,0.02,-0.01,-0.03,494,439,435,330,374
3.14,-0.12,-9.57,0.04,-0.00,-0.05,494,438,434,330,375
3.07,-0.06,-9.76,0.03,-0.00,-0.03,493,438,435,330,375
3.23,-0.22,-9.40,0.05,0.01,-0.02,494,439,435,331,375
3.04,-0.22,-9.70,0.06,-0.01,-0.04,494,439,435,331,374
3.08,-0.12,-9.87,0.02,-0.04,-0.06,494,438,436,330,375
3.19,-0.10,-9.50,0.02,0.02,-0.05,494,439,436,331,375
3.47,-0.25,-9.50,0.01,0.00,-0.03,494,438,435,330,375
2.97,0.00,-9.65,0.03,0.00,-0.02,494,438,435,331,375
3.04,-0.01,-9.83,0.04,0.00,-0.03,494,438,435,330,375
3.01,-0.17,-9.55,0.04,-0.01,-0.05,494,438,435,331,376
3.05,0.00,-9.79,0.05,0.01,-0.05,494,439,435,330,375
3.14,-0.28,-9.46,0.03,0.02,-0.02,494,438,434,330,375
3.12,0.01,-9.63,0.04,-0.02,-0.03,494,438,435,331,375
2.89,-0.25,-9.50,0.02,0.01,-0.02,494,438,434,330,375
3.09,0.01,-9.69,0.02,-0.01,-0.06,494,438,435,330,375
3.04,-0.02,-9.90,0.06,0.02,-0.04,495,439,435,331,376
3.24,-0.15,-9.68,0.04,0.00,-0.04,495,438,435,331,376
3.08,-0.14,-9.50,0.03,-0.01,-0.05,494,438,434,330,376
END
3.03,-0.02,-9.50,0.06,0.01,-0.05,493,435,434,331,376
2.74,-0.14,-9.62,0.01,0.00,-0.05,493,436,434,330,376
3.16,-0.14,-9.90,0.03,-0.01,-0.10,493,437,433,330,376
3.14,-0.12,-9.60,0.03,0.04,-0.03,493,436,433,330,376
3.06,-0.13,-9.48,0.04,-0.01,-0.06,493,437,433,330,376
2.93,-0.16,-9.73,0.05,0.02,-0.04,493,437,433,330,376
3.04,-0.26,-9.71,0.03,-0.03,-0.06,493,437,433,331,377
2.96,-0.14,-9.37,0.05,0.02,-0.06,493,436,434,331,377
2.97,-0.07,-9.70,0.01,-0.02,-0.05,494,437,434,330,376
3.01,-0.10,-9.39,0.03,0.00,-0.02,493,437,434,331,376
2.96,-0.27,-9.39,0.03,-0.01,-0.04,493,437,434,331,376
2.97,0.00,-9.66,0.01,-0.00,-0.03,493,433,433,331,376
3.12,-0.19,-9.47,0.04,0.01,-0.05,493,436,433,330,376
3.04,-0.06,-9.62,-0.00,0.00,-0.02,493,436,433,330,376
3.16,0.00,-9.62,0.03,0.01,-0.02,493,436,434,331,376
2.70,-0.24,-9.30,0.01,-0.02,-0.02,493,436,434,331,376
2.87,0.01,-9.62,-0.00,-0.00,-0.00,492,437,433,332,376
2.94,0.06,-9.63,0.02,-0.00,-0.04,492,436,433,330,376
3.06,0.03,-9.36,0.05,-0.00,-0.06,493,436,433,331,376
3.22,-0.19,-9.69,0.02,0.00,-0.03,493,436,433,331,376
2.63,-0.11,-9.59,0.02,-0.03,-0.06,492,436,433,331,376
3.09,0.11,-9.75,-0.04,0.01,0.01,492,436,433,331,377
3.07,0.45,-9.91,0.08,0.04,-0.08,492,436,433,331,376
3.14,-0.17,-9.69,0.05,-0.02,-0.06,493,436,433,331,376
3.05,0.01,-9.24,0.04,0.02,-0.04,492,436,433,331,376
2.87,0.00,-9.66,-0.00,0.01,-0.00,493,436,434,331,376
3.54,0.06,-9.43,-0.00,-0.10,-0.04,492,436,433,331,376
2.81,0.42,-10.03,0.01,-0.03,0.00,492,436,433,331,376
3.17,0.20,-9.84,0.06,-0.00,-0.05,492,436,434,331,376
2.86,0.10,-9.69,0.04,-0.03,-0.04,493,436,433,331,376
2.94,0.04,-9.40,0.02,0.03,0.00,492,436,434,331,376
2.86,0.13,-9.70,0.04,-0.01,-0.08,493,436,434,330,376
2.60,-0.01,-9.60,0.03,0.02,-0.01,493,436,434,331,376
3.02,0.14,-9.57,0.07,0.04,-0.10,491,435,434,330,376
2.81,0.04,-9.53,0.02,0.02,-0.01,492,436,433,331,376
3.14,0.14,-9.59,0.08,0.01,-0.07,492,436,433,330,376
END
2.70,-0.15,-9.11,0.03,0.01,-0.02,490,435,433,330,373
3.24,0.07,-9.66,0.02,-0.01,-0.04,491,435,433,331,374
2.93,0.01,-9.35,0.02,-0.00,-0.03,491,436,433,331,373
3.42,0.07,-9.75,0.03,-0.02,-0.07,491,435,433,331,373
3.17,0.03,-9.45,0.04,0.00,-0.03,491,435,433,331,373
3.27,0.05,-9.73,0.03,-0.02,-0.04,491,435,434,330,374
3.11,0.18,-9.85,0.02,0.00,-0.03,491,436,433,331,373
3.18,0.18,-9.50,0.04,-0.00,-0.03,490,435,433,331,374
3.10,-0.03,-9.64,0.03,-0.01,-0.04,491,435,433,331,373
3.10,0.27,-9.58,0.03,0.01,-0.04,491,435,432,331,373
3.23,-0.07,-9.42,0.02,-0.01,-0.03,491,436,432,331,373
3.32,0.13,-9.83,0.04,-0.01,-0.04,491,435,433,331,373
2.86,-0.19,-9.67,0.01,-0.01,-0.03,491,435,433,331,373
3.02,0.18,-9.35,0.03,0.01,-0.03,491,435,433,331,373
3.35,0.14,-9.89,0.03,-0.02,-0.05,491,435,433,331,373
3.10,0.19,-9.78,0.03,0.00,-0.02,491,435,433,331,373
3.02,0.10,-9.58,0.03,0.02,-0.03,491,435,432,331,373
2.96,0.01,-9.25,-0.01,-0.02,-0.02,491,435,433,331,373
3.02,0.23,-9.70,0.01,0.01,-0.02,491,434,432,331,372
3.37,0.29,-10.22,0.04,-0.02,-0.04,491,435,432,330,372
3.09,0.09,-9.66,0.04,0.01,-0.03,491,434,432,331,373
2.99,0.11,-9.44,0.03,0.00,-0.03,491,435,433,332,373
2.80,0.17,-9.63,0.00,-0.02,-0.03,490,435,432,331,373
2.95,0.31,-9.58,0.04,0.00,-0.05,490,435,433,331,372
2.96,-0.06,-9.52,0.04,0.01,-0.03,490,435,434,331,373
3.15,0.12,-9.54,0.04,0.01,-0.03,491,435,433,331,372
3.02,0.21,-9.73,0.02,-0.02,-0.03,490,435,433,331,373
3.00,0.19,-9.59,0.05,0.02,-0.02,490,435,433,331,373
2.96,-0.14,-9.39,0.01,-0.03,-0.05,491,435,433,331,373
2.92,0.33,-9.63,-0.00,0.02,-0.02,490,434,432,331,373
3.17,0.40,-9.71,0.02,-0.02,-0.05,491,435,431,331,373
2.98,0.02,-9.36,0.04,0.01,-0.03,490,435,432,330,372
3.14,0.08,-9.43,0.03,0.00,-0.02,490,434,432,331,373
2.88,0.17,-9.44,0.02,-0.01,-0.01,490,435,432,332,372
3.12,0.26,-9.68,0.04,0.01,-0.02,492,434,432,331,372
3.09,0.09,-9.75,0.03,-0.03,-0.04,490,435,433,331,373
END
3.00,0.14,-9.60,0.04,0.02,-0.02,491,435,432,331,372
3.08,0.27,-9.66,0.04,-0.01,-0.04,490,434,433,332,371
3.11,0.14,-9.40,0.03,0.01,-0.02,490,434,433,330,372
3.01,0.26,-9.25,0.03,-0.01,-0.03,489,435,432,332,372
3.01,0.20,-9.60,0.04,0.00,-0.04,489,435,432,331,372
3.23,0.29,-9.67,0.03,0.00,-0.03,490,434,432,331,372
3.07,0.17,-9.43,0.03,-0.00,-0.04,490,435,433,331,371
3.11,0.14,-9.55,0.04,-0.00,-0.04,490,434,433,331,372
2.96,0.25,-9.63,0.00,-0.01,-0.02,489,434,432,331,372
3.12,0.42,-9.75,0.04,0.01,-0.02,490,434,432,332,372
2.99,0.00,-9.45,0.02,-0.05,-0.05,490,434,432,331,372
3.11,0.29,-9.73,0.03,0.04,-0.01,489,434,432,331,372
3.21,0.24,-9.73,0.05,-0.01,-0.06,490,435,433,331,372
2.94,-0.02,-9.47,0.03,0.00,-0.04,490,434,432,331,372
3.14,0.22,-9.75,0.01,0.00,-0.02,489,435,433,331,372
2.98,0.20,-9.61,0.04,-0.01,-0.05,489,435,433,332,372
2.99,0.16,-9.40,0.03,0.01,-0.03,490,434,432,331,372
3.30,0.21,-9.83,0.03,-0.01,-0.03,490,434,433,331,372
3.13,0.09,-9.77,0.03,-0.01,-0.03,489,435,433,331,372
2.96,0.12,-9.53,0.03,0.02,-0.01,489,434,432,331,371
3.04,0.20,-9.29,0.03,-0.01,-0.04,490,435,432,331,371
3.12,0.22,-9.87,0.02,-0.01,-0.03,489,435,432,332,372
3.06,0.17,-9.59,0.04,0.01,-0.01,489,434,432,332,372
3.08,0.20,-9.56,0.02,-0.02,-0.03,489,435,433,331,372
2.88,0.02,-9.67,0.03,0.01,-0.03,489,434,432,331,372
3.05,0.10,-9.51,0.04,-0.00,-0.05,489,434,432,331,372
3.02,0.15,-9.53,0.04,0.00,-0.05,490,434,432,331,372
3.02,0.28,-9.50,0.03,0.01,-0.02,489,435,433,332,372
3.08,0.19,-9.41,0.04,-0.00,-0.05,489,435,432,332,372
2.89,0.14,-9.45,0.04,0.01,-0.04,489,434,433,331,372
3.03,0.15,-9.32,0.02,0.00,-0.03,489,435,432,331,372
3.07,0.34,-9.44,0.04,0.01,-0.04,490,434,432,331,372
3.07,0.15,-9.49,0.05,0.01,-0.04,488,434,433,332,372
3.12,0.19,-9.75,0.02,0.00,-0.03,489,435,433,331,372
3.04,0.25,-9.61,0.04,0.01,-0.03,490,435,432,332,372
3.22,0.27,-9.63,0.06,-0.00,-0.05,489,434,432,331,372
END
3.13,0.14,-9.66,0.02,0.00,-0.02,488,434,432,331,371
3.05,0.34,-9.79,0.03,0.01,-0.03,488,434,432,331,371
3.09,0.19,-9.62,0.02,-0.00,-0.03,488,434,432,330,371
3.08,0.45,-9.86,0.03,-0.02,-0.04,489,434,431,332,371
2.98,0.26,-9.53,0.03,0.02,-0.01,489,434,431,330,371
3.07,0.24,-9.63,0.04,-0.01,-0.04,489,435,432,332,371
2.84,0.29,-9.70,0.04,0.00,-0.01,488,435,431,331,371
3.04,0.18,-9.48,0.04,0.01,-0.04,489,434,432,331,371
2.94,0.30,-9.53,0.01,-0.00,-0.05,488,435,432,331,371
3.40,0.51,-10.04,0.02,0.02,-0.05,489,434,432,331,371
3.17,0.23,-9.63,0.06,0.01,-0.05,489,435,431,331,371
2.92,0.18,-9.38,0.05,0.01,-0.03,488,434,432,331,371
2.94,0.05,-9.37,0.04,0.00,-0.05,488,434,432,331,371
3.19,0.38,-9.68,0.03,0.01,-0.04,489,434,431,331,370
3.24,0.23,-9.55,0.04,0.00,-0.04,488,434,431,329,371
3.32,0.27,-9.84,0.04,0.00,-0.03,489,434,432,331,371
3.37,0.16,-9.69,0.03,0.01,-0.02,489,435,432,330,371
3.07,0.29,-9.44,0.04,0.00,-0.01,488,434,431,332,371
2.84,-0.02,-9.17,0.03,-0.02,-0.03,489,434,431,331,371
2.86,0.27,-9.53,0.02,-0.01,-0.04,488,434,432,331,371
3.10,0.28,-9.48,0.02,-0.02,-0.06,488,434,432,331,371
3.33,0.26,-9.89,0.03,-0.01,-0.05,488,434,431,331,371
3.09,0.16,-9.50,0.03,-0.01,-0.03,488,434,432,331,371
3.01,0.31,-9.66,0.03,-0.00,-0.04,488,434,432,331,370
2.90,0.29,-9.61,0.03,0.00,-0.04,489,434,431,331,371
3.06,-0.04,-9.22,0.02,-0.04,-0.08,488,434,431,331,371
3.26,0.58,-10.20,0.02,0.02,-0.01,488,434,431,331,371
3.09,0.24,-9.61,0.05,-0.03,-0.06,489,434,432,331,371
2.89,0.27,-9.75,0.04,0.02,-0.00,488,434,432,331,371
2.87,0.26,-9.45,0.04,0.00,-0.04,489,434,431,331,371
2.81,0.18,-9.45,0.02,-0.00,-0.06,489,434,431,331,371
3.12,0.23,-9.70,0.01,0.01,-0.03,488,434,431,331,371
3.07,0.40,-9.81,0.02,-0.03,-0.07,489,434,431,331,371
2.94,0.50,-9.53,0.04,0.01,-0.02,488,433,431,331,371
2.93,0.29,-9.55,0.05,0.00,-0.05,488,434,431,331,370
3.07,0.42,-9.75,0.02,-0.00,-0.03,488,434,432,328,371
END
3.06,0.30,-9.89,0.03,-0.00,-0.04,488,433,431,331,371
2.77,0.32,-9.40,0.02,0.01,-0.01,487,434,431,331,371
2.85,0.45,-9.53,0.02,-0.01,-0.05,488,434,432,331,371
2.79,0.53,-9.70,0.04,0.00,-0.05,488,433,431,332,371
3.27,0.27,-9.91,0.03,0.02,-0.02,488,434,432,331,370
2.96,0.50,-9.63,0.02,-0.02,-0.05,488,433,431,331,370
2.61,0.39,-9.58,0.05,0.01,-0.03,488,433,431,331,370
3.01,0.14,-9.49,0.04,-0.01,-0.03,487,434,431,331,371
2.87,0.39,-9.51,0.03,0.00,-0.02,488,433,432,331,370
2.91,0.42,-9.57,0.03,0.01,-0.03,487,433,432,332,370
2.95,0.39,-9.69,0.03,-0.00,-0.03,488,433,431,331,370
3.11,0.34,-9.63,0.02,0.02,-0.01,488,433,431,331,370
2.86,0.35,-9.51,0.02,-0.00,-0.03,488,433,431,332,370
2.99,0.55,-9.78,0.03,0.01,-0.02,487,434,432,331,370
3.10,0.32,-9.91,0.05,0.01,-0.03,488,434,432,331,370
2.90,0.34,-9.47,0.04,0.00,-0.04,488,434,431,331,370
2.89,0.35,-9.66,0.02,0.00,-0.03,487,434,431,331,370
3.04,0.42,-9.84,0.04,0.00,-0.04,488,434,431,331,370
3.13,0.35,-9.77,0.05,0.01,-0.05,488,434,431,331,370
3.07,0.33,-9.61,0.02,-0.01,-0.05,488,433,431,331,370
2.78,0.46,-9.54,0.04,0.02,-0.04,488,433,431,331,370
3.11,0.23,-9.53,0.04,0.01,-0.04,487,433,431,331,370
2.96,0.34,-9.83,0.00,-0.03,-0.02,488,434,432,331,370
2.99,0.58,-9.92,0.03,0.01,-0.03,488,433,431,331,370
3.11,0.29,-9.79,0.03,-0.01,-0.06,488,433,429,332,371
2.94,0.21,-9.33,0.03,0.00,-0.03,488,434,432,331,370
2.98,0.34,-9.88,0.03,-0.00,-0.03,488,434,432,331,370
2.94,0.36,-9.64,0.03,-0.01,-0.04,487,433,431,331,370
2.84,0.36,-9.53,0.04,0.01,-0.02,487,434,431,331,370
2.94,0.29,-9.76,0.02,-0.02,-0.06,487,433,432,333,370
3.08,0.60,-10.01,0.03,0.02,-0.02,487,433,431,331,370
3.12,0.31,-9.60,0.04,-0.01,-0.04,488,433,432,330,370
2.89,0.38,-9.49,0.01,-0.02,-0.03,489,433,432,331,370
2.83,0.59,-9.81,0.03,0.02,-0.02,487,432,431,331,370
3.12,0.39,-9.80,0.03,-0.02,-0.05,488,433,431,332,370
2.89,0.34,-9.78,0.03,-0.00,-0.02,487,433,432,331,370
END
2.93,0.54,-10.07,0.03,-0.00,-0.04,487,433,431,331,370
2.90,0.28,-9.70,0.01,0.00,-0.02,488,434,431,331,370
2.93,0.57,-9.63,0.03,-0.01,-0.04,487,433,431,331,369
2.92,0.48,-9.59,0.04,-0.00,-0.04,488,433,431,332,369
2.96,0.22,-9.20,0.04,0.00,-0.03,488,434,431,332,370
2.89,0.45,-9.61,0.01,-0.02,-0.03,487,434,431,331,370
2.83,0.53,-9.68,0.04,0.00,-0.03,487,433,431,331,369
2.91,0.32,-9.60,0.03,0.00,-0.03,487,433,430,331,370
2.99,0.49,-9.55,0.02,0.00,-0.04,488,433,430,331,370
2.99,0.55,-9.75,0.04,0.01,-0.03,487,434,432,332,370
2.78,0.30,-9.38,0.02,-0.01,-0.03,487,433,431,331,370
3.01,0.47,-9.74,0.02,0.01,-0.02,487,434,430,332,370
2.86,0.57,-9.69,0.03,-0.01,-0.05,487,433,430,331,369
3.17,0.37,-9.96,0.04,0.00,-0.05,487,434,430,332,370
2.96,0.52,-9.84,0.02,-0.00,-0.03,488,433,431,331,369
2.87,0.50,-9.50,0.02,0.00,-0.02,487,434,431,331,369
3.02,0.42,-9.68,0.03,0.01,-0.03,488,434,431,332,370
3.01,0.38,-9.60,0.03,-0.01,-0.05,487,434,431,331,369
2.83,0.42,-9.51,0.04,0.01,-0.03,487,434,430,331,369
3.00,0.44,-9.57,0.03,0.00,-0.02,487,434,431,331,369
2.97,0.36,-9.53,0.02,-0.00,-0.02,487,434,431,331,369
2.87,0.39,-9.53,0.03,-0.02,-0.05,488,434,431,332,369
2.75,0.57,-9.70,0.01,-0.01,-0.02,488,433,431,332,370
3.17,0.56,-10.00,0.03,0.01,-0.03,488,434,430,331,370
2.98,0.50,-9.63,0.04,-0.00,-0.05,487,434,431,331,369
2.94,0.48,-9.74,0.02,0.01,-0.02,487,433,431,331,369
3.01,0.49,-9.64,0.03,0.01,-0.03,487,433,431,331,370
2.83,0.46,-9.61,0.03,0.00,-0.04,487,433,428,331,369
2.86,0.53,-9.63,0.03,-0.00,-0.05,487,434,431,331,369
2.99,0.45,-9.66,0.04,0.01,-0.05,487,434,431,331,369
2.99,0.44,-9.64,0.04,-0.01,-0.04,486,434,431,332,369
2.86,0.38,-9.50,0.03,-0.01,-0.02,488,433,431,332,369
2.75,0.62,-9.71,0.03,0.00,-0.03,487,434,431,331,369
2.76,0.47,-9.31,0.04,0.00,-0.05,487,433,431,332,370
2.93,0.46,-9.78,0.03,-0.01,-0.04,487,433,431,331,369
2.87,0.47,-9.63,0.03,0.00,-0.02,488,433,431,331,369
END
2.91,0.58,-9.61,0.04,0.00,-0.03,486,433,430,332,369
3.22,0.53,-9.86,0.04,0.01,-0.03,486,433,431,332,369
2.91,0.44,-9.65,0.02,-0.01,-0.04,487,433,430,331,369
3.19,0.44,-9.55,0.05,-0.01,-0.08,487,433,431,331,369
2.97,0.46,-9.75,0.04,0.01,-0.04,486,433,431,331,369
2.98,0.58,-9.66,0.03,0.00,-0.04,486,433,431,331,369
3.37,0.65,-10.11,0.04,-0.01,-0.06,486,433,430,331,369
3.11,0.47,-9.72,0.04,0.00,-0.04,487,433,431,331,369
2.91,0.57,-9.62,0.03,-0.01,-0.03,484,433,431,331,369
2.89,0.67,-9.63,0.04,-0.01,-0.04,486,434,431,331,369
2.99,0.36,-9.39,0.03,-0.00,-0.02,487,432,430,331,369
3.13,0.57,-9.68,0.04,-0.01,-0.01,486,433,431,332,369
2.71,0.24,-9.54,0.02,-0.04,-0.03,486,432,430,331,369
2.71,0.50,-9.89,0.02,-0.00,-0.03,487,433,430,331,369
2.89,0.48,-9.58,0.03,0.00,-0.03,487,433,430,332,369
3.03,0.59,-9.78,0.02,-0.00,-0.03,486,433,431,332,369
2.82,0.57,-9.79,0.04,0.01,-0.03,486,433,431,332,369
2.96,0.44,-9.63,0.04,-0.00,-0.05,486,433,431,332,369
2.75,0.40,-9.69,0.04,0.00,-0.04,486,433,431,332,369
2.93,0.58,-9.71,0.03,0.01,-0.03,486,432,430,331,369
2.84,0.50,-9.76,0.04,-0.00,-0.04,486,432,430,332,369
2.98,0.34,-9.55,0.03,-0.01,-0.03,486,432,430,331,369
2.76,0.53,-9.68,0.03,0.01,-0.04,487,433,430,332,369
2.95,0.33,-9.58,0.03,0.01,-0.03,486,433,430,331,368
2.89,0.49,-9.61,0.03,0.00,-0.03,486,433,431,331,369
2.99,0.39,-9.58,0.03,0.00,-0.04,486,432,430,332,369
2.81,0.61,-9.68,0.02,-0.00,-0.03,486,433,430,332,369
2.81,0.56,-9.61,0.04,-0.00,-0.03,486,433,430,332,368
2.85,0.45,-9.63,0.04,-0.01,-0.05,486,433,431,332,369
2.86,0.62,-9.78,0.03,-0.00,-0.04,486,433,431,331,369
2.95,0.46,-9.73,0.05,0.01,-0.03,486,433,430,331,369
2.87,0.31,-9.63,0.04,0.00,-0.04,486,433,430,331,369
2.84,0.56,-9.72,0.01,0.00,-0.03,486,432,430,331,369
2.99,0.74,-9.90,0.05,0.01,-0.03,485,433,430,331,369
2.89,0.37,-9.38,0.03,-0.01,-0.04,486,433,432,332,369
2.88,0.50,-9.66,0.02,0.01,-0.02,486,433,430,331,369
END
2.89,0.45,-9.55,0.04,0.00,-0.03,485,432,431,332,368
2.71,0.47,-9.75,0.03,-0.01,-0.05,485,432,430,331,368
2.86,0.56,-9.84,0.03,0.01,-0.05,486,432,430,331,368
3.01,0.60,-9.63,0.05,0.01,-0.06,485,433,431,332,368
2.95,0.65,-9.60,0.03,-0.01,-0.04,486,433,431,331,368
2.89,0.69,-9.58,0.02,-0.01,-0.04,485,432,430,331,368
2.86,0.62,-9.70,0.03,-0.00,-0.06,485,433,431,331,368
3.02,0.55,-9.88,0.04,0.01,-0.03,486,432,430,331,368
3.01,0.73,-9.72,0.03,-0.01,-0.04,486,433,431,332,368
2.85,0.51,-9.62,0.03,0.02,-0.02,486,432,430,331,368
3.01,0.69,-9.43,0.03,-0.01,-0.05,486,433,431,331,368
2.80,0.48,-9.49,0.03,-0.01,-0.03,485,432,430,332,368
3.07,0.57,-9.80,0.03,0.01,-0.03,486,432,430,331,368
2.86,0.56,-9.43,0.02,-0.02,-0.03,485,432,430,331,368
2.93,0.65,-9.68,0.02,-0.01,-0.02,486,433,431,332,368
2.92,0.62,-9.84,0.04,-0.01,-0.03,486,433,431,332,368
2.88,0.49,-9.53,0.03,0.01,-0.03,485,432,430,332,368
3.01,0.67,-9.68,0.04,0.00,-0.03,485,432,430,331,368
2.86,0.47,-9.58,0.04,-0.01,-0.05,485,432,430,331,368
2.89,0.72,-9.71,0.02,0.00,-0.03,485,432,430,332,368
3.12,0.50,-9.80,0.04,0.01,-0.03,486,432,430,332,368
2.89,0.60,-9.56,0.04,-0.00,-0.05,483,432,431,331,368
2.91,0.65,-9.73,0.03,-0.00,-0.03,485,432,430,331,368
3.01,0.73,-9.89,0.06,0.01,-0.03,485,432,430,331,368
3.09,0.42,-9.71,0.03,0.01,-0.04,485,433,430,331,368
2.97,0.60,-9.76,0.02,-0.01,-0.03,485,432,430,332,368
2.91,0.48,-9.60,0.03,0.00,-0.02,485,433,430,332,368
2.98,0.46,-9.72,0.03,-0.02,-0.04,485,433,431,331,368
2.91,0.48,-9.78,0.01,-0.00,-0.02,485,432,429,332,368
3.11,0.75,-9.86,0.03,0.00,-0.04,485,432,430,332,368
3.05,0.39,-9.64,0.02,-0.00,-0.03,485,433,430,331,368
2.86,0.68,-9.71,0.02,-0.00,-0.03,485,432,430,332,368
2.96,0.65,-9.63,0.03,0.00,-0.04,485,432,430,331,368
2.83,0.55,-9.62,0.04,0.01,-0.03,485,432,429,331,368
2.94,0.50,-9.66,0.06,0.02,-0.02,485,432,430,331,368
3.07,0.45,-9.63,0.02,-0.01,-0.04,486,433,430,331,368
END
3.12,0.75,-10.06,0.03,-0.00,-0.03,486,432,431,331,374
2.90,0.47,-9.84,0.05,0.00,-0.04,486,432,430,331,373
3.15,0.56,-9.58,0.03,0.02,-0.03,485,433,430,331,373
3.13,0.56,-9.64,0.04,-0.02,-0.05,486,432,430,331,373
3.14,0.49,-9.75,0.05,0.03,-0.03,485,432,430,331,372
3.26,0.41,-9.64,0.04,0.00,-0.04,486,432,429,331,374
3.07,0.57,-9.71,0.02,-0.02,-0.04,486,431,429,331,373
3.13,0.44,-9.82,0.02,0.00,-0.01,486,433,431,331,374
2.99,0.57,-9.60,0.02,-0.01,-0.03,486,432,430,331,374
2.96,0.34,-9.43,0.03,0.00,-0.04,486,432,430,331,374
3.20,0.39,-9.58,0.04,0.01,-0.03,486,432,430,331,374
2.97,0.45,-9.71,0.02,-0.01,-0.04,486,429,428,331,374
2.94,0.55,-9.68,0.04,0.01,-0.04,486,432,430,331,374
3.02,0.50,-9.60,0.05,0.01,-0.04,485,432,430,331,373
3.14,0.32,-9.53,0.04,0.00,-0.04,486,432,429,331,373
3.12,0.60,-9.84,0.02,-0.02,-0.04,486,431,430,331,374
3.11,0.33,-9.57,0.03,0.01,-0.03,486,431,429,331,373
3.15,0.55,-9.71,0.03,-0.01,-0.04,485,432,430,331,373
3.15,0.62,-9.81,0.03,0.00,-0.03,485,432,429,331,373
3.07,0.53,-9.70,0.03,0.00,-0.03,486,432,430,331,373
3.02,0.38,-9.48,0.04,-0.01,-0.04,485,432,430,331,373
2.91,0.43,-9.48,0.01,-0.00,-0.02,486,432,429,331,372
3.07,0.67,-9.68,0.03,0.02,-0.01,485,432,430,331,373
3.09,0.37,-9.61,0.05,-0.01,-0.05,485,431,430,331,373
2.84,0.31,-9.27,0.03,-0.01,-0.03,484,430,429,331,373
3.10,0.51,-9.56,0.05,0.03,-0.03,484,430,429,330,373
3.12,0.52,-9.69,0.04,-0.03,-0.06,484,431,429,331,373
2.93,0.42,-9.60,0.02,0.02,-0.02,485,431,429,331,373
3.20,0.48,-9.58,0.06,0.01,-0.04,484,430,429,332,373
3.15,0.49,-9.63,0.02,-0.02,-0.07,484,430,429,331,373
2.81,0.47,-9.45,0.02,0.01,-0.00,485,430,429,331,373
3.12,0.49,-9.58,0.03,-0.01,-0.03,485,430,429,331,373
3.05,0.42,-9.68,0.00,-0.03,-0.03,485,430,429,331,373
3.05,0.65,-9.69,0.05,0.03,-0.02,484,430,429,331,373
3.01,0.38,-9.53,0.04,-0.02,-0.05,485,430,429,331,373
2.87,0.52,-9.80,0.03,0.02,-0.02,484,429,429,331,372
END
3.01,0.45,-9.57,0.03,-0.01,-0.04,484,429,430,331,374
3.19,0.38,-9.67,0.02,0.01,0.02,483,429,430,330,374
2.70,0.28,-9.70,0.08,0.02,-0.02,483,430,431,330,372
2.81,0.13,-9.17,0.03,-0.02,-0.06,485,429,432,330,370
3.32,0.24,-9.62,0.04,0.01,-0.03,483,429,432,331,370
3.19,0.16,-9.50,0.03,-0.02,-0.04,484,429,432,331,370
3.09,0.21,-9.64,0.03,-0.00,-0.04,484,429,432,331,371
3.18,0.22,-9.53,0.04,0.01,-0.04,483,429,432,330,371
3.19,0.15,-9.58,0.01,-0.02,-0.03,483,429,431,331,371
3.30,0.41,-9.85,0.03,-0.01,-0.04,483,428,430,330,371
3.11,0.17,-9.54,0.03,-0.00,-0.03,483,429,431,330,371
3.42,0.34,-9.54,0.02,0.00,-0.02,483,429,430,330,371
3.22,0.33,-9.81,0.03,-0.02,-0.04,484,429,430,330,371
2.95,0.28,-9.72,0.02,0.01,-0.02,483,429,431,331,371
3.25,0.24,-9.53,0.04,0.02,-0.02,483,429,430,331,371
3.15,0.45,-9.48,0.02,-0.01,-0.04,483,429,430,330,371
2.99,0.24,-9.57,0.05,0.02,-0.03,483,429,431,330,371
3.13,0.49,-9.83,0.06,0.01,-0.06,483,429,431,331,372
3.32,0.21,-9.61,0.06,0.03,-0.06,483,430,430,331,372
3.30,0.06,-9.35,0.04,0.00,-0.04,484,429,430,331,372
3.19,0.39,-9.60,0.05,-0.00,-0.04,483,429,431,330,372
3.25,0.09,-9.48,0.03,0.01,-0.03,483,430,430,330,372
3.15,0.08,-9.45,0.01,0.01,-0.02,483,429,431,331,372
3.38,0.27,-9.99,0.04,0.02,-0.04,483,430,431,330,371
3.43,0.28,-9.69,0.04,0.00,-0.03,482,430,431,330,371
3.01,0.33,-9.54,0.04,0.01,-0.03,483,429,431,330,371
3.19,0.19,-9.55,0.02,-0.02,-0.05,483,429,431,330,371
3.24,0.16,-9.38,0.04,0.02,-0.03,483,429,432,331,371
3.45,0.24,-9.78,0.05,-0.01,-0.05,483,429,431,331,371
3.08,0.04,-9.41,-0.01,-0.04,-0.04,483,429,431,331,371
3.14,0.50,-9.71,0.04,0.01,-0.03,484,429,431,332,371
3.12,0.17,-9.48,0.03,-0.03,-0.05,483,428,431,330,371
3.19,0.11,-9.40,0.01,0.00,-0.02,483,429,430,331,371
3.29,0.39,-9.71,0.04,-0.01,-0.04,483,429,431,330,371
3.02,0.41,-9.56,0.04,0.00,-0.04,482,429,430,330,371
3.16,0.22,-9.50,0.04,0.02,-0.03,483,429,430,330,371
END
3.27,0.19,-9.42,0.02,0.01,-0.02,483,429,429,330,371
3.29,0.22,-9.71,0.03,-0.01,-0.03,483,429,429,331,371
3.03,0.45,-9.55,0.03,-0.00,-0.03,482,429,428,330,371
3.26,0.11,-9.52,0.04,0.02,-0.03,483,429,428,330,371
3.29,0.33,-9.70,0.03,-0.01,-0.04,482,429,429,331,371
3.09,0.34,-9.63,0.03,0.01,-0.03,482,429,428,331,371
3.36,0.41,-9.67,0.03,0.00,-0.03,483,429,428,331,371
3.21,0.27,-9.63,0.03,-0.00,-0.03,483,430,429,330,371
3.14,0.30,-9.64,0.03,-0.00,-0.03,482,429,429,330,371
3.29,0.45,-9.73,0.03,-0.00,-0.04,483,429,428,330,371
3.20,0.22,-9.36,0.03,0.01,-0.02,482,429,429,330,371
3.08,0.37,-9.58,0.01,-0.00,-0.03,482,430,429,330,371
3.24,0.37,-9.71,0.02,-0.01,-0.04,482,429,429,330,371
3.31,0.35,-9.53,0.04,0.01,-0.03,482,429,428,330,371
3.34,0.27,-9.60,0.03,-0.01,-0.03,482,430,429,331,371
3.04,0.39,-9.34,0.03,0.00,-0.04,483,429,428,330,371
3.14,0.28,-9.48,0.04,0.01,-0.03,481,429,428,330,371
3.28,0.32,-9.49,0.03,-0.03,-0.04,482,429,429,331,371
3.51,0.24,-9.58,0.05,-0.01,-0.08,483,429,429,331,371
3.25,0.45,-9.72,0.01,-0.01,-0.01,482,429,428,330,371
3.14,0.52,-9.73,0.03,-0.01,-0.04,483,429,428,331,371
3.13,0.18,-9.51,0.03,-0.00,-0.04,482,429,428,330,371
3.17,0.39,-9.41,0.03,-0.01,-0.03,482,429,429,331,371
2.99,0.38,-9.48,0.02,0.01,-0.02,482,429,428,330,371
3.31,0.21,-9.58,0.03,-0.00,-0.04,482,430,429,331,371
3.09,0.37,-9.56,0.02,0.00,-0.03,482,429,428,330,371
3.19,0.54,-9.71,0.04,0.01,-0.03,483,429,428,330,371
3.31,0.24,-9.83,0.03,-0.01,-0.04,482,429,428,330,371
3.04,0.45,-9.57,0.02,0.01,-0.03,483,429,429,331,371
3.16,0.30,-9.50,0.03,-0.01,-0.04,482,429,428,331,371
3.19,0.47,-9.66,0.03,-0.00,-0.03,482,429,429,330,371
3.14,0.32,-9.49,0.03,-0.01,-0.02,482,429,428,331,371
3.01,0.48,-9.61,0.01,-0.00,-0.01,482,430,429,330,371
3.14,0.54,-9.79,0.04,0.00,-0.03,482,430,428,330,371
3.14,0.12,-9.48,0.03,-0.01,-0.03,482,430,428,330,371
2.85,0.34,-9.58,0.02,0.01,-0.03,482,430,428,331,371
END
3.07,0.34,-9.70,0.00,-0.00,-0.04,482,429,428,331,369
3.03,0.55,-9.87,0.02,-0.01,-0.01,482,429,428,331,370
3.00,0.51,-9.66,0.04,-0.01,-0.04,482,429,429,330,371
3.02,0.29,-9.50,0.02,-0.01,-0.02,482,430,428,330,370
2.99,0.47,-9.64,0.03,0.00,-0.02,481,429,428,331,370
2.90,0.52,-9.67,0.02,-0.02,-0.04,481,429,429,331,370
3.03,0.40,-9.64,0.03,0.00,-0.03,482,429,428,330,370
2.94,0.39,-9.52,0.03,-0.00,-0.03,483,429,429,331,370
2.96,0.52,-9.68,0.02,-0.02,-0.03,482,430,429,332,370
2.82,0.33,-9.47,0.02,0.02,-0.03,483,429,429,331,370
2.91,0.58,-9.55,0.02,-0.01,-0.05,481,430,428,330,370
2.91,0.50,-9.68,0.04,0.02,-0.02,482,430,429,330,370
3.07,0.41,-9.61,0.02,-0.02,-0.04,482,429,427,330,369
3.09,0.47,-9.68,0.03,-0.02,-0.04,482,430,429,330,370
2.91,0.58,-9.62,0.03,-0.00,-0.03,482,429,428,330,370
2.93,0.42,-9.45,0.04,-0.00,-0.03,482,429,428,330,370
2.94,0.47,-9.68,0.04,0.01,-0.03,481,430,428,330,370
2.97,0.65,-9.79,0.04,-0.01,-0.04,482,430,428,330,370
2.74,0.60,-9.91,0.04,0.04,0.02,482,430,429,330,370
3.14,0.45,-9.55,0.04,-0.01,-0.05,482,429,429,331,370
2.90,0.34,-9.49,0.01,-0.00,-0.01,482,430,429,331,370
3.08,0.55,-9.88,0.03,0.00,-0.04,482,430,428,330,370
3.09,0.32,-9.55,0.04,-0.01,-0.04,482,430,429,331,370
3.00,0.56,-9.60,0.03,0.01,-0.02,482,430,428,331,370
2.90,0.51,-9.60,0.03,-0.00,-0.03,482,430,428,330,370
3.16,0.55,-9.67,0.02,-0.02,-0.03,482,430,428,330,370
3.17,0.41,-9.48,0.03,-0.00,-0.02,482,430,428,330,370
3.07,0.37,-9.78,0.02,-0.00,-0.02,482,430,427,330,370
3.04,0.78,-9.85,0.06,-0.02,-0.04,482,431,428,330,369
3.10,0.40,-9.63,0.06,0.00,-0.04,483,430,428,330,370
3.04,0.31,-9.48,0.03,-0.00,-0.01,482,430,428,330,369
2.98,0.37,-9.59,0.02,-0.00,-0.02,483,430,428,330,369
2.77,0.60,-9.83,0.01,0.11,0.10,482,431,429,331,369
3.17,0.25,-9.30,0.04,-0.03,-0.07,482,430,428,331,369
3.19,0.29,-9.40,0.04,0.02,-0.01,482,430,428,330,370
3.08,0.41,-9.51,0.03,-0.03,-0.02,482,430,429,330,369
END
3.07,0.30,-9.79,0.03,-0.03,-0.02,482,430,428,330,369
2.96,0.50,-9.61,0.03,-0.00,-0.03,481,428,428,330,369
3.07,0.67,-9.80,0.04,0.00,-0.04,482,430,427,330,369
3.04,0.47,-9.68,0.03,-0.03,-0.04,482,430,427,330,369
2.93,0.45,-9.40,0.04,0.01,-0.02,482,429,427,330,369
2.82,0.47,-9.35,0.03,-0.02,-0.04,481,430,428,328,369
2.94,0.52,-9.64,0.02,-0.00,-0.03,482,430,428,331,369
2.97,0.47,-9.69,0.04,-0.01,-0.03,481,429,428,331,369
2.91,0.48,-9.70,0.03,0.01,-0.02,482,429,427,330,369
2.85,0.68,-9.64,0.03,0.01,-0.03,481,430,428,330,369
2.94,0.50,-9.53,0.03,-0.00,-0.03,481,430,427,330,369
2.95,0.47,-9.43,0.04,0.01,-0.02,482,427,427,330,369
2.93,0.47,-9.55,0.00,-0.02,-0.03,481,430,427,330,369
2.76,0.63,-9.74,0.03,0.01,-0.02,482,430,428,328,369
2.98,0.39,-9.57,0.04,-0.00,-0.04,481,429,428,331,369
3.04,0.52,-9.73,0.02,-0.01,-0.04,481,430,427,330,369
2.87,0.56,-9.66,0.04,0.01,-0.03,482,429,427,330,369
2.92,0.47,-9.57,0.03,-0.01,-0.04,482,429,428,331,369
3.01,0.58,-9.83,0.02,0.00,-0.03,482,430,427,331,369
3.07,0.56,-9.69,0.04,0.01,-0.03,482,429,427,331,369
2.91,0.47,-9.50,0.03,-0.00,-0.02,482,430,427,330,369
2.87,0.46,-9.53,0.03,0.02,-0.03,483,429,427,331,369
2.76,0.44,-9.41,0.02,0.01,-0.03,481,430,428,331,369
3.08,0.57,-9.53,0.05,0.01,-0.05,482,429,428,330,369
3.07,0.37,-9.53,0.03,0.01,-0.03,481,429,428,331,369
2.98,0.73,-9.67,0.02,0.01,-0.03,481,430,427,330,369
3.17,0.60,-9.80,0.05,0.01,-0.05,482,430,427,330,369
2.94,0.29,-9.39,0.02,-0.01,-0.05,482,430,428,330,369
2.98,0.65,-9.85,0.05,0.01,-0.03,481,429,427,331,369
3.05,0.52,-9.59,0.05,-0.01,-0.05,481,429,428,330,369
2.95,0.51,-9.40,0.03,0.01,-0.03,481,430,428,330,369
3.12,0.52,-9.81,0.02,-0.02,-0.04,481,430,427,330,369
2.89,0.64,-9.66,0.04,0.02,-0.02,482,429,427,330,369
3.04,0.45,-9.56,0.03,-0.00,-0.03,481,429,428,330,368
3.01,0.59,-9.70,0.03,0.00,-0.02,481,430,428,331,369
3.04,0.48,-9.48,0.04,0.00,-0.02,481,430,428,331,368
END
2.99,0.47,-9.50,0.02,-0.02,-0.03,482,427,427,330,368
2.95,0.39,-9.58,0.03,-0.03,-0.05,482,429,429,331,368
2.81,0.36,-9.64,0.02,0.01,-0.01,481,429,427,331,368
3.05,0.45,-9.53,0.03,-0.01,-0.04,481,429,427,331,368
2.92,0.46,-9.75,0.02,-0.01,-0.03,481,429,427,331,368
3.01,0.37,-9.62,0.00,-0.01,-0.01,482,429,428,331,368
2.89,0.57,-9.84,0.02,-0.00,-0.02,482,429,427,331,368
2.93,0.37,-9.66,0.05,0.01,-0.03,481,430,428,330,367
2.84,0.39,-9.53,0.03,-0.01,-0.03,481,429,427,331,368
2.84,0.56,-9.60,0.03,-0.00,-0.03,481,429,427,330,368
2.96,0.40,-9.88,0.04,-0.00,-0.05,482,430,427,330,368
2.94,0.49,-9.62,0.05,0.02,-0.03,481,430,427,330,368
2.96,0.51,-9.60,0.04,0.01,-0.03,481,430,427,331,368
2.85,0.47,-9.71,0.03,-0.00,-0.04,482,430,428,331,368
2.83,0.45,-9.58,0.02,0.02,-0.03,481,430,427,330,368
3.00,0.50,-9.55,0.02,-0.00,-0.05,481,430,427,330,368
3.02,0.59,-9.68,0.03,0.00,-0.05,481,429,427,330,368
2.86,0.29,-9.57,0.03,0.02,-0.01,482,430,427,330,368
3.07,0.50,-9.86,0.03,-0.01,-0.04,481,431,428,331,368
3.15,0.37,-9.81,0.03,0.00,-0.02,481,429,428,331,368
2.99,0.57,-9.63,0.02,0.02,-0.00,481,430,428,330,368
2.91,0.52,-9.60,0.04,0.01,-0.03,481,429,428,331,368
2.86,0.44,-9.52,0.03,0.01,-0.03,481,430,427,331,368
3.09,0.49,-9.55,0.03,0.03,-0.04,482,430,427,330,368
3.24,0.50,-9.83,0.02,-0.01,-0.04,481,430,427,330,368
2.91,0.39,-9.59,0.03,-0.00,-0.03,481,430,427,330,368
3.01,0.52,-9.63,0.00,-0.02,-0.03,482,430,427,331,368
2.90,0.67,-9.75,0.02,0.00,-0.02,481,430,428,331,368
3.00,0.62,-9.45,0.04,-0.01,-0.04,481,429,428,330,367
2.84,0.49,-9.50,0.04,0.01,-0.03,481,429,427,330,368
3.07,0.53,-9.31,0.03,0.00,-0.02,481,429,428,330,368
3.01,0.63,-9.53,0.02,-0.03,-0.03,482,429,427,330,368
2.85,0.55,-9.65,0.04,0.01,-0.00,481,429,427,330,367
2.97,0.38,-9.57,0.02,-0.04,-0.04,481,429,428,330,367
2.82,0.55,-9.78,0.03,-0.00,-0.01,481,429,427,331,368
2.71,0.45,-9.50,0.01,-0.02,-0.02,481,430,428,330,367
END
3.00,0.55,-9.72,0.04,-0.02,-0.05,481,429,427,331,367
3.17,0.65,-9.76,0.04,0.01,-0.05,481,429,428,331,367
3.09,0.57,-9.92,0.03,-0.01,-0.05,481,429,427,330,367
2.84,0.61,-9.73,0.02,0.02,-0.00,481,429,427,331,367
2.86,0.69,-9.85,0.05,0.01,-0.04,480,429,428,330,367
2.79,0.39,-9.53,0.03,-0.00,-0.04,480,429,427,331,367
2.99,0.62,-9.66,0.03,0.01,-0.03,481,429,427,331,368
3.02,0.70,-9.83,0.04,-0.00,-0.04,481,429,427,330,368
2.90,0.47,-9.69,0.03,-0.00,-0.02,482,428,428,330,367
2.79,0.60,-9.63,0.04,-0.01,-0.04,481,429,428,330,367
2.79,0.55,-9.80,0.02,-0.00,-0.02,481,429,427,330,367
2.99,0.57,-9.77,0.03,-0.00,-0.03,481,429,428,331,367
2.71,0.46,-9.64,0.03,-0.02,-0.04,480,429,428,331,367
2.81,0.65,-9.90,0.03,0.02,-0.00,481,429,427,330,367
2.88,0.45,-9.55,0.04,0.00,-0.03,481,429,427,331,367
2.89,0.64,-9.92,0.01,-0.01,-0.03,481,429,427,331,367
2.78,0.75,-9.66,0.03,0.01,-0.01,480,428,427,331,367
2.88,0.56,-9.58,0.05,-0.00,-0.03,481,429,428,331,368
2.85,0.61,-9.69,0.03,0.00,-0.03,481,429,427,331,367
2.84,0.73,-9.84,0.03,0.00,-0.02,480,429,428,331,367
2.81,0.55,-9.61,0.03,-0.00,-0.03,481,429,427,331,367
2.96,0.60,-9.61,0.03,0.01,-0.01,481,429,427,331,367
2.85,0.52,-9.50,0.02,-0.01,-0.02,481,429,427,330,367
2.89,0.66,-9.73,0.04,0.01,-0.02,480,428,427,330,367
3.07,0.48,-9.63,0.02,-0.01,-0.02,479,428,427,331,367
2.79,0.57,-9.69,0.03,-0.01,-0.03,481,429,427,331,367
2.91,0.63,-9.68,0.04,0.02,-0.03,481,429,428,331,367
3.08,0.52,-9.60,0.03,-0.01,-0.04,482,429,428,331,367
2.81,0.58,-9.70,0.04,0.00,-0.03,481,429,427,330,367
2.84,0.39,-9.31,0.03,0.00,-0.03,481,429,427,330,367
2.92,0.34,-9.53,0.04,-0.00,-0.04,481,429,427,330,367
2.86,0.76,-10.27,0.01,-0.01,-0.03,481,430,428,331,367
2.79,0.71,-9.70,0.03,0.01,-0.03,481,429,427,331,367
3.04,0.67,-9.62,0.03,0.00,-0.04,481,428,428,331,367
3.04,0.53,-9.67,0.04,-0.00,-0.05,480,429,428,331,367
2.87,0.52,-9.63,0.03,0.00,-0.03,480,429,427,330,367
END
2.90,0.62,-9.73,0.03,-0.00,-0.03,481,429,426,330,367
2.76,0.56,-9.63,0.03,0.00,-0.03,480,428,427,331,367
2.92,0.52,-9.57,0.02,-0.02,-0.03,481,429,427,331,367
2.79,0.62,-9.71,0.05,0.00,-0.03,480,429,427,331,367
2.84,0.63,-9.83,0.03,-0.00,-0.04,480,427,426,331,367
2.85,0.72,-9.51,0.03,0.00,-0.04,480,428,427,331,367
2.90,0.47,-9.74,0.03,-0.01,-0.04,480,428,426,330,367
2.81,0.50,-9.61,0.01,-0.00,-0.02,480,429,427,331,367
2.85,0.60,-9.60,0.03,-0.01,-0.03,480,428,427,330,367
2.91,0.54,-9.50,0.03,-0.01,-0.03,480,428,427,331,367
2.92,0.67,-9.65,0.01,0.01,-0.02,480,428,427,330,367
2.95,0.68,-9.78,0.02,-0.02,-0.03,481,428,427,331,367
2.67,0.62,-9.68,0.01,-0.02,-0.01,480,428,427,331,367
2.96,0.67,-9.78,0.03,0.01,-0.03,480,428,427,330,367
2.97,0.61,-9.68,0.04,-0.00,-0.05,481,428,427,331,367
2.70,0.69,-9.68,0.02,-0.00,-0.03,481,428,426,331,367
2.94,0.73,-9.75,0.03,-0.00,-0.03,481,429,427,331,367
2.80,0.55,-9.66,0.03,-0.01,-0.04,481,428,427,330,367
2.96,0.78,-9.81,0.04,0.02,-0.03,480,428,427,331,367
2.87,0.59,-9.55,0.04,-0.00,-0.04,480,429,427,331,366
2.85,0.55,-9.66,0.03,0.01,-0.03,480,430,426,331,367
2.90,0.60,-9.71,0.03,-0.01,-0.05,480,428,427,332,367
2.71,0.69,-9.76,0.04,0.01,-0.02,480,428,427,331,367
2.93,0.56,-9.63,0.03,-0.01,-0.04,480,428,427,330,366
2.82,0.70,-9.81,0.02,-0.01,-0.03,480,428,426,331,367
3.09,0.77,-10.02,0.03,0.00,-0.03,480,429,427,331,367
3.01,0.58,-9.71,0.04,-0.01,-0.04,480,428,427,331,367
2.72,0.50,-9.38,0.03,0.01,-0.02,480,428,426,330,367
2.83,0.86,-9.78,0.03,-0.01,-0.05,480,428,426,331,367
2.90,0.54,-9.61,0.04,-0.00,-0.04,480,429,427,331,367
2.94,0.62,-9.55,0.02,0.01,-0.02,481,428,427,331,366
2.85,0.77,-9.83,0.03,-0.01,-0.04,482,428,426,331,367
2.74,0.61,-9.62,0.05,0.02,-0.04,481,428,427,331,367
2.88,0.62,-9.58,0.02,-0.01,-0.04,480,429,427,330,366
2.63,0.67,-9.37,0.03,0.00,-0.02,480,429,427,331,367
2.96,0.72,-9.77,0.04,-0.00,-0.03,480,428,427,331,367
END
2.94,0.56,-9.59,0.02,-0.01,-0.03,480,429,427,331,367
3.06,0.61,-9.58,0.02,0.00,-0.04,480,429,427,331,367
3.26,0.66,-9.71,0.04,-0.00,-0.04,480,428,428,331,367
2.98,0.69,-9.73,0.03,-0.02,-0.03,480,429,427,331,366
2.86,0.69,-9.54,0.04,0.00,-0.02,480,429,427,331,366
3.07,0.73,-9.52,0.03,-0.01,-0.04,480,429,427,331,367
3.07,0.67,-9.65,0.02,0.00,-0.02,481,428,426,331,367
2.97,0.73,-9.55,0.03,-0.01,-0.02,480,428,426,331,365
2.94,0.67,-9.55,0.03,-0.00,-0.02,480,428,427,331,366
2.99,0.67,-9.70,0.03,-0.01,-0.02,479,428,426,331,365
2.90,0.62,-9.59,0.04,-0.02,-0.03,480,428,427,331,366
2.92,0.53,-9.67,0.03,-0.02,-0.03,480,429,425,331,367
2.90,0.66,-9.67,0.03,-0.01,-0.03,481,428,426,331,366
2.90,0.75,-9.66,0.03,-0.00,-0.03,480,428,426,330,366
2.83,0.65,-9.64,0.03,-0.00,-0.04,480,429,426,331,367
3.12,0.56,-9.51,0.04,0.00,-0.03,480,428,427,331,367
2.97,0.70,-9.66,0.02,-0.02,-0.04,480,428,426,329,367
2.92,0.66,-9.86,0.02,0.00,-0.02,480,428,427,331,366
2.93,0.78,-9.55,0.03,-0.01,-0.03,479,428,426,330,366
2.75,0.70,-9.62,0.03,0.01,-0.03,480,428,427,331,367
2.97,0.67,-9.76,0.03,-0.01,-0.03,481,428,426,330,366
2.84,0.63,-9.61,0.03,0.01,-0.03,480,428,427,331,367
2.97,0.58,-9.68,0.03,0.00,-0.02,480,428,426,331,366
2.92,0.75,-9.63,0.04,-0.01,-0.04,478,428,427,331,366
2.93,0.73,-9.76,0.04,0.01,-0.03,480,428,427,331,367
2.92,0.60,-9.62,0.03,-0.01,-0.04,480,429,426,330,367
2.86,0.64,-9.69,0.02,-0.01,-0.04,480,429,426,331,366
3.02,0.75,-9.78,0.02,0.01,-0.02,480,429,426,331,367
2.99,0.68,-9.53,0.03,0.00,-0.03,480,428,426,331,365
2.90,0.78,-9.56,0.03,0.01,-0.03,480,428,427,331,367
2.96,0.61,-9.55,0.02,0.00,-0.03,480,428,427,331,366
3.07,0.78,-9.76,0.03,-0.00,-0.03,480,429,427,331,366
2.71,0.45,-9.12,0.04,-0.01,-0.03,480,429,427,331,367
2.96,0.82,-9.66,0.03,-0.01,-0.04,479,428,427,331,366
2.90,0.74,-9.64,0.03,-0.01,-0.03,481,428,427,331,367
3.00,0.75,-9.68,0.04,-0.00,-0.05,480,428,427,331,367
END
2.85,0.56,-9.53,0.03,-0.01,-0.04,479,425,427,331,366
2.94,0.75,-9.68,0.02,0.01,-0.03,479,428,427,330,367
3.12,0.78,-9.78,0.04,-0.01,-0.06,477,428,426,330,366
2.99,0.75,-9.67,0.04,0.00,-0.04,480,427,427,331,366
2.84,0.69,-9.62,0.03,0.00,-0.03,479,428,427,331,366
2.99,0.63,-9.68,0.03,-0.00,-0.03,480,428,427,331,366
2.98,0.83,-9.83,0.02,-0.00,-0.04,480,428,426,331,367
2.92,0.79,-9.69,0.04,0.01,-0.03,480,428,426,331,366
2.94,0.63,-9.53,0.03,-0.01,-0.03,479,428,426,331,367
2.91,0.81,-9.76,0.03,-0.00,-0.02,480,428,427,331,367
2.95,0.79,-9.60,0.04,-0.00,-0.04,480,428,427,331,366
2.90,0.61,-9.52,0.04,0.00,-0.02,479,428,426,331,366
3.04,0.81,-9.94,0.03,-0.01,-0.01,479,428,426,331,366
2.95,0.83,-9.70,0.04,0.00,-0.02,479,428,427,331,366
3.09,0.55,-9.73,0.03,-0.00,-0.02,479,428,426,331,367
2.96,0.60,-9.68,0.03,-0.01,-0.03,480,428,427,331,366
2.79,0.71,-9.71,0.03,0.01,-0.03,479,427,427,331,367
3.03,0.65,-9.73,0.03,0.00,-0.04,479,428,426,331,366
3.01,0.58,-9.61,0.04,0.01,-0.04,479,428,426,331,367
3.20,0.62,-9.82,0.03,-0.00,-0.03,479,427,427,331,366
2.91,0.72,-9.65,0.05,-0.03,-0.03,479,428,427,331,366
2.59,0.58,-9.53,0.04,0.01,-0.02,479,428,426,329,367
2.79,0.75,-9.63,0.03,0.02,-0.06,479,427,426,330,366
2.96,0.63,-9.60,0.02,0.02,-0.05,480,428,426,331,366
3.24,0.65,-9.76,0.04,0.01,-0.05,481,428,427,332,366
3.05,0.47,-9.58,0.03,-0.00,-0.04,479,428,427,331,367
2.88,0.65,-9.80,0.01,0.02,-0.02,481,427,427,331,366
2.94,0.62,-9.62,0.04,0.01,-0.04,480,428,426,331,366
2.93,0.62,-9.72,0.03,0.01,-0.03,479,428,427,331,366
3.04,0.55,-9.43,0.03,0.00,-0.02,480,428,426,332,366
2.97,0.71,-9.68,0.02,-0.00,-0.02,480,428,424,331,366
3.06,0.76,-9.73,0.02,0.01,-0.02,479,426,427,331,366
3.01,0.57,-9.56,0.03,-0.00,-0.02,480,427,427,332,367
2.85,0.67,-9.67,0.04,-0.00,-0.02,479,427,427,332,366
2.91,0.73,-9.64,0.04,-0.00,-0.03,480,428,426,331,366
3.25,0.60,-9.58,0.03,0.00,-0.03,480,428,427,332,366
END
3.06,0.62,-9.50,0.02,-0.01,-0.03,479,428,426,331,366
2.89,0.73,-9.58,0.03,-0.01,-0.04,479,427,426,331,366
2.81,0.67,-9.55,0.04,0.00,-0.03,479,428,427,331,366
2.71,0.55,-9.45,0.04,-0.00,-0.03,480,427,426,331,366
2.87,0.62,-9.72,0.03,-0.00,-0.04,479,427,426,331,366
2.94,0.81,-9.76,0.04,0.01,-0.03,479,427,426,331,366
2.95,0.58,-9.60,0.03,-0.01,-0.04,479,428,427,331,366
2.88,0.67,-9.45,0.02,0.01,-0.03,478,427,427,331,366
2.96,0.75,-9.66,0.02,-0.01,-0.04,479,427,427,331,366
3.01,0.67,-9.71,0.03,0.00,-0.03,479,428,427,331,366
2.87,0.75,-9.55,0.02,-0.00,-0.03,479,428,425,331,366
2.86,0.79,-9.67,0.02,0.00,-0.03,479,427,427,331,366
2.87,0.60,-9.50,0.04,0.01,-0.05,479,428,426,328,366
2.92,0.59,-9.43,0.02,0.01,-0.03,479,428,427,331,366
2.97,1.03,-10.14,0.04,0.01,-0.04,479,428,427,331,366
2.91,0.79,-9.72,0.04,-0.01,-0.06,480,427,427,331,366
2.86,0.80,-9.61,0.06,0.01,-0.05,480,427,426,331,366
3.10,0.67,-9.36,0.04,0.01,-0.03,479,427,427,331,366
3.14,0.93,-9.81,0.04,0.01,-0.03,480,428,427,331,366
2.98,0.62,-9.44,0.03,-0.00,-0.03,479,427,427,331,366
2.85,0.53,-9.45,0.02,-0.01,-0.02,479,428,426,331,366
2.89,0.70,-9.68,0.03,-0.00,-0.03,479,428,426,331,366
2.92,0.68,-9.58,0.02,-0.01,-0.03,479,428,426,330,366
2.99,0.73,-9.67,0.03,-0.01,-0.03,479,428,426,331,366
2.78,0.57,-9.53,0.01,-0.02,-0.03,479,427,426,331,366
2.88,0.80,-9.73,0.02,0.01,-0.02,479,427,427,331,366
3.01,0.78,-9.63,0.04,-0.01,-0.04,479,427,427,331,366
3.06,0.78,-9.54,0.03,0.00,-0.03,479,428,427,331,366
2.87,0.70,-9.70,0.03,0.00,-0.02,480,428,426,331,366
2.84,0.80,-9.66,0.03,-0.00,-0.04,479,427,427,331,366
2.91,0.72,-9.60,0.03,0.02,-0.02,480,427,426,331,366
3.04,0.70,-9.52,0.04,0.00,-0.03,479,427,425,331,366
2.99,0.72,-9.69,0.03,-0.01,-0.03,480,428,426,331,366
2.71,0.76,-9.30,0.03,0.00,-0.02,479,428,427,330,366
2.89,0.70,-9.74,0.02,-0.00,-0.03,478,427,426,331,366
2.91,0.68,-9.79,0.03,-0.00,-0.03,479,427,423,331,366
END
2.96,-0.22,-10.09,0.02,-0.02,-0.02,475,421,423,331,373
2.71,-0.24,-9.58,0.04,-0.01,-0.05,474,421,423,330,373
2.70,-0.06,-9.71,0.03,0.01,-0.03,475,421,423,330,373
2.63,-0.01,-9.76,0.03,-0.00,-0.04,475,422,423,330,373
2.47,-0.06,-9.80,0.05,-0.00,-0.04,475,421,423,331,373
2.59,-0.11,-9.82,0.03,0.01,-0.04,475,422,424,331,373
2.74,-0.04,-9.64,0.03,0.00,-0.04,475,422,423,328,373
3.01,-0.12,-9.86,0.02,-0.00,-0.03,475,422,423,330,373
2.56,0.00,-9.68,0.03,0.02,-0.02,474,421,423,331,373
2.51,0.00,-9.69,0.01,-0.02,-0.03,475,421,423,331,373
2.58,-0.19,-9.88,0.02,0.02,-0.02,474,421,423,330,373
2.65,-0.13,-9.29,0.04,-0.01,-0.05,475,421,423,331,373
2.53,-0.09,-9.63,0.02,0.02,-0.02,474,421,423,331,373
2.81,-0.13,-9.85,0.03,0.00,-0.04,475,421,423,331,373
2.62,-0.01,-9.63,0.03,-0.00,-0.04,474,422,423,331,373
2.72,-0.09,-9.83,0.03,-0.02,-0.04,474,421,423,331,373
2.38,-0.25,-9.60,0.03,0.00,-0.03,475,422,423,330,373
2.68,-0.06,-9.65,0.03,0.01,-0.03,475,421,423,331,373
2.68,-0.04,-9.91,0.06,-0.00,-0.05,475,421,423,330,373
2.70,-0.10,-9.57,0.02,0.00,-0.02,475,421,422,331,373
2.51,-0.07,-9.57,0.03,-0.00,-0.03,474,422,423,331,373
2.46,-0.07,-9.32,0.03,0.01,-0.03,475,422,423,331,372
2.79,0.17,-9.83,0.03,-0.01,-0.03,475,422,423,331,373
2.61,-0.30,-9.27,0.05,0.01,-0.03,474,421,423,331,372
2.69,-0.12,-9.73,0.01,-0.03,-0.03,475,421,422,330,372
2.48,-0.04,-9.86,0.03,0.01,-0.02,474,421,423,331,373
2.59,-0.22,-9.39,0.03,-0.02,-0.05,475,421,422,330,373
2.66,0.16,-10.01,0.01,0.01,-0.00,474,422,422,331,372
2.68,-0.06,-9.58,0.05,-0.00,-0.04,474,422,423,331,373
2.52,-0.13,-9.53,0.03,0.00,-0.02,475,420,423,330,373
2.67,-0.34,-9.68,0.04,0.01,-0.03,475,422,423,331,373
2.62,0.08,-9.94,-0.01,-0.02,-0.04,475,422,423,331,373
2.96,0.19,-9.53,0.01,0.02,-0.02,475,421,422,330,373
2.66,0.20,-9.88,0.06,0.01,-0.04,474,422,423,331,372
2.51,-0.39,-9.47,0.04,-0.01,0.00,475,421,423,331,373
2.49,-0.33,-9.50,0.02,0.01,-0.00,475,421,422,330,372
END
2.40,0.23,-9.81,0.02,-0.01,-0.04,475,421,422,330,372
2.76,-0.07,-9.71,0.04,-0.00,-0.03,474,422,422,331,372
2.61,0.11,-9.63,0.01,-0.02,-0.03,474,421,423,331,372
2.61,0.06,-9.76,0.01,-0.00,-0.01,475,421,422,331,372
2.68,-0.01,-9.86,0.03,-0.03,-0.04,475,422,423,331,372
2.53,0.10,-9.89,0.01,0.03,-0.01,475,421,422,330,372
2.81,0.09,-9.86,0.03,-0.02,-0.07,475,421,423,331,372
2.62,-0.03,-9.75,0.02,0.01,-0.03,474,421,423,331,372
2.62,0.10,-9.53,0.04,-0.00,-0.04,474,421,423,330,372
2.66,-0.06,-9.77,0.02,-0.02,-0.03,474,422,423,332,372
2.58,0.05,-9.69,0.04,0.00,-0.03,474,418,423,331,372
2.56,0.05,-9.81,0.04,-0.00,-0.04,475,421,423,330,372
2.57,0.00,-9.55,0.03,0.00,-0.03,474,422,424,330,372
2.58,0.10,-9.86,0.02,0.00,-0.03,474,422,423,331,372
2.62,-0.04,-9.76,0.02,-0.01,-0.03,475,421,423,331,372
2.48,0.07,-9.58,0.04,0.00,-0.03,474,421,422,330,372
2.58,-0.10,-9.63,0.05,-0.01,-0.06,474,422,423,330,372
2.49,0.11,-9.62,0.01,0.01,-0.02,474,422,422,330,372
2.76,0.36,-9.91,0.04,-0.01,-0.04,475,422,422,330,372
2.73,-0.14,-9.73,0.04,-0.01,-0.03,475,421,422,330,372
2.43,0.11,-9.84,0.02,0.00,-0.02,473,421,423,331,372
2.57,0.17,-9.91,0.03,0.00,-0.04,474,421,422,331,372
2.66,0.16,-9.76,0.04,0.00,-0.03,474,421,423,331,372
2.63,0.17,-9.99,0.04,0.00,-0.04,474,421,423,331,372
2.61,0.02,-9.71,0.04,0.01,-0.03,474,421,423,331,372
2.75,0.29,-10.16,0.04,-0.01,-0.05,475,421,423,331,371
2.51,0.01,-9.58,0.03,-0.01,-0.04,474,421,422,330,372
2.65,0.19,-9.89,0.03,0.01,-0.03,474,422,423,331,370
2.58,0.17,-9.75,0.04,-0.01,-0.05,474,421,423,331,372
2.53,-0.02,-9.41,0.02,0.01,-0.03,474,421,422,331,372
2.51,-0.22,-9.27,-0.01,0.00,-0.03,474,421,422,330,371
2.60,0.62,-10.15,0.01,-0.02,-0.07,475,421,423,331,371
2.89,0.15,-10.01,0.06,-0.01,-0.05,474,421,423,331,371
2.59,-0.20,-9.54,0.03,-0.01,-0.03,474,421,423,331,371
2.68,0.22,-10.03,0.03,0.00,-0.03,474,421,422,330,371
2.39,0.29,-9.78,0.04,-0.01,-0.05,474,421,422,331,372
END
2.46,-0.01,-9.65,0.03,0.02,-0.02,473,421,423,331,371
2.79,0.10,-10.04,0.03,-0.01,-0.04,474,422,423,331,371
2.69,0.11,-10.12,0.02,0.00,-0.02,473,422,423,331,371
2.62,0.19,-9.83,0.04,0.00,-0.03,474,422,422,331,371
2.63,-0.09,-9.66,0.04,-0.00,-0.04,473,421,422,331,370
2.56,0.14,-9.85,0.02,0.00,-0.03,473,421,423,331,371
2.54,0.12,-9.78,0.04,0.00,-0.05,474,422,423,331,371
2.67,-0.03,-9.71,0.04,-0.01,-0.06,473,421,422,331,371
2.53,0.03,-9.48,0.02,0.00,-0.02,474,421,422,330,371
2.51,0.33,-9.81,0.03,-0.01,-0.05,474,421,422,331,371
2.47,0.13,-9.58,0.03,0.01,-0.05,473,422,423,331,371
2.66,0.07,-9.95,0.03,-0.01,-0.07,474,421,423,331,371
2.73,0.01,-9.81,0.03,-0.01,-0.07,474,422,423,331,371
2.59,0.22,-9.75,0.04,0.01,-0.04,474,421,423,331,371
2.63,-0.01,-9.68,0.03,-0.01,-0.05,473,421,422,331,371
2.50,0.26,-10.00,0.03,0.01,-0.03,474,422,423,331,371
2.51,0.05,-9.82,0.03,0.01,-0.03,474,421,422,330,371
2.78,0.25,-10.11,0.03,0.00,-0.04,474,422,422,331,371
2.69,0.19,-9.81,0.04,0.01,-0.03,474,421,423,331,371
2.76,0.24,-10.17,0.03,-0.01,-0.03,474,422,423,331,371
2.46,0.08,-9.56,0.03,0.00,-0.03,474,421,423,331,371
2.46,-0.11,-9.43,0.02,-0.00,-0.03,474,421,422,331,371
2.52,0.25,-9.62,0.04,-0.00,-0.04,474,420,423,331,371
2.48,-0.04,-9.42,0.04,0.01,-0.03,473,421,423,331,371
2.75,0.07,-9.89,0.02,-0.00,-0.03,473,421,423,330,371
2.61,0.17,-9.57,0.02,-0.01,-0.03,474,421,423,331,371
2.69,0.06,-9.76,0.05,0.01,-0.04,472,421,423,331,371
2.58,0.15,-9.71,0.02,-0.00,-0.03,473,421,423,331,371
2.67,0.19,-9.75,0.03,0.00,-0.02,471,421,422,331,371
2.68,-0.01,-9.72,0.05,0.01,-0.04,473,421,423,331,371
2.62,0.07,-9.65,0.02,-0.00,-0.03,473,422,423,332,371
2.77,0.23,-10.01,0.02,-0.01,-0.04,474,421,423,331,371
2.58,0.15,-9.68,0.03,-0.01,-0.04,473,421,421,331,370
2.65,0.07,-9.73,0.03,0.01,-0.03,474,422,423,331,371
2.64,0.22,-9.73,0.03,0.00,-0.04,473,421,423,331,371
2.66,0.02,-9.84,0.02,-0.00,-0.03,473,421,423,331,371
END
2.57,0.30,-9.81,0.03,0.01,-0.04,474,421,423,331,370
2.53,0.11,-9.53,0.03,-0.01,-0.04,474,421,422,331,370
2.61,0.37,-10.01,0.02,0.01,-0.03,473,421,422,331,371
2.64,0.29,-9.91,0.03,-0.02,-0.03,474,420,422,331,370
2.44,0.19,-9.72,0.03,0.01,-0.02,474,422,422,331,371
2.38,0.37,-9.64,0.02,-0.00,-0.02,474,421,422,332,371
2.45,0.36,-9.74,0.03,0.00,-0.02,473,421,423,331,371
2.66,0.22,-9.86,0.03,-0.02,-0.03,474,421,423,332,371
2.54,0.29,-9.93,0.03,-0.00,-0.03,473,421,422,331,371
2.51,0.26,-9.90,0.04,-0.00,-0.04,473,421,422,330,370
2.47,0.32,-9.88,0.04,-0.00,-0.03,472,422,423,330,370
2.62,0.26,-10.02,0.04,-0.02,-0.05,473,421,422,332,370
2.43,0.29,-9.83,0.04,0.01,-0.04,473,421,422,331,371
2.51,0.34,-9.76,0.04,0.01,-0.04,473,418,423,331,371
2.50,0.22,-10.09,0.03,0.00,-0.04,473,421,422,331,371
2.48,0.22,-9.68,0.03,0.01,-0.03,474,421,423,331,370
2.47,0.22,-9.77,0.02,-0.00,-0.03,473,421,423,331,371
2.47,0.22,-9.76,0.03,0.01,-0.02,473,421,423,331,370
2.52,0.30,-9.72,0.02,0.01,-0.02,473,422,421,332,370
2.53,0.45,-10.00,0.04,0.01,-0.02,473,422,422,331,370
2.45,0.19,-9.51,0.04,0.00,-0.03,473,421,423,331,370
2.45,0.19,-9.71,0.03,0.01,-0.01,473,421,423,331,370
2.26,0.24,-9.48,0.02,-0.01,-0.03,473,421,422,329,370
2.64,0.39,-9.83,0.03,-0.00,-0.02,473,421,422,331,370
2.47,0.14,-9.63,0.04,0.01,-0.03,473,421,423,331,371
2.61,0.29,-9.86,0.05,-0.00,-0.03,473,421,423,331,370
2.30,0.20,-9.40,0.02,0.01,-0.02,473,421,422,331,370
2.56,0.25,-9.81,0.03,0.01,-0.03,474,421,422,331,370
2.54,0.17,-9.87,0.03,-0.01,-0.04,473,421,422,331,370
2.70,0.27,-9.82,0.05,0.03,-0.02,472,421,422,331,370
2.56,0.19,-9.68,0.04,-0.02,-0.04,473,421,423,331,370
2.35,-0.03,-9.58,0.03,0.01,-0.01,474,421,423,331,370
2.51,0.34,-9.94,0.02,-0.01,-0.04,473,419,422,331,370
2.43,0.05,-9.36,0.03,0.00,-0.03,473,420,422,331,371
2.53,0.18,-9.58,0.03,0.01,-0.04,473,421,423,331,370
2.61,0.24,-9.73,0.03,-0.01,-0.04,473,421,423,331,370
END
2.42,0.29,-9.55,0.02,0.00,-0.03,473,421,423,331,370
2.49,0.32,-10.00,0.03,-0.00,-0.03,473,421,423,332,370
2.31,0.45,-9.71,0.04,-0.01,-0.03,473,421,422,331,370
2.40,0.37,-9.69,0.05,0.01,-0.03,473,421,422,331,370
2.47,0.30,-9.61,0.04,0.01,-0.05,473,421,423,330,370
2.66,0.42,-9.73,0.03,-0.02,-0.06,472,421,423,332,370
2.60,0.15,-9.71,0.01,-0.02,-0.03,473,421,422,331,370
2.43,0.65,-9.90,0.02,-0.03,-0.05,472,422,423,330,370
2.31,0.30,-9.69,0.02,-0.00,-0.03,473,421,423,331,370
2.58,0.35,-9.73,0.02,0.02,-0.02,474,421,423,331,369
2.36,0.37,-9.83,0.03,0.01,-0.03,473,421,423,332,370
2.56,0.62,-9.86,0.03,0.03,-0.00,473,421,424,331,370
2.56,0.59,-9.71,0.03,0.01,-0.03,473,421,423,331,370
2.52,0.21,-9.48,0.03,-0.00,-0.02,473,421,424,331,370
2.53,0.27,-9.61,0.02,0.01,-0.01,473,421,423,331,370
2.56,0.47,-9.71,0.03,-0.01,-0.03,473,421,423,331,370
2.55,0.45,-9.78,0.02,-0.01,-0.01,473,421,423,332,370
2.52,0.54,-9.87,0.03,-0.01,-0.02,473,421,422,331,369
2.45,0.37,-10.02,0.02,-0.02,-0.02,473,421,423,331,370
2.41,0.10,-9.60,0.02,0.00,-0.02,472,421,422,331,370
2.43,0.34,-9.91,0.02,0.00,-0.03,472,421,423,331,370
2.40,0.42,-9.72,0.04,0.01,-0.05,473,421,423,331,370
2.66,0.39,-9.86,0.04,0.00,-0.05,473,421,423,332,370
2.62,0.42,-9.76,0.03,-0.01,-0.04,473,421,423,332,370
2.30,0.53,-9.77,0.02,-0.00,-0.03,473,421,423,331,370
2.46,0.37,-9.95,0.06,0.02,-0.05,473,421,423,331,370
2.56,0.45,-9.71,0.02,-0.02,-0.05,473,421,423,331,370
2.56,0.57,-9.83,0.04,0.01,-0.03,472,421,423,331,370
2.81,0.37,-9.97,0.05,-0.00,-0.04,472,421,422,331,370
2.47,0.51,-9.86,0.01,-0.03,-0.01,473,421,422,331,370
2.30,0.50,-9.81,0.04,-0.01,-0.02,473,420,422,331,370
2.41,0.19,-9.58,0.02,-0.01,-0.04,473,421,423,331,370
2.30,0.48,-9.81,0.04,0.02,-0.03,473,421,423,333,370
2.38,0.53,-9.92,0.03,0.00,-0.03,473,421,423,332,370
2.35,0.43,-9.45,0.04,0.02,-0.03,473,422,422,332,370
2.62,0.14,-9.64,0.01,-0.00,-0.03,473,421,422,332,370
END
2.56,0.51,-9.96,0.01,-0.01,-0.01,473,422,422,331,369
2.63,0.37,-9.80,0.02,0.00,-0.02,473,421,423,332,369
2.71,0.62,-10.09,0.03,-0.02,-0.05,473,421,422,331,370
2.23,0.23,-9.32,0.04,0.02,-0.01,472,420,422,331,369
2.56,0.38,-9.78,0.04,-0.01,-0.04,473,421,422,331,369
2.54,0.38,-9.86,0.04,0.01,-0.03,473,420,422,331,369
2.54,0.42,-9.65,0.04,0.00,-0.04,473,420,422,331,369
2.35,0.32,-9.56,0.03,0.01,-0.04,473,421,423,331,370
2.58,0.45,-9.83,0.04,0.00,-0.04,473,421,423,331,369
2.64,0.55,-10.06,0.04,-0.00,-0.05,473,421,422,331,369
2.46,0.17,-9.60,0.03,0.00,-0.03,473,421,422,332,369
2.49,0.50,-9.81,0.02,0.01,-0.02,473,421,422,331,369
2.58,0.35,-9.92,0.06,0.00,-0.05,473,420,422,331,369
2.75,0.21,-9.87,0.04,0.00,-0.02,472,420,422,332,369
2.59,0.37,-9.83,0.03,-0.01,-0.04,472,420,422,331,369
2.48,0.50,-9.81,0.04,-0.00,-0.03,473,421,422,331,369
2.55,0.29,-9.68,0.03,0.00,-0.03,473,421,422,330,369
2.54,0.30,-9.74,0.03,-0.01,-0.03,473,420,422,332,369
2.32,0.40,-9.72,0.05,0.04,-0.03,473,420,422,331,370
2.38,0.39,-9.74,0.02,0.02,0.00,472,421,422,331,369
2.60,0.34,-9.60,0.04,0.01,-0.03,473,420,422,331,369
2.50,0.22,-9.45,0.03,-0.00,-0.02,472,421,423,332,369
2.42,0.32,-9.73,0.02,-0.01,-0.03,472,421,420,331,369
2.43,0.37,-9.58,0.02,-0.00,-0.03,472,420,423,331,369
2.78,0.47,-9.91,0.03,-0.02,-0.04,473,421,422,331,369
2.63,0.34,-9.97,0.03,0.00,-0.02,473,421,422,331,369
2.61,0.47,-9.89,0.02,-0.02,-0.03,473,420,422,331,369
2.43,0.21,-9.65,0.04,0.01,-0.03,473,420,422,331,369
2.46,0.41,-9.46,0.03,-0.01,-0.03,472,420,422,332,369
2.68,0.45,-9.96,0.03,0.00,-0.02,472,420,423,332,369
2.51,0.29,-9.60,0.03,0.01,-0.03,472,421,422,331,369
2.46,0.37,-9.73,0.04,-0.01,-0.04,473,421,422,331,369
2.51,0.39,-9.91,0.02,0.01,-0.02,472,421,422,331,369
2.78,0.29,-9.77,0.03,-0.01,-0.03,472,421,422,331,369
2.43,0.33,-9.79,0.03,-0.01,-0.03,473,420,422,332,369
2.38,0.29,-9.67,0.03,-0.00,-0.03,472,420,422,331,369
END
2.65,0.41,-9.66,0.03,-0.01,-0.03,472,421,422,332,369
2.56,0.29,-9.80,0.02,-0.01,-0.03,473,421,422,331,369
2.49,0.28,-9.88,0.02,-0.01,-0.03,472,420,422,331,369
2.37,0.37,-9.78,0.04,-0.01,-0.05,473,421,422,331,369
2.43,0.32,-9.88,0.04,0.00,-0.05,472,421,423,332,369
2.58,0.37,-9.81,0.05,0.01,-0.04,472,420,422,332,369
2.58,0.23,-9.78,0.04,0.01,-0.04,472,421,423,332,369
2.35,0.46,-9.80,0.03,0.00,-0.03,472,421,422,332,369
2.47,0.24,-9.61,0.04,0.01,-0.04,472,421,422,331,369
2.71,0.32,-9.76,0.04,0.01,-0.05,473,420,422,332,369
2.50,0.42,-9.87,0.05,0.03,-0.04,472,421,422,331,369
2.48,0.39,-9.89,0.05,0.01,-0.05,472,421,422,331,368
2.64,0.07,-9.61,0.04,0.01,-0.03,473,418,422,331,368
2.64,0.44,-9.82,0.03,-0.01,-0.04,472,421,421,331,368
2.51,0.27,-9.75,0.03,0.01,-0.03,473,421,422,331,369
2.58,0.17,-9.63,0.03,0.01,-0.04,472,421,423,332,369
2.42,0.32,-9.83,0.03,0.00,-0.04,472,421,422,331,368
2.63,0.23,-9.90,0.04,0.02,-0.03,473,420,422,332,369
2.53,0.25,-9.40,0.03,0.00,-0.04,473,420,422,331,368
2.52,0.24,-9.86,0.04,-0.00,-0.04,473,420,422,331,368
2.54,0.23,-9.55,0.02,0.00,-0.03,473,421,422,331,368
2.69,0.39,-9.81,0.02,-0.01,-0.04,472,421,422,331,368
2.47,0.06,-9.68,0.03,0.01,-0.03,472,421,422,331,369
2.66,0.39,-9.81,0.02,-0.00,-0.04,472,421,422,332,369
2.56,0.40,-9.77,0.02,-0.00,-0.03,472,420,422,331,368
2.66,0.16,-9.68,0.02,0.00,-0.02,473,420,422,331,368
2.67,0.35,-9.89,0.03,-0.01,-0.04,473,420,422,331,368
2.39,0.08,-9.38,0.03,-0.00,-0.03,472,420,422,332,368
2.39,0.25,-9.63,0.02,-0.01,-0.03,473,421,422,331,369
2.58,0.34,-9.81,0.04,-0.00,-0.05,473,420,422,332,368
2.68,0.32,-9.81,0.03,-0.00,-0.04,473,420,421,332,368
2.66,0.31,-9.78,0.03,-0.00,-0.03,473,420,422,331,368
2.48,0.15,-9.61,0.02,0.00,-0.02,473,420,422,332,368
2.40,0.33,-9.73,-0.01,-0.02,-0.02,472,420,422,331,368
2.62,0.44,-9.81,0.04,-0.00,-0.03,473,421,422,331,368
2.58,0.20,-9.65,0.03,-0.01,-0.02,472,420,422,333,368
END
2.61,0.28,-9.73,0.02,-0.01,-0.01,472,421,422,331,368
2.40,0.39,-9.78,0.04,0.00,-0.03,472,420,423,332,369
2.45,0.17,-9.56,0.04,0.01,-0.03,472,420,421,331,368
2.33,0.11,-9.78,0.01,-0.01,-0.03,473,420,421,332,369
2.37,0.36,-9.96,0.04,0.00,-0.04,472,420,422,331,368
2.44,0.26,-9.58,0.03,-0.00,-0.03,472,420,422,332,368
2.56,0.35,-9.82,0.04,-0.01,-0.04,472,420,421,331,368
2.40,0.33,-9.73,0.03,-0.01,-0.04,471,421,421,331,368
2.39,0.27,-9.80,0.04,0.01,-0.03,472,420,422,331,368
2.36,0.37,-9.77,0.02,-0.01,-0.04,472,420,421,331,368
2.41,0.39,-9.89,0.05,0.02,-0.03,472,421,422,331,368
2.53,0.26,-9.83,0.05,0.00,-0.05,472,421,421,331,368
2.52,0.22,-9.76,0.03,0.01,-0.02,473,420,421,331,368
2.53,0.29,-9.88,0.04,-0.01,-0.03,473,420,422,331,368
2.43,0.16,-9.55,0.04,0.00,-0.04,473,420,421,331,368
2.50,0.36,-9.83,0.03,-0.01,-0.03,473,420,421,331,368
2.44,0.41,-9.77,0.02,0.01,-0.03,473,421,421,331,368
2.58,0.25,-9.76,0.03,0.01,-0.03,472,420,422,331,368
2.40,0.24,-9.83,0.03,0.01,-0.03,473,420,422,331,368
2.57,0.49,-9.98,0.02,0.00,-0.04,472,420,422,331,368
2.67,0.40,-9.74,0.03,0.00,-0.04,472,420,422,331,369
2.46,0.26,-9.75,0.04,0.01,-0.02,472,420,421,331,368
2.55,0.27,-9.66,0.03,-0.01,-0.04,472,420,422,331,368
2.50,0.19,-9.83,0.02,0.01,-0.03,473,420,422,332,368
2.67,0.39,-9.87,0.03,0.01,-0.04,472,420,422,332,368
2.39,0.17,-9.38,0.02,-0.00,-0.03,472,420,422,332,368
2.58,0.44,-9.83,0.02,0.01,-0.02,473,420,421,331,368
2.68,0.31,-9.82,0.01,0.00,-0.02,472,421,422,331,368
2.51,0.30,-9.74,0.02,0.01,-0.01,472,421,421,332,368
2.63,0.37,-9.71,0.03,0.00,-0.02,472,420,422,331,368
2.54,0.14,-9.60,0.01,0.00,-0.01,472,420,422,332,368
2.63,0.48,-9.93,0.01,0.00,-0.01,472,420,421,331,368
2.58,0.24,-9.55,0.03,0.01,-0.02,472,420,421,332,368
2.54,0.19,-9.45,0.02,0.00,-0.02,472,421,422,331,368
2.64,0.32,-9.78,0.04,-0.00,-0.04,472,420,421,331,368
2.57,0.37,-9.73,0.04,-0.01,-0.04,472,420,421,332,368
END
2.73,0.20,-9.75,0.02,-0.01,-0.04,472,420,421,331,368
2.31,0.60,-10.05,0.02,-0.02,-0.03,471,419,422,332,368
2.43,0.34,-9.86,0.04,-0.00,-0.02,472,420,421,331,368
2.53,0.34,-9.76,0.03,-0.01,-0.05,472,420,422,332,368
2.45,0.47,-9.92,0.02,0.01,-0.03,471,420,421,332,368
2.46,0.56,-9.83,0.03,0.00,-0.03,471,420,421,332,368
2.59,0.48,-9.72,0.03,0.01,-0.04,471,420,421,331,368
2.53,0.15,-9.73,0.04,0.01,-0.02,472,420,421,332,368
2.44,0.30,-9.73,0.02,0.00,-0.03,472,420,421,332,368
2.50,0.63,-10.05,0.04,0.02,-0.03,472,420,421,331,368
2.55,0.09,-9.46,0.04,0.01,-0.04,472,420,421,331,368
2.63,0.50,-9.97,0.01,-0.00,-0.04,472,420,422,332,368
2.40,0.52,-9.55,0.03,0.02,-0.01,472,420,421,332,368
2.57,0.27,-9.76,0.03,0.02,-0.03,471,419,421,331,368
2.49,0.38,-9.83,0.03,0.00,-0.03,472,420,421,332,368
2.65,0.45,-9.96,0.04,0.01,-0.03,472,420,421,331,368
2.52,0.24,-9.60,0.03,0.00,-0.04,472,420,422,332,368
2.58,0.43,-9.88,0.03,-0.00,-0.05,471,420,422,332,368
2.66,0.52,-9.93,0.03,0.03,-0.04,472,420,422,331,368
2.75,0.47,-9.86,0.05,0.02,-0.05,472,420,421,331,368
2.56,0.38,-9.58,0.04,-0.01,-0.03,472,420,421,332,368
2.54,0.55,-9.80,0.03,-0.01,-0.03,472,420,421,332,368
2.69,0.22,-9.68,0.04,0.00,-0.05,471,420,421,331,368
2.78,0.40,-9.66,0.02,-0.01,-0.03,471,420,422,331,368
2.80,0.60,-10.08,0.00,-0.00,-0.01,472,420,421,331,368
2.61,0.59,-9.91,0.05,-0.03,-0.03,472,420,421,331,368
2.61,0.19,-9.69,0.05,0.00,-0.03,472,420,421,332,368
2.61,0.15,-9.70,0.03,-0.01,-0.02,472,421,421,331,368
2.54,0.58,-9.81,0.04,-0.00,-0.02,472,420,421,329,368
2.55,0.26,-9.76,0.03,-0.01,-0.03,473,420,421,332,368
2.51,0.45,-9.89,0.02,0.01,-0.02,472,420,421,331,368
2.53,0.35,-9.76,0.04,0.00,-0.03,472,421,422,332,368
2.56,0.44,-9.85,0.04,-0.00,-0.05,472,421,421,331,368
2.54,0.16,-9.64,0.03,-0.00,-0.03,472,420,421,331,368
2.67,0.61,-10.22,0.03,-0.00,-0.03,471,420,423,332,368
2.55,0.21,-9.68,0.04,-0.00,-0.03,471,420,421,332,368
END
2.60,0.44,-9.82,0.02,-0.01,-0.03,471,419,421,331,368
2.34,0.30,-10.01,0.04,0.01,-0.03,471,420,420,331,368
2.51,0.27,-9.99,0.04,0.00,-0.03,471,420,421,332,368
2.61,0.47,-9.94,0.04,-0.00,-0.04,472,420,421,331,368
2.34,0.34,-9.76,0.04,-0.01,-0.03,471,420,422,332,368
2.40,0.37,-9.75,0.03,0.00,-0.03,471,420,421,332,368
2.47,0.34,-9.73,0.03,-0.00,-0.03,471,420,422,331,368
2.35,0.30,-9.72,0.04,-0.00,-0.04,472,420,421,331,368
2.44,0.27,-9.90,0.04,0.02,-0.04,471,420,421,331,368
2.62,0.39,-9.83,0.04,0.02,-0.03,472,420,421,331,368
2.50,0.16,-9.76,0.05,-0.00,-0.03,472,420,421,332,368
2.38,0.26,-9.89,0.03,0.01,-0.03,471,421,421,332,368
2.48,0.40,-10.02,0.05,0.02,-0.05,472,420,421,332,368
2.56,0.10,-9.75,0.03,0.00,-0.04,472,420,421,331,368
2.51,0.46,-9.84,0.03,0.01,-0.02,472,421,421,332,368
2.38,0.21,-9.87,0.06,0.02,-0.04,472,420,421,331,370
2.39,0.22,-9.93,0.01,-0.01,-0.03,472,420,421,332,370
2.56,0.29,-10.00,0.03,0.02,-0.02,472,420,421,332,370
2.62,0.37,-9.95,0.04,-0.01,-0.04,471,421,422,332,370
2.47,0.21,-9.81,0.04,0.01,-0.03,471,420,421,331,370
2.64,0.21,-9.77,0.03,0.01,-0.02,472,420,422,331,369
2.40,0.29,-9.87,0.03,0.01,-0.03,472,420,421,332,371
2.74,0.24,-10.04,0.04,0.00,-0.02,472,420,422,332,371
2.69,0.16,-9.74,0.05,-0.00,-0.03,472,420,421,330,371
2.64,0.19,-9.84,0.02,-0.02,-0.02,472,420,421,331,371
2.61,0.34,-9.89,0.03,-0.01,-0.03,473,420,421,331,371
2.63,0.07,-9.79,0.02,-0.03,-0.03,472,420,421,332,371
2.23,0.14,-9.70,0.03,-0.01,-0.03,472,420,421,331,371
2.39,0.29,-9.77,0.01,-0.02,-0.02,471,421,422,331,371
2.43,0.22,-9.65,0.04,0.00,-0.03,472,420,421,332,370
2.34,0.22,-9.69,0.03,-0.01,-0.03,471,421,421,332,370
2.47,0.10,-9.86,0.04,0.01,-0.03,471,420,421,331,370
2.46,0.17,-9.79,0.02,-0.01,-0.03,472,420,421,331,370
2.48,0.29,-9.94,0.02,0.01,-0.03,471,419,421,333,370
2.56,0.25,-9.78,0.04,-0.00,-0.04,472,420,420,331,370
2.46,0.09,-9.68,0.04,0.00,-0.03,471,420,421,331,370
END
2.65,0.09,-9.98,0.03,-0.00,-0.04,471,420,420,331,369
2.32,0.29,-9.81,0.02,0.01,-0.02,471,420,421,331,369
2.42,0.25,-10.04,0.04,0.01,-0.03,472,420,421,332,369
2.62,0.17,-9.73,0.02,0.00,-0.04,471,420,421,331,369
2.38,0.34,-9.93,0.03,0.01,-0.04,471,420,421,332,370
2.52,0.43,-10.11,0.04,0.01,-0.05,471,420,420,331,369
2.48,0.24,-9.83,0.05,0.01,-0.05,472,420,421,331,369
2.34,0.21,-9.54,0.04,0.01,-0.05,472,421,420,331,369
2.38,0.24,-9.76,0.06,0.03,-0.05,472,419,420,332,369
2.30,0.14,-9.57,0.03,-0.00,-0.04,471,420,420,331,369
2.63,0.55,-9.82,0.03,0.00,-0.05,471,420,421,331,369
2.64,0.25,-9.72,0.03,-0.00,-0.04,472,420,420,331,369
2.55,0.17,-9.69,0.02,0.02,-0.01,472,420,420,332,369
2.26,0.21,-9.58,0.02,-0.02,-0.03,472,420,420,331,369
2.45,0.28,-10.00,0.03,0.01,-0.03,472,420,421,332,369
2.59,0.14,-9.71,0.04,-0.00,-0.05,471,420,420,331,369
2.69,0.35,-9.99,0.03,-0.00,-0.04,471,420,421,331,369
2.62,0.25,-9.66,0.05,0.02,-0.02,472,421,420,331,369
2.61,0.28,-9.63,0.05,-0.01,-0.04,471,420,421,332,369
2.43,0.28,-9.69,0.04,0.00,-0.03,471,420,420,331,369
2.61,0.17,-9.70,0.04,-0.01,-0.05,472,419,420,331,369
2.53,0.24,-9.78,0.03,-0.01,-0.03,472,420,420,331,369
2.53,0.27,-9.73,0.03,-0.01,-0.03,472,420,421,332,369
2.51,0.32,-9.80,0.02,0.00,-0.02,471,420,421,331,369
2.43,0.18,-9.72,0.04,-0.00,-0.04,472,420,420,331,369
2.54,0.22,-9.74,0.03,-0.01,-0.03,471,421,421,331,369
2.53,0.39,-9.76,0.03,-0.01,-0.04,471,420,421,331,369
2.62,0.22,-9.86,0.04,-0.00,-0.03,471,419,420,332,369
2.49,0.21,-9.72,0.03,0.00,-0.02,471,420,420,332,369
2.42,0.41,-9.87,0.04,0.00,-0.03,472,419,420,332,369
2.61,0.23,-9.66,0.03,0.01,-0.03,471,420,422,332,369
2.46,0.18,-9.64,0.03,-0.00,-0.02,472,419,420,331,368
2.48,0.11,-9.67,0.02,0.01,-0.02,472,420,421,332,369
2.56,0.61,-10.02,0.04,-0.00,-0.03,471,420,421,332,369
2.53,0.14,-9.73,0.04,-0.00,-0.02,471,420,420,331,369
2.64,0.28,-9.69,0.02,-0.01,-0.01,471,421,420,331,369
END
2.41,0.32,-9.88,0.04,-0.00,-0.04,471,420,419,331,369
2.25,0.32,-9.78,0.04,0.00,-0.02,471,419,421,332,369
2.37,0.29,-9.89,0.04,0.00,-0.03,471,420,420,331,369
2.17,0.14,-9.68,0.03,0.00,-0.02,471,419,420,331,368
2.41,0.32,-10.24,0.04,0.04,-0.05,471,420,421,331,368
2.76,0.25,-9.88,0.02,0.00,-0.06,471,419,418,332,368
2.58,0.29,-9.94,0.03,0.02,-0.01,471,420,420,329,369
2.33,0.13,-10.03,0.02,-0.00,-0.02,471,420,420,331,368
2.39,0.27,-9.92,0.03,0.01,-0.04,471,420,421,332,369
2.56,0.12,-9.99,0.03,0.01,-0.04,471,420,420,332,369
2.36,0.29,-9.73,0.01,0.00,-0.05,471,420,420,332,369
2.51,0.42,-9.89,0.02,0.01,-0.05,471,420,420,331,368
2.63,0.20,-9.96,0.03,0.01,-0.04,471,420,420,331,368
2.52,0.29,-9.85,0.01,0.01,-0.04,471,420,420,331,369
2.53,0.54,-10.01,0.03,-0.00,-0.05,471,419,420,332,369
2.58,0.01,-9.45,0.05,0.00,-0.04,471,420,420,332,369
2.63,0.28,-9.58,0.05,-0.05,-0.01,471,419,420,331,369
2.08,0.15,-9.67,0.03,-0.01,-0.02,472,420,420,332,369
2.56,0.49,-9.97,0.03,0.01,-0.03,471,420,420,332,369
2.47,0.29,-9.84,0.04,-0.01,-0.04,472,419,420,332,369
2.58,0.15,-9.82,0.03,0.01,-0.02,472,420,420,332,368
2.25,0.23,-9.73,0.02,-0.01,-0.02,471,420,420,331,369
2.27,0.35,-9.88,0.02,0.01,-0.03,471,419,420,331,369
2.56,0.06,-9.86,0.04,0.00,-0.04,471,419,420,331,368
2.43,0.22,-9.80,0.02,0.00,-0.03,471,420,420,332,368
2.56,0.45,-10.25,0.05,0.00,-0.04,471,421,421,332,368
2.42,0.04,-9.80,0.05,0.01,-0.04,471,420,421,332,369
2.53,0.31,-9.86,0.04,0.01,-0.03,471,417,420,332,369
2.51,0.26,-9.94,0.05,-0.01,-0.05,471,421,422,332,369
2.48,0.17,-9.63,0.03,0.00,-0.03,472,419,420,332,369
2.43,0.12,-9.71,0.03,-0.01,-0.04,471,419,420,331,368
2.28,0.22,-9.78,0.02,-0.01,-0.03,471,420,421,332,369
2.43,0.20,-9.66,0.04,-0.00,-0.03,471,420,420,331,368
2.55,0.29,-9.83,0.02,-0.01,-0.03,471,419,421,332,369
2.45,0.27,-9.80,0.04,0.00,-0.03,471,419,421,331,368
2.36,0.21,-9.68,0.03,0.01,-0.03,472,419,420,332,369
END
2.37,0.16,-9.76,0.03,-0.01,-0.04,471,420,420,332,368
2.27,0.05,-9.86,0.03,-0.01,-0.04,471,419,420,331,368
2.30,0.25,-9.71,0.01,-0.01,-0.03,471,419,420,332,368
2.46,0.17,-10.03,0.05,-0.02,-0.04,471,419,420,331,368
2.31,0.22,-9.92,0.03,0.01,-0.01,471,419,421,331,368
2.30,0.38,-9.88,0.03,-0.01,-0.05,472,420,420,332,368
2.18,0.22,-9.71,0.03,0.00,-0.03,473,419,420,331,368
2.38,0.22,-9.78,0.04,0.01,-0.03,471,419,420,332,368
2.39,0.26,-9.77,0.04,-0.00,-0.04,471,420,420,332,368
2.43,0.27,-9.95,0.03,-0.00,-0.04,471,420,420,331,368
2.26,0.29,-9.75,0.04,-0.00,-0.04,471,419,420,332,368
2.30,0.26,-9.82,0.03,-0.01,-0.04,471,419,420,332,368
2.36,0.24,-9.69,0.03,0.01,-0.03,471,420,420,331,368
2.34,0.17,-9.66,0.03,-0.01,-0.04,471,419,420,332,369
2.46,0.32,-9.88,0.04,-0.00,-0.04,471,420,420,331,368
2.39,0.28,-10.04,0.05,-0.01,-0.03,471,419,419,331,368
2.33,0.34,-9.88,0.04,-0.01,-0.04,472,420,420,332,368
2.25,0.29,-9.71,0.03,0.01,-0.03,471,420,420,331,368
2.20,0.21,-9.83,0.03,0.00,-0.02,471,420,420,332,368
2.32,0.26,-9.95,0.03,-0.00,-0.03,471,420,419,332,368
2.41,0.25,-9.88,0.04,-0.00,-0.03,470,420,420,331,368
2.30,0.10,-9.70,0.03,0.00,-0.02,471,420,420,331,368
2.30,0.30,-9.93,0.02,-0.01,-0.04,470,420,420,331,368
2.37,0.32,-10.27,0.03,0.02,-0.03,471,420,419,331,368
2.53,0.22,-10.02,0.03,0.01,-0.03,472,421,419,332,368
2.63,0.39,-10.11,0.04,-0.03,-0.01,471,420,420,332,368
2.12,0.08,-9.58,0.04,0.01,-0.01,471,419,420,332,368
2.31,0.27,-9.76,0.03,0.03,-0.03,471,420,420,332,368
2.28,0.19,-9.72,0.03,-0.01,-0.04,471,420,419,331,368
2.06,0.06,-9.44,0.04,0.00,-0.04,471,421,420,332,368
2.40,0.09,-9.83,0.02,0.01,-0.03,471,420,420,331,368
2.20,0.09,-9.75,0.03,-0.00,-0.04,471,420,419,331,368
2.30,0.34,-9.93,0.02,0.02,-0.03,471,420,419,331,368
2.43,0.08,-9.68,0.04,0.01,-0.05,471,420,419,331,368
2.23,0.11,-9.56,0.02,0.01,-0.03,471,420,420,332,368
2.47,0.21,-9.97,0.03,0.00,-0.03,471,420,420,331,368
END
2.30,-0.01,-9.70,0.04,0.01,-0.04,471,420,419,332,368
2.48,0.13,-9.79,0.03,-0.00,-0.03,471,420,420,332,368
2.34,0.30,-9.66,0.05,-0.00,-0.04,471,419,419,332,368
2.28,0.08,-9.83,0.03,-0.01,-0.04,471,420,419,331,368
2.27,0.13,-9.78,0.04,0.01,-0.03,470,420,419,331,368
2.44,0.14,-9.90,0.02,-0.01,-0.03,470,420,419,331,367
2.48,0.30,-10.01,0.02,-0.01,-0.03,471,420,420,332,368
2.40,0.24,-9.73,0.03,-0.00,-0.02,471,420,420,332,368
2.23,0.35,-9.93,0.03,-0.01,-0.03,471,419,419,331,368
2.23,0.26,-9.73,0.03,-0.01,-0.03,470,419,419,331,368
2.33,0.10,-9.79,0.05,0.01,-0.02,471,420,420,331,368
2.33,0.11,-9.78,0.02,-0.01,-0.04,471,419,419,331,368
2.25,0.29,-9.87,0.03,0.00,-0.02,471,419,419,331,368
2.30,0.27,-9.88,0.04,0.00,-0.04,471,419,420,331,368
2.33,0.05,-9.64,0.04,0.00,-0.03,470,420,419,331,368
2.37,0.32,-9.86,0.02,-0.02,-0.03,470,420,420,332,368
2.23,0.27,-9.81,0.04,0.01,-0.03,470,419,419,331,368
2.29,0.39,-9.83,0.02,0.00,-0.03,470,420,419,331,368
2.29,0.31,-9.99,0.03,-0.01,-0.03,471,419,419,331,368
2.28,0.24,-9.93,0.03,0.01,-0.02,471,419,420,331,368
2.18,0.22,-9.70,0.03,0.01,-0.03,471,419,419,331,368
2.21,0.19,-9.90,0.04,-0.01,-0.04,471,419,419,331,368
2.15,0.19,-9.45,0.03,0.01,-0.02,471,421,420,332,368
2.63,0.45,-10.24,0.04,0.00,-0.04,470,419,419,332,368
2.13,0.11,-9.56,0.03,-0.01,-0.03,470,419,417,332,368
2.46,0.39,-10.18,0.03,0.00,-0.03,471,420,420,332,368
2.32,0.30,-9.96,0.04,0.00,-0.04,470,419,419,331,368
2.24,0.24,-9.63,0.03,-0.02,-0.03,470,419,420,331,368
2.32,0.21,-9.93,0.01,-0.02,-0.03,471,419,420,332,368
2.13,0.30,-9.78,0.03,0.01,-0.02,470,419,420,331,368
2.11,0.17,-9.63,0.03,-0.00,-0.04,470,419,419,331,368
2.35,0.29,-9.69,0.04,0.01,-0.03,470,419,419,332,368
2.24,0.32,-9.83,0.07,0.01,-0.05,471,419,420,331,368
2.18,0.13,-9.68,0.04,0.01,-0.03,471,420,420,332,368
2.33,0.32,-9.72,0.05,0.02,-0.04,471,419,420,331,368
2.43,0.12,-9.68,0.06,-0.02,-0.05,471,419,419,331,368
END
2.40,0.21,-9.92,0.04,0.01,-0.03,470,419,420,331,368
2.36,0.22,-10.07,0.03,0.00,-0.03,471,419,419,332,368
2.40,0.17,-9.79,0.04,-0.00,-0.04,471,419,419,331,368
2.35,0.24,-9.83,0.03,0.01,-0.02,471,419,420,331,368
2.33,0.23,-9.93,0.03,-0.00,-0.03,470,419,419,331,368
2.43,0.30,-9.81,0.03,-0.01,-0.03,471,419,419,330,368
2.30,0.19,-9.92,0.03,-0.01,-0.03,470,420,420,332,368
2.28,0.17,-9.88,0.02,0.00,-0.02,471,419,419,332,368
2.32,0.29,-9.76,0.05,0.01,-0.03,471,419,419,331,368
2.28,0.08,-9.86,0.02,-0.01,-0.04,470,419,419,331,368
2.23,0.31,-9.94,0.03,0.00,-0.02,470,419,420,331,368
2.30,0.15,-9.83,0.04,-0.01,-0.04,470,419,418,331,368
2.38,0.17,-9.67,0.03,-0.01,-0.03,470,419,419,331,368
2.32,0.34,-9.95,0.02,0.01,-0.02,470,419,420,332,368
2.31,0.14,-9.89,0.03,-0.01,-0.04,471,419,419,332,368
2.26,0.16,-9.73,0.03,0.00,-0.03,471,420,419,332,368
2.34,0.18,-9.91,0.03,-0.00,-0.03,471,419,420,332,368
2.36,0.27,-9.99,0.03,-0.01,-0.04,470,419,421,331,368
2.42,0.10,-9.92,0.04,0.00,-0.03,470,420,419,331,368
2.19,0.10,-9.80,0.02,-0.00,-0.03,471,419,419,332,368
2.25,0.19,-9.77,0.02,-0.00,-0.03,470,419,419,331,368
2.35,0.23,-9.83,0.04,0.00,-0.03,471,419,419,331,368
2.35,0.11,-9.80,0.02,-0.01,-0.03,471,419,419,331,368
2.26,0.08,-9.85,0.03,0.00,-0.03,470,420,419,331,368
2.21,0.32,-9.79,0.04,0.00,-0.04,470,418,419,331,368
2.33,0.19,-9.91,0.03,-0.00,-0.03,471,419,419,331,368
2.23,0.19,-9.67,0.03,0.01,-0.03,470,419,420,332,368
2.30,0.25,-9.83,0.02,-0.01,-0.03,470,419,419,331,368
2.30,0.22,-9.86,0.03,0.01,-0.02,471,419,419,332,368
2.19,0.23,-9.73,0.00,0.01,0.01,470,419,419,331,368
2.21,0.43,-9.91,0.03,-0.01,-0.04,471,420,419,331,368
2.21,0.11,-9.48,0.05,0.01,-0.03,470,419,420,332,368
2.43,0.17,-9.93,0.04,-0.01,-0.04,471,419,420,331,368
2.23,0.11,-9.59,0.02,-0.02,-0.03,470,419,419,332,368
2.32,0.29,-9.95,0.04,-0.01,-0.03,470,419,419,331,368
2.35,0.25,-10.10,0.03,-0.01,-0.02,470,419,419,331,368
END
2.22,0.04,-9.58,0.04,0.00,-0.03,470,419,419,331,367
2.52,0.00,-9.60,0.03,0.01,-0.03,471,420,419,331,367
2.43,0.19,-9.79,0.03,-0.01,-0.04,471,420,419,331,367
2.63,0.33,-10.21,0.04,-0.00,-0.04,470,419,419,331,367
2.65,0.19,-10.11,0.04,-0.01,-0.04,470,420,419,332,367
2.40,0.09,-9.63,0.03,-0.01,-0.03,470,419,419,332,367
2.46,0.29,-9.83,0.04,-0.01,-0.04,470,419,420,332,367
2.48,0.19,-9.83,0.03,-0.02,-0.05,471,420,420,332,367
2.55,0.12,-9.79,0.04,-0.01,-0.04,470,420,419,331,367
2.62,0.25,-10.02,0.05,-0.01,-0.04,470,420,419,331,367
2.38,0.04,-9.66,0.04,-0.02,-0.03,470,419,419,332,368
2.46,0.13,-9.97,0.03,-0.01,-0.04,470,419,419,331,367
2.45,0.22,-9.78,0.02,0.00,-0.03,470,420,420,332,367
2.47,0.21,-9.78,0.02,-0.00,-0.03,471,419,419,332,368
2.35,0.24,-9.78,0.03,0.01,-0.03,470,419,419,332,367
2.54,0.17,-9.79,0.03,-0.01,-0.03,470,420,419,332,367
2.45,0.08,-9.85,0.03,0.01,-0.03,471,419,419,331,367
2.55,0.02,-9.85,0.03,-0.01,-0.04,470,419,419,332,368
2.35,0.14,-9.72,0.03,-0.01,-0.04,470,419,419,331,367
2.46,0.22,-9.94,0.05,0.00,-0.03,471,419,419,332,367
2.42,0.02,-9.80,0.03,0.00,-0.04,470,419,419,329,367
2.39,0.18,-9.67,0.03,0.01,-0.03,470,419,419,331,367
2.45,0.08,-9.73,0.03,-0.01,-0.04,467,419,418,331,368
2.63,0.18,-10.09,0.02,-0.00,-0.03,470,419,418,331,367
2.56,0.14,-9.72,0.02,-0.03,-0.03,471,419,419,331,368
2.53,-0.09,-9.79,0.03,-0.02,-0.02,470,419,419,332,367
2.32,0.01,-9.55,0.02,-0.04,-0.02,470,419,419,332,367
2.28,-0.12,-9.76,0.01,-0.03,-0.03,471,419,420,332,367
2.33,0.30,-9.86,-0.04,-0.01,-0.02,471,419,420,331,367
2.45,0.49,-10.23,0.01,-0.03,-0.04,470,419,419,332,367
2.33,0.35,-10.00,0.03,-0.00,-0.03,470,419,420,332,367
2.46,0.34,-10.00,0.06,0.02,-0.02,470,419,419,331,367
2.17,-0.02,-9.52,0.06,-0.00,-0.02,470,419,419,332,367
2.16,0.22,-9.42,0.04,0.03,-0.02,470,419,420,331,367
2.62,0.32,-9.93,0.03,-0.00,-0.04,471,419,419,331,367
2.53,0.41,-10.05,0.04,-0.02,-0.02,470,419,420,332,367
END
2.78,-0.04,-9.42,0.01,-0.10,-0.09,470,419,419,332,368
2.46,0.31,-9.76,0.03,0.02,-0.02,470,419,419,332,367
2.46,0.16,-9.71,0.03,-0.01,-0.03,470,419,419,332,367
2.42,0.29,-9.74,0.03,0.01,-0.02,469,419,420,332,367
2.36,0.03,-9.58,0.02,-0.01,-0.02,470,419,418,329,367
2.39,0.27,-10.03,0.03,0.01,-0.02,470,419,419,331,367
2.50,0.28,-9.84,0.04,-0.01,-0.04,469,418,419,331,367
2.54,0.32,-10.06,0.05,0.01,-0.03,469,420,419,332,367
2.40,0.18,-9.58,0.04,-0.01,-0.03,470,419,420,332,367
2.31,0.22,-9.68,0.03,-0.00,-0.03,471,419,419,332,368
2.51,0.11,-9.73,0.02,-0.00,-0.03,470,419,419,332,367
2.47,0.31,-9.80,0.05,-0.01,-0.05,470,419,419,332,367
2.46,0.22,-9.75,0.03,-0.00,-0.03,470,419,420,332,367
2.60,0.19,-9.99,0.03,0.01,-0.03,470,419,419,331,367
2.25,0.32,-9.72,0.04,-0.00,-0.04,470,419,419,332,367
2.51,0.29,-9.83,0.04,0.01,-0.03,469,419,419,331,367
2.67,0.26,-9.85,0.03,-0.00,-0.03,471,419,419,331,367
2.49,0.22,-9.92,0.02,-0.02,-0.03,470,420,419,331,367
2.51,0.43,-10.01,0.03,0.00,-0.03,470,419,419,331,367
2.58,0.15,-9.80,0.04,-0.01,-0.04,470,419,419,330,367
2.42,0.29,-9.82,0.02,0.01,-0.02,469,419,419,332,367
2.42,0.42,-9.83,0.03,-0.00,-0.03,470,419,419,332,368
2.51,0.21,-9.90,0.02,-0.00,-0.02,470,419,419,331,367
2.25,0.20,-9.68,0.02,-0.01,-0.02,470,419,419,332,367
2.44,0.24,-9.84,0.04,0.00,-0.03,470,419,419,331,367
2.61,0.26,-9.87,0.05,0.00,-0.04,470,419,419,332,367
2.54,0.19,-9.77,0.04,-0.00,-0.03,470,419,419,331,367
2.30,0.28,-9.86,0.04,-0.00,-0.04,470,419,420,332,367
2.48,0.22,-9.94,0.03,-0.00,-0.03,470,419,418,331,367
2.36,0.24,-9.80,0.03,-0.01,-0.04,470,418,419,332,367
2.46,0.27,-9.83,0.02,0.01,-0.02,470,419,418,331,367
2.35,0.23,-9.79,0.03,0.00,-0.02,470,419,418,331,367
2.40,0.25,-9.81,0.03,-0.00,-0.02,470,419,416,332,367
2.30,0.04,-9.52,0.03,0.00,-0.03,470,419,419,331,367
2.35,0.31,-9.85,0.02,-0.01,-0.03,470,419,419,332,367
2.43,0.45,-9.97,0.03,0.00,-0.03,470,419,419,332,367
END
2.51,0.09,-9.79,0.04,-0.00,-0.03,470,419,418,331,367
2.60,0.24,-9.68,0.01,-0.01,-0.03,470,419,419,332,367
2.77,0.42,-9.85,0.03,0.01,-0.04,469,419,419,332,368
2.89,0.33,-9.90,0.03,0.00,-0.03,470,420,419,331,367
3.01,0.26,-9.76,0.04,0.01,-0.02,470,419,418,332,367
2.71,0.29,-9.61,0.04,-0.02,-0.03,470,420,419,332,367
2.66,0.23,-9.69,0.05,-0.00,-0.03,470,418,419,332,367
2.74,0.19,-9.52,0.05,-0.03,-0.06,470,420,419,330,367
2.61,0.20,-9.66,0.04,-0.00,-0.05,470,419,418,332,367
2.88,0.27,-9.74,0.05,-0.01,-0.04,469,419,419,332,367
2.70,0.22,-9.88,0.05,-0.02,-0.04,469,420,418,332,367
2.68,0.21,-9.85,0.04,-0.01,-0.01,469,419,419,332,367
2.53,0.19,-9.54,0.04,-0.01,-0.05,469,419,418,332,367
2.81,0.15,-9.91,0.05,-0.00,-0.04,470,419,419,331,367
2.55,0.03,-9.48,0.05,-0.01,-0.04,469,419,418,331,367
2.66,0.11,-9.76,0.03,-0.00,-0.02,469,419,419,332,367
2.49,-0.05,-9.63,0.03,-0.00,-0.03,470,419,419,332,367
2.71,0.24,-9.76,0.04,-0.02,-0.04,470,419,419,331,367
2.63,0.14,-9.68,0.04,-0.00,-0.03,470,419,418,332,367
2.51,0.05,-9.40,0.04,-0.02,-0.03,470,419,420,331,367
2.58,0.12,-10.00,0.02,-0.02,-0.02,470,420,418,332,367
2.48,0.22,-9.73,0.03,-0.00,-0.03,469,419,418,332,367
2.68,0.16,-9.99,0.03,-0.01,-0.03,470,419,419,331,367
2.61,0.09,-9.65,0.03,0.00,-0.03,469,419,418,332,367
2.63,0.29,-9.82,0.03,-0.01,-0.04,470,420,418,332,367
2.42,0.09,-9.81,0.02,-0.00,-0.02,470,419,418,331,367
2.60,0.16,-9.58,0.02,-0.02,-0.02,469,419,419,332,367
2.59,0.14,-9.63,0.02,-0.02,-0.02,470,419,419,332,367
2.52,0.17,-9.58,0.01,-0.03,-0.01,470,419,418,331,367
2.43,0.22,-9.86,-0.00,-0.06,-0.01,470,420,419,331,367
2.18,0.24,-9.73,0.01,-0.04,-0.02,469,419,419,331,367
2.46,0.04,-9.76,0.02,-0.04,-0.03,470,419,419,332,367
2.38,0.19,-9.99,0.01,-0.04,-0.03,470,419,419,331,367
2.24,0.00,-9.68,0.04,-0.02,-0.02,469,421,419,332,367
2.06,0.19,-9.79,0.04,-0.01,-0.03,469,419,419,332,367
2.14,0.16,-9.76,0.04,0.00,-0.05,470,419,418,331,367
END
2.56,0.12,-9.88,0.02,-0.00,-0.05,470,419,418,332,367
2.36,0.21,-9.71,0.02,0.01,-0.03,470,420,419,331,367
2.44,0.29,-9.86,0.04,0.00,-0.04,470,420,419,332,367
2.49,0.09,-9.63,0.04,-0.00,-0.04,470,419,419,332,367
2.44,0.12,-9.67,0.03,0.00,-0.03,469,420,418,332,367
2.43,0.45,-9.89,0.03,-0.00,-0.04,470,419,419,332,367
2.44,0.20,-9.76,0.05,0.01,-0.03,469,419,419,332,367
2.50,0.21,-9.51,0.03,0.00,-0.03,469,419,418,332,367
2.48,0.41,-9.79,0.04,-0.01,-0.04,469,420,419,331,367
2.40,0.08,-9.59,0.04,0.00,-0.03,469,419,419,331,367
2.31,0.24,-9.63,0.02,-0.00,-0.02,469,419,419,331,367
2.51,0.31,-9.99,0.04,-0.01,-0.04,470,419,418,331,367
2.50,0.14,-9.66,0.03,0.01,-0.01,470,419,419,331,367
2.51,0.22,-9.91,0.04,-0.01,-0.03,470,419,419,332,367
2.57,0.14,-9.94,0.03,-0.01,-0.03,470,419,419,331,367
2.47,0.19,-9.83,0.02,0.00,-0.02,469,420,419,332,368
2.48,0.26,-9.93,0.04,-0.00,-0.03,469,419,418,332,367
2.37,0.09,-9.55,0.02,-0.01,-0.02,469,419,418,331,367
2.52,0.13,-9.95,0.03,-0.00,-0.03,469,419,418,331,367
2.41,0.20,-9.94,0.03,-0.01,-0.02,470,419,419,332,367
2.38,0.23,-9.69,0.04,-0.00,-0.02,469,419,419,331,367
2.54,0.09,-9.89,0.04,-0.00,-0.03,469,419,419,331,367
2.48,0.18,-9.73,0.04,-0.00,-0.03,469,419,419,331,367
2.38,0.22,-9.78,0.04,-0.01,-0.03,469,419,418,332,367
2.38,0.06,-9.66,0.04,0.01,-0.03,470,419,418,331,367
2.40,0.02,-9.82,0.02,-0.01,-0.04,470,419,419,332,367
2.39,0.19,-9.83,0.04,0.01,-0.03,469,419,419,331,367
2.40,0.15,-9.85,0.02,-0.01,-0.04,469,419,419,332,367
2.39,0.16,-9.88,0.03,-0.00,-0.03,469,419,418,332,367
2.44,0.20,-9.78,0.02,-0.01,-0.03,469,419,419,332,367
2.58,0.08,-9.96,0.04,-0.01,-0.03,469,419,419,332,367
2.50,0.27,-9.66,0.03,-0.01,-0.00,469,419,418,331,367
2.31,0.10,-9.76,0.02,-0.00,-0.03,470,419,418,331,367
2.55,0.21,-9.90,0.04,0.01,-0.03,469,419,418,332,367
2.41,0.06,-9.77,0.02,-0.01,-0.03,470,418,419,331,367
2.46,0.20,-10.01,0.01,-0.02,-0.03,469,419,419,332,367
END
2.34,0.30,-9.98,0.03,0.00,-0.02,469,419,420,331,367
2.53,0.21,-9.66,0.03,-0.01,-0.04,469,419,417,332,367
2.57,0.11,-9.78,0.03,-0.01,-0.03,469,419,419,331,367
2.42,0.18,-9.88,0.01,-0.01,-0.02,469,419,419,332,366
2.35,0.22,-9.88,0.03,-0.00,-0.02,469,419,419,332,367
2.36,0.09,-9.79,0.03,-0.00,-0.03,469,419,419,331,367
2.41,0.19,-9.81,0.03,-0.01,-0.03,469,416,418,331,367
2.44,0.19,-9.86,0.04,0.00,-0.03,469,419,418,331,367
2.56,0.14,-9.85,0.04,-0.00,-0.03,469,419,418,331,367
2.38,0.02,-9.75,0.04,-0.01,-0.03,469,419,419,332,367
2.44,0.21,-9.81,0.03,-0.00,-0.03,470,418,419,331,367
2.40,0.24,-9.62,0.04,-0.00,-0.03,469,419,418,332,367
2.39,0.11,-9.73,0.03,-0.00,-0.02,469,419,419,332,367
2.48,0.09,-9.76,0.02,-0.01,-0.03,469,419,419,332,367
2.33,0.09,-9.48,0.04,-0.00,-0.02,469,418,418,332,367
2.45,0.08,-9.54,0.02,-0.01,-0.02,470,419,419,332,367
2.54,0.24,-9.79,0.03,-0.01,-0.02,470,419,419,332,367
2.30,0.11,-9.71,0.03,-0.01,-0.02,469,419,418,332,367
2.35,0.04,-9.78,0.03,-0.01,-0.02,469,418,419,332,367
2.33,0.18,-9.99,0.04,-0.01,-0.03,469,419,419,331,367
2.48,-0.01,-9.84,0.04,-0.00,-0.04,469,419,419,332,365
2.55,0.11,-9.80,0.04,-0.01,-0.04,470,419,418,331,367
2.30,0.04,-9.69,0.02,-0.01,-0.03,469,419,418,331,367
2.28,0.15,-9.88,0.02,-0.01,-0.03,470,419,418,329,367
2.30,0.05,-9.67,0.03,-0.00,-0.03,470,420,419,332,367
2.51,0.22,-9.93,0.04,-0.00,-0.04,469,419,418,331,367
2.28,0.10,-9.78,0.04,0.01,-0.03,469,418,419,332,366
2.35,0.15,-9.85,0.04,0.01,-0.04,469,419,418,332,367
2.36,0.04,-9.71,0.04,0.01,-0.04,468,419,419,332,367
2.32,0.01,-9.43,0.04,0.00,-0.03,469,419,419,332,367
2.30,0.13,-9.68,0.04,-0.00,-0.04,469,419,419,332,367
2.53,-0.09,-9.83,0.04,-0.01,-0.03,469,419,419,332,367
2.45,0.05,-9.58,0.02,-0.02,-0.03,469,419,418,332,367
2.41,0.27,-9.80,0.01,-0.02,-0.03,470,419,418,332,367
2.49,0.06,-10.06,0.03,-0.01,-0.03,469,419,419,332,367
2.19,-0.01,-9.72,0.01,-0.01,-0.02,469,420,419,331,367
END