1.70,0.34,0.34,0.04,0.04,0.04,484,448,449,340,364
1.54,0.39,0.39,0.03,0.03,0.03,483,447,448,340,364
1.66,0.46,0.46,0.03,0.03,0.03,483,447,448,340,364
1.90,0.47,0.47,0.04,0.04,0.04,482,447,448,340,364
1.62,0.45,0.45,0.04,0.04,0.04,482,446,448,340,364
1.72,0.47,0.47,0.03,0.03,0.03,482,446,448,340,364
1.63,0.48,0.48,0.03,0.03,0.03,481,446,447,340,364
1.56,0.40,0.40,0.02,0.02,0.02,481,446,447,340,364
1.61,0.44,0.44,0.03,0.03,0.03,481,445,447,340,364
1.72,0.43,0.43,0.03,0.03,0.03,480,445,447,340,364
1.66,0.35,0.35,0.03,0.03,0.03,480,445,446,340,364
END
1.77,0.38,0.38,0.03,0.03,0.03,478,443,445,340,363
1.82,0.44,0.44,0.02,0.02,0.02,478,443,444,340,363
1.78,0.32,0.32,0.03,0.03,0.03,477,443,444,340,363
1.65,0.24,0.24,0.03,0.03,0.03,477,443,444,340,363
1.79,0.23,0.23,0.03,0.03,0.03,477,443,444,340,363
1.75,0.19,0.19,0.03,0.03,0.03,477,442,444,340,363
1.64,0.27,0.27,0.04,0.04,0.04,477,442,444,340,363
1.63,0.34,0.34,0.03,0.03,0.03,477,442,444,340,363
1.87,0.45,0.45,0.03,0.03,0.03,477,442,444,340,362
1.85,0.40,0.40,0.04,0.04,0.04,477,442,443,340,362
1.88,0.37,0.37,0.04,0.04,0.04,476,442,443,340,363
END
1.77,0.24,0.24,0.04,0.04,0.04,475,440,442,340,362
1.74,0.20,0.20,0.05,0.05,0.05,475,440,442,340,362
1.92,0.27,0.27,0.03,0.03,0.03,475,440,442,340,362
1.71,0.17,0.17,0.03,0.03,0.03,474,440,441,340,362
1.69,0.22,0.22,0.03,0.03,0.03,474,440,441,340,362
1.91,0.34,0.34,0.03,0.03,0.03,474,440,441,340,362
1.62,0.15,0.15,0.03,0.03,0.03,474,439,441,340,361
1.87,0.22,0.22,0.03,0.03,0.03,474,439,441,340,362
1.82,0.15,0.15,0.03,0.03,0.03,474,439,441,340,362
1.88,0.27,0.27,0.03,0.03,0.03,474,439,441,340,361
1.87,0.17,0.17,0.03,0.03,0.03,474,439,441,340,362
END
1.72,0.23,0.23,0.02,0.02,0.02,472,438,440,340,361
1.95,0.17,0.17,0.04,0.04,0.04,472,438,439,340,361
1.72,0.33,0.33,0.03,0.03,0.03,472,438,439,340,361
1.98,0.22,0.22,0.03,0.03,0.03,472,438,439,340,361
1.86,0.30,0.30,0.01,0.01,0.01,472,438,439,340,361
1.59,0.14,0.14,0.03,0.03,0.03,472,438,439,340,361
1.83,0.23,0.23,0.03,0.03,0.03,471,437,439,340,361
1.75,0.34,0.34,-0.02,-0.02,-0.02,472,437,439,340,362
1.82,0.19,0.19,0.02,0.02,0.02,471,437,439,339,361
1.72,0.50,0.50,-0.00,-0.00,-0.00,471,437,438,338,361
2.02,0.60,0.60,0.03,0.03,0.03,471,436,438,338,361
END
1.56,0.56,0.56,0.02,0.02,0.02,469,435,438,338,359
1.46,0.75,0.75,0.04,0.04,0.04,469,435,438,338,359
1.66,0.70,0.70,0.05,0.05,0.05,469,435,437,338,359
1.64,0.80,0.80,0.04,0.04,0.04,469,435,438,338,359
1.49,0.80,0.80,0.04,0.04,0.04,469,435,437,338,359
1.61,0.73,0.73,0.04,0.04,0.04,469,435,437,338,359
1.47,0.65,0.65,0.03,0.03,0.03,469,435,437,338,359
1.75,0.83,0.83,0.02,0.02,0.02,469,435,437,338,359
1.57,0.62,0.62,0.03,0.03,0.03,469,435,437,338,359
1.44,0.66,0.66,0.04,0.04,0.04,469,435,437,338,359
1.54,0.66,0.66,0.03,0.03,0.03,468,435,437,338,359
END
1.56,0.78,0.78,0.02,0.02,0.02,468,434,437,338,359
1.51,0.65,0.65,0.03,0.03,0.03,468,434,437,338,359
1.65,0.80,0.80,0.04,0.04,0.04,468,434,437,338,359
1.43,0.75,0.75,0.03,0.03,0.03,468,434,437,338,359
1.66,0.80,0.80,0.02,0.02,0.02,467,434,437,338,359
1.73,0.76,0.76,0.03,0.03,0.03,467,434,437,338,359
1.39,0.72,0.72,0.02,0.02,0.02,467,434,437,338,359
1.57,0.67,0.67,0.05,0.05,0.05,467,433,437,338,359
1.59,0.91,0.91,0.04,0.04,0.04,467,433,437,338,359
1.67,0.84,0.84,0.02,0.02,0.02,467,433,437,338,359
1.54,0.73,0.73,0.03,0.03,0.03,467,433,437,338,359
END
1.44,0.77,0.77,0.03,0.03,0.03,466,433,436,338,358
1.70,0.67,0.67,0.04,0.04,0.04,466,433,436,338,359
1.77,0.73,0.73,0.03,0.03,0.03,466,433,436,338,358
1.53,0.67,0.67,0.03,0.03,0.03,466,433,436,338,358
1.65,0.67,0.67,0.02,0.02,0.02,466,432,436,338,358
1.59,0.64,0.64,0.03,0.03,0.03,466,433,436,338,358
1.60,0.57,0.57,0.03,0.03,0.03,466,432,436,338,358
1.72,0.70,0.70,0.04,0.04,0.04,466,432,436,338,358
1.56,0.77,0.77,0.02,0.02,0.02,466,432,436,338,358
1.68,0.75,0.75,0.06,0.06,0.06,465,432,436,338,358
2.05,0.35,0.35,0.16,0.16,0.16,465,432,436,338,358
END
2.26,-0.04,-0.04,0.12,0.12,0.12,464,432,434,338,359
2.61,-1.49,-1.49,0.00,0.00,0.00,464,431,434,338,359
2.99,-1.36,-1.36,0.01,0.01,0.01,464,431,434,338,359
3.08,-1.27,-1.27,0.03,0.03,0.03,464,431,434,338,359
3.14,-1.31,-1.31,0.02,0.02,0.02,464,431,433,338,359
3.13,-1.18,-1.18,0.00,0.00,0.00,464,431,433,338,358
3.10,-1.11,-1.11,-0.00,-0.00,-0.00,463,431,433,338,359
3.01,-1.11,-1.11,0.04,0.04,0.04,463,431,434,338,359
3.17,-1.13,-1.13,0.05,0.05,0.05,463,431,433,338,358
2.92,-1.06,-1.06,0.04,0.04,0.04,463,431,433,338,358
2.88,-1.00,-1.00,0.02,0.02,0.02,463,431,433,338,359
END
2.97,-1.03,-1.03,0.02,0.02,0.02,463,431,433,338,359
3.07,-0.83,-0.83,0.03,0.03,0.03,463,431,433,338,358
2.89,-0.84,-0.84,0.02,0.02,0.02,463,431,433,338,358
2.79,-0.83,-0.83,0.06,0.06,0.06,463,431,433,338,359
3.23,-0.79,-0.79,0.04,0.04,0.04,463,431,433,338,359
2.84,-0.86,-0.86,0.08,0.08,0.08,463,431,433,338,358
3.01,-1.15,-1.15,0.04,0.04,0.04,463,431,433,338,359
2.63,-1.05,-1.05,0.02,0.02,0.02,463,430,433,338,358
2.96,-1.08,-1.08,0.01,0.01,0.01,463,430,433,338,358
2.43,-0.99,-0.99,0.01,0.01,0.01,462,430,433,338,358
2.32,-1.23,-1.23,0.02,0.02,0.02,462,430,433,338,358
END
2.73,-1.00,-1.00,0.00,0.00,0.00,462,430,432,338,358
3.30,0.02,0.02,0.02,0.02,0.02,462,430,432,338,359
2.91,-0.35,-0.35,0.05,0.05,0.05,462,430,432,338,358
2.55,-0.73,-0.73,0.13,0.13,0.13,462,430,432,338,358
3.45,-0.68,-0.68,0.07,0.07,0.07,461,429,432,338,359
3.22,-0.78,-0.78,-0.01,-0.01,-0.01,461,429,432,338,358
2.91,-0.82,-0.82,0.09,0.09,0.09,461,429,432,338,358
2.98,-0.83,-0.83,-0.00,-0.00,-0.00,461,429,432,338,358
2.97,-0.55,-0.55,-0.01,-0.01,-0.01,461,429,432,338,358
2.66,-0.50,-0.50,-0.00,-0.00,-0.00,461,429,432,338,358
3.09,-0.45,-0.45,-0.02,-0.02,-0.02,461,429,432,338,358
END
3.01,-0.28,-0.28,0.01,0.01,0.01,460,429,432,338,358
2.82,-0.12,-0.12,0.03,0.03,0.03,460,428,432,338,358
2.94,-0.23,-0.23,0.03,0.03,0.03,460,428,432,338,358
3.04,-0.32,-0.32,0.04,0.04,0.04,460,428,432,339,358
2.81,-0.14,-0.14,0.03,0.03,0.03,460,428,432,338,358
2.94,-0.23,-0.23,0.03,0.03,0.03,460,428,432,338,358
2.74,-0.34,-0.34,0.03,0.03,0.03,460,428,432,338,358
2.86,-0.22,-0.22,0.03,0.03,0.03,460,428,432,338,358
2.99,-0.23,-0.23,0.04,0.04,0.04,460,428,432,338,358
2.96,-0.22,-0.22,0.03,0.03,0.03,460,428,432,338,358
2.94,-0.35,-0.35,0.02,0.02,0.02,460,428,432,338,358
END
2.92,-0.24,-0.24,0.03,0.03,0.03,460,428,431,338,358
2.86,-0.25,-0.25,0.03,0.03,0.03,460,428,431,338,358
2.80,-0.40,-0.40,0.04,0.04,0.04,460,428,431,338,358
2.92,-0.32,-0.32,0.03,0.03,0.03,460,428,431,338,358
2.84,-0.37,-0.37,0.02,0.02,0.02,460,428,431,338,358
2.83,-0.35,-0.35,0.03,0.03,0.03,460,428,431,338,358
2.83,-0.29,-0.29,0.03,0.03,0.03,460,428,431,338,358
2.92,-0.35,-0.35,0.03,0.03,0.03,460,428,431,338,358
2.93,-0.30,-0.30,0.03,0.03,0.03,460,428,431,338,358
2.64,-0.42,-0.42,0.03,0.03,0.03,460,428,431,338,358
2.75,-0.42,-0.42,0.03,0.03,0.03,460,428,431,338,358
END
2.76,-0.32,-0.32,0.03,0.03,0.03,459,428,431,338,358
2.92,-0.20,-0.20,0.02,0.02,0.02,459,428,431,338,357
2.89,-0.32,-0.32,0.03,0.03,0.03,459,427,431,338,358
2.79,-0.32,-0.32,0.03,0.03,0.03,459,427,431,338,358
2.76,-0.38,-0.38,0.03,0.03,0.03,459,427,431,338,357
2.56,-0.43,-0.43,0.02,0.02,0.02,459,427,431,338,357
2.71,-0.37,-0.37,0.03,0.03,0.03,459,427,431,338,357
2.89,-0.36,-0.36,0.03,0.03,0.03,459,427,431,338,358
3.07,-0.40,-0.40,0.04,0.04,0.04,459,427,431,338,357
2.84,-0.38,-0.38,0.03,0.03,0.03,459,427,431,338,357
2.79,-0.47,-0.47,0.04,0.04,0.04,459,427,431,338,357
END
3.03,-0.32,-0.32,0.03,0.03,0.03,458,427,430,339,357
3.02,-0.51,-0.51,0.04,0.04,0.04,458,427,431,338,357
2.87,-0.55,-0.55,0.04,0.04,0.04,458,427,431,338,357
2.75,-0.60,-0.60,0.04,0.04,0.04,458,427,431,338,357
2.81,-0.54,-0.54,0.03,0.03,0.03,458,427,431,339,357
2.98,-0.50,-0.50,0.02,0.02,0.02,458,427,431,339,357
2.84,-0.50,-0.50,0.03,0.03,0.03,458,427,430,339,357
2.89,-0.57,-0.57,0.03,0.03,0.03,458,427,431,339,357
2.76,-0.56,-0.56,0.02,0.02,0.02,458,427,431,339,357
2.59,0.09,0.09,0.04,0.04,0.04,458,427,431,339,357
2.86,-0.26,-0.26,0.00,0.00,0.00,458,427,430,339,357
END
2.68,-0.34,-0.34,0.03,0.03,0.03,458,426,430,339,357
2.84,-0.35,-0.35,0.02,0.02,0.02,458,426,430,339,357
2.85,-0.28,-0.28,0.03,0.03,0.03,458,426,430,339,357
2.86,-0.27,-0.27,0.03,0.03,0.03,457,426,430,338,357
2.94,-0.32,-0.32,0.02,0.02,0.02,457,426,430,339,357
2.73,-0.44,-0.44,0.02,0.02,0.02,457,426,430,338,357
2.81,-0.30,-0.30,0.03,0.03,0.03,457,426,430,339,357
2.80,-0.36,-0.36,0.03,0.03,0.03,457,426,430,338,357
2.91,-0.25,-0.25,0.03,0.03,0.03,457,426,430,339,357
2.77,-0.34,-0.34,0.03,0.03,0.03,457,426,430,339,357
2.80,-0.30,-0.30,0.03,0.03,0.03,457,426,430,338,357
END
2.89,-0.38,-0.38,0.03,0.03,0.03,457,426,430,338,357
2.83,-1.39,-1.39,0.01,0.01,0.01,457,426,430,338,357
2.68,-0.48,-0.48,-0.09,-0.09,-0.09,457,426,430,338,357
2.65,-0.37,-0.37,0.05,0.05,0.05,457,426,430,338,357
2.71,-0.96,-0.96,0.06,0.06,0.06,457,426,430,338,357
2.90,-0.79,-0.79,-0.04,-0.04,-0.04,457,426,430,339,357
2.82,-0.32,-0.32,-0.01,-0.01,-0.01,457,426,430,338,357
2.61,-0.62,-0.62,0.04,0.04,0.04,457,426,429,339,357
2.51,0.03,0.03,-0.04,-0.04,-0.04,457,426,429,339,357
2.76,0.33,0.33,0.01,0.01,0.01,457,426,429,338,357
2.65,0.10,0.10,-0.00,-0.00,-0.00,456,425,429,339,357
END
2.70,0.24,0.24,0.04,0.04,0.04,456,425,429,339,357
1.88,1.12,1.12,0.09,0.09,0.09,456,425,429,339,357
1.84,1.00,1.00,0.02,0.02,0.02,456,425,429,339,357
1.56,0.87,0.87,0.04,0.04,0.04,456,425,429,339,357
1.96,0.93,0.93,0.02,0.02,0.02,456,425,429,339,357
1.93,0.98,0.98,0.06,0.06,0.06,456,425,429,339,357
1.88,0.80,0.80,0.03,0.03,0.03,456,425,429,339,357
2.10,0.88,0.88,0.03,0.03,0.03,456,425,429,339,357
2.02,0.89,0.89,0.03,0.03,0.03,456,425,429,339,357
2.03,0.79,0.79,0.04,0.04,0.04,456,425,429,339,357
2.25,0.95,0.95,0.04,0.04,0.04,456,425,429,339,357
END
2.09,0.93,0.93,0.04,0.04,0.04,455,425,429,339,356
2.37,0.93,0.93,0.03,0.03,0.03,455,425,429,339,356
2.17,0.80,0.80,0.04,0.04,0.04,455,425,429,339,356
2.23,0.82,0.82,0.04,0.04,0.04,455,425,429,339,356
2.33,0.84,0.84,0.05,0.05,0.05,455,425,429,339,356
2.18,0.78,0.78,0.04,0.04,0.04,455,424,429,339,356
2.35,0.80,0.80,0.03,0.03,0.03,455,425,428,339,356
2.18,0.70,0.70,0.04,0.04,0.04,455,425,429,339,356
2.28,0.83,0.83,0.03,0.03,0.03,455,424,429,339,356
2.23,0.83,0.83,0.04,0.04,0.04,455,424,429,339,356
2.30,0.83,0.83,0.04,0.04,0.04,455,425,429,339,356
END
2.21,0.82,0.82,0.03,0.03,0.03,455,424,428,339,356
2.20,0.71,0.71,0.04,0.04,0.04,455,424,428,339,356
2.11,0.77,0.77,0.03,0.03,0.03,455,424,428,339,356
2.12,0.71,0.71,0.03,0.03,0.03,455,424,428,339,356
2.16,0.84,0.84,0.02,0.02,0.02,455,424,428,339,356
2.06,0.81,0.81,0.03,0.03,0.03,455,424,428,339,356
2.27,0.78,0.78,0.03,0.03,0.03,455,424,428,339,356
2.15,0.78,0.78,0.01,0.01,0.01,455,424,428,339,356
2.19,0.81,0.81,0.03,0.03,0.03,455,424,428,339,356
2.10,0.80,0.80,0.03,0.03,0.03,455,424,428,339,356
2.09,0.70,0.70,0.04,0.04,0.04,455,424,428,339,356
END
1.84,0.62,0.62,0.03,0.03,0.03,470,438,439,340,360
1.83,0.63,0.63,0.04,0.04,0.04,470,437,438,340,360
1.82,0.65,0.65,0.03,0.03,0.03,470,437,438,340,359
1.83,0.56,0.56,0.03,0.03,0.03,469,437,438,340,359
2.01,0.62,0.62,0.04,0.04,0.04,469,437,438,340,359
1.90,0.53,0.53,0.03,0.03,0.03,469,437,438,340,359
1.79,0.70,0.70,0.03,0.03,0.03,469,437,437,340,359
1.90,0.60,0.60,0.04,0.04,0.04,468,436,437,340,359
2.02,0.61,0.61,0.04,0.04,0.04,468,436,437,340,359
1.77,0.70,0.70,0.04,0.04,0.04,468,436,437,340,359
2.02,0.67,0.67,0.03,0.03,0.03,468,436,437,340,359
END
1.96,0.67,0.67,0.03,0.03,0.03,466,435,435,340,359
1.62,0.04,0.04,-0.00,-0.00,-0.00,466,435,435,340,359
2.53,0.29,0.29,0.05,0.05,0.05,466,435,435,340,359
2.17,0.45,0.45,-0.02,-0.02,-0.02,465,434,435,340,359
2.17,0.27,0.27,-0.00,-0.00,-0.00,465,434,435,340,359
2.06,0.19,0.19,0.04,0.04,0.04,465,434,434,340,359
2.33,0.67,0.67,0.01,0.01,0.01,465,434,434,340,359
2.46,0.75,0.75,0.06,0.06,0.06,465,434,434,340,359
2.50,0.58,0.58,0.02,0.02,0.02,465,434,434,340,358
2.18,0.51,0.51,0.05,0.05,0.05,465,434,434,340,358
2.36,0.25,0.25,0.02,0.02,0.02,465,434,434,340,358
END
2.50,0.41,0.41,0.01,0.01,0.01,463,432,433,340,357
2.36,0.43,0.43,0.05,0.05,0.05,463,432,432,340,357
2.40,0.48,0.48,-0.02,-0.02,-0.02,463,432,432,340,357
2.03,0.42,0.42,0.03,0.03,0.03,463,432,432,340,357
2.14,0.60,0.60,0.02,0.02,0.02,463,432,432,340,357
2.20,0.45,0.45,0.05,0.05,0.05,463,432,432,340,357
2.27,0.57,0.57,0.02,0.02,0.02,463,432,432,340,357
2.10,0.29,0.29,0.04,0.04,0.04,463,432,432,340,357
2.33,0.65,0.65,0.04,0.04,0.04,463,432,432,340,357
2.16,0.55,0.55,0.05,0.05,0.05,462,432,432,340,357
2.15,0.59,0.59,0.07,0.07,0.07,462,431,432,340,357
END
2.30,0.31,0.31,0.00,0.00,0.00,461,431,431,340,357
2.79,0.55,0.55,0.05,0.05,0.05,461,431,431,340,357
2.58,0.60,0.60,0.04,0.04,0.04,461,430,431,340,357
2.63,0.52,0.52,0.02,0.02,0.02,461,430,431,340,357
2.66,0.41,0.41,0.02,0.02,0.02,461,430,431,340,357
2.61,0.47,0.47,0.03,0.03,0.03,461,430,431,340,357
2.35,0.43,0.43,0.01,0.01,0.01,461,430,431,340,357
2.40,0.55,0.55,0.03,0.03,0.03,461,430,431,340,357
2.43,0.57,0.57,0.03,0.03,0.03,461,430,431,340,357
2.61,0.62,0.62,0.04,0.04,0.04,460,430,431,340,357
2.80,0.70,0.70,0.01,0.01,0.01,461,430,431,340,357
END
2.58,0.61,0.61,0.03,0.03,0.03,460,429,430,340,357
2.23,0.60,0.60,0.03,0.03,0.03,460,429,430,340,357
2.14,0.51,0.51,0.03,0.03,0.03,459,429,430,340,357
2.30,0.28,0.28,0.03,0.03,0.03,459,429,430,340,357
2.18,0.45,0.45,0.03,0.03,0.03,459,429,430,340,356
2.51,0.45,0.45,0.02,0.02,0.02,459,429,430,339,356
2.52,0.29,0.29,0.03,0.03,0.03,459,429,430,340,357
2.35,0.39,0.39,0.03,0.03,0.03,459,429,430,340,357
2.37,0.56,0.56,0.03,0.03,0.03,459,429,430,340,357
2.52,0.55,0.55,0.03,0.03,0.03,459,429,430,340,357
2.39,0.57,0.57,0.03,0.03,0.03,459,429,430,340,356
END
2.53,0.54,0.54,0.03,0.03,0.03,458,428,429,339,356
2.51,0.66,0.66,0.03,0.03,0.03,458,428,429,339,356
2.56,0.51,0.51,0.03,0.03,0.03,458,428,429,340,356
2.53,0.61,0.61,0.04,0.04,0.04,458,428,429,339,356
2.47,0.56,0.56,0.04,0.04,0.04,458,428,429,340,356
2.51,0.48,0.48,0.03,0.03,0.03,458,428,429,340,356
2.47,0.52,0.52,0.03,0.03,0.03,457,428,429,340,356
2.63,0.57,0.57,0.03,0.03,0.03,457,428,429,340,356
2.46,0.64,0.64,0.04,0.04,0.04,457,428,429,340,356
2.56,0.53,0.53,0.03,0.03,0.03,457,428,429,340,356
2.56,0.61,0.61,0.03,0.03,0.03,457,428,429,340,356
END
2.55,0.51,0.51,0.04,0.04,0.04,457,427,429,340,356
2.53,0.60,0.60,0.03,0.03,0.03,457,427,429,340,356
2.61,0.48,0.48,0.03,0.03,0.03,457,427,429,339,356
2.68,0.56,0.56,0.03,0.03,0.03,457,427,429,340,356
2.51,0.50,0.50,0.03,0.03,0.03,457,427,429,340,356
2.71,0.49,0.49,0.03,0.03,0.03,457,427,428,340,356
2.53,0.56,0.56,0.04,0.04,0.04,456,427,428,340,356
2.45,0.46,0.46,0.03,0.03,0.03,456,427,428,340,356
2.51,0.48,0.48,0.03,0.03,0.03,456,427,428,340,356
2.52,0.66,0.66,0.03,0.03,0.03,456,427,428,340,356
2.56,0.55,0.55,0.04,0.04,0.04,456,427,428,340,356
END
2.58,0.44,0.44,0.03,0.03,0.03,456,427,428,339,356
2.53,0.47,0.47,0.03,0.03,0.03,456,426,428,339,356
2.66,0.55,0.55,0.04,0.04,0.04,456,426,428,339,355
2.60,0.50,0.50,0.03,0.03,0.03,456,426,428,339,355
2.48,0.51,0.51,0.03,0.03,0.03,456,426,428,339,355
2.59,0.58,0.58,0.03,0.03,0.03,456,426,428,339,355
2.52,0.52,0.52,0.03,0.03,0.03,456,426,428,339,355
2.68,0.65,0.65,0.03,0.03,0.03,456,426,428,339,355
2.56,0.47,0.47,0.02,0.02,0.02,455,426,428,339,355
2.57,0.57,0.57,0.03,0.03,0.03,455,426,428,340,356
2.53,0.66,0.66,0.03,0.03,0.03,455,426,428,339,355
END
2.52,0.53,0.53,0.03,0.03,0.03,455,426,427,339,355
2.61,0.51,0.51,0.03,0.03,0.03,455,426,427,339,355
2.59,0.48,0.48,0.03,0.03,0.03,455,426,427,339,355
2.46,0.42,0.42,0.03,0.03,0.03,455,426,427,339,355
2.66,0.55,0.55,0.03,0.03,0.03,455,426,427,339,355
2.67,0.50,0.50,0.04,0.04,0.04,455,426,427,339,355
2.69,0.62,0.62,0.04,0.04,0.04,455,426,427,339,355
2.58,0.54,0.54,0.03,0.03,0.03,455,426,427,339,355
2.56,0.46,0.46,0.03,0.03,0.03,455,426,427,339,355
2.61,0.55,0.55,0.03,0.03,0.03,455,425,427,339,355
2.53,0.45,0.45,0.02,0.02,0.02,455,425,427,339,355
END
2.50,0.42,0.42,0.03,0.03,0.03,454,425,427,339,355
2.66,0.47,0.47,0.04,0.04,0.04,454,425,427,339,355
2.61,0.45,0.45,0.03,0.03,0.03,454,425,427,339,355
2.73,0.55,0.55,0.03,0.03,0.03,454,425,427,339,355
2.53,0.41,0.41,0.03,0.03,0.03,454,425,427,339,355
2.60,0.59,0.59,0.03,0.03,0.03,454,425,427,339,355
2.53,0.42,0.42,0.03,0.03,0.03,454,425,427,339,355
2.56,0.57,0.57,0.03,0.03,0.03,454,425,427,339,355
2.53,0.58,0.58,0.04,0.04,0.04,454,425,427,339,355
2.65,0.62,0.62,0.03,0.03,0.03,454,425,427,339,355
2.56,0.56,0.56,0.03,0.03,0.03,454,425,427,339,355
END
2.51,0.54,0.54,0.03,0.03,0.03,454,425,426,339,355
2.70,0.53,0.53,0.04,0.04,0.04,454,425,426,339,355
2.75,0.55,0.55,0.03,0.03,0.03,454,425,426,339,355
2.69,0.49,0.49,0.03,0.03,0.03,453,425,426,339,355
2.56,0.50,0.50,0.03,0.03,0.03,453,425,426,339,355
2.64,0.47,0.47,0.03,0.03,0.03,453,425,426,339,355
2.63,0.46,0.46,0.03,0.03,0.03,453,425,426,339,355
2.75,0.60,0.60,0.03,0.03,0.03,453,425,426,339,355
2.63,0.54,0.54,0.02,0.02,0.02,453,424,426,339,355
2.85,0.65,0.65,0.03,0.03,0.03,453,424,426,339,355
2.48,0.40,0.40,0.04,0.04,0.04,453,424,426,339,355
END
2.63,0.48,0.48,0.03,0.03,0.03,453,424,426,339,354
2.67,0.57,0.57,0.04,0.04,0.04,453,424,426,339,355
2.71,0.55,0.55,0.03,0.03,0.03,453,424,426,339,355
2.72,0.44,0.44,0.03,0.03,0.03,453,424,426,339,355
2.58,0.53,0.53,0.03,0.03,0.03,453,424,426,339,354
2.52,0.59,0.59,0.03,0.03,0.03,453,424,426,339,354
2.57,0.55,0.55,0.03,0.03,0.03,453,424,426,339,354
2.63,0.44,0.44,0.02,0.02,0.02,453,424,426,339,354
2.49,0.44,0.44,0.04,0.04,0.04,453,424,426,339,354
2.79,0.51,0.51,0.03,0.03,0.03,453,424,426,339,354
2.61,0.42,0.42,0.03,0.03,0.03,453,424,426,339,354
END
2.61,0.59,0.59,0.05,0.05,0.05,453,424,426,339,355
2.71,-0.71,-0.71,-0.02,-0.02,-0.02,452,424,425,339,355
3.62,-0.47,-0.47,0.09,0.09,0.09,452,423,425,339,354
4.04,-0.98,-0.98,0.01,0.01,0.01,452,423,425,339,354
3.44,-0.68,-0.68,-0.01,-0.01,-0.01,452,423,425,339,355
3.49,-1.10,-1.10,-0.03,-0.03,-0.03,452,423,425,339,354
3.66,-0.44,-0.44,-0.01,-0.01,-0.01,452,423,425,339,354
3.43,-0.15,-0.15,-0.01,-0.01,-0.01,452,423,425,339,354
3.48,-0.40,-0.40,0.02,0.02,0.02,452,423,425,339,354
3.88,-0.01,-0.01,0.01,0.01,0.01,452,423,425,339,354
3.63,0.17,0.17,0.01,0.01,0.01,452,423,425,339,354
END
3.64,0.14,0.14,0.01,0.01,0.01,452,423,424,339,358
2.59,2.30,2.30,0.07,0.07,0.07,453,423,423,339,364
2.26,1.28,1.28,0.12,0.12,0.12,455,424,426,339,370
2.08,1.05,1.05,0.04,0.04,0.04,462,428,427,338,373
1.64,1.56,1.56,0.02,0.02,0.02,464,429,426,337,373
1.94,1.36,1.36,0.03,0.03,0.03,463,429,426,337,371
2.34,1.90,1.90,0.04,0.04,0.04,462,429,426,337,371
2.42,1.70,1.70,0.06,0.06,0.06,462,429,426,337,370
2.19,1.74,1.74,0.03,0.03,0.03,461,429,426,337,370
2.02,1.51,1.51,0.01,0.01,0.01,461,428,425,337,369
2.25,1.62,1.62,0.02,0.02,0.02,461,428,425,337,369
END
2.19,1.64,1.64,0.02,0.02,0.02,459,427,426,337,366
1.97,1.53,1.53,0.04,0.04,0.04,459,427,426,337,366
2.22,1.71,1.71,0.04,0.04,0.04,459,427,425,337,366
2.31,1.67,1.67,0.02,0.02,0.02,458,427,425,337,366
2.04,1.54,1.54,0.03,0.03,0.03,458,427,425,337,366
2.12,1.62,1.62,0.02,0.02,0.02,458,427,425,337,366
2.19,1.70,1.70,0.01,0.01,0.01,458,427,425,337,365
2.13,1.80,1.80,0.00,0.00,0.00,458,427,425,337,365
2.04,1.69,1.69,0.04,0.04,0.04,458,427,425,337,365
2.65,1.90,1.90,0.02,0.02,0.02,458,427,425,337,365
2.44,1.45,1.45,0.05,0.05,0.05,458,427,425,337,365
END
2.22,1.72,1.72,0.03,0.03,0.03,458,426,425,337,365
2.46,1.75,1.75,0.03,0.03,0.03,458,426,425,337,365
2.56,1.79,1.79,0.03,0.03,0.03,458,426,425,337,364
2.45,1.66,1.66,0.02,0.02,0.02,458,426,425,337,364
2.53,1.77,1.77,0.02,0.02,0.02,458,426,425,337,364
2.38,1.75,1.75,0.02,0.02,0.02,458,426,425,337,364
2.36,1.70,1.70,0.03,0.03,0.03,458,426,425,337,364
2.46,1.65,1.65,0.03,0.03,0.03,458,426,425,337,364
2.28,1.69,1.69,0.03,0.03,0.03,458,426,425,337,364
2.51,1.67,1.67,0.02,0.02,0.02,458,426,425,337,364
2.35,1.67,1.67,0.04,0.04,0.04,458,426,425,337,364
END
2.52,1.77,1.77,0.04,0.04,0.04,457,426,425,338,362
2.43,1.79,1.79,0.04,0.04,0.04,457,426,425,338,363
2.31,1.79,1.79,0.03,0.03,0.03,457,426,425,338,362
2.35,1.69,1.69,0.04,0.04,0.04,457,426,425,338,362
2.33,1.68,1.68,0.03,0.03,0.03,457,426,424,338,362
2.35,1.65,1.65,0.03,0.03,0.03,457,426,424,338,362
2.48,1.80,1.80,0.03,0.03,0.03,457,425,424,338,362
2.67,1.81,1.81,0.02,0.02,0.02,457,425,424,338,362
2.54,1.67,1.67,0.03,0.03,0.03,457,426,424,338,362
2.37,1.73,1.73,0.04,0.04,0.04,457,426,424,338,362
2.48,1.80,1.80,0.02,0.02,0.02,456,425,424,338,362
END
2.40,1.78,1.78,0.02,0.02,0.02,456,425,424,338,362
2.49,1.83,1.83,0.04,0.04,0.04,456,425,424,338,362
2.35,1.83,1.83,0.03,0.03,0.03,456,425,424,338,362
2.50,1.84,1.84,0.05,0.05,0.05,456,425,424,338,362
2.46,1.79,1.79,0.03,0.03,0.03,456,425,424,338,362
2.31,1.68,1.68,0.04,0.04,0.04,456,425,424,338,362
2.62,1.83,1.83,0.03,0.03,0.03,456,425,424,338,362
2.75,1.89,1.89,0.02,0.02,0.02,456,425,424,338,362
2.33,1.80,1.80,0.04,0.04,0.04,456,425,424,338,362
2.35,3.66,3.66,0.02,0.02,0.02,456,425,424,338,362
2.48,1.82,1.82,0.02,0.02,0.02,456,425,424,338,362
END
2.49,1.74,1.74,0.03,0.03,0.03,456,425,424,338,362
2.20,1.60,1.60,0.04,0.04,0.04,456,425,423,338,362
1.98,1.51,1.51,0.04,0.04,0.04,456,425,423,337,361
2.09,1.48,1.48,0.02,0.02,0.02,456,425,423,337,361
1.95,1.31,1.31,0.04,0.04,0.04,456,425,423,337,362
2.29,1.69,1.69,0.03,0.03,0.03,456,425,423,337,361
2.06,1.74,1.74,0.02,0.02,0.02,456,425,423,337,361
1.79,1.77,1.77,0.02,0.02,0.02,456,425,423,337,362
2.03,1.64,1.64,0.02,0.02,0.02,456,425,423,337,361
2.05,1.80,1.80,0.03,0.03,0.03,456,424,423,337,361
2.26,1.53,1.53,0.04,0.04,0.04,456,424,423,337,361
END