5.07,-7.67,3.27,-0.03,0.02,0.03,323,393,401,460,313
8.09,-6.60,0.03,-0.02,0.00,-0.00,323,393,401,461,312
8.41,-6.70,-0.03,0.05,0.03,0.06,324,393,402,460,312
6.35,-6.80,-0.22,0.02,0.07,0.18,324,393,401,460,312
8.38,-6.56,0.90,-0.05,-0.01,0.25,324,393,401,460,312
8.82,-7.06,0.06,-0.01,-0.05,0.13,323,393,402,461,312
6.21,-7.31,-1.18,-0.08,-0.09,0.27,323,392,402,462,312
7.01,-7.10,-1.16,-0.01,-0.05,0.41,324,393,401,461,312
6.32,-7.41,-0.84,-0.18,-0.23,0.40,323,392,401,462,312
3.08,-6.63,-2.18,-0.30,-0.24,0.43,323,394,402,462,312
3.29,-6.60,-1.92,-0.27,-0.15,0.38,323,397,403,462,312
2.00,-7.15,-2.79,-0.53,0.01,0.36,324,400,403,462,311
8.43,-6.83,0.24,0.40,0.22,-0.06,323,398,403,461,312
2.04,-6.06,-4.92,-0.64,-0.31,0.10,323,404,410,464,311
5.71,-6.92,-0.64,0.30,0.14,-0.19,324,404,407,463,312
4.39,-7.25,-1.49,0.07,0.17,-0.09,323,404,409,462,311
1.62,-6.81,-3.03,-0.28,-0.04,0.14,323,405,410,463,311
6.34,-8.07,2.11,0.49,0.63,-0.19,324,406,412,463,312
4.44,-6.60,0.25,0.33,0.50,0.04,323,406,412,461,312
3.80,-4.78,2.83,0.20,0.41,-0.19,323,405,410,460,312
4.64,-3.65,7.82,0.63,0.70,-0.33,323,402,408,457,312
4.19,-8.56,7.39,0.81,0.69,0.21,323,401,407,457,312
6.75,-11.23,-0.13,0.35,0.43,-0.35,324,402,406,454,313
5.81,-11.11,0.85,0.11,0.10,-0.32,323,401,406,453,313
7.13,-10.87,6.24,0.04,0.08,-0.08,323,401,405,454,312
7.59,-9.91,6.58,0.41,0.11,-0.22,324,400,405,453,313
4.80,-7.09,4.24,0.12,0.09,-0.06,323,400,404,453,312
4.97,-7.23,4.36,0.13,0.13,-0.01,323,400,404,453,312
3.50,-6.91,2.51,0.06,-0.05,0.09,323,400,405,453,313
4.25,-6.53,2.49,-0.04,0.03,-0.07,324,400,405,453,313
5.48,-6.96,4.24,-0.02,-0.02,0.02,323,400,404,454,312
6.08,-7.06,4.50,0.15,0.15,-0.16,323,399,405,453,313
5.06,-7.00,3.89,0.03,-0.03,0.00,324,399,404,453,313
4.14,-6.63,2.82,0.03,-0.03,0.05,323,400,404,453,312
5.73,-6.98,4.44,0.02,-0.02,-0.12,323,399,404,453,313
4.54,-7.01,3.98,0.05,-0.01,-0.03,323,400,405,453,313
END
4.87,-6.71,4.13,0.06,-0.00,0.05,323,394,399,455,311
7.07,-6.20,-0.55,-0.16,-0.07,0.22,323,394,399,456,312
7.85,-6.27,-1.04,-0.04,-0.06,0.12,323,393,399,455,311
6.63,-6.23,-1.05,-0.14,-0.11,0.20,323,393,399,455,311
7.53,-6.37,-0.67,-0.08,-0.13,0.14,323,393,398,457,312
6.52,-6.58,-2.00,0.09,-0.04,0.11,323,392,399,457,311
6.17,-7.09,-1.92,-0.12,-0.17,0.11,323,392,399,457,311
7.37,-6.71,-2.00,0.05,0.01,0.08,323,392,399,457,311
5.02,-6.86,-2.74,-0.21,-0.16,0.33,323,392,400,458,311
8.62,-7.31,-0.24,0.12,0.07,0.10,323,392,399,458,311
4.28,-7.18,-2.23,-0.37,-0.32,0.05,323,392,400,458,310
5.83,-6.93,-1.67,-0.16,-0.17,0.24,323,393,399,457,311
6.47,-6.88,-1.41,0.21,0.14,-0.02,323,394,402,459,311
4.33,-6.91,-2.07,-0.12,-0.11,0.17,323,394,401,460,311
4.74,-7.10,-1.49,0.05,0.07,-0.10,323,395,401,458,310
4.85,-7.03,-1.70,0.07,0.24,0.04,323,395,401,458,310
5.53,-6.93,-2.08,-0.04,-0.02,-0.06,323,395,402,458,310
3.40,-6.61,-2.06,0.17,0.38,-0.09,323,397,404,460,310
2.91,-5.79,-2.12,-0.03,0.37,0.08,323,397,404,459,311
3.39,-4.53,-0.51,0.40,0.66,-0.14,323,396,403,459,311
2.45,-5.23,0.65,-0.09,0.60,0.05,323,396,402,456,311
3.24,-5.10,2.72,0.49,0.85,-0.35,323,396,402,455,311
6.86,-6.55,6.78,0.97,1.06,0.01,322,395,401,453,311
8.54,-9.63,3.99,0.42,0.64,0.14,322,395,401,452,311
7.95,-8.49,2.46,-0.15,-0.16,-0.68,323,398,402,451,311
8.05,-10.44,8.20,0.64,0.31,-0.15,323,393,398,450,311
5.17,-8.21,3.79,0.32,-0.04,-0.05,323,393,398,449,312
5.09,-8.82,6.45,0.32,0.16,0.08,323,393,398,449,311
4.97,-7.12,3.10,0.13,-0.08,0.19,323,393,399,448,311
5.02,-6.73,3.66,0.03,-0.02,-0.03,322,393,399,449,311
6.16,-6.59,4.50,-0.00,-0.02,-0.15,323,393,398,449,312
5.38,-6.47,4.87,0.09,0.03,0.00,323,393,398,449,312
3.96,-6.37,4.03,0.08,0.02,0.13,323,394,398,449,312
5.96,-6.13,4.60,0.03,-0.08,-0.05,321,393,399,449,311
4.10,-5.91,3.94,-0.04,-0.05,-0.01,323,394,399,449,312
5.12,-6.88,5.74,0.08,0.08,-0.04,323,394,398,449,311
END
4.92,-6.36,4.43,0.09,-0.01,0.09,323,390,395,450,311
8.18,-6.25,0.34,0.16,-0.01,0.09,322,389,395,450,311
7.86,-6.06,-0.10,0.13,0.04,0.13,323,387,396,453,311
6.84,-6.63,0.33,-0.20,-0.13,0.26,321,389,395,454,310
7.95,-6.26,-0.17,0.04,-0.04,0.16,322,389,396,454,311
6.55,-6.39,-0.97,-0.23,-0.13,0.31,323,389,396,455,310
7.12,-6.98,-0.46,-0.05,-0.16,0.19,323,388,396,455,310
5.17,-7.24,-1.31,-0.10,-0.14,0.27,323,389,397,455,310
5.25,-6.45,-1.60,-0.23,-0.20,0.35,323,387,396,455,310
7.22,-6.48,-0.86,0.09,-0.26,-0.13,323,389,396,455,310
4.06,-7.27,-1.41,0.22,-0.02,0.42,323,388,395,455,310
7.27,-7.85,-0.31,0.10,-0.18,0.06,323,387,394,454,310
1.01,-6.78,-2.16,-0.08,-0.18,0.35,323,388,394,454,310
5.86,-7.12,-0.44,0.36,0.13,-0.04,322,387,394,453,310
3.76,-7.06,-1.87,-0.27,-0.17,0.09,323,387,394,454,310
5.73,-7.73,-0.67,0.03,0.05,-0.01,323,387,394,453,310
6.40,-7.71,-0.52,0.32,0.15,-0.39,323,387,394,454,310
2.96,-7.11,-1.82,-0.18,0.04,0.11,323,387,394,454,310
4.95,-6.63,-1.40,0.17,0.25,-0.13,323,387,394,454,310
4.58,-6.59,0.37,0.18,0.41,-0.01,323,387,394,453,311
4.16,-6.72,-0.29,0.11,0.37,-0.05,323,387,394,453,310
2.75,-6.13,0.41,0.25,0.50,-0.06,323,388,394,452,310
5.09,-5.72,1.77,0.25,0.64,0.05,323,389,394,451,310
3.83,-5.15,1.68,0.06,0.35,-0.03,323,390,395,451,310
4.29,-3.83,4.29,0.47,0.42,-0.41,323,396,398,450,311
8.00,-5.15,10.18,1.12,1.24,0.01,323,394,400,449,311
7.83,-9.86,6.25,0.33,0.42,-0.20,323,400,402,450,311
7.14,-10.39,4.29,0.31,0.09,-0.09,323,398,402,450,311
4.44,-9.53,4.24,0.11,-0.05,0.06,323,397,401,450,311
6.66,-8.70,4.41,0.30,0.24,-0.21,323,397,400,449,311
4.26,-7.36,6.62,0.27,0.33,0.01,323,396,400,449,311
4.41,-6.93,5.13,0.07,-0.01,0.05,323,395,400,450,311
4.99,-5.70,4.13,-0.08,-0.13,0.08,322,396,400,449,311
4.59,-6.08,5.15,-0.04,0.02,-0.15,322,396,400,449,311
3.55,-6.24,5.65,0.12,0.14,-0.13,323,396,400,449,311
5.26,-6.05,5.02,0.00,-0.02,0.13,323,395,400,450,311
END
3.10,-6.12,3.88,-0.03,-0.09,-0.01,323,394,399,454,311
6.58,-5.83,-1.26,-0.24,-0.10,0.48,323,393,399,454,310
8.01,-6.04,-0.60,0.13,-0.02,0.19,323,392,398,456,310
6.03,-6.58,-1.11,-0.07,-0.17,0.36,323,390,396,455,310
5.52,-7.15,-1.16,-0.08,-0.10,0.27,323,390,396,455,310
6.30,-7.21,0.16,0.13,-0.06,0.27,323,390,395,455,310
4.77,-7.04,-1.26,-0.29,-0.25,0.28,323,390,396,455,311
4.55,-7.40,-0.57,0.09,0.03,0.08,323,389,396,456,310
5.01,-6.60,-0.60,0.66,0.45,-0.19,323,390,397,457,310
6.42,-7.59,0.01,-0.07,-0.01,0.07,323,388,395,456,310
4.77,-7.47,0.55,0.17,0.15,-0.00,323,388,394,455,310
4.44,-7.36,0.19,-0.15,0.02,0.07,323,387,392,455,310
4.96,-7.45,-0.01,-0.01,0.01,0.15,323,388,395,455,310
5.50,-7.48,-0.83,0.04,0.13,-0.24,323,388,395,455,310
4.20,-7.39,-0.88,-0.21,0.00,-0.04,323,388,395,455,310
4.80,-6.92,0.67,0.28,0.25,-0.19,322,389,396,453,310
3.12,-5.91,-3.12,-0.07,0.16,0.06,323,390,397,454,310
2.91,-5.64,-0.29,0.28,0.62,-0.37,322,391,397,452,310
4.15,-5.63,2.56,-0.28,0.25,-0.06,323,392,397,449,312
5.05,-5.72,5.16,0.66,0.99,-0.16,323,390,396,447,311
11.64,-8.03,6.02,0.05,0.69,-0.04,323,393,397,444,311
7.22,-9.20,5.01,0.29,0.32,-0.37,324,394,397,443,311
7.70,-7.80,3.67,0.57,0.57,-0.44,323,395,397,443,311
4.52,-9.83,4.72,0.22,0.10,0.18,323,395,397,443,311
6.07,-8.60,3.77,0.30,-0.01,0.09,323,394,398,443,311
6.83,-7.44,2.73,0.02,0.03,-0.03,323,394,397,443,311
6.17,-8.36,5.35,0.15,0.09,-0.15,323,394,397,441,311
3.47,-6.74,4.20,0.05,0.05,0.11,323,394,397,443,311
6.12,-7.11,4.23,0.03,-0.06,0.01,323,393,397,443,311
4.21,-6.38,3.42,-0.03,-0.02,-0.06,324,393,397,444,311
5.66,-6.51,4.16,0.01,0.04,-0.10,323,394,397,443,311
4.39,-6.72,3.90,0.02,0.02,0.03,323,393,397,443,311
4.84,-6.72,4.08,0.04,-0.02,0.07,323,393,397,443,311
5.71,-6.77,4.34,0.01,-0.07,-0.10,323,394,397,444,311
4.72,-6.83,4.02,0.04,0.00,-0.05,323,393,397,443,311
5.05,-6.88,4.21,0.02,-0.09,0.02,323,393,397,443,311
END
4.69,-6.78,4.10,0.04,-0.01,-0.08,323,388,392,445,311
6.89,-5.64,-2.19,-0.25,-0.06,0.27,324,388,393,445,310
8.40,-5.92,0.35,0.18,0.15,0.24,324,387,392,445,311
8.67,-5.76,-0.06,0.06,-0.05,0.11,323,386,392,446,310
6.85,-5.38,-1.61,-0.03,-0.17,0.18,324,386,393,446,310
6.37,-5.84,-1.02,0.19,-0.04,0.05,324,387,392,447,310
6.01,-5.89,-1.78,0.30,0.11,0.09,323,387,393,447,310
5.84,-5.89,-0.58,0.03,-0.08,0.20,323,386,393,448,310
3.78,-5.48,-0.97,0.00,0.19,0.01,324,387,394,448,310
8.59,-6.33,1.68,0.45,0.48,0.16,324,387,393,447,310
7.80,-6.94,-1.36,-0.38,-0.02,0.26,324,388,394,447,310
5.99,-6.93,-0.89,-0.05,0.17,-0.12,324,389,394,446,310
10.36,-7.37,3.06,0.60,0.57,0.01,324,386,393,446,310
3.30,-6.27,-2.25,-0.30,-0.15,0.36,323,387,393,447,310
5.05,-6.35,1.20,0.26,0.43,-0.20,324,387,393,446,311
3.76,-5.04,-0.73,-0.09,0.30,0.14,324,388,393,445,310
2.43,-3.90,1.13,0.09,0.44,-0.23,324,392,395,445,311
6.29,-5.24,6.56,0.68,1.05,0.03,323,391,395,443,311
6.07,-7.42,3.66,-0.06,0.75,0.31,323,393,396,442,311
9.72,-7.88,4.98,0.09,-0.09,-0.51,323,390,393,439,312
16.18,-10.28,7.15,0.91,0.56,-0.62,325,386,390,437,311
0.64,-8.76,1.51,0.17,0.02,0.37,324,388,391,437,311
8.35,-9.59,5.47,0.20,0.05,0.13,324,387,391,438,312
6.38,-6.72,3.09,-0.06,-0.22,-0.11,324,387,391,437,312
6.55,-6.30,4.84,-0.02,0.11,-0.18,324,387,391,438,312
3.63,-6.03,4.42,0.05,-0.08,0.10,323,388,392,438,311
5.25,-6.16,3.88,0.02,-0.01,0.02,323,388,392,437,311
5.68,-6.31,4.02,0.05,-0.00,-0.07,324,389,393,437,312
5.76,-6.25,3.75,0.02,0.06,-0.16,323,388,393,438,311
4.97,-6.55,4.02,0.01,-0.05,0.03,324,388,392,438,311
4.96,-6.25,3.71,0.03,0.03,-0.11,324,389,392,438,311
5.39,-6.70,4.82,-0.01,-0.03,-0.01,324,388,393,439,311
5.43,-6.14,3.50,0.10,0.02,-0.00,324,391,396,442,312
6.17,-6.02,3.89,-0.01,0.02,-0.16,324,391,396,441,312
5.10,-6.53,4.41,0.09,0.06,-0.01,324,391,395,442,312
6.05,-6.32,3.94,0.02,-0.03,-0.03,324,391,395,441,311
END
5.58,-6.98,4.49,-0.01,-0.01,-0.10,323,388,392,445,311
8.56,-6.60,-0.43,0.12,-0.02,-0.04,323,387,392,445,311
8.25,-7.14,-0.75,0.01,-0.14,0.10,324,387,393,446,310
8.15,-6.81,-1.27,-0.02,-0.18,0.08,324,387,392,446,311
6.34,-6.69,-0.98,-0.00,-0.15,0.15,324,387,393,447,310
5.96,-6.44,-1.56,0.03,-0.10,0.18,324,388,393,448,311
6.61,-6.63,-2.14,0.12,0.02,0.16,324,387,393,449,311
3.63,-6.49,-3.61,-0.44,-0.25,0.17,324,388,394,449,311
6.17,-5.87,-2.30,0.11,0.25,0.09,324,387,394,450,310
3.59,-5.77,-3.42,-0.49,-0.03,0.08,324,388,396,449,310
3.12,-4.70,-2.15,0.17,0.49,0.00,323,388,396,450,311
5.50,-3.32,-1.44,-0.26,0.34,0.24,324,388,395,447,311
3.76,-4.63,0.39,-0.18,0.52,0.04,322,390,395,445,310
5.08,-5.10,3.60,0.54,0.58,-0.07,323,389,395,443,311
7.51,-6.25,1.92,0.37,0.66,0.46,323,391,396,442,311
8.85,-8.86,0.06,-0.02,0.31,-0.09,324,393,396,441,311
5.64,-7.78,6.52,0.22,0.34,-0.41,323,393,397,441,311
6.75,-9.25,8.24,0.93,0.65,0.22,324,393,396,440,312
8.16,-9.81,2.05,0.35,0.26,-0.14,324,392,396,441,312
3.59,-7.54,0.66,-0.01,0.05,0.09,324,394,396,440,312
8.36,-7.26,4.57,0.17,0.10,-0.22,324,393,396,440,312
5.94,-6.80,4.28,0.09,0.07,-0.05,324,392,396,440,311
5.66,-7.15,5.15,0.19,0.19,-0.08,324,392,396,439,312
6.18,-6.02,3.52,0.13,-0.00,-0.01,324,392,396,440,311
5.20,-6.37,3.57,-0.05,-0.12,0.04,324,392,395,440,312
6.18,-7.11,4.41,0.17,0.03,-0.12,324,393,396,440,312
3.96,-6.60,3.51,0.06,0.00,0.02,324,392,396,440,312
6.27,-6.98,4.26,0.07,-0.02,-0.01,324,392,395,440,312
4.86,-6.39,3.52,-0.00,-0.03,-0.04,324,392,395,439,311
5.82,-6.51,3.79,0.02,-0.02,0.09,324,391,395,440,312
5.17,-6.56,4.13,0.08,-0.00,-0.04,324,392,395,440,312
5.30,-6.34,3.66,0.12,0.03,-0.06,324,392,395,440,312
5.66,-6.47,3.98,0.06,0.02,-0.08,324,396,397,440,312
4.88,-6.24,3.89,0.03,0.01,-0.08,324,395,397,441,311
5.55,-6.58,4.08,0.04,-0.00,0.01,324,394,397,441,312
5.02,-6.60,4.03,0.04,0.02,0.01,324,395,398,441,312
END
5.63,-6.60,4.31,0.02,0.01,-0.11,323,387,392,446,311
7.12,-6.81,-1.43,-0.06,-0.12,0.21,323,387,393,446,310
5.56,-6.65,-2.04,-0.22,-0.20,0.52,324,388,394,448,310
6.94,-6.82,-1.54,0.07,-0.03,0.22,324,388,394,449,310
5.00,-6.91,-3.47,-0.19,-0.18,0.34,323,388,395,451,310
4.85,-6.26,-2.56,-0.12,-0.16,0.31,323,389,395,450,310
5.20,-6.10,-2.31,0.15,0.04,0.01,323,390,398,451,310
3.70,-6.97,-2.42,-0.20,-0.03,0.25,323,392,400,453,310
8.33,-7.17,-0.50,0.52,0.27,-0.26,324,392,400,452,310
1.95,-7.32,-3.59,-0.13,0.07,0.07,325,392,400,452,310
6.91,-7.00,-1.36,-0.05,0.14,0.36,323,392,400,452,310
5.01,-5.81,-0.34,0.06,0.60,-0.32,323,398,403,453,310
3.40,-5.35,0.99,-0.07,0.49,0.10,323,397,403,452,310
3.50,-4.33,0.75,0.51,0.69,0.25,323,395,402,451,310
5.97,-4.31,3.73,0.61,0.92,-0.22,323,393,399,448,310
6.01,-5.89,4.52,0.33,0.42,-0.18,323,391,399,447,310
3.71,-7.89,6.21,0.91,0.76,-0.16,323,393,399,447,310
4.62,-8.47,5.44,0.37,0.37,0.05,323,392,398,445,310
9.08,-11.23,6.57,0.43,0.31,-0.13,323,391,397,444,310
9.91,-10.49,6.98,0.52,0.10,-0.28,323,391,398,444,310
5.71,-8.03,3.42,-0.16,-0.07,-0.13,323,391,398,445,311
5.89,-8.51,4.85,-0.04,-0.08,0.22,323,392,398,445,310
6.76,-6.46,3.95,0.08,-0.06,-0.23,323,392,399,445,311
3.40,-6.36,4.08,-0.03,-0.03,0.17,323,393,398,445,311
4.36,-6.22,3.72,0.08,0.09,-0.09,323,393,399,446,311
5.75,-6.78,5.75,0.08,0.09,0.02,324,393,399,446,311
4.87,-6.62,4.80,0.08,0.04,-0.20,323,393,399,445,311
5.29,-6.48,4.52,-0.01,-0.02,0.04,323,393,398,445,311
4.90,-6.40,4.33,-0.01,-0.04,-0.06,323,393,399,445,310
5.06,-6.27,4.38,-0.01,-0.01,-0.04,323,393,399,446,311
5.10,-5.97,3.99,-0.02,-0.05,0.09,323,393,399,445,311
5.18,-6.46,4.08,0.01,-0.04,-0.05,323,392,400,445,311
5.13,-6.23,3.79,0.05,-0.03,-0.03,323,392,399,445,310
4.95,-6.27,4.49,0.03,-0.03,-0.06,324,392,399,446,310
4.94,-6.40,4.47,0.03,-0.05,-0.02,323,393,399,445,311
4.89,-6.49,4.44,0.09,0.02,-0.09,323,392,399,445,310
END
5.08,-6.23,4.09,0.00,-0.05,0.00,324,389,394,443,311
7.98,-6.07,-0.39,0.02,-0.00,-0.06,324,388,394,443,311
7.51,-6.45,-0.59,-0.02,-0.01,0.12,323,389,394,444,311
8.43,-6.36,-0.74,-0.00,-0.02,0.15,323,388,395,446,310
7.97,-6.24,-0.87,-0.03,-0.07,0.02,324,389,395,446,310
8.08,-6.40,-1.90,-0.03,-0.12,0.30,323,388,395,448,310
8.36,-6.84,-1.46,-0.00,-0.18,0.10,323,388,395,449,310
5.80,-6.70,-1.74,-0.25,-0.32,0.44,323,389,397,450,310
7.02,-6.50,-1.97,-0.01,-0.15,0.33,324,389,398,451,310
5.80,-6.08,-2.48,-0.12,-0.26,0.23,323,389,397,451,309
3.39,-6.83,-3.16,-0.17,-0.22,0.35,324,388,397,452,310
7.41,-5.61,-2.02,0.22,-0.03,0.03,323,389,397,452,310
2.40,-5.98,-4.12,-0.31,-0.27,0.22,323,390,399,452,311
4.48,-6.12,-2.43,0.31,0.22,-0.08,324,390,400,452,310
2.20,-5.41,-3.77,-0.37,-0.02,0.17,323,392,400,452,310
1.43,-4.98,-4.42,-0.36,0.03,-0.08,323,395,402,450,310
4.13,-4.95,0.68,-0.67,0.18,-0.22,323,403,408,449,311
3.56,-5.69,1.95,0.49,1.00,-0.34,324,399,404,447,310
6.27,-5.30,0.63,-0.18,0.50,0.09,323,399,404,444,311
10.96,-11.28,5.39,0.79,1.22,-0.94,324,397,401,441,312
8.93,-9.56,1.42,0.62,0.61,-0.67,324,398,401,439,312
12.00,-9.80,3.93,0.30,0.34,-0.21,325,394,397,437,312
8.03,-10.56,3.63,0.43,0.06,0.05,324,395,398,437,312
7.19,-8.69,0.57,0.24,-0.12,0.13,324,396,399,435,312
5.94,-7.15,1.41,0.00,-0.20,0.12,325,395,398,436,312
7.44,-7.36,2.96,0.07,0.11,-0.22,324,394,398,437,313
4.07,-7.70,2.44,0.32,-0.01,0.22,324,395,398,437,312
5.15,-6.13,0.98,0.01,-0.02,0.22,324,394,399,438,312
7.35,-6.18,2.34,0.14,0.19,0.24,324,395,399,438,312
5.38,-7.36,3.55,0.31,0.15,0.09,324,395,399,439,312
3.23,-7.12,3.12,0.09,0.08,0.05,324,393,399,440,312
4.72,-8.05,3.42,0.17,0.03,0.17,324,394,399,440,312
4.98,-6.69,1.61,-0.01,-0.05,-0.00,324,393,399,439,311
5.08,-7.67,2.93,0.02,0.04,0.06,324,393,399,439,312
4.68,-7.30,2.61,0.08,-0.01,-0.03,324,394,399,439,312
4.72,-7.44,2.88,0.07,0.00,0.02,325,393,398,439,311
END
5.22,-7.53,3.06,0.06,0.00,-0.15,324,391,399,447,310
7.56,-7.25,0.83,-0.24,-0.09,0.26,324,391,399,449,311
8.43,-6.94,0.23,0.09,-0.08,0.30,324,391,400,450,310
6.86,-6.58,-0.41,-0.25,-0.08,0.50,324,390,399,451,310
5.77,-5.99,-0.88,-0.45,-0.32,0.23,324,391,400,451,310
4.34,-6.20,-1.71,-0.07,-0.08,0.37,324,391,400,451,310
6.57,-6.93,-1.37,0.05,-0.10,0.26,324,391,400,452,310
4.80,-7.80,-1.95,-0.20,-0.24,0.22,324,390,400,453,310
4.66,-7.41,-2.19,0.01,-0.16,0.19,324,390,400,451,310
4.04,-7.19,-2.18,-0.13,-0.17,0.14,324,390,400,452,310
4.03,-7.49,-2.28,0.06,-0.00,0.20,324,390,399,452,310
5.18,-7.56,-1.49,0.35,0.15,0.07,324,390,399,451,310
3.62,-8.00,-1.39,-0.19,-0.07,0.24,324,391,400,450,310
6.25,-7.19,-0.43,0.34,0.16,-0.13,324,391,400,450,309
0.92,-7.23,-2.46,-0.52,-0.16,0.04,324,395,404,450,310
4.24,-7.97,-1.77,-0.06,0.10,-0.05,324,394,403,449,310
3.64,-6.84,0.20,0.18,0.23,-0.03,324,394,402,447,310
3.84,-7.59,-1.20,0.12,0.32,0.11,324,395,403,447,310
6.27,-6.81,0.82,0.39,0.44,0.01,324,393,402,446,311
1.76,-5.97,-1.65,0.10,0.27,0.04,324,394,402,446,310
3.47,-6.50,3.09,0.26,0.68,-0.21,324,393,402,444,311
5.61,-6.35,0.43,0.07,0.04,-0.11,324,398,405,443,311
5.11,-9.96,3.40,0.41,0.71,-0.24,324,398,405,442,312
5.57,-7.39,1.41,0.46,0.57,-0.64,324,398,405,442,313
7.50,-8.36,3.19,0.33,0.44,0.03,325,395,402,442,312
4.80,-10.04,5.33,0.17,0.16,0.08,325,394,401,442,312
5.96,-9.14,3.12,0.42,0.08,-0.17,324,395,402,441,312
5.92,-8.21,2.29,0.05,0.00,-0.00,325,394,402,441,312
6.17,-8.99,3.29,0.13,-0.02,-0.06,324,394,402,441,312
5.02,-8.20,3.85,0.13,-0.11,-0.11,325,395,402,441,312
3.75,-6.77,2.36,0.09,0.01,-0.07,325,394,402,442,312
4.30,-7.50,3.41,0.03,-0.04,0.08,324,394,402,441,312
4.91,-7.09,2.53,0.13,0.03,-0.11,324,394,402,442,312
4.46,-7.25,2.96,0.05,0.05,-0.05,325,394,402,441,312
4.91,-7.61,3.30,0.03,0.02,-0.04,324,394,402,441,312
4.87,-7.56,3.15,0.11,-0.01,-0.24,324,399,406,441,312
END
4.41,-7.01,2.93,-0.01,-0.03,-0.06,325,384,395,437,310
7.90,-6.31,0.41,-0.07,-0.04,0.15,323,385,396,438,310
8.47,-7.24,1.87,-0.00,0.02,0.09,324,385,396,439,310
4.74,-7.26,0.77,-0.17,-0.06,0.23,325,387,398,441,310
7.57,-6.37,-0.34,0.02,0.12,0.27,324,386,398,442,310
6.33,-7.41,-0.32,-0.21,-0.19,0.17,325,386,398,442,310
5.67,-7.62,-1.12,-0.18,-0.20,0.33,324,387,398,443,310
6.50,-7.34,-1.59,-0.02,-0.01,0.26,324,386,397,443,309
6.32,-7.50,-1.19,-0.21,-0.26,0.48,325,387,397,443,310
5.01,-7.49,-2.07,-0.06,-0.23,0.37,325,387,398,444,310
5.50,-8.74,-1.93,-0.16,-0.28,0.58,324,388,398,443,310
5.36,-8.23,-0.52,-0.22,-0.49,0.59,325,390,399,443,310
3.94,-8.29,-1.51,0.14,-0.15,0.47,324,389,398,441,310
1.87,-7.73,-1.54,-0.44,-0.42,0.42,325,390,399,442,310
2.40,-6.65,-1.86,0.02,0.03,-0.21,325,391,399,441,310
-0.90,-6.08,-3.17,-0.04,-0.02,-0.01,325,392,400,441,310
0.98,-6.20,-3.94,0.16,0.22,-0.32,325,391,400,442,310
0.06,-6.13,-3.83,0.03,0.47,-0.33,324,394,403,442,310
1.97,-5.10,-1.77,0.07,0.71,-0.45,324,395,403,440,310
3.11,-3.67,1.57,0.42,1.05,-0.52,324,394,402,439,311
12.78,-5.98,6.19,0.34,0.74,-0.18,325,393,402,436,311
6.75,-10.24,7.49,0.90,1.12,-0.72,327,392,400,434,311
4.55,-9.92,2.55,0.60,0.24,0.27,325,394,401,434,311
3.12,-11.16,3.78,0.36,0.32,0.04,325,393,401,434,311
8.93,-12.60,3.85,0.46,0.08,0.15,325,393,401,434,311
8.28,-9.27,2.20,0.13,0.13,-0.21,325,391,400,433,312
3.32,-7.90,2.68,0.04,0.02,0.11,325,391,400,434,311
4.06,-6.63,2.01,0.14,-0.02,0.09,325,391,400,434,311
5.27,-6.86,2.16,0.04,-0.03,0.09,325,390,399,433,312
3.98,-8.04,3.78,0.09,-0.08,-0.09,325,391,400,433,311
4.21,-8.31,2.57,0.11,0.04,0.11,324,390,400,434,312
4.88,-7.75,2.14,0.06,-0.02,-0.05,325,390,399,434,311
4.92,-7.39,2.37,-0.03,-0.01,-0.09,325,390,399,433,310
4.23,-7.95,3.31,0.02,0.00,-0.07,325,390,399,434,312
4.93,-7.68,2.25,0.11,0.07,0.04,325,390,399,433,311
6.01,-7.20,2.33,-0.01,-0.02,-0.07,325,390,399,433,312
END
4.14,-7.90,3.43,0.01,-0.01,-0.03,325,384,396,435,310
8.17,-6.35,-1.06,-0.06,-0.06,0.02,325,384,396,436,310
7.42,-6.31,-0.07,0.06,-0.03,-0.01,324,384,397,438,310
7.52,-6.68,-0.50,0.02,-0.11,0.09,324,385,396,437,310
7.42,-6.74,-0.84,-0.04,-0.17,0.23,325,384,397,439,309
8.27,-6.99,-0.71,0.09,-0.06,0.16,324,384,397,439,310
6.99,-7.44,-0.92,0.07,-0.11,0.42,324,384,396,440,309
7.54,-7.67,-1.14,0.05,-0.26,0.42,324,384,397,440,310
5.50,-8.15,-1.40,0.07,-0.25,0.52,325,384,397,440,310
3.86,-8.36,-1.41,-0.29,-0.40,0.72,324,385,397,440,309
4.33,-9.44,-1.95,0.01,-0.21,0.47,324,386,397,439,310
1.79,-6.26,-2.94,-0.32,-0.25,0.70,325,387,398,439,310
4.45,-7.13,-1.70,0.08,-0.17,0.17,324,386,397,439,310
1.04,-7.12,-2.24,-0.08,-0.15,0.07,324,387,398,440,310
1.18,-7.66,-1.36,-0.00,0.02,0.06,324,389,400,440,309
2.46,-7.11,-1.66,0.33,0.23,-0.41,324,389,401,442,310
2.28,-7.30,-0.96,0.10,0.28,-0.17,324,393,405,443,310
3.25,-7.31,-1.30,0.02,0.16,-0.10,325,395,406,444,310
1.90,-5.64,-1.53,0.12,0.44,-0.33,324,395,408,443,310
3.13,-5.51,-0.06,0.02,0.45,-0.24,324,393,406,442,310
3.68,-4.71,-1.15,0.61,0.82,-0.38,324,394,407,441,310
2.29,-4.53,1.53,-0.11,0.72,-0.22,325,399,411,439,310
8.05,-8.41,10.55,0.80,1.21,-0.62,324,393,406,436,310
10.03,-10.66,4.94,0.78,0.49,-0.44,325,399,410,435,311
4.45,-11.27,1.51,0.05,-0.07,0.22,325,395,405,435,311
8.97,-10.00,3.36,0.38,0.23,-0.08,325,394,405,432,311
6.24,-8.12,3.44,0.27,0.08,-0.03,325,394,405,434,310
4.04,-7.62,3.50,0.10,0.06,0.06,324,394,405,434,311
3.80,-7.94,4.26,0.21,-0.02,0.32,325,394,404,433,311
5.22,-7.37,2.91,0.13,-0.03,-0.07,324,394,405,433,311
5.06,-7.65,3.56,0.06,0.04,-0.01,325,393,405,434,311
4.86,-7.62,3.74,0.06,0.00,0.03,325,393,404,434,311
4.34,-7.20,3.01,0.08,-0.00,0.03,325,393,404,433,311
5.38,-7.54,3.52,-0.01,-0.01,-0.02,325,392,404,434,311
5.02,-7.28,3.86,0.04,0.03,-0.12,325,392,404,434,311
3.92,-7.20,3.52,0.08,0.06,0.08,325,392,403,434,311
END
5.25,-7.26,3.52,0.04,-0.01,0.11,324,387,399,430,310
7.60,-7.11,0.06,-0.06,-0.01,0.04,324,387,399,432,310
7.19,-7.43,0.47,-0.12,-0.18,0.16,324,388,399,432,310
6.18,-7.31,-0.16,0.08,-0.08,0.04,325,386,399,434,310
6.23,-7.26,-0.32,-0.08,-0.11,0.39,324,387,400,436,311
5.86,-7.42,-0.27,-0.15,-0.26,0.35,324,387,399,437,310
5.65,-7.31,-0.91,0.02,-0.09,0.38,324,386,400,438,310
3.65,-7.47,-2.13,-0.13,-0.19,0.49,324,386,401,439,310
5.33,-7.73,-0.67,0.03,-0.20,0.42,324,386,400,439,309
2.93,-7.19,-3.53,-0.31,-0.30,0.29,324,390,402,441,310
3.17,-7.82,-1.64,-0.13,-0.01,0.23,324,389,402,439,310
4.67,-8.00,-0.42,0.02,-0.09,0.22,324,389,401,439,310
3.48,-7.84,-0.65,-0.01,-0.02,0.19,324,389,403,440,310
4.21,-7.22,-1.21,-0.16,-0.19,0.10,324,388,402,440,309
2.46,-7.29,-1.45,0.23,0.06,-0.30,324,394,408,444,310
-0.14,-6.88,-3.37,-0.25,0.13,0.31,324,395,407,443,310
4.31,-7.21,-2.22,0.13,0.40,-0.35,325,395,407,443,310
5.53,-7.14,-0.62,-0.41,0.18,-0.26,324,397,409,445,310
-0.01,-5.22,-3.60,0.49,0.58,-0.57,324,397,410,444,310
-2.75,-4.95,-2.08,0.20,0.60,-0.24,325,399,411,442,311
2.99,-3.67,-0.22,0.24,0.80,0.17,325,397,410,440,312
10.86,-6.88,6.95,0.31,0.94,-0.35,325,394,408,437,312
7.53,-10.18,7.28,0.74,0.39,-0.17,325,391,405,434,310
1.39,-10.90,6.68,0.65,0.43,0.00,324,391,406,433,312
2.60,-11.48,2.94,0.08,-0.19,0.50,325,392,406,433,312
9.38,-11.32,5.39,0.45,0.01,0.11,325,391,405,433,312
4.95,-8.31,0.88,0.22,-0.04,-0.40,325,392,405,433,312
2.16,-8.01,2.46,-0.04,-0.14,0.22,324,391,406,433,312
3.47,-7.60,3.65,0.09,-0.09,0.24,325,391,406,433,312
4.95,-7.77,2.91,0.11,0.02,-0.00,324,392,406,433,312
4.01,-7.66,3.09,0.06,-0.00,-0.10,325,392,407,434,312
4.01,-7.73,2.96,0.04,0.08,-0.10,325,392,406,433,312
4.07,-7.65,3.37,0.04,-0.02,0.14,324,391,406,433,312
4.87,-7.89,3.33,0.05,0.02,-0.08,324,391,406,433,311
4.61,-7.37,2.96,0.05,-0.01,-0.19,324,391,406,434,312
3.73,-7.62,2.99,0.02,0.05,-0.09,325,391,406,434,312
END
5.50,-7.83,3.04,0.09,-0.00,-0.02,324,387,405,444,310
6.32,-6.29,-1.37,0.06,-0.27,0.09,324,387,406,446,310
5.11,-6.47,-0.52,0.06,-0.16,0.47,324,386,405,446,310
5.83,-6.75,-0.06,0.06,-0.23,0.23,324,385,405,445,309
4.99,-6.43,0.40,0.08,-0.21,0.08,324,386,405,445,309
3.96,-7.39,-0.53,-0.08,-0.21,0.01,324,386,404,444,310
5.00,-9.57,-1.89,0.12,-0.07,-0.15,324,386,404,445,310
1.24,-10.28,-3.44,0.11,0.09,0.28,325,390,405,446,309
6.37,-8.68,-2.17,-0.15,0.01,0.25,324,390,407,447,310
5.01,-8.37,-1.07,-0.50,0.10,0.24,324,394,412,450,310
6.91,-6.11,-0.69,0.44,0.18,-0.08,324,393,411,450,309
2.63,-6.30,-0.19,-0.16,0.10,0.19,324,394,412,450,310
4.44,-6.49,-0.36,-0.17,0.07,0.36,324,392,411,451,309
3.79,-6.07,0.58,0.41,0.45,-0.65,323,396,413,451,310
0.83,-5.69,-0.36,0.14,0.30,0.05,324,395,413,449,310
4.80,-4.94,2.99,0.25,0.60,-0.47,324,394,412,447,310
0.83,-5.38,1.37,0.05,0.49,0.21,324,397,413,443,310
8.34,-7.06,4.07,0.55,0.52,-0.58,324,393,409,442,310
-0.05,-7.70,3.55,0.48,0.65,-0.26,324,395,409,441,310
2.11,-7.45,4.24,0.51,0.54,0.40,324,392,409,440,310
12.78,-10.41,5.26,0.20,0.51,0.08,324,391,408,438,310
6.68,-12.10,5.05,0.38,0.16,-0.30,324,391,407,437,310
8.48,-8.82,2.51,0.19,-0.02,-0.13,323,393,406,436,311
5.20,-7.77,3.31,-0.08,0.12,-0.08,324,391,407,436,310
7.22,-8.28,5.88,0.16,-0.07,-0.26,324,392,407,435,311
3.24,-5.99,2.43,0.11,-0.03,0.10,324,391,407,436,310
3.83,-7.12,3.88,0.02,-0.03,0.23,324,392,407,436,310
5.86,-6.85,3.65,0.13,-0.01,0.05,324,391,407,435,311
4.74,-6.47,3.47,-0.06,0.02,-0.23,324,392,406,436,310
5.15,-7.29,4.37,0.11,0.07,0.02,324,391,407,436,310
4.26,-6.98,3.56,0.10,0.01,0.12,324,391,407,435,311
6.18,-6.75,3.01,0.02,-0.01,-0.10,324,391,406,435,310
4.41,-7.74,4.62,0.01,-0.03,-0.02,324,391,407,435,310
3.73,-7.25,3.78,0.11,0.02,0.07,324,391,406,436,311
5.46,-7.30,3.73,-0.01,0.04,-0.01,324,391,407,436,311
5.24,-7.31,3.75,0.02,-0.02,0.01,324,391,407,436,310
END
4.07,-6.87,3.61,0.04,-0.03,-0.07,324,389,407,446,309
6.50,-7.87,0.69,-0.04,-0.11,0.52,324,388,406,447,309
4.33,-7.67,-0.42,-0.18,-0.21,0.56,324,389,406,446,310
5.20,-7.66,0.48,0.05,-0.14,0.37,324,389,406,446,309
4.34,-8.16,0.70,-0.05,-0.19,0.32,324,388,406,445,310
2.80,-8.18,-0.55,-0.11,-0.17,0.39,325,389,406,446,309
3.47,-8.00,-0.22,-0.02,-0.20,0.13,325,389,406,446,310
-0.06,-7.70,-1.47,-0.32,-0.16,0.14,324,389,406,447,309
2.40,-7.43,-0.88,-0.41,-0.14,-0.28,325,391,408,447,310
2.12,-6.33,-2.89,-0.29,0.03,-0.26,325,392,408,445,310
4.67,-8.03,-0.39,0.13,0.36,-0.33,325,391,408,445,310
4.29,-7.59,-2.05,0.22,0.27,-0.28,325,391,408,445,310
4.59,-7.11,-0.93,-0.33,0.01,0.02,324,391,408,444,310
6.57,-8.33,1.62,0.37,0.64,-0.48,325,392,408,443,310
4.36,-7.09,0.36,-0.07,0.19,-0.21,325,395,410,441,310
2.78,-7.12,1.97,0.26,0.55,-0.37,326,396,411,440,310
2.83,-3.89,1.46,-0.01,0.46,-0.29,325,396,411,438,310
6.65,-5.42,5.51,0.16,0.50,-0.39,325,394,408,436,310
3.07,-5.20,4.49,0.76,0.87,-0.36,325,394,409,434,310
5.34,-8.48,3.59,0.60,0.56,0.29,325,393,407,433,310
8.28,-12.09,4.19,0.42,0.36,-0.04,325,393,408,433,311
12.68,-11.22,5.71,0.38,0.02,-0.65,326,393,407,432,310
4.01,-8.44,2.91,0.06,-0.00,-0.07,325,393,406,433,310
5.33,-8.36,4.63,0.14,0.04,0.27,325,393,407,432,310
8.39,-6.22,3.45,0.10,-0.09,-0.08,325,392,407,433,310
3.57,-6.33,3.63,-0.19,-0.05,0.19,325,393,407,434,311
5.28,-6.49,4.26,0.19,0.03,-0.10,325,392,407,435,311
4.64,-5.88,3.12,-0.05,0.00,0.05,325,394,408,437,310
3.94,-7.00,4.57,0.03,0.06,0.05,326,393,408,435,310
5.36,-6.28,3.70,0.05,-0.01,-0.11,325,393,407,437,311
4.11,-6.60,4.21,-0.02,0.00,0.11,325,392,407,437,311
5.79,-6.52,4.16,0.11,-0.01,-0.04,326,392,407,437,310
5.06,-6.27,3.67,0.02,-0.03,-0.01,325,392,407,437,310
4.31,-6.79,4.26,0.01,-0.03,0.01,325,392,407,437,310
4.84,-6.65,3.88,0.07,-0.00,-0.02,325,392,407,437,310
5.28,-6.92,4.34,-0.01,0.01,-0.02,326,392,407,436,309
END
4.85,-7.23,4.72,0.07,0.01,-0.00,325,384,402,443,310
7.65,-7.44,2.15,0.29,0.25,0.06,324,385,403,443,311
7.04,-8.03,1.50,-0.06,0.06,0.08,325,385,403,444,310
7.72,-8.44,1.41,-0.09,-0.04,0.31,325,384,402,445,310
4.87,-7.90,-0.21,-0.11,-0.05,0.21,325,384,402,446,310
5.21,-7.11,-0.88,-0.09,0.06,0.61,325,383,402,447,310
6.68,-6.89,0.04,0.17,-0.02,0.24,325,382,400,445,310
4.36,-6.78,-0.98,-0.10,-0.24,0.41,324,380,399,444,309
4.25,-8.18,-0.31,-0.10,-0.29,0.33,324,380,399,444,309
5.19,-8.23,0.21,-0.01,-0.28,0.00,325,381,399,442,309
1.31,-7.93,-1.67,-0.30,-0.31,0.30,325,387,404,442,309
4.87,-7.92,-0.24,-0.07,-0.33,0.05,324,390,406,445,309
2.29,-7.57,-1.68,-0.12,-0.15,0.21,325,393,408,444,310
4.66,-6.82,-0.55,0.23,0.07,0.03,325,393,408,446,309
0.88,-6.20,0.67,0.07,0.07,-0.10,324,393,409,445,309
1.24,-5.73,-0.55,0.25,0.23,-0.17,325,398,414,448,310
2.25,-4.53,-0.54,0.03,0.32,-0.06,325,399,415,449,310
4.61,-4.08,3.16,0.45,0.64,-0.90,325,400,415,447,310
2.14,-3.55,3.97,0.61,0.90,-0.53,324,398,414,445,310
8.09,-6.41,3.75,0.46,0.63,-0.47,324,396,412,445,310
7.29,-10.20,8.84,0.47,0.70,-0.51,325,395,410,443,310
9.07,-9.56,7.52,0.78,0.54,-0.43,324,394,409,442,310
5.46,-10.17,4.92,0.21,0.04,0.36,324,394,409,440,310
6.96,-8.13,5.77,0.19,0.02,0.15,324,393,408,440,310
6.46,-7.83,4.78,0.09,-0.11,-0.14,325,394,409,441,310
4.09,-7.31,4.90,0.11,0.05,0.07,325,394,408,439,310
4.37,-6.59,4.57,0.02,-0.05,0.11,325,394,409,440,310
4.66,-6.88,4.90,-0.00,-0.02,-0.01,324,393,408,440,310
5.04,-6.20,3.98,0.00,0.03,-0.14,324,394,407,440,310
4.13,-6.54,4.75,-0.02,0.07,0.00,325,394,408,440,310
5.15,-6.60,4.85,0.14,0.15,-0.06,325,393,408,440,310
3.11,-6.20,3.56,-0.06,0.03,0.04,325,394,408,440,310
6.82,-6.62,4.98,0.01,0.04,-0.15,325,393,408,439,310
4.62,-6.35,4.76,0.02,0.05,-0.12,325,394,408,440,310
5.81,-6.32,4.43,0.02,-0.12,0.00,324,393,408,439,310
4.08,-6.27,4.41,0.05,-0.07,-0.03,324,394,408,438,311
END
5.28,-6.32,4.69,0.05,-0.03,0.03,324,390,410,447,310
8.08,-6.82,2.69,0.10,0.01,0.04,325,391,410,448,310
8.31,-6.83,2.88,0.30,0.02,-0.07,325,390,410,449,310
5.64,-6.89,1.28,-0.16,-0.16,0.47,324,389,410,451,310
5.26,-7.24,1.28,-0.32,-0.13,0.43,325,389,408,452,309
5.89,-6.77,0.57,-0.18,-0.08,0.37,324,389,408,452,310
4.31,-7.44,0.71,-0.28,-0.20,0.34,324,390,407,452,310
4.34,-7.82,0.39,-0.09,-0.09,0.45,325,388,408,452,310
4.39,-7.71,-0.19,-0.09,-0.10,0.22,324,388,407,451,309
2.01,-7.17,-1.05,-0.23,-0.18,0.57,324,388,407,451,309
5.02,-8.21,-0.94,0.25,-0.03,-0.19,325,388,407,451,309
-0.57,-6.85,-1.25,-0.20,0.06,0.47,324,390,410,451,309
6.53,-8.19,2.83,0.28,0.17,-0.10,325,388,407,452,309
6.13,-8.08,2.76,0.14,0.10,-0.10,325,387,406,450,310
3.09,-7.97,0.34,-0.23,-0.12,0.04,324,387,407,450,309
1.73,-7.05,-0.50,0.13,0.13,-0.24,324,390,408,449,309
5.43,-6.81,1.46,0.29,0.35,-0.24,325,386,405,448,309
-0.32,-5.56,0.78,0.07,0.18,-0.21,326,388,407,447,309
2.27,-4.28,1.90,0.24,0.41,-0.34,325,387,406,445,309
4.44,-2.41,6.30,0.79,0.76,-0.62,325,387,406,442,310
5.89,-7.44,7.63,0.22,0.60,-0.27,324,387,406,440,310
6.05,-9.88,7.75,0.71,0.50,-0.37,325,387,406,439,310
7.46,-10.44,6.08,1.20,0.47,0.32,324,386,404,439,310
9.22,-10.77,4.54,0.03,0.17,-0.11,325,387,404,439,310
6.73,-10.88,6.46,0.14,-0.10,-0.15,324,386,404,438,310
5.23,-7.44,4.12,-0.02,-0.03,-0.08,325,386,404,438,310
4.59,-7.57,4.89,-0.11,0.04,-0.11,324,389,405,438,310
4.57,-6.46,5.02,0.12,-0.10,0.07,325,389,406,438,310
4.10,-5.85,3.30,-0.04,0.17,-0.17,325,391,408,438,310
4.42,-7.20,6.21,-0.15,0.02,0.11,325,389,406,438,310
3.94,-6.92,5.01,0.17,-0.00,-0.10,324,389,406,439,310
4.44,-6.22,4.25,-0.03,-0.02,0.07,324,388,406,439,310
4.80,-6.51,4.46,-0.01,-0.02,0.10,324,388,405,440,310
5.34,-6.63,4.95,0.18,0.04,-0.26,324,389,407,440,310
3.82,-6.78,4.74,-0.08,-0.12,0.03,324,391,408,440,309
5.22,-6.66,4.23,0.03,-0.07,-0.04,325,391,408,441,310
END
5.27,-6.75,4.95,0.04,0.05,-0.22,324,387,408,452,309
8.56,-6.29,2.07,-0.20,-0.21,0.17,324,388,409,452,309
6.40,-7.14,1.56,-0.15,-0.04,0.40,324,388,410,454,310
7.12,-7.16,1.60,-0.20,-0.13,0.36,325,388,409,454,309
6.17,-6.87,0.29,-0.08,-0.11,0.39,324,388,409,454,309
5.30,-7.74,0.49,-0.15,-0.11,0.50,324,387,409,454,309
5.05,-7.45,-0.59,-0.18,-0.20,0.38,324,388,409,454,309
4.19,-8.00,-0.44,-0.00,-0.09,0.32,324,388,409,454,309
3.63,-7.64,-0.84,-0.14,-0.12,0.49,324,388,409,455,310
3.70,-7.87,-0.82,-0.08,-0.14,0.17,324,388,409,454,309
6.25,-7.75,0.79,0.23,-0.05,0.02,324,388,409,454,309
1.87,-7.97,-0.71,-0.36,-0.48,0.34,325,391,411,453,309
3.08,-7.89,-0.75,0.21,-0.15,-0.28,324,392,412,450,309
3.47,-7.33,-0.14,-0.27,-0.13,0.06,325,391,410,448,309
4.48,-7.08,1.76,0.21,0.04,-0.40,324,391,410,449,309
1.83,-6.45,-1.01,-0.12,-0.15,0.06,325,391,409,448,309
3.80,-7.04,-0.38,-0.29,-0.03,-0.39,324,393,411,448,309
3.45,-6.65,0.72,0.16,0.41,-0.43,325,395,411,448,310
2.47,-6.67,0.06,0.02,0.17,-0.32,325,397,412,446,310
4.89,-6.41,1.49,0.65,0.90,-0.57,325,398,413,445,310
5.55,-6.95,2.28,0.12,0.71,0.06,325,397,413,444,310
4.48,-8.02,5.99,0.27,0.67,-0.57,325,396,412,442,310
7.30,-7.35,3.31,0.68,0.75,-0.14,325,395,412,441,310
9.38,-8.14,3.57,0.30,0.24,-0.01,324,395,411,441,311
9.29,-9.32,4.71,0.47,0.32,-0.44,325,395,412,441,310
5.04,-8.85,3.39,0.07,0.03,0.02,325,394,411,441,310
6.90,-9.03,5.10,0.31,0.08,-0.12,325,394,410,441,310
6.06,-6.69,3.30,0.04,0.00,-0.15,325,393,411,440,310
5.08,-6.86,4.06,0.01,0.01,0.05,325,393,411,441,311
4.92,-6.70,4.68,0.12,0.02,-0.03,325,393,411,441,310
4.67,-6.23,3.58,0.01,-0.04,0.07,325,392,411,441,310
5.76,-6.68,3.94,0.07,0.02,-0.01,325,393,410,441,310
5.30,-6.31,3.73,0.01,0.01,-0.15,325,393,411,442,311
4.77,-6.81,4.38,0.06,0.04,-0.03,325,393,411,441,310
5.77,-6.31,3.65,0.03,-0.00,-0.07,325,392,409,440,311
5.09,-6.66,4.47,-0.01,-0.01,-0.04,325,392,410,440,311
END
5.47,-6.40,3.93,0.06,0.08,-0.15,324,385,406,447,310
6.17,-5.90,2.26,0.04,0.20,0.28,324,385,407,448,310
8.80,-5.91,1.28,-0.10,0.02,0.21,324,384,406,448,309
5.41,-6.17,1.31,-0.14,0.00,0.45,324,383,404,450,309
5.99,-5.85,0.90,-0.38,-0.15,0.47,323,383,405,448,309
6.20,-6.73,0.60,-0.07,-0.06,0.28,324,383,404,450,309
7.12,-8.04,0.91,-0.36,-0.27,0.38,324,383,405,453,309
5.15,-7.75,-0.15,-0.19,-0.22,0.39,325,382,405,452,309
5.64,-7.74,-0.37,-0.12,-0.23,0.31,324,382,405,452,309
3.28,-7.40,-1.21,-0.20,-0.27,0.42,324,383,405,453,309
3.52,-7.60,-1.00,0.13,-0.22,-0.07,324,383,405,453,309
4.81,-8.23,0.36,0.08,-0.15,0.20,324,383,405,452,309
5.10,-7.31,-0.39,0.05,-0.20,-0.11,324,383,405,452,309
3.22,-7.12,-1.19,-0.04,-0.15,0.20,324,385,405,452,309
4.03,-7.22,-1.29,-0.08,-0.22,-0.25,324,392,413,454,309
5.58,-7.61,1.77,0.19,0.15,-0.22,325,394,417,456,309
2.68,-7.22,-0.62,0.29,0.09,-0.18,324,398,420,457,309
0.75,-6.45,-0.56,-0.32,0.13,0.11,325,404,428,460,309
5.43,-5.60,1.76,0.23,0.38,-0.47,325,402,427,460,310
4.90,-4.42,2.33,0.04,0.33,-0.28,325,402,429,460,309
3.95,-5.98,1.22,0.15,0.25,-0.23,324,402,429,459,309
4.64,-4.80,3.82,0.49,0.74,-0.29,325,402,428,455,310
6.26,-8.04,4.63,0.48,0.54,-0.27,325,402,427,453,310
6.10,-9.60,3.70,0.63,0.73,-0.49,324,403,427,452,310
8.56,-9.22,6.46,-0.01,0.05,-0.01,325,401,424,451,310
10.70,-9.94,5.54,0.59,0.43,-0.39,325,400,424,452,310
5.81,-9.25,4.19,0.27,-0.03,-0.05,325,400,423,451,310
4.31,-7.90,3.45,0.02,-0.11,0.17,325,400,423,451,310
7.16,-7.76,4.76,0.14,0.02,-0.21,325,399,423,450,310
5.58,-6.35,4.00,-0.05,-0.07,-0.09,325,399,424,451,310
4.37,-6.70,4.16,-0.03,-0.05,0.10,324,400,423,451,310
6.11,-6.40,3.93,0.04,-0.03,0.08,325,400,424,450,310
5.86,-6.16,3.83,0.01,0.07,-0.11,324,399,423,450,310
5.17,-6.66,4.11,0.04,-0.01,-0.13,324,399,423,450,310
4.76,-6.35,3.78,-0.00,0.01,0.04,324,398,422,450,310
4.97,-6.41,3.74,0.04,0.00,-0.04,325,397,422,450,310
END
5.26,-6.81,4.47,0.04,0.14,-0.07,325,384,413,450,310
7.44,-6.43,0.47,-0.10,-0.05,0.25,324,384,413,451,309
7.52,-6.74,-0.25,-0.15,-0.25,0.27,324,384,412,451,310
5.73,-6.50,-1.06,-0.30,-0.27,0.52,324,383,412,451,309
5.97,-6.98,-1.13,-0.18,-0.22,0.41,324,382,412,450,309
4.67,-7.61,-2.81,-0.33,-0.31,0.36,325,383,412,451,309
5.28,-7.72,-2.30,-0.02,-0.09,0.39,324,383,412,451,309
4.79,-6.81,-2.75,-0.08,-0.26,0.14,324,385,413,453,309
3.70,-7.06,-1.18,-0.04,-0.17,0.36,325,386,414,453,310
5.15,-6.46,-2.34,-0.13,-0.28,-0.02,324,387,416,454,309
3.03,-7.49,-1.41,-0.07,0.02,0.20,324,389,417,454,309
4.65,-6.53,-1.15,0.30,0.08,-0.31,325,387,417,455,309
3.93,-7.75,-1.33,-0.36,0.08,0.01,325,388,417,454,309
6.15,-7.37,0.99,0.49,0.29,-0.60,325,388,418,453,310
1.54,-6.81,-2.05,-0.18,0.19,0.09,324,388,418,452,309
9.38,-6.75,1.39,0.19,0.22,-0.21,325,387,417,451,309
1.89,-6.22,-0.39,0.10,0.18,-0.16,325,388,418,451,309
3.37,-6.64,1.13,0.12,0.30,-0.26,325,387,418,450,310
2.97,-6.50,2.71,0.46,0.77,-0.17,325,389,418,449,309
4.43,-4.39,-0.65,0.12,0.29,-0.06,325,391,419,448,310
5.69,-4.77,2.10,0.49,0.88,-0.31,325,390,419,447,310
6.22,-7.21,6.48,0.45,0.83,-0.36,325,389,417,445,310
10.10,-8.49,5.43,0.52,0.37,-0.13,325,387,417,444,310
8.12,-10.14,2.77,0.48,0.39,-0.18,325,387,417,444,310
10.42,-9.32,3.65,0.21,0.05,0.06,325,387,416,444,310
8.87,-8.93,3.40,0.20,-0.07,-0.05,325,387,416,444,310
6.30,-6.75,2.98,0.06,-0.01,-0.15,325,387,415,443,310
5.26,-7.59,4.77,0.06,-0.06,0.19,325,387,415,443,310
5.95,-5.87,3.33,0.09,-0.10,0.12,325,387,416,443,310
4.95,-5.22,2.90,-0.01,-0.07,-0.04,325,388,415,444,311
5.67,-6.65,3.83,0.10,-0.02,0.12,325,387,415,445,309
5.22,-6.81,4.06,0.14,-0.01,0.17,325,387,416,444,311
5.25,-6.45,3.33,0.14,-0.01,0.09,325,386,415,444,311
5.13,-6.61,3.74,0.04,-0.00,0.03,325,386,415,444,311
5.80,-6.58,3.78,0.03,-0.00,-0.12,325,386,415,444,310
4.85,-6.58,4.08,0.03,0.03,-0.04,325,386,416,444,310
END
6.45,-6.47,3.82,0.03,0.01,-0.06,325,382,412,450,310
7.98,-5.91,-1.82,-0.03,-0.27,0.23,324,382,411,450,309
6.02,-6.14,-1.44,-0.31,-0.30,0.57,325,381,411,450,309
6.26,-6.34,-2.16,-0.31,-0.54,0.27,324,381,409,449,309
3.98,-5.56,-2.51,0.02,-0.18,0.38,325,380,411,451,309
5.08,-6.47,-3.24,-0.08,-0.26,0.12,325,381,411,451,309
4.06,-6.45,-3.27,0.05,-0.08,0.03,325,381,411,450,310
4.18,-6.34,-3.68,-0.04,-0.02,-0.01,325,382,412,450,309
3.31,-6.16,-3.64,-0.07,0.18,-0.07,325,383,413,451,309
4.96,-5.77,-2.32,0.18,0.40,-0.33,325,384,414,451,310
3.52,-5.30,-1.26,-0.26,0.24,0.11,324,389,421,454,310
4.77,-5.27,-0.67,0.42,0.64,-0.36,325,389,421,453,310
5.07,-4.64,2.07,0.38,0.80,0.11,325,391,422,452,310
5.53,-6.45,2.45,0.22,0.77,-0.26,325,392,422,449,310
6.35,-5.69,3.85,0.48,0.72,-0.39,325,391,422,448,310
8.04,-6.31,5.94,0.46,1.03,0.10,325,390,421,446,310
13.79,-11.33,4.60,0.42,0.24,0.01,326,389,420,446,310
7.79,-10.43,2.87,0.41,0.26,-0.25,325,389,420,447,310
8.95,-9.45,3.22,0.28,0.26,0.00,325,389,419,446,310
5.89,-6.36,2.14,0.06,-0.00,0.33,326,389,420,446,310
7.89,-5.92,2.85,0.14,0.07,-0.07,325,388,419,446,310
5.86,-6.09,3.24,0.06,0.01,-0.02,325,388,420,447,310
6.50,-6.07,3.57,0.15,0.10,-0.01,325,388,419,446,310
6.60,-6.16,3.37,0.09,-0.00,-0.02,326,388,419,446,310
6.03,-6.65,3.68,0.08,-0.01,0.01,325,388,419,446,310
6.55,-5.97,3.03,0.14,0.00,-0.16,325,388,419,445,311
6.51,-6.78,3.75,0.08,-0.04,-0.00,325,388,419,445,310
5.94,-6.53,3.31,0.14,-0.02,-0.04,325,387,418,445,310
5.22,-6.35,3.12,-0.01,-0.01,-0.03,325,387,420,446,310
6.75,-6.66,4.34,0.15,0.10,-0.10,325,387,418,445,311
6.60,-5.68,3.34,-0.02,-0.04,-0.05,325,387,418,446,311
5.60,-6.47,3.80,0.03,0.00,-0.04,325,387,418,446,310
6.17,-5.55,3.12,-0.03,-0.03,-0.05,325,385,418,445,310
6.23,-6.22,4.09,0.04,-0.02,-0.02,325,386,418,446,310
6.23,-5.81,3.85,0.06,-0.01,-0.10,325,386,418,445,310
5.42,-6.27,4.83,0.06,-0.09,-0.06,325,385,417,445,310
END
4.16,-7.90,4.56,0.18,0.04,-0.14,321,396,419,465,314
7.92,-6.65,0.17,0.01,-0.02,0.11,321,395,418,466,314
8.48,-6.87,-0.63,-0.04,-0.13,0.06,321,395,419,465,314
6.28,-6.80,-0.83,0.01,-0.03,0.29,320,395,419,466,313
7.21,-7.37,-0.02,-0.02,-0.04,0.31,321,395,419,466,313
6.22,-6.40,-0.69,-0.10,0.00,0.47,321,395,419,467,314
5.98,-6.27,-1.31,0.01,0.03,0.35,321,395,420,467,313
6.50,-7.34,-0.50,-0.02,-0.11,0.41,321,394,419,468,313
5.82,-7.29,-0.99,0.03,-0.11,0.09,321,395,420,467,313
4.75,-7.83,-0.57,-0.09,-0.17,0.24,321,394,419,467,313
3.98,-7.98,-0.21,-0.01,-0.16,0.18,321,394,420,467,313
4.87,-8.13,-0.56,-0.02,0.10,0.16,321,394,419,466,313
4.80,-7.82,-1.17,-0.40,-0.21,0.27,321,394,419,466,313
5.38,-8.48,-0.42,0.11,-0.02,0.05,320,393,419,467,313
3.70,-8.23,-2.10,0.03,-0.01,-0.06,321,395,420,467,313
5.31,-8.46,-0.70,-0.31,-0.26,0.11,321,395,419,467,313
3.01,-8.38,-1.95,0.14,0.01,-0.07,321,397,421,468,313
2.41,-7.62,-2.16,0.00,-0.04,0.09,321,398,422,469,313
3.71,-7.30,-2.46,-0.01,-0.07,-0.13,321,399,421,469,313
4.27,-7.34,-1.46,0.31,0.15,-0.23,321,399,423,468,313
2.80,-7.39,-2.54,-0.16,-0.03,-0.05,322,400,422,468,313
6.18,-7.92,-0.79,0.20,0.20,-0.34,322,399,422,469,313
3.49,-7.34,-1.45,-0.01,0.04,-0.07,321,399,421,465,313
3.37,-7.44,-1.30,0.41,0.39,-0.31,322,400,421,468,314
6.38,-7.81,0.02,-0.04,0.39,0.16,321,399,421,467,314
5.28,-8.43,0.43,0.21,0.18,-0.13,321,400,422,466,314
2.66,-6.61,-1.28,0.56,0.56,-0.12,321,402,423,468,315
4.72,-7.65,1.62,0.11,0.27,0.24,321,400,422,467,314
2.96,-7.72,3.56,0.24,0.74,-0.20,321,399,422,464,315
4.47,-5.62,1.33,0.18,0.28,-0.03,321,399,423,464,316
5.29,-6.65,3.85,0.46,0.57,-0.12,321,399,421,463,316
4.34,-7.95,4.25,0.34,0.28,0.05,321,400,422,462,318
6.45,-7.46,1.56,0.68,0.61,0.02,321,400,421,460,318
10.10,-8.27,6.38,-0.21,0.09,-0.47,322,401,422,459,317
9.30,-9.69,8.46,0.57,0.44,-0.25,321,399,419,457,318
3.96,-8.56,3.66,0.16,-0.30,0.03,321,398,420,457,318
END
3.26,-8.66,6.20,0.17,0.05,-0.14,321,394,418,466,312
5.77,-6.20,-0.20,-0.08,-0.09,0.40,321,394,419,467,313
6.80,-5.99,0.15,0.02,-0.14,0.23,321,394,419,467,312
4.97,-6.83,0.49,0.02,-0.19,0.19,321,394,419,467,312
5.80,-7.14,0.29,0.00,-0.15,0.12,321,394,419,467,312
6.25,-7.79,0.38,-0.01,-0.17,0.09,321,394,419,467,312
5.37,-7.96,0.28,-0.08,-0.14,0.17,321,393,419,467,312
5.43,-7.73,-0.83,-0.01,-0.06,0.11,321,394,419,465,312
5.38,-7.21,-0.24,0.14,0.00,0.10,321,394,419,467,312
5.89,-8.37,0.17,0.29,0.00,0.13,320,395,419,468,312
3.85,-8.68,-0.39,-0.36,-0.33,0.13,321,396,421,468,312
6.01,-7.62,-0.52,0.17,0.08,0.07,321,397,421,467,312
4.95,-7.68,-0.09,-0.14,-0.14,-0.04,321,396,420,468,312
2.73,-8.26,-0.63,-0.13,-0.15,0.09,322,396,421,468,312
5.29,-8.23,-0.73,0.18,0.00,-0.12,321,396,421,468,312
1.99,-7.98,-1.69,-0.29,-0.14,0.11,321,397,421,470,312
5.87,-7.98,-0.38,0.13,0.05,-0.09,321,396,420,468,312
3.78,-8.08,-1.23,0.03,0.19,-0.02,321,395,421,468,312
5.22,-8.10,-0.92,-0.24,0.11,0.06,321,396,420,468,311
4.04,-7.48,-1.51,0.02,0.17,-0.17,322,395,420,468,312
4.06,-7.88,-0.01,0.35,0.26,-0.27,321,395,419,469,312
1.59,-7.99,-1.09,0.06,0.14,0.13,321,394,419,468,312
7.77,-7.77,0.14,0.19,-0.01,-0.22,322,394,418,468,312
4.35,-7.84,-0.50,-0.27,-0.01,0.02,321,392,417,467,312
6.56,-7.54,0.14,0.25,0.24,-0.11,321,392,416,466,312
4.20,-7.65,1.52,0.13,0.14,-0.13,321,391,416,466,313
3.83,-7.41,0.11,0.15,0.23,0.03,321,391,415,465,312
5.15,-6.97,1.16,0.18,0.19,-0.13,321,391,416,465,312
4.06,-7.15,0.75,0.13,0.29,-0.23,320,391,416,465,312
3.50,-7.07,1.13,0.10,0.27,0.06,321,391,414,464,312
3.90,-6.51,0.92,0.04,0.32,-0.25,321,394,418,464,312
3.28,-6.95,1.58,0.10,0.32,0.07,321,393,417,461,313
5.13,-6.71,4.35,-0.07,0.40,-0.30,321,392,416,458,315
5.39,-7.47,4.21,0.36,0.38,-0.18,321,390,413,456,317
3.69,-3.70,2.74,0.48,0.61,-0.07,321,391,414,452,319
8.51,-7.41,4.56,0.35,0.39,0.07,321,390,412,450,320
END
9.41,-10.18,5.64,0.27,0.38,-0.30,321,387,413,458,312
6.99,-6.65,2.32,0.01,0.04,0.17,321,387,413,456,312
7.84,-6.09,0.73,-0.06,-0.07,0.10,321,387,413,458,312
6.60,-6.70,1.15,0.02,-0.11,0.21,321,387,413,458,312
6.74,-7.05,1.45,-0.06,-0.22,0.30,321,387,413,459,312
6.04,-7.54,1.01,0.00,-0.12,0.37,321,387,414,461,312
6.20,-7.15,1.36,0.02,-0.06,0.43,321,386,413,459,311
4.86,-7.11,1.15,-0.13,-0.11,0.30,321,386,413,460,311
4.64,-7.54,1.04,-0.07,-0.03,0.40,321,386,412,460,312
3.13,-7.77,-0.14,-0.22,-0.11,0.22,321,387,413,458,311
3.88,-7.77,0.37,-0.08,0.05,0.14,321,387,414,461,311
6.05,-8.07,0.71,0.01,0.02,0.10,321,390,415,462,311
3.07,-8.33,-0.42,-0.36,-0.14,0.14,321,392,419,466,312
5.86,-7.95,0.09,-0.04,-0.04,0.13,320,391,418,465,311
4.52,-7.99,-0.78,-0.12,-0.18,0.00,321,391,417,465,311
2.79,-7.95,-0.67,-0.06,-0.12,0.20,322,389,416,465,311
5.18,-8.99,2.52,0.46,0.09,-0.03,321,387,415,464,311
5.04,-7.98,1.67,0.15,-0.17,0.01,321,387,415,464,311
0.29,-8.41,-1.55,-0.11,-0.13,0.01,321,389,417,464,311
1.46,-7.57,-0.60,-0.01,0.13,-0.29,321,390,416,463,311
4.22,-7.63,1.22,0.27,0.38,-0.16,321,388,416,462,312
2.83,-7.81,0.88,-0.19,0.25,-0.14,321,388,416,462,311
6.55,-8.36,3.01,0.27,0.36,-0.28,321,388,415,459,311
6.95,-7.75,1.51,0.09,0.16,-0.29,321,387,415,460,311
4.32,-8.23,0.52,-0.08,0.01,-0.19,321,388,414,460,311
5.14,-7.55,1.51,0.42,0.38,-0.30,321,388,414,460,312
3.92,-7.83,0.98,-0.04,0.10,-0.10,321,387,414,460,311
4.87,-7.39,1.67,0.28,0.10,-0.25,321,388,415,459,311
3.36,-7.57,3.14,0.39,0.39,-0.10,322,388,413,459,312
3.72,-7.39,2.02,-0.04,0.15,-0.02,321,387,414,459,312
3.91,-6.22,2.15,0.28,0.39,-0.32,321,388,415,459,312
4.63,-6.20,3.08,-0.09,0.37,-0.09,321,387,411,457,312
5.78,-6.40,3.68,0.10,0.18,-0.09,321,387,413,455,312
3.10,-4.34,3.42,0.36,0.29,-0.08,321,387,413,453,313
7.99,-6.46,6.98,0.12,0.53,-0.31,321,388,412,451,314
3.31,-7.70,5.89,0.51,0.59,0.50,321,388,412,449,315
END
9.82,-10.26,6.54,-0.34,-0.32,0.36,322,389,414,456,311
6.75,-6.76,1.27,-0.17,-0.08,0.22,321,389,414,456,311
7.72,-6.67,0.61,0.03,0.02,-0.01,321,388,414,457,311
6.97,-6.70,0.83,-0.02,-0.11,0.10,322,389,414,457,311
6.36,-6.82,0.31,-0.12,-0.14,0.16,321,389,414,457,311
6.89,-7.16,0.33,-0.02,-0.04,0.01,321,389,414,458,311
5.84,-7.35,-0.51,-0.08,-0.13,0.16,321,388,414,458,311
6.82,-7.49,-0.36,-0.03,-0.01,0.33,321,388,414,459,312
5.64,-7.36,-0.85,-0.11,-0.12,0.19,321,388,414,459,311
5.87,-7.13,0.01,-0.02,-0.10,0.32,322,387,413,458,311
4.62,-7.72,-0.39,-0.24,-0.22,0.33,321,386,413,458,311
7.29,-7.89,0.69,0.08,-0.14,0.06,321,387,413,459,311
2.61,-8.17,-1.21,-0.30,-0.26,0.30,321,387,414,458,311
3.83,-7.70,-0.71,-0.08,-0.10,0.03,321,387,413,459,311
5.41,-7.44,-1.79,-0.07,-0.11,0.02,321,387,413,458,311
5.16,-8.29,-0.50,0.13,-0.01,-0.12,321,386,413,458,311
5.14,-8.03,-0.40,-0.03,-0.10,0.13,321,386,413,458,311
5.54,-8.37,-0.88,0.04,-0.07,0.01,321,387,412,458,311
3.14,-8.24,-1.22,-0.09,-0.14,0.05,321,388,413,459,311
4.54,-7.69,-1.21,0.05,-0.03,-0.04,321,386,413,458,311
3.15,-8.05,-1.79,0.03,-0.02,-0.03,321,387,413,458,311
4.36,-8.11,-1.59,0.04,0.08,-0.06,321,386,413,458,311
4.09,-7.47,-1.73,-0.09,-0.10,-0.06,321,386,413,458,311
3.53,-7.14,-2.10,0.13,0.22,-0.18,322,387,413,458,310
3.42,-7.62,-1.13,-0.05,0.15,-0.04,321,386,412,457,311
5.16,-7.05,-1.11,0.08,0.13,-0.22,321,385,412,454,311
3.06,-7.44,-2.05,-0.10,0.11,-0.23,321,384,410,454,311
6.45,-6.23,-0.19,0.41,0.37,0.04,321,383,409,454,311
4.57,-7.16,-1.31,-0.15,0.23,0.12,321,384,409,453,312
1.57,-7.87,1.69,0.24,0.60,0.21,321,384,410,453,312
4.74,-7.37,0.55,0.24,0.62,-0.00,321,385,410,452,313
3.47,-6.53,2.84,0.22,0.77,-0.48,320,386,409,449,313
6.35,-5.35,3.10,0.24,0.69,-0.46,320,385,409,447,313
8.03,-8.38,5.30,0.49,0.76,-0.49,321,385,408,445,313
8.17,-10.14,5.96,0.70,0.55,-0.56,321,386,408,445,313
1.49,-9.72,3.97,0.34,0.43,-0.23,321,385,408,445,313
END
7.99,-10.17,6.72,0.23,-0.05,0.21,321,386,411,455,312
7.58,-5.83,0.52,-0.14,-0.06,0.11,321,386,412,455,312
6.05,-6.23,0.21,-0.09,-0.03,0.21,321,387,412,457,312
7.19,-6.17,0.30,0.05,0.00,0.15,321,386,412,458,312
7.55,-6.78,0.30,-0.02,-0.08,0.17,321,386,413,459,312
6.58,-7.54,0.29,-0.08,-0.11,0.16,321,386,412,459,312
5.81,-7.51,-0.25,-0.05,0.00,0.31,321,386,413,459,311
6.64,-6.50,-0.58,0.04,-0.04,0.28,321,386,412,461,312
5.33,-7.15,-0.54,0.01,-0.22,0.16,321,386,413,461,312
4.83,-7.63,-0.75,-0.11,-0.08,0.43,321,387,413,461,312
5.53,-7.32,-1.37,-0.20,-0.26,0.10,321,387,413,461,312
4.83,-6.77,-1.07,-0.01,-0.12,0.16,321,386,413,461,312
4.47,-7.63,-0.48,-0.06,-0.15,0.14,321,394,419,464,311
5.75,-8.54,-0.14,0.02,-0.23,0.19,321,392,418,465,312
5.42,-7.93,-0.42,0.01,-0.15,0.06,321,393,419,465,312
4.95,-7.85,-1.20,0.01,-0.21,0.13,321,391,417,465,312
2.95,-7.77,-2.18,-0.01,-0.19,0.18,321,392,417,465,311
3.89,-6.88,-3.88,0.18,0.06,-0.07,321,391,417,464,311
1.33,-8.38,-1.26,-0.05,-0.07,0.10,321,392,418,464,312
5.80,-7.85,-0.85,0.10,0.12,-0.24,321,391,418,464,311
3.33,-8.08,-0.01,-0.07,0.14,-0.14,321,391,417,465,311
4.60,-7.20,-2.32,-0.11,0.03,-0.06,321,391,417,463,312
5.74,-8.05,-1.51,-0.16,0.28,0.00,322,389,417,463,311
3.05,-7.77,-1.39,-0.01,0.21,-0.29,322,389,417,462,312
4.44,-7.73,-1.89,0.06,0.17,0.07,322,386,417,462,312
5.65,-7.53,-0.01,0.05,0.26,-0.08,321,387,416,461,312
4.54,-8.15,-0.75,-0.08,0.09,0.12,322,388,416,461,312
5.33,-7.59,-0.78,0.11,0.16,-0.12,322,388,416,460,311
7.32,-7.80,0.10,0.03,0.40,0.04,322,387,416,460,311
5.67,-7.54,0.24,-0.50,0.19,0.09,322,388,415,457,312
-0.57,-4.57,-1.40,0.04,0.77,-0.28,322,388,416,457,313
4.99,-6.34,2.25,-0.08,0.73,0.08,321,386,414,454,314
7.66,-7.02,2.47,-0.15,0.61,0.08,320,385,411,451,316
3.40,-8.54,2.88,0.00,0.51,-0.19,321,383,410,449,319
5.69,-10.21,3.85,0.83,0.58,-0.35,321,380,409,449,318
3.93,-8.75,0.20,0.31,0.08,0.68,322,381,408,447,318
END
7.59,-10.58,2.76,0.18,0.10,0.16,322,384,410,452,311
8.48,-6.26,1.47,-0.21,-0.17,0.12,322,385,410,453,311
6.27,-6.50,0.97,-0.12,-0.13,0.28,320,385,410,455,311
5.11,-6.65,0.42,-0.28,-0.09,0.42,321,384,411,455,311
7.06,-6.35,1.00,-0.09,0.02,0.20,322,383,410,456,311
6.06,-6.60,0.09,-0.07,0.06,0.33,321,382,409,457,311
6.04,-7.10,0.06,-0.28,-0.20,0.37,321,383,410,457,311
5.18,-7.03,-0.42,-0.17,-0.16,0.35,322,383,410,457,311
5.47,-7.48,-0.37,-0.23,-0.22,0.23,322,382,410,458,311
2.76,-8.09,-1.03,-0.22,-0.20,0.13,322,383,410,457,311
6.67,-7.37,-1.03,0.05,0.05,0.04,322,383,411,459,311
4.11,-7.81,-1.39,-0.47,-0.34,0.35,322,383,412,458,311
5.69,-7.96,-0.66,-0.02,-0.09,-0.03,321,383,411,457,311
2.20,-7.45,-2.32,-0.02,-0.11,0.22,322,383,412,458,310
5.30,-7.70,-1.28,-0.02,-0.16,0.16,321,383,411,458,310
4.90,-8.00,-1.45,0.04,-0.03,-0.21,322,384,411,458,311
4.31,-8.94,-0.54,-0.09,-0.23,-0.08,322,384,411,456,311
0.75,-6.51,-3.84,0.14,-0.01,-0.22,322,387,412,456,311
2.78,-8.90,-2.02,0.14,0.12,0.07,322,388,412,457,311
5.47,-8.39,-1.13,0.11,0.26,-0.09,321,387,412,455,311
4.97,-7.41,-1.43,0.06,0.30,-0.18,322,386,411,455,310
3.98,-7.15,-2.46,0.11,0.31,0.03,322,386,411,456,311
3.23,-6.21,-0.27,-0.23,-0.01,-0.08,322,388,412,454,312
4.68,-6.21,-1.18,0.19,0.48,-0.32,322,385,411,453,312
4.07,-8.87,1.50,-0.87,-0.12,0.56,322,390,412,450,313
3.57,-7.06,0.12,0.46,0.80,-0.47,322,388,411,449,316
4.36,-5.04,-1.02,0.26,0.32,0.36,322,391,412,447,318
5.94,-6.78,2.24,0.48,0.95,-0.59,322,390,410,445,321
3.22,-6.79,4.92,0.34,0.54,0.22,322,390,412,444,322
7.37,-9.93,7.14,0.64,0.74,0.13,322,391,412,443,323
3.96,-9.13,1.92,0.59,0.14,0.34,322,389,412,443,321
4.82,-9.72,3.32,0.28,-0.03,-0.09,322,389,411,444,321
3.61,-9.83,3.80,0.24,-0.08,0.04,322,389,411,444,321
3.18,-8.76,3.85,0.22,0.02,0.04,322,390,411,443,320
4.26,-8.31,3.44,0.05,-0.08,0.10,322,389,411,443,320
4.97,-8.09,3.52,0.03,0.04,-0.02,322,389,412,444,320
END
3.26,-7.45,2.98,0.05,-0.04,0.13,322,385,412,450,311
8.52,-6.51,0.93,0.09,0.10,0.15,322,385,413,452,311
7.49,-7.22,0.01,-0.22,-0.24,0.13,322,382,412,452,311
8.99,-6.88,-0.31,-0.13,-0.07,0.11,323,382,410,452,311
5.50,-6.50,-0.18,-0.08,-0.06,0.56,322,382,411,453,311
6.70,-7.10,-0.81,0.15,0.03,0.30,322,381,409,454,311
6.17,-7.22,-0.96,-0.07,-0.05,0.45,322,380,408,454,311
6.01,-7.36,-0.10,0.12,-0.10,0.23,322,379,408,455,311
4.01,-8.15,-0.17,-0.21,-0.25,0.58,322,380,410,454,311
3.33,-8.05,-0.49,-0.38,-0.14,0.53,322,382,412,454,310
6.40,-8.03,-0.87,-0.21,-0.09,0.07,322,380,409,452,311
2.89,-7.36,-0.62,-0.33,-0.14,0.35,322,382,410,451,310
6.30,-6.65,-0.47,0.00,-0.10,0.08,322,380,409,450,311
3.96,-6.89,-1.45,-0.07,-0.19,-0.13,322,384,411,451,310
3.35,-7.24,-1.38,0.14,-0.07,0.06,322,384,411,452,311
4.18,-7.56,-1.26,0.11,-0.08,-0.20,322,383,411,452,311
2.80,-8.14,-0.95,0.04,-0.03,-0.11,322,384,411,452,311
2.97,-8.09,-1.64,-0.20,0.12,0.05,322,384,411,453,311
5.68,-8.09,-1.52,0.02,0.17,-0.26,322,382,410,452,311
4.17,-7.57,-0.67,0.14,0.18,-0.29,322,384,412,452,311
4.60,-7.55,-2.08,0.04,-0.01,-0.15,322,384,413,451,310
5.31,-7.72,0.91,0.20,0.25,-0.02,322,383,412,451,311
3.98,-7.46,-0.63,0.19,0.01,-0.24,323,384,412,451,311
3.25,-6.74,-0.91,0.40,0.38,-0.33,323,385,413,450,311
2.58,-7.21,0.45,0.16,0.32,0.04,322,384,412,449,311
5.41,-6.05,0.71,0.36,0.48,-0.22,322,387,412,448,311
3.67,-6.92,2.81,0.12,0.52,-0.01,322,385,411,446,311
3.96,-6.63,2.20,0.57,0.61,-0.45,323,386,411,445,312
6.75,-5.67,3.55,0.09,0.41,-0.17,322,387,412,444,313
7.31,-9.79,5.59,0.51,0.67,0.04,322,385,411,442,313
7.36,-10.14,3.38,0.47,0.15,-0.07,323,385,411,441,313
8.41,-9.30,5.43,0.24,-0.03,-0.41,322,385,410,441,313
2.61,-10.47,6.22,0.56,0.26,0.08,322,385,410,440,313
1.46,-8.31,3.13,0.17,-0.25,0.38,321,385,410,440,314
5.20,-7.55,4.26,-0.02,-0.02,-0.07,322,385,410,440,313
6.41,-7.44,4.80,0.10,0.03,-0.27,320,386,410,440,313
END
3.09,-6.93,4.18,-0.02,-0.04,0.07,322,387,413,451,312
7.79,-6.88,-0.08,-0.04,-0.12,0.07,322,394,419,457,312
6.59,-6.42,0.73,0.01,-0.08,0.21,323,399,422,459,312
9.44,-7.33,-0.57,-0.32,-0.45,-0.04,323,406,427,461,312
6.07,-6.95,-0.86,-0.07,-0.03,0.50,323,403,426,462,312
8.48,-6.77,-1.63,-0.25,-0.26,0.22,324,402,425,461,312
4.89,-6.63,-1.90,0.05,-0.12,0.51,323,401,425,461,312
5.50,-6.89,-1.46,0.04,-0.07,0.44,323,400,423,461,312
5.64,-6.70,-2.15,-0.11,-0.26,0.26,323,400,424,460,312
3.80,-7.05,-1.22,0.12,-0.07,0.16,323,400,424,461,312
3.53,-8.20,-3.11,-0.08,-0.19,0.11,323,403,425,462,312
2.20,-8.84,-1.34,-0.11,-0.07,0.23,323,402,426,461,312
7.24,-8.11,-1.90,0.20,0.07,-0.03,324,401,425,462,312
3.66,-8.01,-3.47,-0.53,-0.44,0.40,323,401,425,461,312
8.50,-7.87,-1.51,-0.18,-0.31,0.21,323,400,423,462,311
3.35,-8.33,-2.56,0.07,-0.15,-0.14,322,400,423,459,311
1.87,-7.41,-3.29,-0.24,-0.33,0.21,323,400,423,459,311
5.09,-7.31,-2.37,0.15,0.00,-0.26,323,399,423,460,311
0.56,-7.41,-2.84,0.03,0.04,-0.10,323,400,424,461,311
3.77,-7.41,-1.84,-0.04,0.02,-0.06,323,399,423,460,311
3.39,-7.49,-2.36,0.03,0.04,-0.23,323,399,422,459,311
2.49,-7.55,-2.35,-0.15,0.10,-0.11,323,398,422,458,311
4.94,-7.49,-2.97,-0.10,0.41,-0.14,323,395,419,453,311
5.00,-7.53,-1.51,0.10,0.45,-0.31,323,392,417,454,311
5.20,-6.83,-1.69,0.16,0.36,-0.29,323,390,416,453,311
2.21,-5.56,-5.02,0.07,0.27,0.02,323,390,416,452,311
6.09,-6.10,-0.78,0.05,0.24,0.06,321,390,415,452,311
6.08,-6.58,0.31,0.13,0.43,-0.18,323,391,415,451,311
3.07,-5.47,-1.74,0.21,0.35,0.30,323,391,416,450,311
7.62,-5.94,0.66,0.25,0.40,-0.70,323,390,415,448,312
2.89,-6.30,2.46,0.56,0.69,0.00,324,390,414,445,313
5.84,-6.82,0.78,0.24,0.32,0.27,323,389,414,443,312
4.88,-9.61,3.49,0.25,0.49,-0.24,323,388,412,441,313
9.04,-8.79,3.04,0.20,-0.00,0.38,323,383,409,441,313
7.10,-8.13,3.24,0.33,0.13,-0.37,323,385,409,441,314
3.78,-8.51,3.45,0.29,0.11,0.10,323,384,409,440,313
END
5.23,-7.95,3.71,0.21,-0.06,0.28,324,390,417,452,311
8.37,-6.69,1.10,0.16,0.04,0.04,324,390,418,455,311
6.34,-7.12,0.70,-0.22,-0.04,0.00,323,389,417,455,311
7.48,-6.53,0.76,-0.02,0.11,0.46,323,389,417,455,311
7.40,-7.15,0.46,-0.08,0.02,0.04,323,388,418,457,311
5.88,-7.83,0.39,-0.16,-0.00,0.44,323,388,416,457,311
5.95,-7.22,-0.23,-0.11,-0.03,0.38,323,387,416,457,310
5.08,-7.34,-1.11,-0.14,-0.04,0.35,323,386,416,457,311
5.60,-7.67,-0.51,-0.14,-0.05,0.33,323,385,415,457,311
3.93,-7.80,-1.65,-0.16,-0.15,0.42,322,385,415,457,310
5.00,-7.95,-1.95,-0.13,-0.15,0.10,323,384,413,457,310
4.36,-7.94,-1.76,-0.15,-0.16,0.25,322,384,414,456,310
3.50,-8.18,-0.95,-0.06,-0.18,0.14,322,384,413,456,310
5.92,-8.79,-0.33,0.10,-0.07,0.02,323,384,413,456,310
2.48,-7.39,-1.59,-0.38,-0.40,0.37,322,384,414,456,310
4.49,-7.47,-1.46,0.22,-0.05,-0.29,324,385,413,456,310
2.99,-7.17,-1.08,0.02,-0.22,-0.12,323,385,414,456,310
5.69,-8.60,-0.73,-0.02,-0.34,-0.40,324,384,414,456,310
1.59,-8.10,-3.55,-0.29,-0.20,-0.14,323,386,414,455,310
1.94,-6.92,-2.12,-0.10,0.01,-0.28,323,387,415,454,310
5.00,-7.16,-2.39,-0.24,-0.14,0.06,323,387,414,453,310
2.30,-6.48,-2.17,0.23,0.40,-0.47,323,389,415,453,311
3.74,-7.37,-1.84,-0.04,0.15,0.09,323,387,413,451,310
6.29,-6.38,-0.73,0.19,0.58,-0.20,323,388,414,450,311
4.07,-6.60,-0.73,0.08,0.41,-0.37,323,388,413,449,311
2.80,-6.20,-0.26,0.22,0.37,0.04,323,389,414,448,311
6.67,-5.28,-0.27,0.31,0.60,-0.14,323,389,413,446,311
6.83,-6.56,2.84,0.07,0.49,-0.56,324,390,414,443,312
4.29,-6.78,4.30,0.72,0.78,-0.37,323,390,414,442,313
6.04,-7.04,3.85,0.67,1.05,0.05,324,389,412,440,313
4.43,-10.06,4.22,-0.05,0.49,0.42,323,389,411,440,314
12.96,-10.85,2.56,0.56,0.02,-0.07,324,388,411,439,313
7.13,-8.97,2.35,0.07,0.03,-0.25,324,390,412,439,313
6.32,-9.59,4.81,0.24,0.08,0.08,324,388,410,439,313
5.22,-6.68,2.53,0.18,-0.18,0.06,324,388,410,439,312
5.00,-6.08,2.51,-0.11,-0.15,-0.03,324,389,410,440,314
END
6.29,-6.91,3.98,0.11,-0.02,0.02,322,382,409,452,311
7.89,-6.88,-1.02,0.04,0.05,0.21,323,382,409,452,311
7.13,-6.47,-1.49,-0.02,-0.06,0.27,323,382,408,452,310
6.39,-6.25,-2.19,0.09,-0.02,0.28,322,381,410,453,311
5.00,-6.42,-1.49,-0.12,-0.27,0.24,323,381,409,453,311
6.57,-6.31,-1.11,0.03,-0.17,0.21,323,380,410,452,311
5.72,-6.80,-1.75,0.02,-0.22,0.02,323,380,409,453,311
4.34,-6.76,-1.45,0.00,-0.20,0.17,323,381,409,452,311
6.48,-6.86,-1.53,0.09,0.02,-0.04,323,381,409,452,311
5.59,-7.43,-1.50,-0.17,-0.26,0.01,323,381,409,452,311
7.79,-7.49,-1.11,0.15,-0.03,-0.06,323,384,412,451,311
3.53,-6.60,-3.73,-0.26,-0.14,0.27,323,386,412,451,310
4.86,-7.05,-0.63,0.22,0.06,-0.18,323,385,412,450,311
3.58,-6.31,-1.91,0.29,0.16,-0.03,323,386,412,451,311
4.06,-7.20,-1.68,-0.06,0.06,-0.23,323,387,413,448,311
6.07,-6.75,-0.39,0.20,0.29,-0.44,321,385,412,449,311
2.31,-5.66,-2.75,-0.36,0.09,0.31,323,389,413,448,311
6.80,-6.67,1.56,0.37,0.67,-0.50,323,387,412,447,311
4.95,-6.99,-0.96,0.27,0.43,0.28,323,388,413,445,311
4.06,-5.82,-1.76,0.05,0.31,-0.08,323,387,411,444,311
8.36,-6.02,4.82,0.50,0.49,-0.10,323,387,411,442,312
8.13,-6.27,1.19,0.37,0.45,0.05,323,388,411,441,313
5.73,-8.60,1.08,0.13,0.31,-0.16,323,395,416,441,313
4.37,-8.17,3.73,0.67,0.49,-0.04,323,394,415,441,312
2.50,-6.33,1.64,0.17,0.31,-0.31,323,398,416,441,313
7.82,-7.57,7.77,0.14,0.17,-0.04,323,393,414,440,313
8.92,-8.25,6.12,0.55,0.52,-0.45,323,395,415,441,313
6.18,-7.38,3.94,0.12,0.31,0.10,323,393,415,441,313
3.48,-7.62,2.62,0.09,0.08,0.11,324,394,415,440,314
7.32,-7.54,3.61,-0.07,-0.30,0.05,323,394,414,440,314
4.90,-6.08,4.08,-0.02,-0.01,-0.32,323,393,414,439,313
7.41,-6.16,5.51,0.07,0.06,-0.06,323,393,413,440,313
3.83,-6.37,4.45,0.13,0.02,-0.11,323,392,413,440,313
6.42,-6.12,3.76,0.04,-0.06,0.18,324,391,413,440,313
6.65,-6.88,4.30,0.04,0.05,-0.16,323,392,413,440,313
5.09,-6.52,4.12,0.03,-0.09,0.03,323,391,412,440,313
END
4.52,-6.85,4.80,-0.01,0.01,0.08,323,388,414,456,310
9.35,-6.01,-0.27,0.09,-0.06,0.10,322,388,414,457,311
8.26,-6.26,-0.45,-0.16,-0.23,0.41,322,388,415,458,310
7.80,-5.80,-1.24,-0.12,-0.19,0.38,323,388,415,458,311
7.37,-5.74,-1.18,-0.10,-0.21,0.50,323,388,415,458,311
6.81,-6.15,-1.49,-0.02,-0.21,0.36,323,388,415,458,311
5.81,-6.55,-1.56,0.01,-0.18,0.31,323,388,416,457,311
6.04,-6.60,-1.35,-0.05,-0.11,0.33,322,388,416,459,311
4.21,-6.75,-2.10,-0.19,-0.08,0.22,322,389,417,458,311
4.48,-6.32,-1.38,-0.22,-0.00,0.19,323,388,416,458,310
5.22,-5.81,-3.23,-0.25,-0.11,-0.29,323,387,416,457,310
7.54,-7.71,-1.06,0.35,0.53,0.28,322,387,415,457,310
8.65,-6.80,0.09,0.02,-0.17,-0.17,323,386,414,456,310
2.26,-7.25,-3.50,-0.10,0.06,0.36,323,388,415,456,310
8.46,-6.88,0.04,0.32,0.23,0.36,322,386,415,456,310
6.87,-7.47,-1.30,-0.04,-0.14,-0.01,322,386,415,456,310
1.74,-7.41,-0.37,0.37,0.19,-0.04,322,386,414,455,310
3.12,-7.41,-1.90,-0.25,-0.18,0.38,322,386,414,454,310
7.34,-7.62,-0.15,0.32,0.45,-0.34,322,386,414,452,310
3.96,-7.20,-1.26,-0.03,-0.01,0.03,322,386,413,452,310
6.82,-8.33,1.18,0.18,0.20,-0.24,323,385,413,452,311
2.59,-7.42,-1.02,0.19,0.22,-0.16,323,387,414,452,311
5.35,-7.68,0.57,0.17,0.27,-0.13,323,386,414,451,311
5.81,-6.83,1.81,0.21,0.52,-0.11,323,384,414,451,311
6.22,-6.93,0.43,-0.05,0.18,0.07,322,386,413,450,312
6.61,-8.25,2.43,0.38,0.37,-0.20,323,386,414,450,312
2.36,-7.15,1.42,0.26,0.38,-0.01,322,386,413,448,313
8.80,-7.44,3.29,0.26,0.33,0.05,322,385,412,448,312
4.92,-6.63,2.83,0.29,0.34,-0.23,323,385,412,447,313
4.63,-6.63,2.92,0.14,0.26,-0.05,322,384,411,447,313
3.77,-6.25,3.13,0.17,0.50,0.03,322,385,410,445,314
9.99,-7.98,6.14,0.59,0.25,-0.24,322,383,409,444,314
5.07,-7.82,2.79,0.21,0.17,-0.16,322,385,410,444,314
5.97,-9.26,4.26,0.24,-0.00,0.07,323,384,410,443,313
5.23,-7.91,3.47,0.28,0.15,-0.06,322,384,409,443,313
7.09,-7.59,4.07,0.05,0.10,-0.12,323,384,409,444,313
END
5.57,-7.03,5.19,0.09,-0.06,-0.01,323,395,421,461,310
8.77,-4.95,0.83,-0.00,0.02,0.09,323,394,421,462,311
6.59,-5.20,0.90,-0.08,-0.02,0.22,322,394,420,462,311
8.63,-5.25,0.88,0.01,-0.05,-0.06,323,393,420,461,311
8.41,-5.13,0.92,0.07,0.08,0.03,322,393,420,462,311
8.61,-5.94,2.07,-0.10,-0.05,0.02,322,393,419,462,310
9.68,-6.70,1.27,0.01,-0.03,0.00,323,392,420,462,311
8.61,-8.20,-0.22,-0.39,-0.20,0.36,323,391,419,462,310
8.84,-7.36,-0.12,-0.04,-0.10,0.54,323,392,420,463,310
4.41,-6.23,-3.14,0.09,0.09,0.41,322,391,421,463,310
7.51,-6.78,-0.83,-0.24,-0.23,0.88,323,390,420,464,311
6.75,-7.12,-0.34,-0.21,-0.55,0.31,323,390,420,461,310
4.39,-7.95,-1.60,-0.02,-0.29,0.36,323,390,419,463,310
2.73,-5.99,-1.76,-0.28,-0.33,0.33,323,390,419,462,310
4.44,-7.04,-2.07,-0.03,-0.19,-0.06,323,389,420,463,310
2.22,-6.73,-1.69,-0.06,-0.04,-0.12,323,390,419,462,310
4.80,-6.45,-1.45,0.09,0.09,-0.09,322,390,419,461,310
8.89,-7.03,-1.08,-0.14,-0.27,-0.09,323,391,420,461,309
2.50,-7.48,-0.90,0.24,0.29,-0.31,323,390,419,460,310
3.66,-7.76,-1.32,-0.11,-0.12,0.16,323,391,420,460,310
2.23,-6.17,-0.72,0.38,0.50,-0.43,323,390,419,459,311
5.92,-6.92,-0.13,-0.32,0.12,0.13,323,388,416,458,311
9.17,-7.47,-0.10,0.24,0.41,-0.60,323,389,416,457,310
2.45,-6.74,-0.21,0.21,0.58,-0.17,322,389,417,457,311
6.60,-6.93,1.41,0.12,0.20,0.00,323,388,417,457,311
2.35,-4.29,0.35,0.63,0.76,-0.50,323,388,416,454,311
4.97,-5.18,0.92,0.05,0.05,0.32,322,391,416,453,311
10.21,-7.36,4.92,0.08,0.65,-0.35,323,390,415,451,312
6.69,-6.59,1.89,0.66,0.51,-0.42,323,391,416,449,312
4.13,-7.89,3.70,0.23,0.67,-0.06,323,390,413,448,312
11.77,-9.67,6.60,0.56,0.31,0.62,323,389,414,448,312
6.30,-7.51,2.58,0.42,0.27,-0.32,323,389,414,447,313
6.59,-8.66,4.30,0.02,0.09,0.09,323,388,414,447,312
5.66,-8.41,4.66,0.35,0.12,-0.11,323,389,413,447,312
6.70,-6.49,3.41,-0.02,-0.16,0.05,322,388,414,447,313
5.18,-7.10,4.31,0.06,0.06,-0.17,322,388,414,447,312
END
5.56,-6.62,3.85,-0.00,-0.16,0.15,323,392,421,458,311
10.54,-5.92,4.03,-0.11,0.03,-0.25,323,392,422,462,310
6.04,-4.27,1.21,-0.29,-0.35,0.04,323,393,423,464,310
6.63,-5.64,2.25,0.26,0.41,0.58,323,392,422,465,311
8.66,-5.61,4.26,0.41,0.44,0.55,323,388,420,463,310
8.26,-6.09,3.44,-0.15,0.20,0.37,322,386,418,465,310
7.75,-5.98,2.28,-0.49,0.08,0.58,322,385,419,464,310
7.07,-6.03,0.92,-0.54,-0.09,0.67,323,385,418,463,310
4.54,-6.40,0.90,-0.26,-0.16,0.51,323,385,418,463,310
5.59,-7.46,-0.06,-0.25,-0.14,0.49,323,385,418,463,310
3.47,-8.23,1.39,-0.25,-0.33,0.42,322,385,417,463,311
4.95,-7.98,-0.06,-0.29,-0.25,0.48,322,384,417,464,309
2.02,-8.31,-1.48,-0.30,-0.43,0.31,322,386,419,463,310
5.43,-8.80,-0.29,0.02,-0.33,0.32,323,384,419,463,310
1.41,-8.13,-0.98,-0.45,-0.72,0.17,323,387,420,464,310
1.84,-8.14,-0.70,-0.11,-0.19,0.30,323,388,420,464,310
4.19,-8.12,-0.13,0.16,-0.18,-0.21,323,387,419,462,310
0.95,-8.60,-0.22,-0.58,-0.39,0.06,323,390,420,461,310
5.20,-8.32,0.92,0.37,-0.09,-0.50,321,391,419,460,310
-1.97,-8.43,-0.11,-0.74,-0.35,0.09,323,398,421,459,310
0.60,-7.21,-1.37,0.60,0.39,-0.55,323,395,419,458,310
3.85,-7.25,-1.42,-0.71,-0.00,-0.25,324,399,422,457,310
0.67,-5.84,-0.71,0.53,0.52,-0.63,323,395,421,455,310
3.14,-4.94,-1.14,-0.00,0.48,-0.17,323,395,421,454,310
3.43,-4.53,1.85,0.32,0.49,-0.75,323,394,420,453,310
0.33,-5.09,5.27,0.60,0.88,-0.04,323,394,420,451,311
11.34,-7.30,4.37,0.27,0.79,-0.40,323,394,419,449,311
9.22,-11.56,4.27,0.02,0.24,-0.58,323,394,418,447,311
12.07,-12.60,5.18,0.52,0.64,-0.61,324,393,418,447,311
7.26,-11.56,4.23,0.33,0.24,-0.13,324,392,417,446,311
4.52,-8.32,2.55,0.18,0.13,0.27,324,392,417,445,312
6.30,-7.54,2.97,0.00,-0.05,0.27,324,392,417,445,312
7.28,-6.81,3.40,0.04,-0.07,-0.21,324,392,417,445,312
3.99,-6.26,2.98,-0.02,-0.05,-0.05,324,392,416,446,311
5.02,-7.21,4.03,0.11,0.03,0.09,324,392,416,446,312
6.68,-6.31,3.09,0.03,-0.03,-0.17,324,392,417,446,312
END
6.00,-6.63,3.49,-0.03,-0.01,-0.08,323,390,417,450,311
9.04,-5.30,1.79,0.14,0.10,0.04,324,389,417,451,310
8.36,-5.12,2.85,0.17,0.19,0.08,323,390,418,452,310
7.62,-5.86,2.71,0.32,0.27,0.00,323,388,417,452,310
6.09,-6.28,1.51,-0.59,-0.06,0.45,323,388,417,451,310
8.79,-6.92,2.56,-0.46,-0.11,0.45,323,389,417,453,310
5.36,-4.95,-1.18,-0.58,-0.03,0.51,323,390,418,455,310
6.09,-6.02,-1.50,-0.44,0.18,0.66,323,389,418,455,310
7.14,-7.29,-0.20,0.06,0.20,0.38,323,388,417,455,310
4.86,-6.84,-1.36,-0.47,-0.22,0.51,323,387,418,457,310
5.71,-7.34,-0.83,-0.15,-0.11,0.47,323,387,417,456,310
3.27,-7.82,-1.36,-0.47,-0.42,0.38,323,387,418,455,310
6.20,-7.87,-1.17,0.01,-0.16,0.29,323,386,417,455,310
1.46,-8.38,-2.94,-0.41,-0.55,0.19,323,387,418,456,310
4.94,-8.43,-0.48,-0.01,-0.12,-0.00,323,386,416,454,309
1.90,-8.05,-3.00,-0.10,-0.24,-0.00,323,385,416,455,310
2.14,-8.13,-1.24,-0.75,-0.55,0.31,323,386,415,454,310
7.80,-8.10,-1.31,0.50,0.25,-0.56,323,385,415,452,309
0.18,-7.31,-3.20,-0.31,-0.19,0.26,323,384,415,451,310
5.25,-6.68,-2.82,0.36,-0.05,-0.30,323,385,414,451,310
-0.60,-7.28,-1.89,-0.02,0.22,-0.02,323,386,415,451,310
3.42,-7.02,-1.30,0.01,0.13,-0.26,323,386,416,452,310
3.29,-7.03,-1.41,0.29,0.42,-0.33,323,386,415,450,310
6.23,-7.91,1.04,0.05,0.32,-0.06,324,386,414,448,310
6.63,-6.53,-1.69,-0.17,0.17,-0.05,324,386,414,446,310
4.47,-4.15,-1.59,0.12,0.29,-0.80,324,389,414,444,310
5.20,-6.46,4.63,0.69,0.49,-0.18,323,386,412,443,310
5.22,-7.32,0.22,0.39,0.21,0.04,323,389,413,442,310
5.94,-8.13,4.54,0.53,0.52,-0.57,324,388,413,443,310
7.03,-8.97,5.63,1.20,0.92,0.11,324,387,413,440,312
5.85,-7.67,1.03,0.58,0.55,-0.10,324,388,412,440,311
7.78,-10.50,5.51,0.09,0.24,0.20,324,387,411,439,311
5.43,-9.27,6.20,0.49,0.19,0.04,324,388,411,439,311
7.25,-8.57,4.13,0.42,0.11,0.18,324,387,411,439,311
2.86,-7.34,2.35,0.00,0.03,0.18,324,386,411,439,311
7.07,-7.92,4.72,0.13,-0.04,0.06,324,386,411,438,311
END
5.21,-6.53,2.94,-0.06,-0.09,-0.20,324,383,411,441,311
7.44,-6.86,2.66,0.21,0.45,0.10,323,384,411,443,310
10.06,-6.35,4.10,0.25,0.59,0.27,323,383,412,446,310
9.76,-5.30,2.08,-0.42,0.17,0.16,323,383,413,448,310
7.24,-3.80,2.56,-0.31,0.14,0.57,323,383,412,449,310
7.10,-5.12,0.89,-0.49,-0.51,0.14,324,383,413,450,310
7.27,-5.82,1.41,-0.43,-0.38,0.59,323,383,412,449,310
5.89,-6.50,0.51,-0.31,-0.50,0.22,323,382,413,450,310
3.85,-7.07,-1.82,-0.35,-0.20,0.58,323,382,412,449,310
6.80,-6.86,-0.86,-0.04,-0.16,0.25,323,382,412,449,309
3.25,-6.99,-0.71,-0.18,-0.33,0.47,323,381,412,450,310
6.33,-8.19,-1.51,0.10,-0.17,0.37,322,381,412,449,310
4.00,-8.84,-0.57,-0.29,-0.49,0.18,323,381,412,449,309
5.18,-7.03,-1.54,0.10,-0.16,0.18,323,381,412,449,310
3.74,-9.30,-0.87,-0.42,-0.51,0.16,323,381,411,449,309
3.17,-8.03,-0.79,-0.07,-0.26,0.08,323,380,411,449,310
2.34,-7.62,-2.47,-0.11,-0.10,0.10,323,381,411,448,310
2.51,-7.91,-1.13,-0.31,-0.26,0.32,322,381,410,448,310
6.42,-8.58,-1.41,0.28,0.10,-0.33,322,382,411,447,310
0.65,-6.97,-3.36,-0.37,-0.08,0.08,322,383,411,448,309
6.32,-5.71,-2.58,0.20,0.17,-0.30,322,382,411,447,310
1.29,-6.78,-2.38,-0.04,0.15,-0.19,323,382,411,445,310
2.72,-6.81,-0.52,0.42,0.34,-0.45,323,381,410,443,310
1.39,-5.79,-2.23,0.13,0.13,0.08,323,382,411,443,310
9.58,-8.35,1.36,0.38,0.87,-0.47,323,381,409,443,310
2.10,-5.69,0.61,0.65,0.64,-0.20,323,380,409,440,310
10.43,-7.24,4.05,0.34,0.69,0.03,323,378,408,439,310
8.10,-6.55,2.88,0.40,0.09,-0.35,323,380,408,438,310
0.79,-7.13,3.51,0.77,0.32,-0.44,322,381,409,438,310
7.20,-8.42,5.86,0.55,0.58,-0.19,322,381,409,437,311
5.41,-10.09,6.18,0.77,0.53,-0.22,323,381,409,437,310
7.59,-8.60,3.79,0.36,0.28,-0.28,323,381,409,438,311
6.22,-9.05,5.47,-0.03,0.17,-0.31,322,381,409,436,310
6.44,-8.74,7.03,0.09,-0.13,-0.09,322,381,408,436,311
4.41,-6.21,4.06,-0.00,-0.03,-0.05,323,381,408,437,310
6.70,-6.41,4.42,-0.05,-0.18,0.19,322,381,408,436,311
END
6.19,-6.10,4.71,-0.04,-0.10,-0.31,324,379,408,438,310
11.45,-4.82,2.58,0.18,0.17,-0.53,323,379,408,441,310
12.51,-4.91,2.17,0.46,0.22,-0.10,323,378,407,443,310
8.29,-5.27,3.13,-0.66,-0.29,0.80,323,378,408,444,310
8.51,-3.19,1.26,-0.29,-0.16,0.32,322,378,408,446,310
6.47,-3.47,-0.19,-0.57,-0.33,0.72,323,378,408,445,311
8.76,-5.95,0.13,-0.15,-0.24,0.29,323,378,407,445,310
7.00,-6.50,0.07,-0.25,-0.22,0.43,323,378,407,443,310
8.33,-6.86,0.15,-0.16,-0.12,0.68,323,377,406,445,309
6.81,-6.58,-0.29,-0.22,-0.40,0.22,323,377,407,444,310
6.17,-6.80,-0.76,-0.07,-0.06,0.58,323,378,407,445,309
5.86,-6.11,-2.97,-0.28,-0.32,0.88,323,377,406,446,310
3.80,-7.03,-3.07,0.01,-0.35,0.28,322,377,408,446,310
2.70,-6.58,-3.69,-0.30,-0.49,0.40,322,377,408,446,310
3.19,-7.43,-2.33,-0.14,-0.35,0.26,323,376,406,443,310
2.85,-7.42,-3.11,0.02,-0.20,-0.10,323,376,406,443,310
2.31,-7.35,-3.17,-0.38,-0.19,0.17,322,376,406,443,310
6.80,-8.90,-0.88,0.41,0.12,-0.42,323,376,404,443,310
3.30,-8.82,-1.73,-0.03,-0.12,0.54,323,377,404,442,310
3.93,-7.54,-3.32,0.10,0.07,-0.17,321,376,405,443,310
0.75,-6.08,-3.24,-0.08,-0.01,0.02,323,378,405,443,310
0.94,-5.60,-2.85,0.07,0.16,-0.07,323,379,407,444,310
3.45,-5.19,-1.75,0.18,0.20,-0.20,323,379,407,444,310
0.50,-5.86,-0.75,-0.04,0.58,-0.12,323,378,406,443,310
5.32,-5.86,1.26,0.55,0.52,-0.33,324,377,405,441,310
3.90,-6.23,1.01,0.98,1.16,-0.65,323,379,405,439,310
8.24,-6.80,5.43,0.29,0.46,0.14,323,378,404,438,310
7.62,-10.73,6.48,0.83,0.57,-0.40,323,378,405,438,311
6.81,-9.48,4.16,0.95,0.59,-0.21,323,379,405,438,310
7.44,-8.50,3.03,0.24,0.18,-0.15,323,378,405,437,310
6.58,-11.06,4.46,0.05,0.31,-0.31,323,380,405,438,311
5.73,-9.93,3.77,0.27,-0.08,-0.15,323,379,406,437,311
4.47,-8.31,2.86,0.01,-0.09,0.27,322,379,407,439,312
1.08,-8.63,4.42,0.10,0.17,-0.02,323,380,409,442,312
7.15,-7.39,4.19,-0.04,-0.24,0.05,323,381,409,442,313
2.56,-6.65,4.15,0.01,0.11,0.10,323,381,409,440,312
END
4.81,-7.09,3.84,0.06,0.03,-0.13,323,382,409,442,311
8.32,-6.05,2.57,0.03,0.22,-0.00,323,381,410,442,311
9.32,-5.37,2.16,-0.03,0.20,-0.10,323,381,410,443,310
8.34,-5.25,2.00,0.04,0.26,-0.12,322,381,411,447,309
9.91,-5.64,2.86,-0.10,0.08,0.23,323,381,411,448,310
10.26,-6.08,2.71,-0.13,-0.02,0.09,323,381,412,449,310
7.34,-5.67,2.16,-0.30,-0.14,0.38,322,382,413,452,310
7.95,-5.57,0.52,-0.36,-0.16,0.65,322,381,413,451,310
6.05,-6.19,0.08,-0.50,-0.37,0.71,323,382,414,452,310
5.91,-6.18,-1.04,-0.26,-0.27,0.46,322,382,414,453,310
5.07,-6.34,-1.03,-0.27,-0.31,0.56,322,382,414,453,310
5.14,-7.59,-1.87,-0.22,-0.33,0.60,322,382,414,452,310
5.01,-7.88,-1.39,-0.35,-0.56,0.39,322,382,413,453,310
4.29,-7.71,-2.37,-0.23,-0.42,0.26,323,381,413,452,310
2.18,-7.65,-2.23,-0.41,-0.50,0.31,323,383,413,452,310
3.36,-6.92,-1.92,0.18,-0.10,-0.13,323,382,413,452,310
2.87,-7.13,-4.17,-0.22,-0.54,-0.20,323,385,414,452,310
2.56,-8.10,-2.79,0.12,-0.05,0.01,323,386,415,450,310
5.17,-6.50,-3.12,-0.18,-0.21,-0.07,322,385,414,451,310
3.51,-6.91,-2.61,-0.02,0.02,-0.21,323,385,414,450,309
2.81,-6.99,-2.14,-0.24,-0.05,-0.17,323,385,414,449,310
2.57,-6.36,-2.01,0.25,0.31,-0.15,323,385,414,450,310
2.23,-6.81,-3.12,-0.15,0.15,-0.10,323,385,414,446,310
1.42,-6.73,-1.35,0.37,0.58,-0.24,323,384,414,448,310
2.69,-6.12,-2.23,-0.23,0.21,0.23,322,390,417,453,310
7.76,-6.34,-0.45,0.26,0.64,-0.19,323,386,415,451,310
4.90,-5.84,0.60,0.34,0.66,0.12,324,390,417,450,310
8.45,-5.34,0.16,0.25,0.48,-0.01,323,388,416,448,311
4.92,-8.66,5.91,0.95,1.08,-0.35,323,388,414,446,311
5.19,-7.99,7.30,1.33,1.12,0.00,323,387,414,445,311
12.14,-8.53,2.03,0.47,0.92,-0.04,324,386,413,445,310
7.80,-12.03,4.65,0.18,0.26,-0.16,323,385,412,443,311
11.49,-10.42,4.59,0.32,-0.21,-0.05,323,385,411,443,311
3.65,-7.26,2.38,0.04,0.13,-0.59,324,385,412,443,310
1.72,-7.42,3.77,-0.12,-0.12,-0.03,323,386,412,442,311
5.29,-7.75,6.07,0.09,-0.18,0.44,323,384,411,443,311
END
8.21,-7.59,3.32,0.39,-0.03,-0.35,322,379,411,455,310
7.28,-3.54,2.36,-0.53,-0.17,0.43,322,378,410,455,310
8.05,-4.38,2.31,-0.38,-0.24,0.37,323,378,410,455,310
6.60,-4.80,1.49,-0.42,-0.35,0.42,322,378,410,455,309
7.47,-5.17,0.21,-0.26,-0.30,0.35,322,377,410,455,310
7.34,-6.74,0.86,-0.15,-0.24,0.25,321,377,409,454,310
8.28,-7.09,0.97,-0.34,-0.41,0.50,322,378,409,455,310
4.14,-6.60,-1.18,-0.27,-0.32,0.45,322,378,410,456,310
7.21,-6.70,-1.25,0.20,-0.03,0.60,322,377,411,457,310
7.70,-8.08,-0.60,-0.18,-0.51,0.34,322,379,412,459,310
2.35,-5.67,-2.65,0.47,-0.12,0.52,322,378,413,462,309
4.64,-8.15,-0.66,0.03,-0.40,0.23,320,378,412,462,310
3.65,-8.20,-1.69,-0.25,-0.42,0.21,322,378,411,461,309
4.74,-7.70,-1.06,-0.08,-0.30,0.14,322,378,411,460,309
2.70,-6.77,-2.21,0.01,-0.37,-0.04,322,378,411,460,310
1.86,-8.04,-1.87,-0.22,-0.14,0.21,322,378,411,460,310
2.05,-7.80,-0.25,0.01,-0.08,-0.19,323,377,412,459,309
3.08,-6.78,-1.26,0.42,0.48,0.10,322,377,411,459,309
4.33,-9.13,-0.44,-0.38,-0.38,-0.34,323,378,411,458,309
2.81,-6.58,-1.79,0.31,0.38,-0.33,323,377,410,456,309
1.79,-7.21,-2.53,-0.80,-0.51,-0.34,323,378,409,454,310
6.39,-5.36,-2.31,0.69,0.36,-1.14,323,378,409,454,310
3.07,-6.39,-1.90,-0.15,0.03,0.24,322,379,410,452,310
1.78,-5.00,-1.20,0.56,0.76,-0.40,322,379,409,450,311
7.42,-5.87,-0.05,0.62,0.45,-0.15,322,379,408,448,311
3.71,-6.77,1.21,0.43,0.66,0.05,322,381,408,448,312
6.54,-5.97,4.11,0.54,0.68,-0.06,322,384,410,446,311
7.11,-8.15,5.33,0.63,0.89,0.03,323,384,410,446,311
7.39,-10.88,6.11,0.84,0.92,0.25,323,384,410,446,311
9.63,-8.89,1.46,0.36,0.18,-0.08,323,383,410,445,311
6.74,-9.29,4.00,0.01,0.34,-0.26,323,380,409,445,311
5.48,-10.04,6.58,0.18,0.06,0.01,323,380,409,446,311
6.58,-7.34,4.44,0.23,0.06,-0.35,323,383,410,445,311
5.39,-7.03,3.24,-0.15,-0.16,0.23,322,381,409,445,311
6.29,-6.72,4.64,-0.04,-0.12,-0.19,323,381,408,445,311
4.69,-7.00,5.06,0.09,0.03,-0.06,323,383,409,444,311
END
5.21,-6.70,3.58,0.04,-0.04,-0.05,322,373,405,445,310
7.17,-4.93,3.65,-0.10,0.00,-0.15,322,373,405,448,310
9.85,-3.45,0.12,-0.36,-0.26,0.09,322,374,406,449,310
9.20,-5.01,0.98,-0.21,-0.11,-0.46,322,373,405,451,310
10.04,-3.25,1.90,0.00,-0.15,0.73,323,373,407,453,309
9.50,-4.55,0.22,-0.46,-0.64,0.29,322,374,406,453,310
6.86,-5.64,1.33,-0.36,-0.21,0.71,322,373,406,454,310
8.90,-5.09,0.01,-0.19,-0.31,0.42,322,373,406,454,309
5.75,-5.86,-1.49,-0.22,-0.29,0.62,322,373,406,454,310
8.18,-6.12,-0.66,-0.12,-0.36,0.51,322,373,406,455,310
4.74,-7.03,-0.77,0.14,-0.23,0.53,321,372,406,455,310
5.17,-7.69,-1.05,-0.20,-0.34,0.51,322,373,406,455,310
4.29,-7.75,-0.48,-0.09,-0.30,0.41,321,373,406,455,309
3.60,-6.93,-1.86,-0.16,-0.25,0.28,322,372,406,454,310
3.79,-7.00,-1.87,-0.18,-0.22,0.26,322,373,406,455,309
4.45,-7.62,-1.62,0.10,0.01,-0.08,322,373,406,454,309
2.59,-7.42,-2.52,-0.25,-0.20,0.02,322,373,405,455,310
6.61,-8.51,-0.31,0.10,-0.04,-0.26,322,373,405,455,309
2.63,-7.36,-2.92,-0.27,-0.22,-0.26,322,373,406,453,309
5.36,-5.99,-2.61,-0.04,-0.14,-0.11,322,374,406,453,309
4.31,-6.18,-2.54,0.32,0.06,-0.45,322,376,407,453,309
2.40,-7.17,-2.63,0.04,-0.13,-0.01,322,377,408,453,309
0.92,-7.11,-3.99,0.27,0.77,-0.15,322,378,410,452,309
5.64,-6.97,0.69,0.20,0.42,-0.44,322,376,407,450,310
2.36,-3.81,0.61,0.40,0.78,0.21,322,376,408,448,310
12.91,-9.04,4.41,0.10,1.06,0.22,323,374,405,439,309
9.15,-6.65,-0.93,0.48,0.26,-0.55,323,376,406,441,310
3.68,-5.94,3.81,0.40,0.61,-0.51,324,377,406,440,310
4.43,-4.57,5.05,0.57,0.58,0.22,322,376,407,437,310
6.14,-7.72,6.80,0.32,0.41,0.49,323,383,409,437,310
6.53,-10.17,6.67,0.68,0.44,0.21,323,380,407,437,310
6.53,-10.03,4.47,0.27,0.10,0.12,324,380,406,437,311
4.45,-8.84,5.74,0.48,0.47,-0.21,323,382,408,437,311
1.45,-7.90,4.42,-0.03,-0.20,0.58,322,378,406,438,311
5.73,-8.17,5.63,0.13,-0.14,0.06,323,381,406,437,311
6.24,-6.59,2.79,0.05,-0.16,-0.35,323,379,407,437,311
END
3.88,-6.59,4.08,-0.04,-0.07,-0.07,321,371,403,445,309
5.29,-4.16,2.25,0.11,0.30,0.51,322,371,403,447,309
7.35,-2.77,2.77,-0.54,-0.15,0.71,322,368,400,447,309
5.92,-4.34,1.31,-0.52,-0.27,0.28,321,366,401,448,309
4.52,-5.15,1.11,-0.51,-0.23,0.46,322,366,400,448,309
6.90,-6.12,1.31,-0.48,-0.29,0.44,321,366,399,448,309
7.92,-6.45,0.55,-0.39,-0.35,0.45,322,369,403,448,309
6.14,-6.83,0.22,-0.40,-0.35,0.34,321,376,413,452,309
5.65,-7.11,-0.01,-0.29,-0.40,0.43,322,378,412,456,310
4.87,-7.21,-0.70,-0.13,-0.21,0.35,322,377,410,467,309
5.93,-7.19,-0.25,-0.23,-0.36,0.21,322,383,420,483,309
2.20,-7.75,-1.08,-0.18,-0.30,0.16,322,382,420,484,310
4.82,-8.33,-2.48,-0.04,-0.03,0.03,322,383,420,482,309
5.20,-8.41,-1.18,-0.05,-0.20,0.05,322,383,419,481,309
3.72,-7.89,-2.68,-0.15,-0.24,0.24,322,383,421,482,309
5.86,-8.29,-1.59,-0.05,-0.22,0.16,323,382,419,480,309
2.71,-8.37,-1.86,-0.06,-0.22,-0.04,322,381,418,479,309
2.68,-8.64,-1.62,-0.28,-0.32,0.09,323,381,417,478,309
3.57,-8.08,-2.51,0.19,0.09,-0.25,323,382,417,478,309
2.66,-6.96,-2.91,-0.31,-0.08,0.19,323,383,417,477,309
7.61,-7.95,-1.44,0.34,0.15,-0.12,323,381,416,476,309
2.40,-7.29,-2.25,0.12,0.08,-0.22,323,383,417,476,309
2.20,-7.59,-2.52,-0.13,-0.05,0.03,323,384,418,476,309
5.14,-6.89,-2.77,0.26,0.19,-0.33,323,388,421,476,310
1.29,-7.41,-3.44,0.06,0.05,-0.14,323,389,421,476,309
5.89,-7.66,0.77,0.38,0.46,-0.38,323,386,419,475,309
3.14,-5.33,0.02,0.20,0.06,-0.38,323,391,422,475,310
3.10,-4.53,-1.08,0.38,0.33,-0.13,323,386,419,474,310
5.49,-4.06,2.39,0.28,0.40,-0.47,322,389,420,472,310
2.12,-7.05,3.83,0.97,0.74,-0.10,322,388,419,470,310
6.99,-6.27,3.77,0.42,0.68,0.04,323,387,419,468,310
10.30,-8.61,6.20,0.72,0.70,-0.54,324,386,418,467,310
8.75,-9.71,6.17,0.42,0.06,-0.34,323,384,415,466,310
6.42,-10.41,4.00,0.43,0.21,-0.06,323,387,419,466,310
7.36,-8.64,2.63,0.11,-0.06,-0.07,323,386,417,467,310
6.76,-8.32,4.36,0.14,0.07,0.08,323,384,416,465,310
END