6.17,-5.18,4.70,-0.82,-0.72,0.13,318,412,418,455,332
6.80,-6.58,-1.49,0.09,0.03,0.02,318,412,418,455,331
6.98,-6.93,-1.30,0.05,-0.01,0.03,318,411,418,455,331
6.85,-6.50,-1.16,0.02,-0.05,0.02,318,411,418,455,332
6.53,-6.54,-1.21,0.03,-0.01,0.02,319,411,417,455,332
6.64,-6.69,-1.56,0.06,-0.02,-0.00,318,411,418,455,332
6.50,-6.73,-1.56,0.09,-0.02,0.01,318,411,417,455,332
6.56,-7.09,-2.33,0.08,-0.00,0.09,318,411,417,455,332
6.63,-7.38,-2.31,0.19,0.06,0.16,318,413,418,455,332
5.56,-7.37,-2.73,0.81,0.27,0.36,318,416,418,457,332
5.84,-7.85,2.20,0.50,0.25,0.26,318,415,418,456,331
3.98,-7.65,-0.44,0.51,0.29,0.17,318,416,418,458,331
5.05,-7.65,0.84,0.33,0.25,0.12,318,415,418,457,331
3.42,-6.93,0.57,0.17,0.11,-0.06,318,415,417,456,331
5.18,-7.28,2.86,0.16,0.33,-0.05,317,414,418,455,331
3.79,-7.34,1.67,-0.02,0.22,-0.04,317,414,418,455,331
6.31,-7.52,3.98,0.25,0.12,-0.37,317,413,419,453,331
4.48,-6.72,1.29,0.02,0.14,-0.18,317,413,419,453,331
5.26,-6.73,2.72,0.37,0.37,-0.18,316,413,419,453,331
5.68,-6.69,3.12,0.34,0.20,-0.23,317,413,419,453,331
5.75,-6.45,3.81,0.31,0.41,-0.21,316,413,418,453,331
6.01,-5.84,4.79,0.40,0.28,-0.32,316,414,419,453,331
6.14,-5.48,5.62,0.28,0.38,-0.15,316,414,419,452,331
5.29,-5.20,5.48,0.30,0.29,-0.11,316,414,418,452,331
5.26,-4.79,5.47,0.24,0.27,-0.05,316,414,418,452,331
4.55,-5.09,5.84,0.28,0.22,-0.04,316,414,418,451,331
5.46,-5.05,6.63,0.30,0.24,-0.24,316,415,418,451,331
4.85,-4.61,6.38,0.23,0.17,-0.12,316,415,419,451,331
4.98,-4.80,6.35,0.19,0.19,-0.04,316,415,418,451,331
4.72,-4.71,7.12,0.26,0.14,-0.15,316,415,418,451,331
4.14,-4.67,7.41,0.18,0.16,-0.03,316,415,418,451,331
4.10,-4.20,6.55,0.06,0.07,-0.08,316,413,416,451,331
4.55,-4.43,7.30,0.19,0.07,-0.03,316,412,416,450,331
4.39,-4.58,7.24,0.10,0.09,-0.03,316,412,416,450,331
4.80,-4.33,7.49,0.09,-0.01,-0.16,316,412,416,450,331
4.83,-4.28,7.39,0.06,0.01,-0.08,316,411,416,449,331
END
4.81,-4.23,7.16,0.01,-0.04,-0.05,317,396,411,450,332
6.66,-6.55,-0.27,0.04,-0.02,-0.10,317,399,412,450,332
6.39,-6.86,-0.06,0.03,0.10,-0.06,317,400,412,450,332
7.07,-6.70,-0.14,0.04,-0.01,-0.11,317,400,411,450,332
6.28,-6.70,-0.48,0.02,0.06,0.02,317,400,411,450,332
6.47,-6.75,-0.32,0.08,-0.01,-0.10,317,400,411,450,332
6.21,-6.67,-0.80,-0.02,0.02,-0.11,317,403,418,456,333
6.40,-6.75,-0.67,0.12,0.09,-0.03,317,406,421,459,333
5.94,-6.74,-1.41,0.13,0.09,0.00,317,407,422,461,333
5.83,-6.83,-0.90,0.19,0.21,-0.01,317,407,421,461,333
5.16,-6.36,-1.35,0.12,0.15,0.05,317,408,421,460,333
5.73,-6.44,-0.90,0.19,0.36,0.14,317,406,418,456,334
5.88,-7.14,-0.19,0.28,0.23,-0.02,317,406,417,455,333
4.92,-6.71,0.60,0.24,0.30,-0.05,317,406,416,453,333
7.47,-6.93,3.48,0.51,0.40,-0.25,317,405,416,453,334
7.18,-6.30,3.47,0.39,0.39,-0.19,317,405,415,453,334
6.82,-6.03,5.01,0.22,0.38,-0.12,317,405,415,453,333
6.09,-5.44,3.88,0.18,0.11,-0.19,317,406,416,452,334
5.54,-5.17,3.95,0.07,0.23,-0.01,317,406,415,452,334
6.25,-5.44,5.13,0.23,0.19,-0.07,317,406,415,452,334
5.41,-4.92,3.56,0.11,0.14,-0.05,317,406,415,451,334
5.91,-4.99,5.00,0.38,0.30,-0.12,317,406,415,451,334
4.97,-4.97,5.57,0.31,0.30,-0.07,317,407,415,451,334
5.29,-4.73,5.98,0.18,0.23,-0.18,317,407,415,450,334
5.81,-4.72,6.34,0.10,0.18,-0.08,317,408,414,449,334
5.38,-4.99,6.44,0.11,0.19,-0.23,317,408,414,449,335
5.41,-4.84,6.20,0.07,0.10,-0.06,317,408,414,449,334
5.56,-4.86,6.12,0.19,0.17,-0.02,317,407,414,448,334
5.70,-4.51,6.53,0.15,0.09,-0.17,317,407,414,448,334
4.90,-4.41,6.12,0.15,0.15,-0.07,317,407,413,448,334
5.20,-4.25,6.21,0.11,0.08,-0.02,317,407,413,448,334
5.99,-4.13,6.56,0.14,0.05,-0.23,317,407,413,448,334
5.77,-4.05,6.65,0.13,0.11,-0.02,317,407,413,448,334
5.04,-3.95,6.86,0.08,0.01,-0.01,317,407,413,447,334
5.00,-4.08,6.65,0.11,0.00,-0.03,317,407,413,447,334
4.91,-4.18,6.81,0.07,0.02,-0.02,316,407,413,447,334
END
4.81,-4.22,7.01,0.07,0.01,0.01,317,395,406,442,337
6.78,-6.94,-0.90,0.00,-0.01,0.01,317,394,406,442,338
5.63,-7.11,-1.51,0.09,-0.00,-0.08,317,394,406,442,338
6.57,-7.00,-1.48,0.02,-0.05,-0.06,317,395,406,442,338
6.17,-6.79,-1.23,0.12,-0.00,-0.09,317,395,406,442,338
6.36,-7.03,-1.56,0.07,-0.02,-0.03,317,394,406,441,337
6.47,-7.26,-1.43,0.10,-0.01,-0.05,317,395,405,441,337
6.32,-7.10,-1.44,0.06,0.00,-0.03,317,395,405,441,337
6.14,-6.90,-1.69,0.10,0.00,-0.05,317,395,406,442,337
6.02,-7.01,-1.95,0.07,0.02,0.04,317,395,405,441,338
5.79,-7.25,-1.79,0.05,0.02,-0.01,317,395,405,441,339
6.05,-7.24,-1.84,0.08,0.01,0.03,317,395,405,442,340
5.56,-6.98,-2.26,0.07,-0.02,0.03,317,395,406,442,340
6.38,-7.20,-1.45,0.33,0.11,-0.00,317,395,406,442,339
5.94,-6.83,-1.10,0.36,0.14,-0.12,317,395,406,442,338
5.52,-6.88,-0.80,0.34,0.17,0.06,317,395,406,442,338
5.02,-6.89,-0.95,0.34,0.12,-0.08,317,396,405,442,337
5.53,-6.96,0.88,0.38,0.46,0.12,317,396,405,442,337
6.86,-7.59,1.93,0.53,0.27,-0.26,317,397,405,441,337
5.95,-6.49,1.76,0.24,0.36,-0.07,317,397,405,442,337
8.00,-7.12,4.50,0.45,0.41,0.08,317,396,405,441,337
4.49,-6.47,2.01,0.10,0.21,0.10,317,397,407,442,337
6.68,-6.81,4.36,0.38,0.30,-0.05,317,398,407,442,336
3.80,-6.11,2.59,0.08,0.20,0.11,317,399,407,442,336
5.74,-6.15,4.28,0.36,0.30,-0.13,317,398,407,441,335
5.26,-5.94,4.39,0.33,0.21,-0.14,318,399,407,441,335
6.27,-5.85,5.71,0.33,0.28,-0.14,317,398,406,441,335
4.24,-5.79,4.58,0.14,0.08,-0.04,318,399,406,441,335
4.01,-5.46,4.71,0.30,0.25,-0.03,318,399,406,441,334
4.46,-5.78,5.97,0.33,0.32,-0.15,318,399,406,441,334
5.20,-5.25,6.63,0.20,0.24,-0.14,318,399,406,440,334
4.85,-5.23,6.64,0.19,0.17,-0.13,318,399,406,440,334
4.67,-5.15,6.65,0.14,0.15,-0.11,318,399,406,440,334
4.66,-5.03,6.48,0.12,0.06,-0.09,318,399,406,440,334
3.83,-4.92,6.17,0.14,0.14,-0.04,318,399,406,440,334
4.26,-5.07,6.83,0.16,0.09,-0.06,318,399,406,440,334
END
4.08,-5.18,6.85,0.08,0.10,-0.03,324,425,432,468,332
6.28,-7.01,0.38,0.07,0.02,-0.01,324,424,431,468,332
6.04,-6.96,0.42,0.06,0.01,0.02,324,424,431,468,332
6.14,-6.98,0.45,0.11,0.01,-0.08,324,424,431,468,332
5.94,-7.18,0.55,0.06,0.07,0.04,325,424,431,468,332
6.16,-7.28,0.60,0.07,0.01,-0.03,325,424,431,468,332
5.75,-7.16,0.15,0.06,0.01,0.04,325,424,431,468,332
5.76,-7.15,-0.06,0.09,0.06,0.08,325,424,431,468,332
5.64,-7.25,0.38,0.11,0.16,0.05,325,423,431,468,332
5.19,-7.21,0.32,0.15,0.16,0.04,325,423,431,468,332
3.76,-7.60,1.07,0.29,0.24,0.05,324,422,429,467,332
5.41,-7.71,1.02,0.41,0.23,-0.10,323,420,427,466,333
5.02,-7.18,1.16,0.24,0.29,0.01,322,419,426,464,333
5.05,-6.87,1.16,0.27,0.10,-0.13,321,419,426,464,333
5.10,-6.60,2.20,0.30,0.23,-0.09,321,418,426,464,333
5.06,-6.21,3.10,0.33,0.26,-0.13,321,418,426,464,332
6.06,-6.12,4.57,0.42,0.39,-0.09,321,418,426,464,332
4.90,-5.67,3.89,0.35,0.20,-0.29,321,418,426,464,332
6.57,-5.56,6.55,0.45,0.33,-0.15,321,418,426,463,332
4.26,-5.36,4.50,0.15,0.21,-0.05,321,418,426,463,333
5.07,-5.15,5.19,0.34,0.22,-0.28,321,419,426,464,332
4.54,-4.59,5.89,0.30,0.30,-0.18,321,418,426,463,333
5.85,-4.21,7.00,0.29,0.27,-0.18,321,418,426,463,332
4.97,-4.16,6.93,0.31,0.13,-0.23,321,418,426,463,332
4.40,-4.07,6.10,0.34,0.26,-0.10,321,418,426,463,332
4.25,-4.04,6.54,0.35,0.34,-0.07,321,418,426,464,333
4.67,-3.93,7.59,0.31,0.28,-0.09,321,418,426,464,333
3.24,-3.96,8.18,0.16,0.34,0.00,320,418,425,463,332
4.35,-3.62,8.14,-0.06,0.08,-0.19,320,418,425,462,330
4.00,-3.42,7.98,0.05,0.11,-0.15,319,418,424,461,330
4.44,-3.07,7.98,0.08,0.09,-0.15,319,419,424,461,330
3.48,-3.42,8.13,-0.00,0.09,0.06,319,419,424,460,330
4.20,-3.28,7.89,0.10,-0.00,-0.12,318,419,424,460,330
3.05,-3.30,7.63,0.11,0.10,-0.03,318,419,424,460,330
3.47,-3.41,8.00,0.06,0.03,-0.02,318,418,424,460,330
3.65,-3.53,8.22,0.15,0.03,-0.09,318,418,424,459,330
END
3.50,-3.35,8.51,-0.02,0.05,-0.02,322,412,421,458,333
5.92,-7.28,-1.59,0.04,0.00,-0.06,322,412,421,458,333
5.56,-7.38,-1.74,0.06,0.03,0.00,322,412,420,458,334
5.97,-7.54,-1.59,0.07,-0.01,-0.04,322,412,420,458,334
5.56,-7.48,-1.49,0.06,0.02,-0.01,322,412,421,458,334
5.69,-7.21,-1.83,0.08,0.04,-0.05,323,412,420,458,334
5.37,-7.44,-2.23,0.13,0.11,-0.03,323,412,420,458,334
5.69,-7.83,-1.72,0.17,0.10,-0.05,323,412,421,459,334
5.51,-7.74,-1.85,0.21,0.16,0.06,323,412,421,459,334
5.37,-7.29,-2.27,0.16,0.02,-0.07,322,412,420,459,334
5.22,-6.82,-2.28,0.19,0.07,-0.00,322,411,420,459,335
5.13,-6.83,-1.90,0.28,-0.19,-0.30,322,411,420,459,336
6.25,-6.14,-0.80,0.72,0.31,-0.28,322,411,421,462,336
5.46,-6.19,1.12,0.46,0.38,0.07,322,411,421,461,336
5.13,-6.47,1.11,0.54,0.34,-0.07,322,411,421,462,336
6.13,-6.80,3.56,0.48,0.46,-0.04,322,411,421,461,336
5.96,-5.84,2.29,0.46,0.42,-0.13,322,411,421,461,336
6.01,-6.07,4.19,0.45,0.35,-0.10,322,411,421,461,336
7.09,-6.42,5.99,0.60,0.41,-0.18,322,411,421,460,336
5.33,-5.71,5.28,0.41,0.36,-0.11,321,411,421,460,335
5.05,-5.57,5.52,0.32,0.36,-0.15,322,410,421,460,335
5.64,-5.45,6.64,0.11,0.34,0.05,321,410,421,459,335
4.85,-4.91,5.52,-0.05,0.18,0.13,320,409,420,458,335
4.97,-5.41,6.20,0.16,0.07,-0.03,320,408,420,457,335
4.51,-5.14,6.17,0.20,0.12,-0.13,319,408,419,456,336
4.43,-5.05,5.94,0.08,0.04,-0.10,320,408,419,455,336
5.08,-5.02,5.93,0.19,0.11,-0.08,319,408,419,455,336
5.07,-4.81,6.55,0.29,0.18,-0.11,319,408,419,455,336
3.80,-4.71,6.58,0.25,0.30,-0.08,319,408,418,455,336
5.02,-4.34,7.02,0.16,0.17,-0.06,319,408,418,455,336
3.29,-4.87,7.28,0.25,0.26,0.01,319,408,418,455,335
4.13,-4.85,7.77,0.14,0.11,-0.07,318,408,418,454,335
3.84,-4.47,7.68,0.17,0.10,-0.10,318,408,418,454,335
4.29,-4.45,7.56,0.06,0.02,-0.02,318,407,418,454,335
3.96,-4.22,7.26,0.14,-0.03,-0.15,318,407,418,454,335
3.37,-4.11,7.50,0.05,0.06,0.00,318,407,418,454,335
END
4.08,-4.02,7.65,0.07,-0.04,-0.15,319,399,405,441,332
5.79,-7.60,-1.95,-0.14,-0.06,-0.10,319,399,405,441,332
6.24,-7.57,-2.59,-0.15,-0.16,-0.19,319,399,406,441,332
5.78,-7.00,-3.08,-0.08,-0.07,-0.04,319,399,407,441,332
5.17,-7.09,-3.01,0.02,-0.01,-0.01,319,399,406,441,332
5.37,-7.16,-2.91,0.04,-0.00,-0.03,319,399,406,441,332
5.64,-7.16,-3.39,0.13,0.07,-0.03,319,399,406,441,332
4.85,-6.86,-3.93,0.36,0.37,0.04,318,399,407,443,332
4.75,-7.44,-2.64,0.39,0.39,0.20,319,400,407,445,332
5.61,-7.90,-2.27,0.39,0.18,0.07,319,400,407,446,332
4.28,-7.33,-2.08,0.08,-0.10,0.19,319,400,406,446,334
6.09,-7.67,-0.11,0.44,0.05,-0.08,319,400,405,446,334
3.47,-6.76,-2.11,0.15,0.20,-0.09,319,400,406,447,334
3.71,-6.58,-0.27,0.62,0.36,-0.25,319,400,405,447,335
7.06,-7.31,0.06,0.95,-0.02,-0.50,319,402,407,449,334
5.94,-7.31,2.00,0.48,0.27,-0.12,318,402,407,449,334
6.23,-6.40,3.09,0.81,0.47,-0.13,318,401,407,448,334
4.87,-6.28,2.30,0.36,0.28,-0.08,318,401,408,449,333
6.88,-6.01,6.03,0.66,0.63,-0.12,318,401,409,450,332
5.38,-5.60,4.13,0.22,0.35,-0.01,318,405,413,454,330
6.53,-5.50,5.99,0.29,0.32,-0.19,318,405,411,450,329
4.39,-5.34,4.32,0.25,0.15,-0.20,318,406,411,450,329
5.97,-5.50,6.00,0.12,0.28,0.06,318,405,411,450,330
4.72,-5.26,5.30,0.18,0.10,-0.13,318,403,411,450,330
4.74,-4.84,4.30,0.24,0.25,-0.19,318,403,411,451,329
5.72,-4.97,6.73,0.27,0.44,-0.07,318,403,411,451,330
5.17,-4.54,6.63,0.31,0.17,-0.32,318,402,411,450,331
5.59,-4.32,7.12,0.07,0.24,-0.05,318,403,411,450,330
4.82,-4.50,6.40,0.14,0.07,-0.16,318,402,410,450,330
4.38,-4.34,6.51,0.05,0.10,-0.05,318,402,411,450,330
5.04,-4.22,7.01,0.13,0.08,-0.11,318,402,411,451,330
5.10,-4.08,6.96,0.08,0.00,-0.08,318,402,411,451,330
4.62,-4.31,7.16,0.06,-0.01,-0.07,318,402,411,451,331
5.19,-4.24,6.94,0.05,-0.02,-0.04,318,402,411,451,331
5.15,-4.49,7.09,0.02,-0.02,-0.04,318,402,411,451,331
4.66,-4.34,6.62,0.04,0.04,-0.03,318,402,411,451,330
END
4.63,-4.41,6.41,-0.17,-0.03,0.00,318,395,405,442,330
5.16,-7.11,-1.97,0.17,-0.01,0.10,318,394,405,442,330
5.53,-7.65,-1.42,0.10,0.10,0.02,318,393,403,441,330
5.96,-7.39,-1.77,0.08,0.01,-0.10,318,393,402,441,330
6.37,-7.65,-1.92,-0.02,0.00,-0.01,318,392,402,440,330
5.47,-7.34,-2.35,0.06,-0.02,-0.06,318,392,402,440,330
5.08,-7.81,-3.64,0.32,0.12,0.00,318,392,401,441,330
4.42,-7.39,-2.51,0.33,0.13,0.13,318,389,399,441,330
4.54,-7.44,-2.21,0.49,0.17,0.08,318,389,399,441,330
3.88,-7.16,-1.28,0.27,0.34,0.24,318,389,399,441,330
5.20,-7.23,-0.69,0.57,0.31,-0.01,318,389,399,442,330
4.94,-7.20,0.67,0.48,0.46,0.27,318,389,399,441,330
3.97,-7.63,1.13,0.54,0.27,-0.03,318,388,398,441,330
4.97,-8.00,3.27,0.49,0.19,-0.22,317,388,398,441,330
4.46,-7.39,2.89,0.38,0.20,-0.20,317,388,398,441,330
5.10,-7.24,3.66,0.43,0.15,-0.34,318,389,399,442,331
6.11,-6.71,4.08,0.35,0.27,-0.15,318,389,398,442,330
4.58,-6.25,3.19,0.36,0.28,-0.22,318,390,399,442,330
5.20,-6.15,5.51,0.54,0.44,-0.21,318,390,399,441,329
5.33,-5.79,5.51,0.21,0.17,-0.11,318,390,400,442,329
5.38,-5.43,5.90,0.35,0.23,-0.23,318,390,401,443,329
3.58,-5.34,5.37,0.30,0.29,-0.07,318,391,401,443,329
4.87,-4.68,7.02,0.41,0.32,-0.25,318,391,400,443,328
4.88,-4.56,7.19,0.19,0.25,-0.05,318,391,400,443,328
5.20,-4.29,6.79,0.15,0.07,-0.09,318,392,401,444,328
4.10,-4.57,6.69,0.07,0.07,-0.03,318,392,401,445,328
3.97,-4.63,6.86,0.12,0.11,-0.06,318,392,401,444,329
3.70,-4.66,6.67,0.22,0.19,-0.06,318,393,401,444,328
4.11,-4.38,7.14,0.19,0.20,-0.17,318,393,401,444,328
3.85,-4.22,7.16,0.05,0.18,-0.03,317,393,401,443,328
4.69,-4.11,7.62,0.09,0.01,-0.35,317,391,401,443,329
3.89,-4.05,6.88,0.12,0.04,-0.13,317,394,405,444,329
4.13,-4.15,7.43,0.06,0.03,-0.04,317,395,407,444,329
4.41,-4.11,7.44,0.02,-0.00,-0.03,317,395,407,444,329
3.98,-4.01,7.62,0.10,0.02,-0.05,317,396,407,444,329
3.63,-4.04,7.52,0.06,0.03,-0.07,317,396,407,444,329
END
4.33,-3.88,7.30,0.08,0.01,-0.06,318,394,403,440,342
6.63,-6.33,-1.76,0.06,-0.02,-0.10,318,394,402,439,342
6.75,-6.68,-1.66,0.03,0.07,0.03,318,393,402,439,341
6.79,-6.63,-1.94,0.02,0.05,-0.04,318,393,402,439,341
6.61,-6.47,-2.12,0.01,0.05,-0.01,318,393,402,439,341
7.16,-6.42,-2.02,0.05,0.03,0.05,318,393,401,438,341
7.07,-6.96,-1.60,0.07,-0.03,0.12,318,392,400,437,341
6.22,-6.65,-2.46,0.01,-0.14,-0.01,318,392,400,437,341
5.73,-6.78,-3.01,0.10,-0.00,0.05,318,392,400,437,341
5.94,-7.44,-2.95,0.23,0.11,0.02,318,392,400,439,340
6.18,-7.39,-2.02,0.74,0.55,0.08,318,391,400,441,339
5.89,-7.62,0.32,0.45,0.45,0.49,317,388,397,439,339
5.18,-7.32,-0.93,0.06,-0.17,0.07,317,388,397,438,339
5.05,-6.55,-0.88,0.28,0.18,0.09,318,387,398,438,339
3.57,-6.25,-0.65,0.38,0.37,0.09,318,387,398,439,338
5.53,-6.82,1.95,0.58,0.42,-0.12,318,387,397,439,337
5.51,-6.86,1.79,0.41,0.20,-0.21,318,387,397,439,337
5.67,-6.65,2.94,0.39,0.44,0.01,318,386,397,438,337
5.58,-6.27,2.65,0.25,0.33,0.09,318,387,398,437,337
4.90,-6.32,3.83,0.49,0.39,-0.18,318,387,398,437,337
4.89,-6.29,5.06,0.41,0.29,-0.12,318,388,399,437,336
5.87,-6.02,5.67,0.30,0.23,-0.14,318,387,398,437,336
5.56,-5.84,6.02,0.33,0.20,-0.36,318,387,398,437,336
4.69,-5.33,5.46,0.26,0.24,-0.26,318,388,397,436,336
5.58,-4.83,5.58,0.15,0.23,-0.14,318,388,397,437,336
5.86,-4.67,6.73,0.26,0.16,-0.27,317,392,398,438,336
5.18,-4.67,6.38,0.11,0.23,0.03,317,394,399,438,335
4.56,-4.98,6.30,0.20,0.14,-0.10,317,393,398,438,335
3.89,-4.73,6.24,0.12,0.27,-0.03,317,393,398,438,335
4.86,-4.58,7.18,0.18,0.14,-0.24,317,392,398,437,334
4.10,-4.26,6.90,0.11,0.25,0.07,317,392,397,437,335
4.29,-4.54,7.03,0.11,0.12,0.00,317,392,397,437,334
4.39,-4.41,7.09,0.18,0.13,-0.05,317,392,397,437,334
4.04,-4.27,7.09,0.22,0.14,-0.18,317,392,398,438,334
4.06,-4.34,7.62,0.15,0.13,-0.05,317,392,398,438,333
4.26,-4.16,7.83,0.15,0.06,-0.13,317,393,398,438,333
END
3.98,-4.02,7.37,0.08,0.01,-0.09,318,391,400,441,333
5.33,-7.41,-2.35,0.03,0.12,-0.01,318,391,400,441,333
5.81,-7.49,-2.11,0.06,0.04,-0.06,318,391,400,441,333
5.36,-7.57,-2.20,0.07,0.04,-0.02,318,391,400,441,333
5.31,-7.66,-2.25,0.11,0.06,-0.05,317,391,400,441,333
5.37,-7.63,-1.90,0.11,0.07,-0.06,317,391,400,441,333
5.28,-7.58,-1.87,0.11,0.05,-0.09,317,391,400,441,333
5.27,-7.47,-1.89,0.12,0.07,-0.10,317,391,401,445,333
5.25,-7.45,-1.77,0.14,0.14,-0.12,317,393,403,449,333
5.50,-7.48,-1.61,0.08,0.10,-0.04,317,392,402,448,333
5.47,-7.49,-1.78,0.11,0.09,-0.02,317,392,402,447,333
5.48,-7.57,-1.92,0.25,0.17,-0.06,317,392,402,447,333
5.69,-7.44,-1.59,0.22,0.22,0.03,318,392,402,447,333
5.24,-7.41,-1.44,0.33,0.19,-0.02,317,392,402,447,334
5.10,-7.39,-1.08,0.38,0.19,0.13,318,391,402,446,334
5.23,-7.83,0.43,0.56,0.43,0.19,317,391,401,446,335
4.36,-7.57,0.90,0.46,0.28,0.01,317,391,402,447,335
3.20,-7.12,0.99,0.65,0.69,-0.18,316,392,405,449,334
5.18,-6.71,3.24,0.75,0.76,-0.33,317,393,407,452,334
4.27,-6.42,4.57,0.33,0.56,-0.12,317,393,406,451,334
4.98,-5.58,5.03,0.46,0.27,-0.39,317,393,407,451,334
5.67,-5.74,6.43,0.42,0.33,-0.25,317,393,407,451,334
5.94,-5.58,6.65,0.21,0.25,-0.11,317,393,406,450,334
5.44,-4.64,6.52,0.30,0.22,-0.20,317,393,406,450,334
3.68,-4.97,6.03,0.29,0.38,0.10,317,392,406,450,334
3.89,-4.62,6.13,0.39,0.24,-0.18,317,392,406,450,334
3.94,-4.32,6.70,0.36,0.26,-0.23,317,393,406,449,334
3.70,-3.71,7.26,0.33,0.26,-0.18,317,393,406,449,334
4.27,-3.42,7.88,0.20,0.20,-0.18,317,392,406,449,333
4.57,-3.25,7.42,0.27,0.19,-0.22,317,392,405,448,334
4.71,-3.63,8.58,0.14,0.05,-0.36,317,392,406,448,334
4.24,-2.84,7.62,0.10,0.06,-0.22,317,393,406,447,334
3.91,-2.67,7.67,0.22,-0.02,-0.17,317,393,406,448,334
3.57,-3.05,7.85,0.15,0.29,0.09,317,393,406,447,334
3.82,-3.07,8.38,0.18,0.09,-0.20,317,393,406,447,334
4.19,-2.67,8.42,0.15,0.12,-0.09,317,393,406,447,334
END
3.40,-2.85,8.33,0.14,0.14,-0.02,318,385,394,435,334
5.68,-7.02,-1.22,0.03,-0.02,-0.06,318,385,394,435,334
6.41,-6.96,-1.15,0.03,0.02,-0.01,318,385,393,434,334
6.35,-6.97,-0.97,0.06,0.02,-0.05,318,385,394,434,334
6.31,-7.01,-0.93,0.07,0.00,-0.02,318,385,393,434,334
6.39,-7.03,-0.83,0.04,0.01,-0.03,318,384,393,434,335
6.10,-6.78,-1.48,0.09,0.05,-0.05,318,386,394,435,335
5.97,-7.16,-1.79,0.12,0.11,0.03,318,389,396,439,336
6.04,-7.64,-1.41,0.21,0.15,0.01,318,391,398,442,336
6.71,-7.85,0.88,0.60,0.53,-0.08,318,389,398,441,336
6.22,-7.16,0.06,0.00,0.32,0.04,318,388,399,442,336
5.89,-6.50,0.04,0.32,0.20,-0.18,318,388,400,443,336
4.53,-6.15,-0.30,0.13,0.39,0.13,318,392,404,448,336
5.04,-6.37,-0.12,0.53,0.33,-0.15,318,392,405,449,336
5.96,-6.48,2.33,0.56,0.56,-0.28,318,390,403,450,337
6.60,-6.21,4.04,0.64,0.72,-0.18,318,389,402,450,340
6.20,-5.97,4.75,0.25,0.20,-0.18,318,388,402,450,341
6.48,-6.21,4.89,0.17,0.21,-0.05,318,388,402,449,341
5.00,-5.65,3.73,0.14,0.04,-0.16,318,388,402,448,341
5.21,-5.65,4.41,0.16,0.15,-0.01,318,388,401,448,340
5.36,-5.00,4.62,0.47,0.25,-0.31,318,388,401,448,340
5.38,-4.23,5.19,0.43,0.32,-0.17,318,388,401,448,340
5.82,-3.76,6.10,0.51,0.29,-0.38,318,388,401,447,341
5.49,-3.50,6.93,0.36,0.45,-0.12,318,387,401,446,342
4.90,-3.39,7.59,0.42,0.43,-0.10,318,387,401,446,341
4.85,-3.14,7.82,0.20,0.29,-0.05,318,386,400,445,341
4.31,-2.89,6.93,0.21,0.21,-0.18,318,386,400,445,341
4.33,-2.58,7.43,0.07,0.11,-0.11,318,386,400,443,341
4.43,-2.53,8.02,0.15,0.11,-0.35,318,386,400,443,341
4.16,-1.98,7.62,0.20,0.25,-0.15,317,385,398,441,341
4.30,-2.29,8.41,0.10,0.13,-0.04,317,384,397,440,341
4.56,-2.27,8.10,0.17,0.09,-0.14,317,384,397,439,341
4.64,-2.49,8.31,0.19,0.13,-0.09,317,384,397,439,341
4.30,-2.61,8.55,0.09,0.07,-0.12,317,384,397,439,340
4.31,-2.30,8.20,0.12,0.02,-0.13,317,383,397,439,340
4.67,-2.33,8.48,0.10,0.08,-0.05,317,383,397,438,340
END
4.33,-1.78,8.26,0.08,0.03,-0.07,317,384,395,434,337
6.74,-6.73,-1.31,0.05,-0.06,-0.09,317,384,393,433,337
7.02,-7.36,-0.83,0.09,-0.00,-0.04,317,384,392,432,337
7.09,-7.33,-0.15,0.01,-0.02,-0.02,317,384,392,432,337
5.53,-6.69,-1.03,-0.05,-0.02,-0.03,317,383,392,432,337
6.15,-6.51,-1.62,0.05,0.01,-0.12,317,383,392,432,336
6.40,-6.61,-1.95,0.14,0.02,-0.05,317,383,392,432,336
6.93,-7.37,-1.89,0.12,0.10,-0.04,317,383,392,433,336
6.08,-7.24,-2.37,0.16,0.22,0.09,317,383,392,433,335
5.90,-7.18,-1.58,0.20,0.21,0.11,317,382,391,433,335
5.92,-6.41,-1.67,0.22,0.19,0.05,317,384,391,433,335
6.22,-6.47,-0.88,0.58,0.51,0.07,317,385,392,434,335
4.55,-6.94,0.03,0.34,0.48,0.12,317,386,392,434,335
5.92,-7.00,1.08,0.52,0.21,-0.16,317,385,392,435,335
5.07,-6.63,0.93,0.31,0.32,0.07,317,386,393,435,335
6.33,-6.31,3.42,0.32,0.49,0.04,317,385,393,434,336
4.91,-6.25,3.68,0.31,0.23,-0.17,316,385,392,434,336
6.17,-6.25,5.23,0.26,0.26,-0.13,317,384,392,433,337
5.16,-6.07,3.61,0.25,0.23,-0.17,317,383,392,433,337
5.41,-5.63,3.70,0.30,0.28,-0.28,317,383,391,432,337
6.13,-5.45,5.22,0.43,0.33,-0.33,316,382,391,432,337
5.38,-4.92,4.86,0.18,0.38,-0.00,316,382,391,431,337
6.88,-4.86,6.42,0.43,0.19,-0.28,317,382,391,431,337
5.10,-4.55,6.30,0.28,0.33,-0.07,316,382,391,431,336
4.84,-4.31,5.98,0.31,0.23,-0.20,316,382,391,431,336
4.86,-4.01,6.78,0.34,0.33,-0.13,317,382,391,431,336
5.17,-3.48,6.96,0.31,0.31,-0.18,317,382,391,431,336
5.33,-3.52,7.35,0.32,0.16,-0.26,317,382,390,431,336
4.23,-3.34,6.83,0.20,0.20,-0.06,317,382,391,431,337
4.56,-2.99,7.42,0.26,0.07,-0.29,317,382,391,431,337
5.00,-2.91,7.49,0.24,0.16,-0.14,317,382,391,431,337
5.33,-3.04,8.33,0.20,0.03,-0.21,317,382,390,431,337
4.29,-2.48,7.43,0.18,0.08,-0.09,317,382,391,431,336
5.34,-2.79,8.61,0.14,0.00,-0.12,317,382,391,431,337
4.68,-2.68,8.15,0.10,0.03,-0.02,317,382,391,431,337
4.77,-2.63,7.67,0.02,-0.02,0.00,317,382,391,431,336
END
4.45,-2.32,7.39,0.07,0.03,-0.02,318,374,386,426,341
5.56,-7.14,-2.30,0.17,0.10,-0.02,318,375,386,427,341
6.20,-7.62,-1.64,0.12,0.08,-0.12,318,374,386,427,341
6.37,-7.39,-1.66,0.06,0.13,-0.02,318,374,386,427,340
6.20,-6.64,-2.30,0.03,0.07,-0.01,318,374,386,426,340
6.26,-6.41,-2.33,0.15,0.07,0.01,318,374,386,426,340
6.50,-6.97,-1.79,0.23,0.13,0.08,318,375,386,427,340
6.63,-7.38,-1.03,0.13,0.10,0.08,318,374,386,427,340
5.71,-7.62,-0.91,0.19,0.15,0.11,318,375,386,427,340
6.45,-7.55,-0.32,0.11,0.04,-0.04,318,375,386,427,340
5.74,-7.65,-0.80,-0.01,0.02,0.04,318,375,386,427,340
4.80,-7.60,-2.70,0.01,0.02,-0.00,318,376,387,428,340
5.89,-7.91,-2.50,0.21,0.14,-0.09,318,376,387,429,339
3.83,-7.18,-3.32,0.39,0.37,-0.05,318,377,388,431,338
4.44,-6.66,-1.60,0.42,0.42,-0.04,318,377,388,431,338
5.48,-6.85,0.34,0.68,0.43,-0.06,318,376,387,431,337
5.70,-6.34,1.68,0.38,0.26,-0.12,317,376,387,430,337
7.22,-6.42,4.28,0.56,0.31,-0.15,317,375,387,429,337
5.31,-5.66,1.53,0.35,-0.01,-0.18,317,375,386,429,337
7.03,-5.99,3.60,0.49,0.17,-0.26,317,375,386,429,336
5.29,-6.13,2.96,0.40,0.11,-0.25,317,376,386,429,336
6.52,-5.64,4.90,0.46,0.41,-0.14,317,376,386,428,335
6.37,-4.95,4.49,0.28,0.16,-0.17,317,375,386,428,335
6.07,-4.71,5.04,0.42,0.25,-0.35,317,376,386,428,335
4.68,-4.52,4.88,0.32,0.39,-0.06,317,376,386,427,335
5.51,-4.20,6.30,0.29,0.40,-0.15,317,376,386,427,335
5.66,-4.24,7.02,0.27,0.33,-0.35,317,376,386,427,335
6.20,-3.32,6.84,0.25,0.23,-0.35,317,376,386,426,335
5.78,-3.42,7.14,0.20,0.22,-0.07,317,376,386,426,334
5.13,-3.60,7.27,0.18,0.22,-0.05,317,376,386,426,335
4.76,-3.66,7.42,0.17,0.22,0.04,317,376,386,426,335
5.32,-3.29,7.15,0.11,0.06,-0.14,317,377,386,426,335
6.28,-3.03,7.55,0.15,0.13,0.07,317,377,386,426,335
4.41,-3.24,7.09,0.08,0.26,0.10,317,377,386,425,335
4.05,-3.11,7.72,0.14,0.09,-0.09,317,377,386,425,335
5.03,-2.85,7.51,0.12,0.04,-0.12,317,377,386,425,335
END
4.55,-2.99,7.83,0.14,-0.06,-0.14,318,376,386,425,338
7.02,-7.32,1.13,-0.04,-0.08,-0.13,318,376,386,425,339
6.56,-6.91,0.50,-0.00,-0.10,-0.02,318,376,386,425,340
5.75,-6.86,0.02,-0.03,-0.07,-0.04,318,376,386,425,340
5.97,-6.58,-0.16,0.05,0.03,-0.05,318,376,386,425,340
6.58,-6.93,0.05,0.12,0.10,-0.05,318,376,386,425,340
6.98,-7.00,0.02,0.18,0.10,-0.10,318,376,387,426,340
5.73,-6.65,-0.21,0.33,0.19,-0.06,318,376,387,427,339
5.65,-6.53,0.77,0.29,0.34,0.00,318,376,387,427,339
5.64,-6.87,1.20,0.23,0.25,0.01,318,376,387,428,339
7.95,-7.05,2.28,0.39,0.22,-0.17,318,375,387,428,339
5.95,-6.96,1.85,0.04,0.15,0.12,318,375,387,429,339
6.69,-6.85,2.61,0.25,0.05,-0.14,318,375,387,428,339
5.02,-6.20,1.41,0.21,0.12,-0.03,318,376,388,429,338
6.65,-5.84,2.99,0.59,0.38,-0.19,317,376,388,430,337
4.58,-5.38,2.61,0.23,0.27,-0.16,317,377,388,429,337
5.94,-4.97,4.33,0.35,0.06,-0.30,318,376,388,429,337
6.39,-4.78,5.69,0.30,0.12,-0.10,317,376,388,429,338
5.43,-4.70,5.62,0.35,0.22,-0.20,317,376,387,428,338
5.48,-4.74,5.83,0.23,0.18,-0.19,317,376,387,428,338
7.16,-4.40,6.00,0.22,0.05,-0.37,317,375,387,427,338
5.71,-4.37,5.20,0.07,0.42,0.03,317,375,387,427,337
5.24,-4.11,5.60,0.26,0.24,-0.25,317,374,387,427,337
5.92,-3.55,6.14,0.27,0.35,-0.11,317,374,387,427,337
5.86,-3.19,7.31,0.23,0.23,-0.17,317,374,386,427,337
4.96,-3.55,6.88,0.18,0.27,-0.13,317,373,386,427,336
4.71,-3.14,6.60,0.23,0.18,-0.22,317,373,386,426,337
4.99,-3.12,7.09,0.19,0.10,-0.25,317,373,386,426,337
5.56,-3.00,7.49,0.10,0.13,-0.13,318,372,386,426,337
4.81,-2.68,7.23,0.00,0.04,0.01,317,372,386,426,337
4.64,-3.01,7.53,0.00,-0.02,-0.03,317,372,385,426,337
5.36,-2.55,7.69,0.04,-0.04,-0.11,318,372,385,425,337
5.34,-2.56,7.29,0.09,0.04,-0.05,317,372,385,425,337
4.74,-3.19,7.01,0.00,0.05,-0.02,317,373,385,425,337
5.62,-3.15,6.89,0.01,-0.14,-0.11,317,373,385,425,337
5.46,-2.89,7.34,0.04,-0.03,-0.03,317,374,385,425,337
END
5.66,-2.61,7.34,0.01,-0.08,0.01,317,375,381,423,335
6.27,-7.02,0.14,0.14,-0.03,-0.05,317,374,381,423,336
6.17,-7.31,0.58,0.09,-0.01,-0.02,318,374,381,423,335
6.50,-7.38,0.36,0.03,-0.03,-0.04,318,374,381,423,335
6.14,-7.14,0.19,0.01,0.01,-0.02,317,374,381,423,335
5.90,-6.98,-0.19,0.03,-0.02,-0.05,318,374,381,423,335
6.25,-7.10,-0.80,0.13,0.13,0.01,318,374,381,424,335
5.42,-7.24,-1.27,0.20,0.18,-0.03,318,374,381,425,335
4.41,-6.78,-1.21,0.23,0.31,-0.03,318,374,381,425,335
6.03,-6.91,-0.57,0.30,0.18,-0.31,317,372,380,425,334
5.59,-6.48,0.59,0.37,0.21,-0.29,317,370,379,423,335
7.70,-6.06,3.48,0.48,0.39,-0.19,317,369,378,423,335
7.47,-5.55,3.47,0.38,0.16,-0.18,317,369,378,422,335
5.97,-5.40,3.48,0.44,0.42,-0.08,317,368,378,422,335
7.82,-5.48,4.11,0.58,-0.06,-0.41,317,368,378,422,333
6.63,-5.47,4.11,0.30,0.31,-0.11,317,368,378,422,332
7.14,-4.67,5.39,0.25,0.16,-0.17,317,368,378,422,332
6.07,-4.57,4.29,0.05,0.31,0.05,317,367,378,421,333
6.65,-4.19,5.38,0.28,0.10,-0.29,316,368,378,421,332
5.83,-3.77,4.75,0.26,0.17,-0.29,316,368,378,421,332
6.42,-3.71,5.06,0.31,0.15,-0.24,316,368,378,421,332
7.39,-3.04,6.06,0.28,0.12,-0.35,316,367,378,421,333
5.56,-3.09,5.72,0.22,0.36,-0.00,316,367,378,421,333
6.02,-2.94,6.06,0.22,0.25,-0.07,317,367,378,421,333
6.05,-2.85,6.86,0.17,0.35,-0.06,317,368,378,420,333
5.08,-2.60,6.99,0.14,0.32,-0.12,317,368,378,420,333
5.70,-2.27,7.55,0.23,0.19,-0.34,317,368,378,420,333
4.34,-1.95,6.81,-0.00,0.30,-0.04,317,368,379,420,333
5.70,-1.71,7.18,0.23,0.12,-0.34,317,368,379,420,333
5.23,-1.50,7.64,0.13,0.30,-0.02,317,369,378,420,333
4.29,-1.77,7.86,0.20,0.30,-0.02,317,369,379,420,333
5.21,-1.72,8.12,0.20,0.01,-0.31,316,369,378,420,332
5.18,-1.41,8.11,0.06,0.23,0.09,317,369,379,420,332
4.65,-1.70,8.20,0.08,0.14,-0.06,317,369,378,420,333
5.63,-1.48,8.46,0.03,0.02,-0.02,317,370,378,420,332
4.92,-1.48,8.33,0.04,-0.06,-0.01,317,369,379,420,332
END
4.49,-1.54,7.85,0.02,-0.06,0.06,317,382,387,431,338
5.82,-7.03,-0.82,0.01,-0.03,-0.00,316,382,387,431,337
6.25,-7.03,-0.78,0.04,-0.07,-0.08,317,382,387,431,337
5.87,-7.08,-0.82,0.05,0.01,0.01,317,381,387,431,336
6.27,-7.26,-0.50,0.07,-0.03,-0.05,317,382,389,433,336
6.29,-7.27,-0.61,0.06,0.01,-0.03,317,394,402,443,336
5.81,-7.21,-0.97,0.11,-0.03,-0.11,318,404,410,449,336
6.37,-7.37,-0.96,0.10,0.04,0.01,318,405,412,450,337
5.58,-7.39,-1.79,0.10,-0.02,-0.01,318,404,412,451,336
5.81,-7.61,-1.32,0.24,0.12,0.00,318,404,411,451,335
5.73,-7.94,-0.45,0.24,0.23,0.15,318,403,411,451,335
5.89,-7.72,-0.62,0.16,0.16,0.07,318,402,410,451,334
7.01,-7.88,1.13,0.17,0.10,0.29,318,402,412,454,334
3.92,-6.88,-1.39,0.00,0.25,0.32,318,403,415,458,334
4.54,-7.16,0.63,0.49,0.11,-0.14,318,403,416,459,334
3.02,-6.67,0.47,0.30,0.49,0.11,318,403,416,459,334
4.11,-7.49,1.76,0.43,0.48,-0.15,318,402,415,459,333
5.86,-6.97,3.14,0.32,0.35,-0.35,317,402,415,458,332
5.23,-6.93,4.03,0.25,0.39,-0.09,317,401,414,457,332
5.05,-6.58,4.08,0.25,0.12,-0.19,317,400,414,456,332
5.01,-6.42,4.39,0.15,0.15,0.01,317,400,415,456,331
4.17,-6.38,4.28,0.35,0.22,-0.03,316,399,415,456,331
5.51,-6.57,5.26,0.29,0.23,-0.00,316,399,414,455,331
3.83,-6.18,4.57,0.30,0.18,-0.09,316,399,414,454,331
4.70,-6.38,5.50,0.24,0.28,0.02,316,398,413,454,331
5.28,-5.99,5.87,0.36,0.13,-0.36,316,398,413,453,331
4.34,-5.47,5.32,0.25,0.19,-0.30,316,398,413,453,331
4.32,-5.18,6.35,0.33,0.25,-0.20,316,398,413,453,332
5.33,-5.19,6.88,0.20,0.19,-0.17,316,397,412,453,331
5.07,-4.91,6.41,0.18,0.05,-0.16,316,397,413,453,331
3.54,-4.77,5.70,0.14,0.10,-0.17,316,398,413,453,331
3.69,-4.54,6.60,0.26,0.17,-0.20,317,398,413,453,331
4.47,-4.29,6.81,0.23,0.23,-0.05,316,398,413,453,331
4.08,-4.47,7.03,0.11,0.11,-0.11,317,398,412,452,331
3.78,-3.95,6.88,0.26,0.08,-0.25,316,398,412,452,331
4.51,-4.07,7.24,0.13,0.13,-0.05,317,397,412,452,331
END
4.63,-4.00,7.50,0.17,0.01,-0.15,316,386,403,446,332
7.21,-6.45,0.69,0.02,-0.04,-0.04,317,386,403,446,332
6.76,-6.42,0.54,0.00,-0.09,-0.02,317,386,403,446,333
6.70,-6.30,0.06,-0.01,-0.08,0.01,317,386,403,446,333
6.71,-6.49,-0.38,0.07,-0.06,-0.05,317,386,403,446,333
7.17,-6.63,-0.62,0.07,-0.06,0.01,317,386,403,447,333
6.76,-6.49,-0.39,0.12,0.04,0.07,317,386,403,447,333
6.54,-6.53,-0.04,0.22,0.07,0.05,317,386,403,447,333
6.73,-6.46,-0.01,0.40,0.22,0.28,317,386,403,448,333
6.18,-7.29,0.38,0.31,0.02,0.14,317,386,404,449,333
6.40,-7.69,0.69,0.69,0.29,-0.09,317,386,404,450,333
4.11,-6.94,0.72,0.28,0.49,0.20,317,387,404,450,333
5.18,-6.83,1.79,0.35,0.20,-0.22,317,386,404,450,332
3.63,-5.89,0.33,-0.04,0.31,-0.01,317,385,403,448,332
4.39,-5.02,2.25,0.34,0.15,-0.44,317,385,403,448,332
4.63,-4.46,2.77,0.29,0.37,-0.38,317,386,403,448,332
7.03,-4.29,6.37,0.61,0.47,-0.55,317,385,403,447,332
6.53,-3.80,5.54,0.25,0.24,-0.51,317,385,404,447,333
7.76,-4.06,6.04,0.18,0.24,-0.18,317,385,404,446,333
5.62,-3.51,4.59,0.37,0.28,-0.32,317,386,405,447,333
6.24,-3.02,6.17,0.37,0.51,-0.12,317,386,404,446,333
5.69,-2.94,8.02,0.39,0.56,-0.24,317,386,403,445,332
6.27,-2.46,8.56,0.28,0.44,-0.12,317,386,404,445,333
6.03,-2.55,8.15,0.06,0.18,-0.06,317,387,403,445,333
6.23,-2.63,8.20,0.07,0.03,-0.09,317,387,404,445,333
5.20,-2.58,7.13,0.00,0.01,-0.03,316,387,403,445,333
5.28,-2.69,7.52,0.11,0.08,-0.13,317,387,403,444,333
5.08,-2.48,7.21,0.09,0.05,-0.06,317,387,403,444,333
5.03,-2.70,7.45,0.04,0.06,-0.03,317,387,403,444,334
5.25,-2.36,7.31,0.04,0.07,-0.04,317,387,403,444,334
5.75,-2.53,7.39,0.02,-0.01,-0.07,317,387,403,444,334
5.33,-2.54,7.15,-0.02,-0.01,-0.00,317,388,403,444,334
5.48,-2.48,7.37,0.05,-0.03,-0.08,317,388,403,444,334
5.15,-2.39,7.11,-0.01,0.02,0.05,317,388,403,444,334
5.29,-2.49,7.10,0.04,-0.03,-0.07,316,388,402,444,334
4.89,-2.51,6.88,-0.00,-0.00,0.01,317,387,402,444,334
END
4.85,-2.71,7.19,0.03,-0.03,-0.07,317,388,400,443,335
6.25,-6.90,-0.20,0.06,-0.03,0.00,317,389,400,443,335
6.64,-7.08,-0.29,0.03,-0.07,-0.05,317,389,400,443,335
6.11,-7.29,-0.52,0.05,-0.02,-0.01,317,389,401,443,335
6.60,-7.29,-0.51,0.07,-0.05,-0.04,317,389,401,443,336
6.75,-7.48,0.14,0.19,0.17,0.01,317,388,401,444,335
6.09,-7.24,-0.22,0.03,0.05,0.07,317,389,401,444,337
5.74,-6.88,-1.00,0.12,-0.00,-0.09,316,389,402,445,338
5.69,-6.78,-0.57,0.35,0.27,-0.11,317,389,402,446,338
5.78,-7.24,0.31,0.31,0.37,-0.00,316,388,402,446,338
5.18,-6.93,0.65,0.19,0.23,-0.14,316,387,402,446,337
7.40,-6.18,2.10,0.51,0.06,-0.40,317,385,402,446,336
6.15,-6.29,2.08,0.24,0.38,0.05,317,384,401,446,336
6.20,-5.59,2.97,0.46,0.10,-0.30,317,383,401,445,336
4.90,-5.28,1.80,0.20,0.20,-0.12,317,385,401,445,336
6.93,-4.58,4.87,0.65,0.23,-0.48,317,389,403,446,336
4.88,-4.58,3.20,0.43,0.44,-0.13,317,394,407,449,336
8.00,-4.81,5.75,0.35,0.23,-0.20,317,393,406,448,334
5.83,-4.64,4.93,0.09,0.18,-0.12,316,393,405,447,333
5.48,-4.31,5.02,0.22,0.17,-0.15,317,392,405,447,334
6.54,-4.00,6.27,0.20,0.31,-0.20,317,392,404,446,335
5.79,-3.42,6.86,0.33,0.38,-0.32,317,391,404,445,335
6.14,-3.35,6.51,0.10,0.31,-0.17,316,391,403,445,334
6.04,-3.49,6.65,0.16,0.22,-0.19,317,392,404,445,334
6.65,-3.47,6.91,0.09,0.26,-0.04,317,390,403,444,334
5.35,-3.12,7.39,0.11,0.25,-0.09,317,388,403,444,335
4.52,-2.93,6.40,0.14,0.20,0.01,317,388,403,444,335
6.26,-2.74,7.31,0.18,0.30,-0.03,316,389,403,444,335
4.87,-2.46,6.86,0.19,0.00,-0.22,317,389,402,443,335
5.92,-2.93,7.59,0.20,0.04,-0.19,317,388,402,443,335
4.54,-2.83,6.86,0.14,0.13,0.02,317,388,402,443,335
4.88,-2.74,7.34,0.04,0.08,-0.04,316,389,402,442,334
5.69,-2.54,7.95,0.18,0.08,-0.12,316,389,402,442,334
5.20,-2.38,7.24,-0.01,0.04,0.06,317,389,402,442,334
5.36,-2.58,7.68,0.04,-0.05,-0.09,317,389,402,442,334
5.00,-2.31,7.29,0.01,-0.01,0.03,317,389,402,442,334
END
4.98,-2.46,7.47,0.02,-0.04,0.04,316,381,393,432,337
5.91,-6.51,-1.13,0.11,-0.00,-0.02,317,381,393,432,337
6.79,-6.58,-0.70,0.05,0.01,-0.02,317,381,393,432,337
5.81,-6.70,-1.44,0.17,0.09,-0.10,317,381,393,433,337
6.97,-6.85,-0.59,0.44,0.28,-0.08,317,381,393,434,337
6.92,-6.91,0.94,0.17,0.22,0.09,316,381,392,434,337
6.12,-6.63,-0.60,0.09,-0.01,-0.10,316,381,393,435,337
5.72,-6.68,-0.94,0.19,0.13,-0.06,317,381,393,435,337
5.15,-6.81,-0.67,0.45,0.54,-0.02,317,382,394,437,337
6.04,-6.24,-0.58,0.84,0.77,-0.27,317,387,402,446,336
6.17,-5.76,3.17,0.86,1.29,0.08,317,385,400,444,335
5.54,-5.28,4.87,0.40,0.23,-0.14,317,385,399,443,334
7.10,-5.08,5.56,0.39,0.24,-0.10,317,384,398,442,334
3.91,-4.65,4.64,0.36,0.03,-0.35,317,385,398,441,332
5.60,-4.45,5.39,0.42,0.30,-0.17,317,385,398,441,331
5.37,-3.57,6.78,0.34,0.24,-0.25,317,385,398,440,331
7.12,-3.19,7.88,0.37,0.32,-0.24,317,384,397,440,332
5.29,-3.23,7.10,0.23,0.20,-0.12,317,384,398,439,332
4.86,-3.75,7.39,0.15,0.22,-0.03,316,384,397,438,332
4.72,-2.73,6.65,0.28,0.31,-0.12,317,384,398,438,332
5.50,-3.14,8.01,0.13,0.25,-0.15,317,384,398,438,332
4.51,-2.58,7.43,0.06,0.20,-0.09,316,384,398,437,331
4.19,-2.54,7.09,0.08,0.24,0.12,316,384,398,438,331
4.41,-2.64,7.70,0.11,0.10,-0.04,316,385,397,438,330
4.62,-2.58,7.85,0.12,0.15,-0.06,316,385,398,437,330
3.28,-2.38,7.10,0.16,0.04,-0.06,316,388,400,439,330
3.92,-2.73,8.31,-0.01,-0.02,0.07,316,388,400,438,330
4.44,-2.74,8.57,0.12,0.01,-0.23,316,388,400,438,330
4.75,-2.21,7.59,0.06,-0.01,-0.11,316,387,400,437,330
4.72,-2.80,8.19,0.08,0.05,0.02,316,387,399,437,330
4.03,-2.68,8.10,0.14,-0.01,-0.13,316,388,399,437,331
4.96,-2.68,8.00,0.13,0.01,-0.06,316,388,399,437,330
4.52,-2.45,7.80,0.04,-0.03,-0.04,317,388,399,437,330
4.54,-2.54,7.66,-0.01,-0.07,-0.02,316,388,399,437,331
4.50,-2.31,7.96,0.09,0.01,-0.09,316,388,399,437,331
4.15,-2.28,7.85,-0.02,0.03,0.06,316,388,399,437,331
END
4.97,-2.24,7.99,0.04,-0.09,-0.08,318,363,383,424,335
6.12,-6.58,-1.23,0.06,-0.06,0.02,318,373,387,426,336
6.06,-6.99,-1.03,0.06,-0.10,0.05,319,382,390,429,336
7.17,-7.31,0.00,0.03,-0.03,0.06,319,387,392,430,336
7.29,-6.95,-0.37,-0.00,-0.01,0.05,319,387,393,431,336
6.05,-6.68,-0.34,-0.07,-0.03,0.19,319,385,392,430,336
5.41,-6.38,-1.49,0.05,0.03,-0.03,319,383,391,430,336
6.22,-6.83,-1.69,0.24,0.27,0.13,319,381,391,430,336
4.52,-7.61,-0.93,0.25,0.46,0.36,319,381,391,431,336
5.64,-7.42,-0.38,0.34,0.30,-0.07,319,381,392,432,336
7.15,-7.37,1.63,0.16,0.26,-0.05,319,380,391,431,337
4.42,-6.33,0.03,0.36,0.15,-0.29,319,381,391,432,336
7.15,-6.75,2.54,0.56,0.20,-0.23,319,380,389,431,336
4.96,-6.32,1.06,0.27,0.22,-0.01,318,382,389,431,335
6.94,-6.29,3.78,0.51,0.17,-0.34,318,381,389,430,335
4.97,-5.58,2.48,0.31,0.22,-0.07,318,380,388,430,334
6.68,-5.74,5.27,0.53,0.16,-0.23,318,379,388,429,334
5.89,-5.33,5.17,0.28,0.19,-0.20,318,379,388,428,334
6.54,-5.08,4.62,0.26,0.15,-0.18,318,379,388,428,334
5.97,-4.76,3.57,0.12,0.02,-0.08,318,379,388,428,334
6.09,-5.18,5.81,0.44,0.16,-0.21,318,380,388,427,334
5.70,-4.68,5.42,0.14,0.28,-0.10,318,380,387,427,334
6.55,-4.82,6.41,0.11,0.18,-0.07,317,379,386,425,334
5.98,-4.23,5.71,0.15,0.15,-0.13,317,379,385,425,334
5.89,-4.16,5.56,0.21,0.13,-0.28,317,379,385,425,334
4.93,-4.12,5.73,0.11,0.27,0.09,317,379,385,425,334
5.30,-4.68,6.56,0.20,0.22,-0.14,317,379,385,424,334
6.70,-4.11,6.61,0.07,0.02,-0.17,317,379,385,425,334
6.27,-3.99,6.17,0.01,-0.10,-0.09,317,379,385,424,334
5.26,-4.01,5.81,0.03,0.03,0.01,317,378,385,424,334
5.73,-4.14,6.12,0.17,0.06,-0.13,317,379,385,424,334
5.89,-3.88,6.30,0.09,0.10,-0.03,317,379,385,424,333
5.79,-3.78,6.47,0.04,0.01,-0.00,317,378,385,424,334
5.88,-3.83,5.93,0.05,-0.06,-0.02,317,378,384,424,333
5.25,-4.01,6.35,0.08,0.01,0.03,317,379,385,424,333
5.79,-3.94,6.30,0.08,0.02,-0.04,317,379,385,424,333
END
4.97,-3.89,6.05,0.04,0.08,0.08,317,362,377,419,338
7.18,-6.22,0.32,0.08,0.11,0.07,317,362,377,419,338
7.65,-6.34,0.95,0.14,0.15,0.02,317,360,374,416,339
7.66,-6.45,1.01,0.00,-0.03,-0.02,317,358,373,414,338
7.40,-6.32,1.03,0.01,-0.02,0.03,317,358,372,414,338
7.22,-6.34,0.11,0.04,-0.06,-0.03,317,358,372,414,338
6.70,-6.55,-1.13,0.01,-0.04,0.05,317,358,373,414,338
7.70,-6.53,-0.68,0.33,0.05,0.08,318,360,374,416,338
5.61,-6.12,-0.39,0.46,0.31,0.38,317,362,375,418,338
7.13,-6.91,2.81,0.72,0.28,-0.11,317,361,375,419,335
5.00,-6.27,1.51,0.20,0.38,0.19,317,360,374,418,334
4.31,-5.98,0.78,0.24,0.11,-0.05,317,360,374,418,334
5.21,-6.02,2.69,0.45,0.21,-0.22,317,359,374,418,334
4.44,-5.24,2.15,0.37,0.28,-0.37,317,360,375,419,334
8.03,-4.57,5.08,0.54,0.09,-0.69,317,359,374,419,334
5.92,-4.37,4.64,0.19,0.25,-0.06,317,361,375,420,333
8.04,-4.36,6.00,0.37,0.37,-0.22,317,361,375,419,333
7.17,-4.31,6.09,0.13,0.20,-0.11,317,361,376,420,332
6.99,-4.13,5.77,0.14,0.16,-0.12,317,364,379,423,332
6.61,-4.16,5.60,0.05,0.22,0.04,317,365,381,424,331
6.12,-3.96,5.38,0.05,0.23,0.12,317,368,384,427,330
4.70,-4.31,5.64,0.06,0.31,0.16,317,370,384,428,330
5.78,-4.26,6.04,0.11,0.27,-0.04,317,373,386,429,329
3.98,-4.41,6.58,0.09,0.40,-0.04,318,373,386,429,328
6.90,-4.02,7.37,0.09,0.09,-0.36,318,374,387,429,328
5.71,-3.99,6.92,-0.00,0.31,0.15,318,374,387,429,328
4.87,-4.01,6.92,0.02,0.23,0.12,318,374,387,428,327
4.52,-4.19,7.03,0.15,0.25,0.10,318,374,386,428,327
4.70,-4.37,7.14,0.08,0.08,0.08,318,375,386,428,328
4.21,-4.26,7.10,0.05,-0.03,0.01,318,374,386,427,327
3.78,-4.37,6.89,0.10,-0.01,-0.09,317,374,386,427,328
3.86,-4.31,7.08,0.04,0.03,-0.02,317,373,386,428,328
3.77,-4.34,6.89,0.08,0.03,-0.07,317,374,386,428,328
4.66,-4.24,7.26,0.04,-0.02,-0.10,317,374,386,428,328
3.72,-3.87,6.83,0.04,0.02,0.01,317,374,386,428,328
4.12,-4.46,6.91,-0.01,0.01,-0.01,317,374,386,427,328
END
3.33,-5.00,7.08,0.10,0.00,-0.03,321,409,412,467,327
5.21,-7.73,-1.54,-0.02,-0.06,-0.02,321,410,412,467,327
5.57,-7.62,-1.68,0.05,0.06,-0.05,321,410,412,466,327
5.85,-7.80,-1.39,0.01,0.04,0.02,321,409,411,466,327
5.84,-7.91,-1.26,-0.02,-0.08,0.06,321,409,411,466,327
5.66,-7.80,-1.22,-0.12,-0.27,0.02,320,408,410,465,327
5.39,-7.59,-1.92,-0.17,-0.18,0.04,320,408,410,465,327
4.44,-7.65,-3.17,-0.02,0.00,0.03,319,408,409,464,327
4.18,-7.82,-3.11,0.05,0.11,0.04,319,407,408,464,327
4.67,-8.22,-2.55,0.20,0.23,0.08,318,406,407,464,327
5.94,-8.69,-1.92,0.14,0.27,0.18,318,404,406,464,327
6.35,-8.66,-0.23,-0.03,0.11,0.27,317,402,406,462,327
4.44,-7.66,-2.59,-0.21,-0.33,-0.02,317,401,406,461,326
4.21,-7.29,-3.21,-0.08,-0.18,0.12,317,401,405,461,326
3.17,-6.95,-3.03,0.21,0.03,0.13,317,401,405,461,326
2.37,-6.98,-3.53,0.42,0.17,0.02,317,401,405,462,326
3.45,-8.00,-1.06,0.66,0.52,0.16,317,400,405,462,326
4.29,-8.62,-0.88,0.32,0.17,-0.20,317,400,404,461,326
4.84,-8.66,2.05,0.45,0.42,-0.01,317,399,404,461,325
4.03,-7.75,-0.85,0.35,0.05,-0.44,317,399,404,461,326
3.94,-7.58,1.03,0.20,0.43,-0.16,317,400,404,461,326
5.80,-7.92,2.57,0.45,0.07,-0.58,317,399,404,460,326
7.18,-7.00,1.59,0.25,0.16,-0.46,317,399,403,460,326
5.89,-6.73,3.70,0.42,0.33,-0.21,317,399,403,459,327
5.66,-6.32,3.29,0.41,0.33,-0.12,317,398,403,460,327
5.50,-6.39,3.70,0.37,0.22,-0.03,317,399,403,459,327
5.69,-6.36,4.41,0.35,0.19,-0.06,317,398,403,459,327
5.35,-5.31,2.72,0.32,0.09,0.05,317,398,402,459,327
4.93,-6.55,4.94,0.51,0.44,0.43,317,398,402,458,327
1.93,-6.90,5.48,0.36,0.54,0.11,317,398,402,458,327
5.38,-6.37,5.91,0.21,0.09,-0.51,317,398,402,458,326
4.41,-5.48,5.95,0.17,0.32,-0.10,317,397,402,458,327
4.67,-5.47,5.94,0.16,0.05,-0.44,317,397,402,457,327
4.85,-4.70,5.25,0.18,0.03,-0.36,317,398,402,458,326
5.15,-5.16,6.68,0.18,0.00,-0.20,317,398,402,457,327
4.67,-5.10,5.99,0.08,0.12,0.02,317,397,402,457,327
END
4.59,-5.10,6.39,0.16,0.05,-0.19,317,387,397,451,330
6.36,-7.26,-1.74,0.07,-0.05,-0.05,318,387,397,451,330
6.01,-7.10,-1.47,0.00,-0.07,0.01,317,386,397,450,331
5.73,-7.09,-1.92,0.02,-0.05,-0.03,317,386,397,450,332
6.46,-7.10,-1.70,0.05,-0.00,-0.01,316,386,397,450,331
6.17,-7.11,-1.92,0.05,-0.03,-0.01,317,386,397,450,331
6.27,-7.03,-2.48,0.03,-0.04,-0.02,316,386,396,450,331
5.61,-7.19,-2.89,0.14,0.17,0.06,316,386,397,451,331
5.89,-7.26,-2.61,0.27,0.21,0.04,316,386,397,452,330
5.28,-7.24,-2.20,0.10,0.21,0.12,316,385,396,453,330
6.74,-7.44,-0.65,0.16,0.04,0.09,316,385,396,453,331
4.69,-7.34,-2.02,-0.03,-0.14,0.31,316,384,395,453,333
6.35,-7.69,-1.06,0.46,-0.04,-0.10,316,385,394,454,334
4.11,-6.93,-1.49,0.36,0.40,0.25,316,385,395,455,333
6.04,-7.70,0.06,0.69,0.22,-0.29,316,385,395,457,332
4.43,-6.93,0.29,0.71,0.73,0.06,316,384,395,458,332
6.20,-7.33,3.65,0.77,0.38,-0.25,316,383,395,458,332
4.99,-7.20,2.59,0.10,0.10,-0.06,316,383,395,458,331
4.44,-6.55,2.55,0.40,0.30,-0.15,315,383,394,458,331
4.13,-6.24,2.81,0.09,0.18,-0.23,315,384,395,457,331
5.42,-5.88,3.64,0.21,0.28,-0.29,315,385,396,457,331
5.20,-5.74,4.69,0.15,0.22,-0.33,315,385,396,457,330
7.35,-5.61,6.01,0.31,0.19,-0.44,316,385,396,456,330
6.04,-5.33,4.56,0.16,0.21,-0.21,316,385,397,455,329
6.60,-5.36,6.27,0.24,0.09,-0.26,316,385,397,455,329
5.59,-5.12,5.35,0.11,0.26,0.16,316,385,397,454,329
5.41,-5.50,5.61,0.19,0.15,0.00,315,385,397,454,329
5.10,-4.77,5.04,0.24,0.16,0.09,316,384,396,454,328
4.77,-5.20,5.84,0.11,0.17,-0.11,316,385,396,454,329
4.64,-4.64,5.83,0.26,0.22,-0.08,316,385,396,454,329
5.92,-4.81,6.72,0.28,0.23,-0.08,316,385,395,454,329
4.77,-4.52,6.86,0.19,0.19,-0.22,316,385,395,454,329
5.66,-4.29,7.20,0.12,-0.02,-0.08,316,385,395,454,329
4.47,-4.63,6.75,0.11,0.02,-0.03,316,385,395,454,329
4.72,-4.69,6.51,0.09,0.00,-0.10,316,385,395,453,329
5.25,-4.52,6.65,0.09,0.02,-0.05,316,385,395,453,329
END
5.16,-4.42,6.71,0.09,-0.05,-0.12,316,382,394,450,331
6.21,-6.82,-1.75,0.07,-0.04,-0.02,316,380,393,449,331
6.55,-6.85,-1.79,0.08,-0.05,-0.01,316,380,393,448,331
6.52,-6.52,-1.80,0.10,-0.02,0.00,316,380,393,448,331
6.53,-6.69,-2.05,0.10,-0.07,-0.06,316,380,393,448,331
6.63,-6.75,-1.81,0.02,-0.06,-0.00,316,380,393,448,331
6.05,-6.81,-2.68,-0.00,-0.16,-0.01,316,380,393,448,331
5.47,-7.60,-3.56,-0.23,-0.36,0.10,316,381,393,448,332
6.63,-7.60,-3.41,0.17,0.05,-0.07,316,381,393,448,332
4.49,-6.63,-4.21,0.05,0.08,-0.01,316,380,393,448,332
5.02,-6.52,-2.89,0.31,0.26,-0.10,316,380,392,448,332
5.04,-6.70,-3.12,0.03,-0.14,-0.15,316,382,392,447,332
6.53,-5.94,-2.74,0.34,0.12,-0.35,316,382,393,447,332
7.90,-6.00,-0.95,0.70,0.62,-0.13,316,381,393,447,332
6.85,-5.55,-0.93,0.23,0.45,-0.01,316,381,393,447,332
7.97,-6.04,2.05,0.65,0.14,-0.30,316,380,392,447,332
5.41,-5.37,0.12,0.19,0.12,0.08,316,381,392,447,332
7.19,-6.07,2.73,0.39,0.24,-0.35,316,380,392,446,332
5.84,-5.85,1.24,0.24,0.14,-0.14,316,381,392,446,332
8.58,-5.74,3.40,0.41,0.39,-0.13,316,380,392,446,333
7.32,-5.23,2.50,0.16,0.15,-0.03,316,381,392,445,333
6.86,-5.36,2.56,0.30,0.38,0.01,316,380,391,445,333
6.69,-5.81,4.16,0.36,0.32,0.02,316,380,391,445,333
7.03,-5.58,3.79,0.24,0.19,-0.13,316,380,391,444,333
6.58,-5.30,4.20,0.21,0.32,0.08,317,381,391,444,333
6.09,-5.84,4.77,0.19,0.20,-0.07,317,381,391,444,333
6.30,-5.17,4.07,0.13,0.20,-0.16,317,381,391,444,333
6.65,-5.54,5.07,0.07,0.18,-0.03,317,381,391,444,334
5.14,-4.58,4.19,0.14,0.19,-0.21,317,381,391,444,334
7.57,-5.22,5.79,0.15,0.05,-0.26,317,381,391,444,334
6.78,-4.52,4.38,0.13,0.16,-0.02,317,381,391,444,335
6.43,-4.91,4.94,0.06,0.01,0.10,317,381,391,444,335
5.34,-4.81,4.80,0.15,0.02,0.07,317,382,391,444,334
6.31,-4.96,5.08,0.15,0.08,-0.02,317,382,391,444,334
5.81,-4.74,5.23,0.12,0.08,-0.05,317,381,391,443,334
5.83,-4.74,4.95,-0.07,-0.03,0.04,316,384,394,445,334
END
6.58,-4.94,5.48,0.04,-0.01,-0.03,318,388,409,464,331
6.30,-6.40,-2.76,0.11,0.06,0.04,318,389,409,464,331
6.72,-6.70,-2.78,0.08,0.02,-0.00,318,389,409,464,331
6.69,-6.66,-2.33,0.12,-0.00,-0.03,318,389,409,464,331
6.41,-6.75,-2.14,0.07,-0.03,-0.01,319,389,409,464,331
6.27,-6.52,-2.59,0.06,-0.04,0.05,319,389,409,464,331
5.55,-7.05,-2.99,0.33,0.14,0.13,319,388,409,465,331
6.83,-7.19,-1.10,0.63,0.41,0.04,320,388,409,466,330
5.35,-7.88,-1.72,0.51,0.39,0.35,320,389,410,469,329
6.85,-7.77,-0.17,0.39,0.26,-0.18,319,388,410,469,329
4.72,-7.10,-0.80,0.23,0.28,0.14,319,388,409,469,329
5.02,-6.83,-0.58,0.27,0.16,-0.10,319,388,409,468,330
5.29,-6.42,0.83,0.25,0.15,-0.26,319,388,408,468,330
5.15,-5.97,0.27,0.59,0.33,-0.72,318,386,406,466,330
5.44,-5.23,1.18,0.68,0.61,-0.47,318,384,405,465,329
7.29,-4.54,3.76,0.60,0.26,-0.62,318,383,404,464,329
6.30,-4.14,3.99,0.49,0.72,-0.03,318,383,404,463,329
6.20,-3.12,5.58,0.39,0.45,-0.15,318,383,404,463,329
5.69,-2.99,6.83,0.44,0.49,-0.28,318,383,403,462,329
5.75,-2.83,7.08,0.44,0.58,-0.05,318,383,403,462,329
6.27,-3.00,7.29,0.29,0.37,-0.31,318,383,402,461,329
5.10,-2.69,6.74,0.24,0.47,-0.10,318,383,402,460,329
6.37,-2.68,8.05,0.14,0.31,-0.01,318,384,402,460,329
4.20,-1.62,6.63,0.35,0.42,-0.02,318,383,401,460,329
4.69,-2.18,7.74,0.52,0.30,-0.16,317,381,397,458,329
4.74,-1.64,8.64,0.33,0.20,-0.25,318,381,397,458,329
5.04,-1.21,8.83,0.43,0.06,-0.39,317,381,397,458,329
4.40,-1.00,8.42,0.13,0.13,0.07,317,381,397,458,329
4.53,-1.14,8.91,0.10,0.11,-0.04,317,381,397,458,330
4.11,-0.92,8.26,0.16,0.02,-0.12,317,381,397,458,329
4.62,-1.18,8.47,0.06,-0.09,-0.09,317,382,397,458,329
4.56,-0.90,8.69,-0.02,0.01,0.02,317,383,398,458,329
4.02,-0.88,8.26,0.05,-0.06,-0.07,317,383,398,458,330
4.41,-1.06,8.16,-0.01,-0.03,-0.02,317,382,398,458,330
4.67,-1.00,8.08,0.01,-0.04,-0.04,317,383,398,458,329
4.59,-0.86,7.98,-0.03,-0.11,-0.00,317,383,399,458,329
END
4.78,-1.07,8.41,0.04,0.02,0.03,318,380,400,456,348
7.22,-6.43,-0.62,0.08,0.07,0.06,318,380,400,456,346
6.70,-6.09,-1.55,-0.01,-0.12,-0.11,318,380,400,456,343
7.09,-6.36,-1.41,0.13,0.08,-0.05,319,380,400,456,341
6.78,-6.48,-1.31,0.09,0.04,0.02,318,379,400,456,340
6.28,-6.38,-1.43,0.13,0.08,0.10,318,378,398,455,340
6.42,-6.65,-1.70,0.09,0.05,-0.06,318,376,397,454,340
6.73,-6.54,-1.90,0.13,0.15,0.00,318,376,397,454,340
7.23,-6.47,-1.39,0.43,0.35,0.04,318,376,397,455,340
5.89,-6.19,-1.80,0.47,0.44,0.37,317,376,397,455,340
5.76,-6.52,0.41,0.62,0.32,-0.11,317,376,396,454,340
4.56,-6.22,0.86,0.57,0.30,0.03,317,376,397,455,340
5.61,-5.98,2.15,0.75,0.58,-0.32,317,375,397,454,340
5.74,-5.62,4.19,0.78,0.74,-0.33,317,375,396,455,339
6.86,-4.77,5.42,0.59,0.26,-0.63,317,374,396,454,339
7.01,-5.23,6.12,0.27,0.61,-0.05,317,374,395,453,337
5.73,-3.71,4.88,0.33,0.16,-0.50,317,375,395,453,337
6.70,-3.26,5.83,0.49,0.47,-0.16,317,375,396,453,337
5.13,-2.86,6.55,0.71,0.41,-0.41,317,375,396,453,337
6.08,-1.93,7.63,0.73,0.41,-0.34,317,375,396,454,337
5.12,-1.44,7.34,0.54,0.17,-0.32,317,375,396,454,337
5.91,-0.88,8.15,0.50,0.14,-0.38,317,376,396,454,336
4.19,-0.90,7.59,0.26,0.45,0.09,317,376,396,454,336
5.74,-1.11,9.48,0.24,0.15,-0.33,317,376,395,454,336
4.15,-0.22,7.93,-0.03,0.21,-0.07,317,377,396,453,336
5.03,-0.27,8.67,0.09,0.03,-0.33,317,376,395,453,336
3.88,0.25,7.62,0.03,0.23,-0.06,317,377,395,453,335
4.78,-0.06,8.62,0.01,0.11,-0.07,317,376,395,453,336
4.79,-0.24,8.61,0.05,0.04,-0.13,317,377,395,452,335
5.79,-0.59,8.87,-0.10,-0.03,-0.04,316,376,395,452,335
3.96,-0.88,8.38,-0.14,0.07,0.11,316,376,395,451,335
4.72,-1.00,8.87,0.03,-0.18,-0.18,316,377,394,451,335
4.59,-0.71,7.98,0.01,-0.03,-0.00,316,377,394,451,335
4.31,-0.77,8.14,0.03,-0.03,-0.04,316,377,395,451,335
4.40,-0.45,7.98,0.13,-0.00,-0.10,317,376,395,451,335
4.30,-0.55,7.90,-0.03,-0.04,0.03,316,377,395,451,335
END
4.41,-0.53,8.23,0.04,-0.03,-0.06,317,364,387,443,339
6.65,-6.35,-1.50,0.16,0.06,-0.02,317,365,387,444,339
6.55,-6.30,-1.56,0.28,0.05,-0.11,317,377,395,452,339
6.65,-6.12,-0.34,0.29,0.16,0.11,317,382,398,455,338
6.61,-6.34,-0.42,0.18,0.24,0.16,317,382,398,455,337
7.16,-6.57,0.24,0.12,0.12,-0.01,317,381,398,454,336
6.53,-6.58,-0.74,0.17,0.08,0.04,317,381,399,454,335
6.11,-6.50,-0.98,0.28,0.17,-0.05,318,380,399,454,335
6.71,-6.74,0.10,0.49,0.39,-0.02,318,379,398,454,335
6.59,-6.37,0.74,0.61,0.47,-0.17,317,379,398,455,333
6.20,-5.72,1.79,1.40,0.92,-0.19,317,377,396,455,331
5.45,-5.52,4.24,0.87,1.00,0.11,317,376,395,454,329
5.94,-4.52,5.18,0.67,0.33,-0.20,317,375,394,454,328
5.40,-3.96,5.81,0.43,0.33,-0.05,317,375,394,454,328
5.75,-4.16,6.84,0.21,0.42,0.05,317,374,393,452,328
4.11,-3.87,6.24,0.17,0.16,-0.06,317,375,393,452,328
5.20,-4.13,7.43,0.04,0.02,-0.17,317,374,393,451,328
4.41,-3.64,6.01,0.19,0.12,-0.20,317,374,393,450,328
5.04,-3.44,6.35,0.04,0.21,-0.10,317,374,393,450,328
4.25,-3.22,6.10,0.09,0.07,-0.30,317,374,393,449,328
4.92,-2.49,7.24,0.40,0.18,-0.34,317,374,394,449,328
5.38,-2.37,7.07,0.24,0.41,-0.10,317,374,393,449,328
4.95,-1.76,7.40,0.27,0.15,-0.20,317,374,393,449,328
3.95,-2.05,8.66,0.40,0.20,-0.23,317,374,393,449,328
3.91,-1.44,7.80,0.19,0.26,-0.01,317,375,394,449,329
3.19,-1.95,8.41,0.36,0.06,-0.21,317,375,394,449,327
3.42,-1.33,8.02,0.12,0.19,-0.08,317,376,394,449,329
5.20,-1.15,9.08,0.08,-0.02,-0.23,317,376,394,448,329
4.08,-0.64,7.98,0.17,0.09,-0.17,317,377,394,448,329
4.24,-0.95,7.92,0.14,0.00,-0.15,317,378,395,449,329
4.67,-1.24,8.84,0.12,0.03,-0.10,317,378,394,449,329
3.66,-0.70,8.20,0.16,0.15,-0.05,317,378,395,450,329
3.91,-0.96,9.01,0.15,0.04,-0.09,317,378,395,449,329
3.71,-0.62,8.55,0.10,0.14,-0.03,317,378,395,449,329
3.88,-0.45,8.80,0.08,0.01,-0.08,316,378,395,449,329
3.63,-0.37,8.76,0.08,-0.04,-0.07,317,378,395,449,330
END
3.55,-0.39,8.68,0.06,-0.02,-0.07,316,361,379,434,338
6.13,-6.58,-1.44,0.11,-0.07,0.02,316,361,379,435,338
7.02,-6.69,-0.89,0.17,-0.03,0.04,316,361,379,435,337
6.24,-6.80,-1.06,0.26,0.17,0.17,316,363,380,436,337
6.94,-7.08,0.02,0.32,0.18,0.03,316,363,381,437,337
6.42,-6.80,0.61,0.44,0.28,0.08,316,364,382,439,336
7.22,-7.06,0.54,0.36,0.51,-0.05,317,363,383,442,335
5.71,-6.58,-0.14,0.16,0.12,-0.10,317,363,384,443,335
5.23,-6.64,0.31,0.77,0.47,-0.10,317,363,384,445,334
4.36,-6.16,0.64,0.58,0.90,0.11,317,361,384,445,333
5.10,-3.79,3.50,1.11,0.77,-0.38,317,359,384,446,332
4.96,-5.12,4.08,0.79,0.41,-0.61,317,355,381,442,331
5.75,-3.70,6.42,0.58,0.39,-0.16,317,354,380,442,331
4.29,-3.66,5.66,0.39,0.33,-0.15,317,353,379,441,331
5.46,-3.11,6.96,0.40,0.43,-0.20,317,353,379,440,331
4.55,-2.43,7.82,0.24,0.19,-0.27,317,353,379,439,331
4.39,-2.26,7.33,0.34,0.28,-0.26,317,353,379,439,331
3.86,-1.63,7.90,0.14,0.31,-0.15,317,354,380,438,331
5.68,-1.84,8.20,-0.13,0.06,-0.22,317,354,379,437,331
5.13,-1.32,7.89,-0.23,-0.15,-0.38,316,361,385,442,331
4.25,-1.69,7.01,-0.20,-0.06,0.00,316,369,392,450,330
5.14,-2.53,7.76,0.23,0.07,-0.18,316,373,393,452,330
5.46,-2.33,7.53,0.13,0.24,-0.16,316,378,395,454,331
5.21,-2.51,9.04,0.19,0.33,-0.07,316,378,395,455,330
4.80,-2.17,8.55,0.14,0.14,-0.16,316,378,397,456,330
5.05,-1.94,8.04,0.16,0.13,-0.03,316,381,400,458,330
3.93,-2.15,8.36,0.17,0.20,0.09,316,381,400,458,329
4.46,-1.85,8.45,0.10,0.08,-0.09,316,380,400,457,329
4.13,-1.67,8.54,0.05,0.03,-0.03,316,379,399,456,329
4.06,-1.48,8.26,0.08,-0.02,-0.02,316,379,399,456,329
4.21,-1.64,8.06,0.02,-0.07,0.07,316,378,398,455,329
3.84,-1.64,8.64,0.07,-0.19,-0.19,316,377,397,455,330
4.54,-1.57,8.13,-0.06,-0.13,0.11,316,376,396,454,330
4.13,-1.74,7.93,0.05,-0.12,-0.03,316,375,396,453,330
4.44,-2.23,7.98,-0.05,-0.11,0.03,316,375,396,453,330
4.41,-2.10,7.88,0.00,-0.08,-0.03,316,375,395,453,330
END
5.20,-2.01,8.91,-0.01,-0.11,0.01,318,366,385,445,332
5.92,-6.42,-2.46,-0.03,0.11,0.01,318,365,385,446,332
6.53,-6.43,-2.01,0.08,-0.02,-0.01,318,365,386,445,332
6.29,-6.63,-1.83,0.14,0.00,-0.06,318,364,385,445,332
6.37,-7.03,-1.50,0.08,0.01,-0.06,318,364,385,445,332
6.20,-6.73,-2.61,0.07,0.10,-0.11,318,364,385,445,332
6.08,-6.62,-2.40,0.11,0.20,-0.35,318,362,385,446,333
7.29,-6.81,-1.77,0.26,0.36,-0.33,318,360,384,446,333
6.00,-5.95,-2.38,0.36,0.35,-0.07,317,360,384,448,333
6.94,-6.11,-1.51,0.44,0.57,0.07,317,360,384,449,333
5.58,-5.94,-0.99,0.49,0.58,-0.03,317,359,384,448,332
7.95,-6.42,2.00,0.71,0.55,-0.12,317,357,383,447,332
5.85,-5.30,1.08,0.30,0.20,0.12,317,357,383,446,332
6.14,-5.06,2.54,0.77,0.52,-0.22,317,357,383,446,332
5.69,-3.32,3.12,1.32,0.77,-0.27,317,358,387,450,331
6.12,-4.39,5.14,1.04,0.98,-0.13,317,357,386,449,331
4.33,-3.21,9.04,0.84,0.24,-0.45,317,357,385,448,331
5.76,-2.99,6.92,0.37,0.15,-0.14,317,357,385,448,331
5.10,-2.51,7.09,0.40,0.14,-0.34,317,357,384,447,331
4.03,-1.40,7.58,0.31,0.31,-0.29,317,358,384,446,331
4.91,-1.06,7.52,0.26,0.39,-0.16,316,358,384,445,331
5.17,-1.62,8.25,0.07,0.18,-0.24,316,358,384,445,332
5.13,-0.88,8.61,0.23,0.36,-0.24,316,359,384,445,331
4.27,-0.61,7.42,0.03,0.18,-0.04,316,359,384,445,331
4.80,-1.04,8.18,0.11,0.13,-0.11,316,359,383,444,331
4.16,-1.08,8.43,0.07,0.15,-0.11,316,360,384,444,331
4.24,-0.96,8.20,0.10,0.06,-0.16,316,361,384,444,331
4.15,-0.89,8.11,0.06,0.08,-0.11,316,362,385,445,331
4.57,-0.99,8.51,0.07,0.08,-0.09,316,363,385,445,331
4.43,-0.90,8.28,0.01,0.09,-0.01,316,365,386,445,332
4.98,-1.32,9.02,0.02,0.02,-0.06,316,365,386,445,331
4.03,-1.13,7.96,0.06,0.10,-0.01,316,365,386,445,331
4.16,-1.05,8.43,0.08,0.09,-0.01,316,364,385,445,331
3.86,-0.73,8.33,0.02,0.04,-0.01,316,363,384,445,331
3.91,-0.70,8.52,0.10,-0.02,-0.07,316,362,384,445,331
3.68,-0.63,8.28,0.06,-0.02,-0.02,316,364,384,445,331
END
4.18,-0.65,8.76,0.06,-0.07,-0.09,316,356,375,433,335
6.75,-6.53,-1.41,-0.05,-0.01,-0.05,316,356,375,434,335
6.53,-6.41,-1.58,0.11,0.05,-0.05,317,356,376,434,335
6.75,-6.53,-0.68,0.32,0.19,0.06,316,356,376,435,335
6.26,-6.90,-0.17,0.39,0.15,0.24,316,356,377,436,335
6.90,-7.16,-0.15,0.33,0.07,0.07,317,357,378,437,334
6.27,-7.27,-0.65,0.32,0.09,0.05,317,357,379,439,334
5.30,-7.62,-0.65,0.47,0.30,-0.02,317,357,380,440,333
4.01,-7.21,-0.27,0.61,0.59,0.09,317,357,380,441,332
5.56,-6.86,2.19,0.38,0.39,-0.07,317,355,380,440,331
5.45,-5.99,1.58,0.09,0.25,-0.28,317,355,379,440,331
6.53,-5.78,3.96,0.32,0.26,-0.19,317,353,378,439,331
4.66,-5.54,1.28,0.21,0.11,-0.18,317,354,378,439,331
6.24,-5.40,4.23,0.57,0.21,-0.36,317,353,378,438,331
5.05,-5.17,4.55,0.63,0.16,-0.43,316,353,378,438,331
5.82,-5.04,5.79,0.53,0.33,-0.33,317,354,378,438,331
7.08,-3.78,5.58,0.41,-0.09,-0.67,317,354,378,438,331
5.62,-3.29,4.99,0.24,0.58,0.07,317,354,378,437,331
7.11,-2.79,7.01,0.28,0.10,-0.40,317,353,377,436,331
5.25,-2.63,6.09,0.27,0.41,-0.24,317,353,375,434,331
5.29,-1.95,7.13,0.35,0.34,-0.19,317,352,375,434,331
7.43,-2.00,8.40,0.18,0.27,-0.37,317,352,375,433,331
4.38,-1.56,7.98,0.25,0.39,-0.29,317,354,376,434,331
6.13,-1.64,8.30,0.07,0.29,-0.03,317,354,376,434,331
5.89,-1.31,8.00,-0.07,0.05,-0.15,317,358,381,438,331
5.43,-1.58,7.57,-0.03,-0.09,-0.16,317,358,381,438,331
5.33,-1.72,7.18,0.13,0.02,-0.15,316,359,381,438,331
5.41,-1.90,7.23,0.12,0.10,-0.01,316,359,381,438,330
5.48,-1.98,8.02,0.18,0.06,-0.11,316,359,380,437,330
5.24,-1.62,7.50,0.10,0.06,-0.01,316,359,380,437,330
5.48,-1.62,7.67,0.06,0.04,0.02,316,359,380,437,330
4.77,-1.26,7.26,0.06,-0.03,-0.01,316,359,380,437,331
5.00,-1.30,7.59,0.06,0.07,0.12,316,359,380,436,331
4.85,-1.39,7.51,0.05,0.02,0.01,316,359,380,436,331
5.02,-1.42,7.72,0.06,-0.03,-0.07,316,359,380,436,331
5.09,-1.27,7.42,0.08,0.00,-0.05,316,358,380,435,331
END
5.12,-1.46,8.00,0.07,0.02,-0.07,316,367,382,437,332
6.81,-6.51,-1.15,0.30,0.21,-0.07,317,370,383,439,332
7.47,-6.88,-0.71,0.20,0.26,0.05,317,369,383,439,332
6.63,-7.01,-0.78,0.21,0.15,0.09,317,368,383,440,332
7.77,-6.74,0.90,0.13,0.08,0.13,317,366,382,439,332
5.48,-6.54,-0.75,-0.07,-0.05,0.25,317,365,382,438,332
5.13,-6.55,-1.99,0.18,0.01,-0.00,317,365,382,439,332
5.19,-6.67,-1.72,0.69,0.35,-0.28,317,370,387,446,332
6.24,-7.04,0.98,0.69,0.77,-0.12,317,368,386,445,332
6.14,-5.84,1.61,0.35,0.38,-0.18,317,368,385,444,331
7.21,-4.98,2.75,0.25,0.29,-0.19,317,362,380,438,331
4.70,-4.49,2.00,0.24,0.05,-0.02,317,361,379,435,331
6.27,-4.39,3.83,0.69,0.07,-0.48,317,361,379,435,331
6.72,-4.13,5.12,0.82,0.42,-0.49,317,362,381,441,332
5.23,-4.36,5.16,0.45,0.61,-0.04,316,366,387,448,332
6.39,-3.38,6.16,0.48,0.58,-0.05,316,368,388,448,332
6.06,-3.19,6.75,0.46,0.30,-0.23,316,369,388,448,332
4.52,-3.76,8.84,0.37,0.38,-0.40,316,369,387,447,331
5.43,-2.76,7.93,0.08,0.29,-0.30,316,369,387,446,331
6.37,-2.37,7.57,0.12,0.26,-0.41,316,369,387,446,331
7.15,-1.69,7.39,0.04,0.26,-0.08,317,369,388,448,331
4.89,-1.70,6.98,0.26,0.22,-0.14,316,369,387,448,331
5.36,-1.87,7.44,0.13,0.12,0.04,317,369,386,446,331
3.60,-1.76,7.95,0.29,0.27,-0.18,317,369,386,446,331
5.00,-1.67,7.80,0.18,0.07,-0.21,317,369,386,446,331
5.00,-1.64,8.00,0.20,0.16,-0.07,317,368,385,446,331
5.05,-1.77,8.11,0.15,0.20,-0.02,317,368,385,445,331
3.94,-1.50,8.17,0.09,0.08,-0.04,317,368,385,445,331
5.53,-1.35,8.59,0.16,0.02,-0.15,317,368,385,445,331
4.39,-1.19,8.69,0.05,-0.01,-0.03,317,367,385,445,331
4.93,-1.13,8.71,0.04,-0.15,-0.13,317,366,384,444,331
3.99,-1.26,8.76,0.02,-0.05,0.01,317,366,385,444,331
4.89,-1.62,8.64,0.03,-0.15,-0.06,317,366,384,444,331
4.52,-1.52,7.44,-0.08,-0.14,0.08,317,366,385,445,331
4.67,-1.28,7.31,-0.14,-0.14,0.06,317,366,384,444,331
5.51,-0.93,7.32,-0.04,-0.09,-0.04,316,366,384,444,331
END
5.36,-1.53,7.67,-0.03,-0.12,0.06,320,353,371,428,331
7.91,-6.86,0.81,0.14,0.19,0.02,320,352,371,428,331
7.21,-6.98,1.33,-0.04,0.09,0.08,320,351,370,427,331
6.68,-7.02,0.67,-0.12,-0.05,-0.01,319,350,369,426,331
6.40,-6.81,-0.26,-0.03,-0.02,0.00,319,349,368,425,331
6.09,-6.39,-0.76,0.02,-0.02,-0.01,319,350,369,426,331
6.03,-6.63,-0.97,0.28,0.18,-0.05,319,351,369,427,331
6.04,-7.01,-0.55,0.52,0.51,-0.03,318,351,370,429,330
5.41,-7.13,1.03,0.56,0.58,-0.10,318,351,370,430,331
6.99,-5.50,4.68,0.49,0.20,-0.22,318,350,370,429,330
5.94,-5.54,3.12,0.23,0.38,0.27,318,349,370,429,330
4.90,-5.86,3.07,0.27,0.07,-0.04,318,350,371,429,330
5.88,-5.77,4.04,0.41,0.20,-0.29,318,350,370,428,330
5.32,-5.56,3.71,0.26,0.32,-0.14,318,350,370,428,330
7.02,-4.17,5.53,0.25,0.14,-0.47,317,348,369,426,331
5.69,-4.36,4.19,0.16,0.29,-0.17,317,347,368,425,331
5.86,-3.83,5.04,0.33,0.01,-0.48,317,347,368,424,331
6.94,-3.37,5.65,0.30,0.26,-0.33,317,347,368,424,331
5.92,-3.33,5.38,0.25,0.21,-0.37,317,347,368,424,332
6.88,-2.72,6.39,0.34,0.26,-0.35,317,348,368,424,332
6.44,-2.46,6.74,0.22,0.33,-0.21,317,347,368,423,332
6.79,-2.03,7.05,0.27,0.35,-0.11,317,347,367,423,332
5.54,-2.07,7.03,0.11,0.23,0.03,317,347,367,423,332
5.38,-2.20,6.99,0.24,0.18,-0.14,317,347,367,423,332
5.61,-2.25,7.73,0.12,0.19,-0.08,318,347,367,422,332
4.33,-2.00,8.01,0.04,0.12,-0.15,317,347,367,421,332
6.80,-1.38,7.65,0.04,0.07,-0.19,317,347,367,422,334
6.12,-1.64,8.06,0.12,0.04,-0.15,317,348,367,422,334
5.98,-1.98,7.49,0.02,-0.08,-0.04,317,348,367,422,334
5.81,-2.05,7.60,0.08,-0.00,-0.03,317,349,368,423,333
6.00,-1.73,7.25,0.06,0.02,0.05,317,349,368,423,333
5.64,-1.83,7.40,0.05,-0.05,0.02,317,349,368,423,333
5.43,-1.59,7.04,0.02,-0.00,0.01,317,352,371,425,333
5.41,-1.74,7.26,0.04,-0.07,-0.01,317,352,371,425,333
5.20,-1.70,6.88,0.06,0.03,0.04,317,353,371,425,333
5.45,-1.91,7.27,0.01,-0.05,0.01,317,352,371,426,333
END
5.26,-1.92,7.50,0.05,-0.04,-0.06,319,380,391,444,335
6.02,-6.91,-0.85,0.16,-0.01,0.03,318,381,392,445,335
5.58,-7.11,-1.07,0.23,0.21,-0.01,319,380,391,445,335
5.81,-6.95,0.31,0.03,0.06,-0.02,318,379,391,444,335
6.46,-6.19,0.31,0.11,0.10,-0.12,318,379,390,444,335
8.21,-5.98,1.92,0.31,0.16,-0.09,318,376,389,443,334
4.98,-5.93,-0.60,0.19,0.21,-0.04,319,376,389,443,334
5.89,-6.23,0.88,0.68,0.10,-0.49,319,376,389,444,334
5.82,-6.32,1.11,0.62,0.50,-0.37,318,376,389,444,334
6.65,-4.42,2.58,0.69,0.04,-0.76,317,376,389,442,334
7.76,-4.08,3.70,0.39,0.65,-0.10,317,374,386,438,333
7.14,-3.46,5.18,0.39,0.31,-0.32,317,374,386,438,334
6.82,-2.70,5.21,0.34,0.42,-0.17,317,374,385,437,333
8.08,-3.13,6.28,0.27,0.42,-0.09,316,373,385,437,334
5.76,-3.80,6.14,0.22,0.27,-0.14,317,373,385,437,334
7.10,-3.04,6.01,0.11,0.27,-0.22,317,373,385,437,334
5.63,-2.65,4.76,0.05,0.29,-0.18,317,373,385,437,334
6.40,-2.23,6.05,0.20,0.26,-0.25,316,373,385,437,334
5.57,-1.95,6.14,0.27,0.30,-0.20,316,374,385,436,333
5.91,-1.86,6.45,0.15,0.32,-0.16,316,374,385,436,333
7.14,-1.69,8.06,0.28,0.36,-0.24,316,374,385,436,333
5.30,-1.45,7.31,0.10,0.26,-0.05,316,374,384,436,333
5.43,-1.74,7.70,0.12,0.05,-0.10,316,374,384,435,332
5.51,-1.73,7.06,-0.04,0.08,0.00,316,375,384,435,332
5.81,-1.69,7.76,0.07,0.24,0.16,316,376,385,436,332
4.57,-1.76,7.58,0.12,0.20,0.09,316,376,385,436,332
4.69,-1.74,7.38,0.12,0.14,0.03,316,376,385,436,332
5.02,-1.76,8.14,0.19,0.15,-0.05,316,376,385,436,332
4.26,-1.72,7.64,0.15,0.10,-0.10,316,375,384,435,332
4.69,-1.64,8.20,0.14,0.17,-0.03,316,374,384,436,332
3.97,-1.34,8.32,0.11,0.04,-0.08,316,374,384,435,332
4.13,-1.36,8.38,0.14,0.04,-0.10,316,373,384,435,332
4.09,-1.00,8.13,0.04,0.05,-0.05,316,373,384,434,332
4.04,-1.09,8.71,0.15,0.09,-0.12,316,372,383,433,332
4.45,-0.93,8.76,0.04,0.03,-0.10,316,369,382,433,332
4.23,-0.89,8.60,0.09,0.04,-0.13,316,369,382,432,332
END
4.38,-0.82,8.59,0.03,0.03,-0.03,317,366,379,431,334
6.99,-6.44,-0.91,-0.02,-0.00,-0.19,317,366,379,431,333
6.55,-6.47,-1.35,0.04,-0.01,-0.16,317,366,379,431,333
5.86,-6.46,-2.06,0.08,0.01,-0.01,317,366,379,432,333
6.22,-6.63,-2.15,0.23,0.12,-0.04,317,366,379,432,333
7.70,-6.94,-0.75,0.43,0.34,-0.02,317,366,379,433,333
6.75,-6.55,-0.50,0.40,0.37,0.07,317,366,380,435,332
6.50,-6.46,0.60,0.57,0.37,-0.09,317,365,381,437,332
6.70,-6.70,1.47,0.66,0.55,0.03,317,365,381,437,331
6.47,-6.65,1.89,0.18,0.25,-0.02,317,364,381,437,331
6.13,-6.41,1.34,0.22,0.07,-0.15,317,364,380,438,331
5.46,-6.19,1.33,0.21,0.27,-0.07,317,364,380,438,331
5.51,-5.65,1.54,0.24,0.29,-0.21,317,364,380,438,331
7.24,-4.75,3.68,0.51,0.23,-0.50,317,363,380,438,331
4.67,-4.50,2.66,0.40,0.36,-0.20,317,364,380,438,332
8.39,-3.12,6.70,0.61,0.03,-0.68,317,363,380,436,332
6.12,-3.55,4.28,0.33,0.30,-0.22,317,363,379,436,332
6.92,-2.83,6.30,0.46,0.34,-0.30,317,363,379,436,331
4.89,-2.51,5.00,0.16,0.42,-0.15,317,364,379,436,331
8.54,-1.97,8.41,0.13,0.11,-0.42,316,363,379,434,331
4.56,-1.44,5.81,0.31,0.59,-0.15,316,363,379,434,331
7.67,-1.44,8.80,0.25,0.23,-0.36,316,363,378,433,331
6.45,-1.62,7.84,0.14,0.34,-0.06,316,363,377,433,331
6.39,-1.49,7.56,0.17,0.17,-0.08,316,363,377,432,331
5.06,-1.74,7.72,0.03,0.25,0.08,316,363,377,432,331
5.58,-1.72,7.90,0.18,0.26,-0.01,316,363,377,432,331
4.70,-1.51,7.63,0.03,0.19,0.05,316,363,377,431,332
5.81,-1.60,8.15,0.09,0.05,-0.06,316,363,376,431,331
3.70,-1.21,7.27,0.24,0.27,0.12,316,363,377,431,332
4.92,-1.69,8.41,0.17,-0.04,-0.22,315,363,377,431,332
5.18,-0.73,8.10,0.34,0.10,-0.24,316,363,377,431,332
4.38,-1.00,7.89,0.11,0.32,0.26,316,363,377,431,332
4.16,-1.19,8.86,0.20,0.06,-0.19,315,363,377,431,332
4.21,-0.35,7.75,0.03,-0.03,-0.03,316,363,377,431,332
4.77,-0.51,8.43,0.05,0.07,0.01,316,363,377,431,332
3.90,-0.39,8.13,0.12,0.05,-0.01,316,363,377,431,332
END
4.16,-0.22,8.23,0.11,-0.02,-0.09,318,336,354,403,335
6.35,-6.81,-0.80,0.10,0.07,-0.05,318,337,354,403,335
6.96,-6.63,-0.73,0.08,0.07,-0.03,318,345,360,409,335
6.77,-6.53,-1.08,0.11,0.07,-0.06,318,356,369,419,336
6.83,-7.21,-0.88,0.20,0.06,0.02,319,369,382,431,335
6.40,-7.14,-0.57,0.26,0.17,-0.03,321,376,388,438,335
5.98,-7.03,-0.55,0.38,0.27,0.00,321,377,389,443,335
5.79,-6.81,-0.16,0.78,0.67,-0.15,320,373,387,443,333
6.17,-6.35,1.61,0.83,0.94,-0.00,319,365,381,438,332
6.37,-5.90,2.74,0.25,0.22,-0.12,317,360,375,429,332
5.06,-5.54,2.02,0.58,0.16,-0.32,317,360,374,428,332
6.30,-4.32,3.98,0.70,0.30,-0.40,317,357,372,426,332
5.56,-4.24,4.04,0.53,0.57,-0.16,316,353,368,422,332
6.89,-3.09,7.08,0.63,0.24,-0.45,316,352,367,420,331
5.75,-2.88,5.88,0.39,0.37,-0.18,316,351,367,419,331
6.98,-2.72,7.96,0.27,0.38,-0.11,316,351,367,420,331
4.77,-2.68,6.74,0.11,0.61,0.17,316,352,368,421,331
5.06,-2.53,7.34,0.19,0.38,-0.01,317,352,368,420,330
4.82,-2.40,7.57,0.16,0.15,-0.06,316,351,367,418,330
4.69,-2.86,7.61,0.23,0.10,-0.12,316,352,366,418,330
4.47,-2.76,7.69,-0.03,0.13,-0.01,316,351,365,415,330
4.31,-2.38,7.23,0.04,-0.01,-0.28,316,351,364,414,331
4.97,-2.53,7.62,-0.12,-0.05,0.16,316,350,362,411,331
3.91,-2.49,7.96,0.23,-0.01,-0.32,315,352,363,412,331
4.87,-2.36,7.13,0.15,0.11,-0.06,316,353,364,413,331
4.57,-2.28,7.96,0.32,0.10,-0.25,316,355,365,414,331
3.89,-2.00,7.90,0.21,0.29,-0.05,316,357,366,415,331
4.78,-2.09,8.84,0.21,0.05,-0.17,316,357,366,415,332
3.70,-1.49,8.15,0.16,0.16,-0.06,316,359,368,416,332
4.19,-1.60,8.51,0.12,0.10,-0.07,316,359,368,416,332
4.41,-1.59,8.43,0.14,0.14,-0.07,316,358,368,416,332
4.92,-1.56,8.77,0.09,0.02,-0.09,316,357,368,415,332
4.36,-1.31,8.56,0.06,-0.05,-0.04,316,357,367,415,332
4.06,-1.36,8.41,0.00,-0.07,0.01,316,356,368,415,332
1.87,-1.34,8.17,0.07,-0.05,-0.04,317,356,367,415,332
4.04,-1.37,7.92,0.06,-0.02,-0.06,317,356,368,414,332
END
4.37,-1.12,8.34,0.08,0.01,-0.05,320,355,372,426,328
5.53,-7.05,-1.20,-0.13,-0.16,-0.12,320,355,372,426,329
5.12,-6.89,-1.72,-0.00,-0.05,-0.00,320,356,373,426,328
5.61,-6.95,-1.06,0.56,0.20,-0.38,320,358,374,427,328
6.32,-6.73,0.45,0.49,0.43,-0.27,319,356,373,427,328
6.34,-6.77,0.96,0.41,0.30,-0.18,319,356,373,427,329
5.08,-6.62,0.17,0.25,0.14,-0.09,319,355,372,426,329
5.29,-6.30,0.69,0.48,0.40,-0.08,318,354,371,426,329
4.76,-6.02,1.60,0.49,0.45,-0.21,319,353,371,425,329
6.99,-5.67,4.51,0.44,0.26,-0.67,318,350,369,424,329
5.15,-5.36,2.89,0.08,0.60,-0.10,319,349,368,422,329
7.33,-4.26,5.03,0.32,0.10,-0.63,318,349,368,421,330
7.33,-4.13,4.52,0.25,0.38,-0.20,319,349,367,420,331
7.17,-3.74,5.20,0.40,0.17,-0.29,318,349,367,419,331
6.79,-3.60,5.28,0.47,0.23,-0.27,319,349,367,419,331
6.16,-3.42,5.47,0.51,0.36,-0.17,318,349,367,418,330
6.53,-2.99,6.77,0.64,0.63,-0.16,318,349,366,417,330
5.87,-2.48,6.63,0.30,0.31,0.02,318,348,366,417,330
5.95,-2.46,7.56,0.28,0.25,-0.12,318,348,366,417,330
4.47,-2.20,6.73,0.11,0.26,-0.05,318,349,366,417,329
6.85,-2.08,8.28,0.08,0.06,-0.40,318,348,365,416,328
4.78,-1.95,7.39,0.08,0.37,0.19,316,349,365,415,328
4.71,-1.88,7.43,0.19,0.07,-0.09,316,349,365,415,327
4.26,-2.02,7.66,0.15,0.20,0.05,316,348,364,414,327
4.64,-1.54,7.55,0.12,0.19,-0.04,317,348,364,413,327
4.59,-1.56,8.10,0.22,0.19,-0.05,316,348,364,413,328
4.20,-1.79,8.33,0.14,0.17,-0.03,316,348,364,413,328
4.39,-1.33,8.68,0.19,0.10,-0.08,316,348,363,411,327
4.05,-1.51,8.03,0.21,0.12,-0.03,316,347,361,409,328
4.69,-1.57,8.90,0.14,0.03,-0.12,316,346,360,407,328
3.88,-1.36,8.23,0.03,-0.01,-0.05,317,345,360,407,327
4.33,-1.26,8.64,0.06,-0.07,-0.10,316,345,360,406,328
4.19,-1.03,8.10,0.03,-0.06,0.04,317,344,359,406,328
3.87,-1.41,7.97,-0.03,-0.18,-0.04,316,344,359,405,329
3.96,-1.08,8.08,-0.01,-0.13,-0.10,316,344,359,405,329
5.33,-1.11,8.25,0.04,-0.03,-0.12,316,344,359,405,330
END
4.60,-1.06,8.05,-0.04,-0.04,-0.04,359,398,394,452,330
5.50,-6.87,0.55,0.20,0.13,-0.09,357,409,403,458,330
7.34,-6.59,1.64,0.29,0.09,-0.14,360,423,416,464,330
6.60,-6.64,1.51,0.34,0.31,0.06,349,426,417,465,331
5.89,-6.88,2.16,0.11,0.15,0.14,340,424,415,464,330
6.65,-6.87,2.29,0.06,0.00,-0.01,333,420,411,461,330
6.17,-6.84,2.00,-0.10,-0.10,0.17,321,403,400,453,330
6.35,-6.87,1.92,0.06,-0.02,-0.03,320,396,396,449,329
6.16,-6.85,1.68,-0.07,0.03,0.09,320,391,393,446,329
5.51,-7.09,1.07,0.10,-0.01,-0.04,320,388,391,445,329
6.39,-7.23,1.52,0.20,0.04,-0.06,319,385,388,443,328
5.79,-7.36,1.79,0.15,0.14,0.04,319,384,387,442,328
5.78,-6.59,0.96,0.28,0.21,0.11,319,377,382,438,328
4.86,-6.63,1.92,0.22,0.25,0.10,319,372,377,435,328
5.34,-7.13,2.46,0.17,-0.04,0.05,319,371,377,434,328
4.77,-6.86,1.82,0.13,-0.04,-0.10,319,371,377,434,328
4.32,-6.56,2.15,0.31,0.24,-0.17,319,372,379,435,328
5.72,-6.81,3.99,0.31,0.17,-0.31,318,371,378,434,328
4.72,-6.02,3.36,0.33,0.21,-0.28,319,370,378,434,328
5.56,-5.54,4.21,0.28,0.10,-0.37,319,369,377,432,328
5.84,-4.59,4.91,0.34,0.07,-0.47,318,369,377,430,328
6.27,-4.31,4.49,0.43,0.32,-0.25,318,369,375,426,328
5.43,-3.73,6.04,0.57,0.15,-0.36,318,370,375,426,328
6.16,-3.70,5.46,0.41,0.30,-0.17,318,371,374,425,328
6.63,-2.77,7.15,0.48,0.15,-0.40,318,372,375,426,328
5.16,-2.78,6.98,0.33,0.25,-0.12,318,372,375,425,328
6.44,-2.33,6.61,0.30,-0.04,-0.47,318,372,375,425,328
5.71,-2.12,6.28,0.24,0.27,-0.20,318,372,375,425,328
5.77,-1.49,7.14,0.37,0.23,-0.25,318,371,375,424,328
6.03,-1.23,7.63,0.21,0.37,0.05,318,371,374,424,328
4.97,-1.34,7.44,0.23,0.17,-0.13,318,371,374,423,328
4.72,-1.37,7.59,0.14,0.22,-0.12,318,370,374,422,328
5.27,-0.79,7.65,0.17,0.24,-0.19,318,370,374,422,328
4.90,-0.73,8.51,0.14,0.32,0.01,318,370,373,421,328
5.08,-0.53,8.42,0.05,0.06,-0.12,317,367,370,419,328
5.36,-0.66,8.11,0.05,-0.04,-0.12,317,366,368,417,329
END
4.63,-0.71,8.13,0.11,0.07,-0.01,318,360,366,418,333
5.99,-7.21,-0.73,0.08,-0.10,-0.08,318,359,367,418,332
5.93,-7.59,-0.53,0.06,-0.08,-0.03,318,360,367,417,333
5.82,-7.54,-0.66,0.16,-0.03,-0.05,318,362,369,418,332
5.79,-7.54,-0.44,0.12,-0.02,-0.04,319,363,368,418,332
5.93,-7.45,-0.51,0.16,0.03,-0.01,319,364,369,418,332
5.64,-7.88,-0.38,0.14,0.06,0.06,318,363,369,418,333
5.63,-7.72,-0.97,0.24,0.09,-0.05,318,365,369,421,332
5.51,-7.67,-0.88,0.42,0.20,-0.09,318,364,370,422,332
3.35,-7.19,-0.95,0.47,0.44,-0.17,319,364,371,425,332
6.36,-7.00,0.22,0.14,0.04,-0.27,318,370,378,431,331
6.52,-6.70,1.23,0.37,0.10,-0.34,318,371,378,429,331
5.63,-6.00,1.04,0.34,0.31,-0.18,318,370,377,430,331
6.36,-5.80,2.38,0.60,0.51,-0.24,318,368,377,431,330
5.80,-5.08,2.80,0.79,0.46,-0.43,318,369,380,436,330
5.51,-5.17,3.75,0.64,0.22,-0.36,318,372,386,445,330
7.30,-3.69,5.61,0.60,0.28,-0.27,318,373,387,444,330
5.58,-4.13,5.18,0.42,0.42,-0.08,318,375,387,443,330
5.87,-3.44,5.37,0.38,-0.01,-0.35,318,375,386,441,329
6.78,-3.10,5.81,0.25,0.14,-0.43,318,375,386,441,329
6.14,-2.20,6.12,0.34,0.43,-0.30,318,376,385,440,329
7.03,-1.71,7.54,0.36,0.29,-0.36,318,375,385,439,329
5.89,-1.37,6.75,0.38,0.24,-0.29,318,375,385,439,329
6.48,-1.26,7.97,0.39,0.15,-0.39,318,374,385,439,329
5.42,-0.62,7.92,0.24,0.33,-0.12,318,374,385,438,329
6.13,-0.85,7.55,0.13,-0.04,-0.26,318,374,385,438,329
6.08,-0.70,7.34,0.15,-0.05,-0.24,318,376,385,438,329
5.61,-0.55,7.39,0.13,-0.02,-0.16,318,377,386,438,329
6.14,-0.04,7.20,0.17,0.21,-0.19,318,378,387,438,330
5.53,0.45,7.18,0.27,0.25,-0.15,318,378,386,438,329
5.36,0.40,7.82,0.15,0.33,0.06,318,378,386,438,329
5.28,0.93,7.42,0.22,0.53,0.09,318,382,387,440,329
3.35,-0.32,8.87,0.06,0.78,0.31,317,383,387,439,329
3.93,-0.03,9.34,-0.01,0.11,-0.08,317,382,386,438,328
3.53,0.82,7.86,-0.07,-0.00,-0.13,317,382,386,437,327
4.24,0.52,8.28,-0.02,-0.18,-0.10,317,381,385,436,327
END
4.14,0.66,8.27,0.12,0.03,-0.03,322,356,367,418,331
6.09,-7.40,-0.75,0.11,-0.06,-0.07,323,356,367,418,331
5.43,-7.32,-1.59,0.19,0.01,-0.15,323,359,369,420,331
6.23,-7.54,-1.01,0.06,0.00,-0.03,323,364,371,421,331
5.79,-7.38,-0.95,0.11,0.06,-0.04,323,372,376,426,331
5.87,-7.09,-1.25,0.03,0.07,0.01,322,371,376,425,331
5.34,-6.97,-1.31,0.23,0.27,-0.08,320,370,375,425,331
5.94,-7.24,-0.98,0.26,0.25,-0.06,319,367,372,422,331
6.07,-7.11,-0.57,0.39,0.34,-0.11,319,367,372,423,330
5.99,-7.22,0.47,0.35,0.27,0.01,319,362,370,422,330
7.23,-7.49,2.02,0.44,0.32,0.16,319,360,369,421,330
6.20,-7.07,1.02,0.25,0.18,0.02,319,358,369,421,329
4.59,-6.62,0.68,0.25,-0.04,0.04,319,358,369,420,329
4.92,-6.60,1.49,0.45,0.10,-0.04,319,358,368,420,329
5.52,-6.47,2.48,0.46,0.15,-0.11,319,358,368,420,328
5.29,-6.32,3.47,0.49,0.32,-0.05,319,357,368,418,328
4.60,-6.08,3.85,0.58,0.35,-0.27,319,357,368,417,327
6.39,-5.81,4.44,0.36,0.03,-0.45,319,356,367,417,327
5.46,-5.41,4.59,0.40,0.32,-0.22,319,356,367,417,327
6.50,-4.98,6.03,0.33,0.54,0.27,318,355,368,416,327
5.84,-5.33,7.01,0.34,0.43,-0.03,319,355,368,416,326
5.00,-4.97,5.86,0.19,-0.03,-0.13,318,357,369,417,326
5.23,-4.80,6.67,0.31,0.10,-0.18,318,359,370,418,325
4.05,-4.60,5.51,0.16,0.16,-0.09,318,360,371,418,326
5.00,-4.19,6.27,0.35,0.11,-0.29,319,361,371,419,326
5.41,-3.75,6.83,0.21,0.25,-0.16,319,362,373,423,326
5.59,-3.69,7.64,0.22,0.14,-0.26,319,363,373,423,325
4.10,-3.43,6.38,0.17,0.21,-0.06,319,365,374,426,325
5.22,-3.75,7.67,-0.07,0.09,-0.09,318,365,374,426,325
3.81,-3.41,6.71,0.07,0.14,-0.24,317,366,374,426,324
5.48,-3.36,7.75,0.06,0.03,-0.06,317,365,373,425,324
4.33,-3.12,7.38,0.18,0.16,-0.11,317,364,371,423,324
4.16,-2.96,7.80,0.20,0.16,-0.07,317,362,370,422,324
4.68,-2.45,8.27,0.33,0.21,-0.21,317,362,370,421,324
4.67,-2.22,8.17,0.24,0.21,-0.16,317,363,372,423,324
3.61,-2.06,8.15,0.26,0.29,-0.04,317,363,373,423,324
END
3.67,-1.66,9.00,0.28,0.15,-0.18,319,345,355,404,333
5.90,-6.70,-2.79,0.13,0.03,0.08,320,345,355,404,332
6.46,-6.69,-2.61,0.18,-0.02,-0.17,320,345,355,405,331
5.68,-6.69,-3.38,0.24,0.16,-0.05,320,345,355,406,331
6.83,-6.91,-1.24,0.57,0.46,-0.17,320,344,355,406,331
6.07,-6.86,-0.94,0.21,0.37,0.11,320,344,355,407,331
5.45,-6.68,-2.02,0.50,0.33,0.04,320,345,357,412,331
5.33,-6.21,-1.21,0.80,0.72,-0.15,320,344,357,413,330
6.86,-6.21,2.43,0.68,0.59,0.01,320,342,355,410,329
5.16,-5.72,1.55,0.47,0.26,-0.11,319,342,355,410,330
6.51,-5.67,3.70,0.56,0.24,-0.18,319,342,355,410,329
5.30,-4.36,2.10,0.80,0.18,-0.40,319,343,356,414,329
6.20,-4.37,3.93,0.82,0.60,-0.17,319,343,356,414,330
6.59,-3.32,6.53,0.70,0.34,-0.19,319,343,356,413,329
6.24,-3.62,6.31,0.46,0.23,-0.15,319,343,356,412,329
5.98,-2.86,7.16,0.42,0.06,-0.31,319,345,356,414,329
5.38,-2.76,6.96,0.47,0.12,-0.35,317,345,356,413,329
5.42,-2.05,6.28,0.29,0.41,-0.07,317,352,360,416,329
5.69,-1.86,6.88,0.25,0.30,-0.19,317,356,364,420,329
5.61,-1.23,7.53,0.36,0.34,-0.25,317,357,364,421,329
5.15,-1.51,7.34,0.22,0.34,-0.12,317,363,367,422,329
4.59,-1.00,7.75,0.31,0.28,-0.31,317,367,369,422,330
4.80,-0.60,8.53,0.22,0.41,-0.17,317,367,369,418,329
4.34,-0.57,8.24,0.18,0.20,-0.26,317,366,368,417,328
5.18,0.30,8.93,0.16,0.05,-0.35,317,365,368,417,328
6.06,0.19,9.07,-0.00,0.03,-0.01,317,364,368,416,328
4.14,-0.19,7.89,0.09,0.08,-0.04,317,363,367,416,329
4.29,-0.40,8.35,0.08,0.13,0.00,317,362,366,415,328
4.18,0.14,8.54,0.07,0.18,-0.02,316,362,366,414,328
4.20,0.14,8.66,0.08,0.05,-0.06,316,361,365,411,328
4.19,0.11,8.39,0.09,0.01,-0.06,316,361,365,409,329
3.67,-0.11,8.54,0.09,-0.01,-0.05,316,361,365,408,329
3.78,0.12,8.46,0.14,0.05,-0.07,317,362,365,409,329
3.58,0.16,8.29,0.01,0.02,-0.00,317,364,368,412,329
4.44,0.15,8.92,0.11,-0.02,-0.17,316,365,369,413,329
3.52,0.70,8.44,0.02,-0.01,-0.05,317,364,368,413,329
END
4.19,0.40,8.74,-0.01,-0.06,-0.09,319,370,372,418,332
8.28,-6.26,-1.36,0.46,0.39,0.10,319,368,371,419,330
7.76,-6.47,-0.23,0.47,0.76,0.45,319,363,369,419,329
5.71,-6.76,0.45,0.17,0.56,0.54,319,358,366,417,328
6.42,-6.73,0.09,0.35,0.04,-0.17,319,356,366,416,328
6.45,-6.78,0.24,0.17,0.05,0.07,319,355,365,416,328
4.12,-6.55,-1.11,0.27,0.10,0.01,318,356,365,417,328
6.37,-6.75,1.50,0.19,0.14,0.01,318,354,363,416,328
4.58,-6.20,0.90,0.39,0.45,0.06,317,354,363,416,327
6.11,-6.50,2.91,0.34,0.26,-0.10,317,353,363,415,327
5.00,-6.24,2.52,0.40,0.29,-0.13,317,352,363,415,327
6.17,-5.98,3.93,0.32,0.31,-0.20,316,351,363,415,328
5.21,-5.77,3.98,0.55,0.36,-0.06,317,350,363,415,327
6.39,-5.57,4.48,0.46,0.20,-0.20,317,350,363,414,327
5.80,-5.15,4.55,0.48,0.30,-0.11,317,351,363,414,326
5.17,-4.68,5.02,0.40,0.26,-0.03,316,351,363,413,326
5.17,-4.36,6.14,0.44,0.25,-0.16,317,351,362,412,327
6.12,-4.55,8.32,0.39,0.35,-0.13,317,350,362,411,327
4.34,-4.39,6.27,0.26,0.29,-0.10,317,350,362,410,327
5.14,-3.71,7.04,0.30,0.19,-0.35,317,350,362,409,327
4.56,-3.16,6.95,0.21,0.33,-0.12,317,350,361,409,327
4.87,-2.68,7.38,0.26,0.38,-0.14,317,349,360,409,327
4.34,-2.86,8.15,0.19,0.33,0.00,317,347,358,407,327
4.53,-2.51,8.40,0.23,0.13,-0.15,317,347,358,408,328
3.46,-2.86,8.03,0.11,0.18,0.00,317,347,358,408,328
4.08,-2.35,8.13,0.24,0.02,-0.22,317,347,358,408,328
3.63,-2.38,8.23,0.18,0.14,-0.01,317,347,359,408,328
3.78,-2.26,7.94,0.18,-0.00,-0.14,317,347,358,408,328
4.02,-2.28,8.10,0.13,0.06,-0.05,318,348,359,409,328
3.51,-2.26,8.05,0.11,0.02,-0.04,318,348,359,409,328
4.39,-2.03,8.56,0.10,0.04,-0.06,318,349,359,409,328
3.45,-1.87,8.20,0.11,0.02,-0.07,318,349,361,411,328
3.81,-1.87,8.37,0.11,0.02,-0.07,318,350,361,411,328
3.45,-1.77,8.35,0.12,0.04,-0.08,318,350,362,411,328
3.17,-1.65,8.38,0.11,0.06,-0.05,318,351,362,411,328
3.68,-1.55,8.39,0.10,0.03,-0.09,319,351,362,411,328
END