5.00,-7.82,-7.82,0.19,0.19,0.19,359,387,394,449,327
4.28,-8.03,-8.03,0.04,0.04,0.04,358,387,394,449,327
4.53,-8.20,-8.20,-0.01,-0.01,-0.01,358,387,394,449,328
1.92,-6.02,-6.02,-0.04,-0.04,-0.04,356,388,395,449,327
3.79,-3.35,-3.35,1.89,1.89,1.89,354,394,400,455,327
5.91,-4.36,-4.36,-0.20,-0.20,-0.20,352,391,395,450,325
4.72,-4.39,-4.39,-0.04,-0.04,-0.04,351,390,394,449,325
4.76,-4.40,-4.40,0.05,0.05,0.05,349,390,393,449,325
4.35,-4.39,-4.39,0.01,0.01,0.01,349,390,393,448,325
5.18,-4.55,-4.55,-0.01,-0.01,-0.01,349,390,393,448,325
5.10,-4.67,-4.67,0.03,0.03,0.03,349,390,393,448,325
END
4.89,-4.52,-4.52,0.03,0.03,0.03,349,389,392,446,325
3.59,-8.36,-8.36,0.02,0.02,0.02,349,389,392,446,325
3.84,-8.02,-8.02,0.00,0.00,0.00,349,389,392,446,325
2.73,-7.90,-7.90,0.24,0.24,0.24,349,389,392,446,325
2.23,-6.72,-6.72,0.58,0.58,0.58,349,390,392,446,325
7.05,-5.65,-5.65,0.53,0.53,0.53,350,391,393,446,325
5.63,-5.15,-5.15,0.40,0.40,0.40,349,393,395,447,325
5.61,-5.38,-5.38,0.07,0.07,0.07,349,394,396,447,326
5.05,-4.22,-4.22,-0.07,-0.07,-0.07,349,393,395,447,326
5.28,-4.59,-4.59,0.05,0.05,0.05,349,393,395,447,325
4.85,-4.73,-4.73,0.03,0.03,0.03,349,392,395,446,325
END
4.52,-4.64,-4.64,-0.00,-0.00,-0.00,353,388,393,450,324
4.41,-7.87,-7.87,0.03,0.03,0.03,353,388,393,450,324
3.82,-7.95,-7.95,0.05,0.05,0.05,352,388,393,450,324
3.17,-6.78,-6.78,0.44,0.44,0.44,352,388,393,449,324
5.14,-6.27,-6.27,1.03,1.03,1.03,352,388,393,448,324
5.43,-4.62,-4.62,0.91,0.91,0.91,352,388,393,448,324
5.71,-5.02,-5.02,0.23,0.23,0.23,352,389,392,447,324
4.38,-4.04,-4.04,-0.06,-0.06,-0.06,352,389,393,447,324
4.57,-3.78,-3.78,-0.01,-0.01,-0.01,351,389,392,447,324
4.45,-3.91,-3.91,0.06,0.06,0.06,351,389,392,447,324
4.54,-3.83,-3.83,0.02,0.02,0.02,351,389,392,447,324
END
4.95,-4.12,-4.12,0.02,0.02,0.02,350,389,393,448,324
4.24,-8.10,-8.10,0.03,0.03,0.03,350,389,392,448,324
3.98,-8.12,-8.12,-0.00,-0.00,-0.00,350,389,392,448,324
2.95,-7.28,-7.28,0.17,0.17,0.17,350,389,392,447,324
4.62,-5.95,-5.95,0.98,0.98,0.98,350,389,392,447,324
5.06,-5.36,-5.36,0.57,0.57,0.57,350,389,392,445,324
5.51,-5.34,-5.34,0.28,0.28,0.28,350,389,392,445,324
4.64,-4.19,-4.19,0.02,0.02,0.02,350,389,392,445,324
4.15,-4.16,-4.16,0.07,0.07,0.07,350,389,391,444,324
4.63,-4.32,-4.32,0.06,0.06,0.06,350,389,391,444,324
4.74,-4.24,-4.24,0.04,0.04,0.04,350,389,392,444,324
END
4.51,-4.31,-4.31,0.05,0.05,0.05,349,389,392,446,324
4.19,-8.06,-8.06,0.02,0.02,0.02,349,389,392,446,324
3.79,-8.23,-8.23,0.04,0.04,0.04,349,389,392,446,324
3.08,-7.34,-7.34,0.08,0.08,0.08,348,388,392,446,324
3.85,-6.93,-6.93,0.69,0.69,0.69,349,388,391,446,324
5.71,-6.63,-6.63,0.67,0.67,0.67,349,388,391,445,324
5.04,-4.33,-4.33,0.55,0.55,0.55,349,388,391,444,324
5.95,-4.69,-4.69,0.38,0.38,0.38,349,389,391,443,324
4.04,-3.63,-3.63,-0.10,-0.10,-0.10,349,388,391,443,324
4.48,-3.60,-3.60,0.01,0.01,0.01,349,388,391,443,323
4.49,-3.70,-3.70,0.07,0.07,0.07,349,388,391,443,323
END
4.31,-3.66,-3.66,0.02,0.02,0.02,349,389,391,444,324
3.57,-8.47,-8.47,-0.03,-0.03,-0.03,349,389,391,444,324
3.60,-8.41,-8.41,-0.01,-0.01,-0.01,349,388,391,444,324
2.92,-6.39,-6.39,0.56,0.56,0.56,349,388,391,444,324
6.50,-6.81,-6.81,1.03,1.03,1.03,349,388,391,442,324
5.15,-4.88,-4.88,0.59,0.59,0.59,349,388,390,442,324
5.48,-4.62,-4.62,0.27,0.27,0.27,349,388,390,441,324
4.57,-3.91,-3.91,-0.01,-0.01,-0.01,349,388,390,441,324
4.33,-3.76,-3.76,0.03,0.03,0.03,349,388,390,441,324
4.40,-3.70,-3.70,0.01,0.01,0.01,349,388,390,441,324
4.41,-3.83,-3.83,0.04,0.04,0.04,349,388,390,441,324
END
4.54,-3.93,-3.93,-0.02,-0.02,-0.02,349,388,391,443,324
4.72,-8.12,-8.12,-0.00,-0.00,-0.00,349,388,391,443,324
3.38,-6.96,-6.96,0.40,0.40,0.40,349,388,391,443,324
4.33,-5.88,-5.88,0.93,0.93,0.93,349,388,390,442,324
6.09,-4.64,-4.64,0.71,0.71,0.71,350,388,390,441,324
4.87,-4.24,-4.24,0.34,0.34,0.34,349,388,390,441,324
4.72,-3.73,-3.73,0.02,0.02,0.02,349,388,390,440,324
4.21,-3.24,-3.24,0.00,0.00,0.00,349,388,390,440,323
4.47,-3.27,-3.27,0.03,0.03,0.03,349,388,390,440,324
4.28,-3.24,-3.24,0.02,0.02,0.02,349,388,390,440,324
4.35,-3.24,-3.24,0.01,0.01,0.01,349,388,390,440,324
END
4.21,-3.34,-3.34,-0.00,-0.00,-0.00,349,388,390,442,324
4.85,-7.94,-7.94,-0.07,-0.07,-0.07,350,388,390,442,324
2.81,-8.11,-8.11,0.31,0.31,0.31,349,388,390,442,324
3.52,-5.84,-5.84,0.90,0.90,0.90,349,388,390,441,324
4.87,-4.86,-4.86,0.78,0.78,0.78,349,388,390,440,324
4.56,-5.15,-5.15,0.21,0.21,0.21,349,388,390,439,324
4.06,-4.31,-4.31,-0.03,-0.03,-0.03,349,388,390,439,324
4.50,-4.41,-4.41,0.00,0.00,0.00,349,388,390,439,323
4.10,-4.41,-4.41,0.04,0.04,0.04,349,388,390,439,323
4.24,-4.54,-4.54,0.02,0.02,0.02,349,388,390,439,323
4.39,-4.49,-4.49,0.02,0.02,0.02,349,388,390,439,323
END
5.09,-4.89,-4.89,-0.14,-0.14,-0.14,345,393,396,449,323
4.25,-7.80,-7.80,0.39,0.39,0.39,345,393,396,448,323
2.91,-5.13,-5.13,0.82,0.82,0.82,345,393,396,448,324
5.77,-5.51,-5.51,0.88,0.88,0.88,346,393,396,447,323
4.52,-4.64,-4.64,0.28,0.28,0.28,346,393,396,446,323
3.87,-3.94,-3.94,0.05,0.05,0.05,346,393,396,446,323
3.65,-3.69,-3.69,0.02,0.02,0.02,346,393,396,446,323
4.41,-3.93,-3.93,0.05,0.05,0.05,346,393,396,446,323
3.98,-3.70,-3.70,0.00,0.00,0.00,346,393,396,446,323
4.13,-3.72,-3.72,-0.00,-0.00,-0.00,346,393,396,446,323
4.15,-3.91,-3.91,0.00,0.00,0.00,346,393,396,446,323
END
4.10,-4.49,-4.49,-0.16,-0.16,-0.16,345,392,395,447,323
4.88,-8.15,-8.15,0.02,0.02,0.02,345,392,395,447,323
4.72,-8.28,-8.28,0.02,0.02,0.02,345,392,395,447,323
4.22,-8.23,-8.23,0.09,0.09,0.09,345,392,395,447,323
2.79,-7.10,-7.10,0.36,0.36,0.36,345,392,395,447,323
3.21,-5.47,-5.47,0.84,0.84,0.84,345,392,395,446,323
4.69,-4.06,-4.06,0.85,0.85,0.85,345,392,395,445,323
4.28,-4.03,-4.03,0.04,0.04,0.04,345,392,395,444,323
4.87,-2.96,-2.96,0.02,0.02,0.02,345,392,395,444,323
4.08,-3.45,-3.45,0.00,0.00,0.00,345,392,395,444,323
4.44,-3.49,-3.49,0.01,0.01,0.01,345,392,395,444,323
END
4.91,-3.50,-3.50,0.01,0.01,0.01,349,389,394,442,326
3.61,-7.34,-7.34,0.03,0.03,0.03,349,389,394,442,325
4.24,-7.67,-7.67,0.06,0.06,0.06,349,389,394,442,325
3.68,-7.50,-7.50,0.03,0.03,0.03,349,389,394,442,325
3.81,-6.54,-6.54,1.04,1.04,1.04,348,390,395,444,325
6.60,-5.30,-5.30,1.25,1.25,1.25,347,391,394,444,324
5.90,-4.00,-4.00,0.68,0.68,0.68,346,391,394,443,323
5.85,-2.98,-2.98,0.29,0.29,0.29,346,390,394,443,323
5.53,-2.51,-2.51,0.01,0.01,0.01,345,390,394,443,323
4.71,-2.18,-2.18,-0.01,-0.01,-0.01,345,390,394,443,323
5.14,-2.36,-2.36,0.01,0.01,0.01,345,390,394,443,323
END
4.90,-2.47,-2.47,0.02,0.02,0.02,345,389,393,442,324
4.73,-8.02,-8.02,0.05,0.05,0.05,345,389,393,442,323
3.45,-7.24,-7.24,0.46,0.46,0.46,345,390,393,443,324
3.81,-5.26,-5.26,1.07,1.07,1.07,345,389,394,443,323
5.85,-4.19,-4.19,0.83,0.83,0.83,347,389,393,442,323
5.94,-3.28,-3.28,0.35,0.35,0.35,347,389,393,442,323
5.23,-2.79,-2.79,0.04,0.04,0.04,346,389,393,442,323
4.66,-2.63,-2.63,0.01,0.01,0.01,346,389,393,442,323
5.17,-2.91,-2.91,0.03,0.03,0.03,346,389,393,441,323
4.57,-2.81,-2.81,0.03,0.03,0.03,346,389,393,441,323
4.47,-2.75,-2.75,0.06,0.06,0.06,346,389,393,441,322
END
4.52,-3.11,-3.11,-0.02,-0.02,-0.02,353,388,393,441,323
4.47,-7.97,-7.97,0.04,0.04,0.04,353,387,393,441,323
3.68,-7.75,-7.75,0.04,0.04,0.04,353,387,393,441,323
2.91,-6.80,-6.80,0.66,0.66,0.66,352,388,393,442,323
6.42,-5.46,-5.46,1.09,1.09,1.09,351,388,393,441,323
6.23,-4.64,-4.64,0.57,0.57,0.57,351,388,393,441,323
5.60,-3.40,-3.40,0.15,0.15,0.15,350,388,393,441,323
4.65,-3.04,-3.04,0.02,0.02,0.02,350,388,393,441,323
4.91,-3.13,-3.13,-0.02,-0.02,-0.02,350,388,393,441,323
5.51,-3.28,-3.28,0.03,0.03,0.03,350,388,393,441,323
5.15,-3.29,-3.29,0.04,0.04,0.04,350,388,393,441,323
END
5.25,-3.24,-3.24,0.04,0.04,0.04,350,388,392,440,323
4.34,-7.93,-7.93,0.03,0.03,0.03,350,388,392,440,323
4.16,-7.65,-7.65,0.03,0.03,0.03,350,388,393,440,323
3.61,-7.11,-7.11,0.51,0.51,0.51,350,388,393,441,323
5.63,-6.11,-6.11,1.09,1.09,1.09,351,388,393,441,323
5.58,-4.81,-4.81,0.64,0.64,0.64,351,388,392,440,323
5.64,-3.66,-3.66,0.26,0.26,0.26,351,388,392,440,322
4.36,-2.99,-2.99,-0.01,-0.01,-0.01,351,388,392,440,322
5.04,-2.91,-2.91,-0.01,-0.01,-0.01,351,388,392,440,322
5.08,-2.86,-2.86,0.05,0.05,0.05,351,387,392,440,323
4.98,-3.00,-3.00,0.04,0.04,0.04,351,388,392,440,322
END
5.02,-2.88,-2.88,0.08,0.08,0.08,350,388,393,441,322
4.67,-7.92,-7.92,0.03,0.03,0.03,350,388,392,441,323
4.27,-7.86,-7.86,0.04,0.04,0.04,350,388,393,441,322
2.93,-6.22,-6.22,0.29,0.29,0.29,350,388,393,441,323
5.61,-5.99,-5.99,0.99,0.99,0.99,350,388,392,440,322
6.47,-4.72,-4.72,0.77,0.77,0.77,351,388,392,440,322
5.93,-3.63,-3.63,0.38,0.38,0.38,351,388,392,439,322
4.14,-3.03,-3.03,-0.03,-0.03,-0.03,350,388,392,439,322
4.11,-2.80,-2.80,-0.04,-0.04,-0.04,350,388,392,439,322
4.71,-2.99,-2.99,-0.04,-0.04,-0.04,350,388,392,439,322
5.04,-3.04,-3.04,0.04,0.04,0.04,350,388,392,439,322
END
4.97,-2.96,-2.96,0.05,0.05,0.05,347,392,395,443,322
4.95,-7.67,-7.67,0.01,0.01,0.01,347,392,395,443,322
4.66,-7.49,-7.49,0.02,0.02,0.02,347,391,395,442,322
3.42,-6.39,-6.39,0.37,0.37,0.37,348,391,395,442,322
5.30,-6.32,-6.32,1.04,1.04,1.04,349,391,394,442,322
5.05,-4.54,-4.54,0.83,0.83,0.83,348,390,394,441,322
6.64,-3.95,-3.95,0.12,0.12,0.12,348,390,393,441,322
4.62,-2.91,-2.91,-0.01,-0.01,-0.01,348,390,393,441,322
5.32,-3.09,-3.09,0.05,0.05,0.05,348,390,393,440,321
5.02,-3.10,-3.10,0.04,0.04,0.04,348,390,393,441,321
4.82,-2.99,-2.99,0.02,0.02,0.02,348,390,393,440,322
END
4.49,-3.04,-3.04,0.05,0.05,0.05,350,390,393,440,322
4.20,-8.00,-8.00,0.03,0.03,0.03,350,390,393,440,322
3.44,-7.55,-7.55,0.08,0.08,0.08,350,390,393,440,322
3.51,-6.49,-6.49,0.58,0.58,0.58,350,390,393,440,322
6.32,-6.09,-6.09,0.92,0.92,0.92,351,389,392,440,322
6.01,-4.48,-4.48,0.74,0.74,0.74,350,389,392,439,322
5.69,-3.68,-3.68,0.23,0.23,0.23,350,389,392,439,322
4.43,-2.89,-2.89,0.05,0.05,0.05,350,389,392,439,322
5.42,-2.78,-2.78,0.06,0.06,0.06,350,389,392,439,322
5.02,-2.67,-2.67,0.03,0.03,0.03,349,389,392,439,321
4.47,-2.73,-2.73,0.03,0.03,0.03,349,389,392,439,322
END
4.60,-2.78,-2.78,0.02,0.02,0.02,348,389,392,440,322
4.66,-7.89,-7.89,0.04,0.04,0.04,348,389,392,440,322
4.29,-7.90,-7.90,0.01,0.01,0.01,348,389,393,440,322
3.44,-7.13,-7.13,0.21,0.21,0.21,349,389,392,440,322
4.94,-6.78,-6.78,0.71,0.71,0.71,349,389,392,440,322
5.36,-5.56,-5.56,0.79,0.79,0.79,349,389,392,439,322
5.19,-4.48,-4.48,0.44,0.44,0.44,349,389,392,439,322
5.07,-3.32,-3.32,0.20,0.20,0.20,349,389,392,438,322
4.71,-2.99,-2.99,0.05,0.05,0.05,349,389,392,438,322
4.21,-2.76,-2.76,-0.02,-0.02,-0.02,349,389,392,438,322
4.40,-2.97,-2.97,-0.01,-0.01,-0.01,349,389,392,438,322
END
4.61,-3.04,-3.04,0.01,0.01,0.01,348,389,392,440,322
5.07,-7.70,-7.70,0.02,0.02,0.02,348,389,392,440,322
3.45,-6.79,-6.79,0.34,0.34,0.34,348,389,392,440,322
5.59,-5.79,-5.79,0.75,0.75,0.75,348,389,392,440,322
5.91,-5.18,-5.18,0.80,0.80,0.80,349,389,392,439,322
5.94,-3.92,-3.92,0.48,0.48,0.48,349,389,392,438,322
4.63,-3.07,-3.07,0.12,0.12,0.12,349,389,392,438,322
4.80,-2.61,-2.61,0.06,0.06,0.06,348,388,392,438,322
4.74,-2.50,-2.50,0.01,0.01,0.01,348,389,392,438,322
4.73,-2.52,-2.52,-0.02,-0.02,-0.02,348,389,392,438,322
4.91,-2.42,-2.42,0.04,0.04,0.04,348,389,392,438,322
END
4.90,-8.33,-8.33,0.03,0.03,0.03,353,391,394,459,330
4.56,-8.16,-8.16,0.00,0.00,0.00,353,391,394,459,329
4.44,-8.38,-8.38,-0.04,-0.04,-0.04,353,391,393,459,330
2.95,-5.77,-5.77,0.79,0.79,0.79,352,396,399,464,331
7.89,-2.89,-2.89,1.51,1.51,1.51,351,393,395,459,328
5.03,-3.04,-3.04,-0.11,-0.11,-0.11,351,393,394,458,326
4.35,-2.89,-2.89,-0.00,-0.00,-0.00,350,393,394,458,326
4.52,-2.95,-2.95,0.04,0.04,0.04,350,393,394,458,327
4.85,-3.01,-3.01,-0.03,-0.03,-0.03,350,392,394,458,326
5.00,-3.11,-3.11,0.04,0.04,0.04,350,392,394,458,326
4.77,-3.15,-3.15,-0.05,-0.05,-0.05,350,392,394,457,327
END
5.21,-3.40,-3.40,-0.02,-0.02,-0.02,352,386,388,452,328
4.77,-8.33,-8.33,0.03,0.03,0.03,352,386,388,452,328
4.30,-8.13,-8.13,0.03,0.03,0.03,352,386,388,452,328
4.53,-8.36,-8.36,-0.01,-0.01,-0.01,351,386,388,452,328
3.29,-7.29,-7.29,-0.00,-0.00,-0.00,351,386,389,452,328
2.12,-4.47,-4.47,1.97,1.97,1.97,349,389,392,457,328
6.40,-3.91,-3.91,0.09,0.09,0.09,349,388,391,454,325
4.41,-3.24,-3.24,0.01,0.01,0.01,348,387,390,453,325
4.69,-3.06,-3.06,0.14,0.14,0.14,348,387,390,453,325
4.79,-3.35,-3.35,0.04,0.04,0.04,348,387,390,453,325
4.46,-3.18,-3.18,-0.00,-0.00,-0.00,348,387,390,453,325
END
4.91,-3.27,-3.27,0.01,0.01,0.01,343,387,386,447,327
4.36,-8.18,-8.18,0.00,0.00,0.00,343,387,386,447,327
4.40,-8.31,-8.31,0.01,0.01,0.01,343,387,386,446,327
3.52,-7.88,-7.88,-0.15,-0.15,-0.15,344,386,385,445,327
3.31,-7.41,-7.41,0.87,0.87,0.87,343,385,385,446,327
4.41,-4.91,-4.91,1.27,1.27,1.27,343,385,386,448,326
5.15,-3.65,-3.65,0.57,0.57,0.57,343,385,388,448,326
4.31,-3.85,-3.85,-0.06,-0.06,-0.06,343,385,387,447,326
3.47,-3.22,-3.22,-0.07,-0.07,-0.07,343,385,387,447,326
4.51,-3.80,-3.80,0.06,0.06,0.06,343,385,387,446,326
3.66,-3.46,-3.46,0.05,0.05,0.05,343,385,387,446,326
END
3.92,-3.99,-3.99,-0.05,-0.05,-0.05,345,383,385,446,326
4.41,-8.38,-8.38,0.03,0.03,0.03,345,383,385,446,326
4.01,-8.48,-8.48,-0.01,-0.01,-0.01,345,383,385,446,326
1.74,-6.20,-6.20,0.34,0.34,0.34,345,384,385,446,326
5.38,-4.54,-4.54,1.18,1.18,1.18,348,383,385,445,326
4.13,-3.95,-3.95,0.34,0.34,0.34,346,383,386,445,325
4.19,-3.58,-3.58,-0.05,-0.05,-0.05,345,383,385,445,325
4.88,-2.89,-2.89,0.02,0.02,0.02,345,383,386,445,325
4.30,-3.43,-3.43,0.03,0.03,0.03,345,383,386,445,325
4.21,-3.24,-3.24,0.02,0.02,0.02,345,383,386,445,325
4.34,-3.42,-3.42,-0.01,-0.01,-0.01,345,383,385,445,325
END
5.02,-3.64,-3.64,-0.00,-0.00,-0.00,343,380,383,443,327
5.47,-8.38,-8.38,-0.09,-0.09,-0.09,344,380,383,443,327
1.70,-6.04,-6.04,1.27,1.27,1.27,343,382,385,446,327
5.80,-4.56,-4.56,1.13,1.13,1.13,340,377,382,441,325
5.79,-4.34,-4.34,0.02,0.02,0.02,340,375,380,440,324
4.61,-3.73,-3.73,0.01,0.01,0.01,340,375,381,440,324
5.18,-3.87,-3.87,0.05,0.05,0.05,341,375,381,440,324
5.44,-3.71,-3.71,0.03,0.03,0.03,341,375,381,440,324
5.13,-3.60,-3.60,-0.00,-0.00,-0.00,341,376,381,440,324
5.36,-3.59,-3.59,-0.02,-0.02,-0.02,341,376,381,440,324
5.43,-3.84,-3.84,-0.02,-0.02,-0.02,341,375,381,440,324
END
5.69,-3.99,-3.99,-0.05,-0.05,-0.05,342,379,381,440,326
4.51,-8.19,-8.19,0.03,0.03,0.03,342,379,381,440,326
2.70,-7.54,-7.54,0.10,0.10,0.10,342,379,381,441,326
3.32,-5.55,-5.55,1.15,1.15,1.15,343,379,384,445,325
7.57,-4.06,-4.06,0.84,0.84,0.84,343,378,383,443,325
5.84,-4.45,-4.45,0.03,0.03,0.03,343,378,383,443,324
4.90,-3.75,-3.75,0.02,0.02,0.02,343,378,383,443,325
5.15,-3.98,-3.98,0.04,0.04,0.04,342,378,383,443,325
4.97,-3.93,-3.93,0.03,0.03,0.03,342,378,383,443,325
4.86,-4.01,-4.01,0.04,0.04,0.04,342,378,383,442,325
5.25,-3.89,-3.89,0.03,0.03,0.03,342,378,383,442,325
END
5.02,-3.76,-3.76,0.04,0.04,0.04,343,377,382,442,324
4.35,-8.32,-8.32,0.02,0.02,0.02,343,378,382,442,324
3.95,-8.54,-8.54,0.02,0.02,0.02,343,378,382,442,324
2.12,-5.74,-5.74,0.76,0.76,0.76,343,379,382,443,324
6.65,-4.70,-4.70,0.95,0.95,0.95,343,378,382,441,324
5.26,-3.97,-3.97,0.35,0.35,0.35,343,378,382,441,324
4.48,-3.23,-3.23,0.06,0.06,0.06,343,379,382,441,324
3.90,-3.06,-3.06,-0.03,-0.03,-0.03,343,379,382,441,324
4.09,-3.17,-3.17,0.01,0.01,0.01,342,379,382,441,324
4.59,-3.32,-3.32,0.01,0.01,0.01,342,379,382,441,324
4.61,-3.46,-3.46,-0.02,-0.02,-0.02,343,379,382,441,324
END
4.80,-3.36,-3.36,0.03,0.03,0.03,342,379,383,442,324
4.96,-8.28,-8.28,0.03,0.03,0.03,342,379,382,442,324
3.75,-8.23,-8.23,0.07,0.07,0.07,342,380,382,442,324
2.73,-5.53,-5.53,0.96,0.96,0.96,343,379,382,442,324
4.87,-4.92,-4.92,0.67,0.67,0.67,342,379,382,440,324
4.96,-4.15,-4.15,0.15,0.15,0.15,342,379,382,440,324
4.67,-3.52,-3.52,0.07,0.07,0.07,342,379,382,439,324
4.47,-3.40,-3.40,0.04,0.04,0.04,342,379,382,440,324
4.59,-3.40,-3.40,0.05,0.05,0.05,342,379,383,439,324
4.48,-3.33,-3.33,0.02,0.02,0.02,342,379,382,440,324
4.75,-3.58,-3.58,0.03,0.03,0.03,342,379,382,439,324
END
4.99,-3.50,-3.50,0.03,0.03,0.03,342,379,382,441,324
2.84,-7.50,-7.50,0.18,0.18,0.18,342,380,382,441,324
3.88,-5.31,-5.31,1.00,1.00,1.00,342,379,382,441,325
5.82,-4.11,-4.11,0.84,0.84,0.84,342,379,382,439,324
5.33,-4.49,-4.49,0.05,0.05,0.05,342,379,381,439,324
4.61,-3.54,-3.54,-0.06,-0.06,-0.06,342,379,382,439,324
4.29,-3.98,-3.98,-0.03,-0.03,-0.03,342,379,382,439,324
4.77,-3.98,-3.98,0.01,0.01,0.01,342,380,382,439,324
5.20,-4.07,-4.07,0.02,0.02,0.02,342,379,382,439,324
4.68,-4.09,-4.09,-0.01,-0.01,-0.01,342,379,382,439,325
5.08,-3.96,-3.96,-0.00,-0.00,-0.00,342,379,382,439,324
END
5.14,-4.19,-4.19,-0.02,-0.02,-0.02,342,379,382,441,324
3.80,-7.66,-7.66,-0.16,-0.16,-0.16,343,379,382,441,324
3.26,-7.50,-7.50,0.11,0.11,0.11,343,380,382,441,324
4.69,-5.16,-5.16,1.29,1.29,1.29,343,379,382,440,324
6.69,-5.81,-5.81,0.54,0.54,0.54,342,379,381,439,324
4.57,-5.23,-5.23,-0.02,-0.02,-0.02,342,379,382,439,324
4.51,-4.59,-4.59,-0.02,-0.02,-0.02,342,379,382,439,324
4.87,-4.53,-4.53,0.05,0.05,0.05,342,379,382,439,324
4.73,-4.82,-4.82,0.06,0.06,0.06,342,379,381,439,324
4.37,-4.69,-4.69,-0.02,-0.02,-0.02,342,379,381,439,324
4.57,-4.80,-4.80,0.02,0.02,0.02,342,379,381,439,324
END
4.80,-4.95,-4.95,0.02,0.02,0.02,342,378,381,437,327
4.56,-7.93,-7.93,0.21,0.21,0.21,341,378,381,437,327
4.59,-7.95,-7.95,0.11,0.11,0.11,342,378,381,438,326
3.83,-8.41,-8.41,0.03,0.03,0.03,343,378,381,437,326
3.12,-5.64,-5.64,1.53,1.53,1.53,341,377,380,439,325
8.18,-4.24,-4.24,0.68,0.68,0.68,341,374,378,436,324
4.98,-4.46,-4.46,-0.06,-0.06,-0.06,341,374,378,436,323
5.91,-4.14,-4.14,0.01,0.01,0.01,341,374,378,435,323
5.28,-4.26,-4.26,0.06,0.06,0.06,341,374,378,435,323
5.22,-4.14,-4.14,-0.04,-0.04,-0.04,341,374,378,435,323
5.94,-4.23,-4.23,0.03,0.03,0.03,341,374,378,435,323
END
5.57,-4.20,-4.20,0.04,0.04,0.04,341,368,369,425,324
5.17,-8.14,-8.14,0.01,0.01,0.01,341,368,369,425,324
4.73,-8.20,-8.20,-0.01,-0.01,-0.01,341,368,369,425,324
3.72,-7.74,-7.74,0.05,0.05,0.05,341,369,370,425,324
4.41,-5.28,-5.28,1.24,1.24,1.24,342,370,372,429,324
6.02,-3.40,-3.40,0.39,0.39,0.39,341,368,372,428,323
4.57,-3.96,-3.96,-0.11,-0.11,-0.11,341,368,371,428,323
5.03,-3.45,-3.45,0.01,0.01,0.01,341,368,372,428,323
5.11,-3.41,-3.41,0.05,0.05,0.05,341,369,372,428,323
4.86,-3.55,-3.55,0.04,0.04,0.04,341,369,372,428,323
5.04,-3.40,-3.40,0.03,0.03,0.03,341,369,372,428,323
END
5.20,-3.55,-3.55,0.02,0.02,0.02,343,374,375,431,324
4.94,-8.08,-8.08,0.05,0.05,0.05,343,374,375,431,324
4.95,-8.08,-8.08,0.00,0.00,0.00,343,374,375,431,324
3.79,-7.99,-7.99,-0.01,-0.01,-0.01,342,374,375,431,324
2.25,-5.94,-5.94,0.72,0.72,0.72,342,374,375,431,324
6.79,-3.93,-3.93,1.00,1.00,1.00,341,372,374,430,324
5.66,-3.78,-3.78,0.24,0.24,0.24,341,372,374,430,324
4.61,-3.35,-3.35,-0.06,-0.06,-0.06,341,374,378,434,324
5.04,-3.30,-3.30,-0.04,-0.04,-0.04,341,374,378,434,324
4.90,-3.42,-3.42,0.08,0.08,0.08,341,374,378,434,324
4.74,-3.38,-3.38,0.00,0.00,0.00,341,374,378,434,324
END
5.23,-3.53,-3.53,0.02,0.02,0.02,342,374,377,434,324
4.52,-8.14,-8.14,0.01,0.01,0.01,343,374,377,434,324
4.57,-8.26,-8.26,-0.01,-0.01,-0.01,343,374,377,433,324
3.49,-7.95,-7.95,-0.04,-0.04,-0.04,343,374,377,434,324
3.01,-5.53,-5.53,0.94,0.94,0.94,342,374,377,434,324
6.93,-4.01,-4.01,0.85,0.85,0.85,342,373,376,432,324
4.54,-4.19,-4.19,0.01,0.01,0.01,342,373,376,431,324
5.08,-3.42,-3.42,0.03,0.03,0.03,342,373,376,432,324
4.33,-3.84,-3.84,0.04,0.04,0.04,341,373,376,432,324
4.82,-3.70,-3.70,0.01,0.01,0.01,342,373,376,432,324
4.74,-3.80,-3.80,0.04,0.04,0.04,342,373,376,432,324
END
4.69,-3.73,-3.73,-0.02,-0.02,-0.02,341,379,380,437,324
4.81,-8.20,-8.20,0.01,0.01,0.01,341,379,380,437,324
4.45,-8.45,-8.45,-0.08,-0.08,-0.08,341,379,380,437,324
1.54,-5.83,-5.83,0.16,0.16,0.16,341,379,380,437,325
5.94,-5.43,-5.43,0.99,0.99,0.99,341,377,379,434,324
5.53,-5.09,-5.09,0.14,0.14,0.14,341,376,378,433,324
5.37,-4.44,-4.44,0.04,0.04,0.04,341,376,378,433,324
4.69,-4.10,-4.10,0.07,0.07,0.07,341,376,378,433,324
4.43,-4.19,-4.19,0.05,0.05,0.05,341,376,378,433,324
5.04,-4.16,-4.16,0.04,0.04,0.04,341,376,379,433,324
4.83,-4.11,-4.11,0.04,0.04,0.04,341,376,379,433,324
END
5.14,-4.07,-4.07,0.02,0.02,0.02,341,377,379,435,324
4.69,-8.28,-8.28,0.04,0.04,0.04,341,377,378,435,324
4.76,-8.40,-8.40,-0.00,-0.00,-0.00,341,377,379,435,324
1.87,-6.63,-6.63,0.21,0.21,0.21,341,377,379,435,324
5.77,-5.74,-5.74,0.82,0.82,0.82,341,376,378,434,324
6.63,-3.89,-3.89,0.40,0.40,0.40,341,375,378,433,324
5.02,-3.95,-3.95,0.01,0.01,0.01,341,376,378,433,324
4.87,-3.70,-3.70,0.05,0.05,0.05,341,376,378,433,324
4.62,-3.83,-3.83,0.04,0.04,0.04,341,376,378,433,324
4.90,-3.66,-3.66,0.03,0.03,0.03,341,376,378,433,324
4.69,-3.60,-3.60,0.03,0.03,0.03,340,376,378,433,324
END
4.90,-3.73,-3.73,0.01,0.01,0.01,341,375,378,435,324
4.59,-8.27,-8.27,0.00,0.00,0.00,341,375,377,435,324
4.29,-8.56,-8.56,-0.06,-0.06,-0.06,341,375,377,435,324
3.00,-6.09,-6.09,0.69,0.69,0.69,341,375,378,434,324
6.58,-4.46,-4.46,0.93,0.93,0.93,341,375,377,433,324
5.62,-4.80,-4.80,0.22,0.22,0.22,341,375,377,432,324
5.24,-3.75,-3.75,0.07,0.07,0.07,341,375,377,432,324
4.56,-3.81,-3.81,0.08,0.08,0.08,341,375,377,432,324
4.95,-3.70,-3.70,0.01,0.01,0.01,340,375,377,432,324
4.90,-3.76,-3.76,0.03,0.03,0.03,341,375,377,432,324
4.71,-3.75,-3.75,-0.01,-0.01,-0.01,341,375,377,432,324
END
4.52,-3.84,-3.84,-0.00,-0.00,-0.00,341,375,377,433,324
5.13,-7.81,-7.81,0.01,0.01,0.01,341,375,377,433,324
4.51,-7.93,-7.93,-0.00,-0.00,-0.00,341,375,377,433,324
3.21,-7.53,-7.53,0.17,0.17,0.17,341,375,377,433,324
3.75,-5.05,-5.05,0.88,0.88,0.88,341,375,377,433,324
6.81,-4.70,-4.70,0.34,0.34,0.34,342,374,377,432,324
5.35,-4.25,-4.25,-0.01,-0.01,-0.01,341,375,377,431,324
5.10,-3.82,-3.82,0.03,0.03,0.03,341,375,377,432,324
4.95,-4.21,-4.21,0.07,0.07,0.07,341,375,377,432,324
4.88,-4.13,-4.13,0.02,0.02,0.02,341,375,377,432,324
5.07,-4.15,-4.15,0.01,0.01,0.01,341,375,377,432,324
END
5.46,-4.13,-4.13,0.03,0.03,0.03,341,375,377,434,324
5.16,-8.07,-8.07,0.04,0.04,0.04,341,375,377,434,324
5.02,-8.43,-8.43,-0.06,-0.06,-0.06,341,375,377,433,324
3.36,-7.68,-7.68,-0.13,-0.13,-0.13,341,375,377,434,324
3.60,-5.78,-5.78,0.74,0.74,0.74,341,375,377,433,324
5.00,-5.47,-5.47,0.71,0.71,0.71,341,374,377,431,324
5.86,-4.86,-4.86,0.12,0.12,0.12,341,374,377,431,324
5.00,-4.20,-4.20,-0.01,-0.01,-0.01,341,375,377,431,324
4.85,-4.28,-4.28,0.03,0.03,0.03,341,375,377,431,324
5.10,-4.29,-4.29,0.09,0.09,0.09,341,375,377,431,324
4.83,-4.15,-4.15,0.01,0.01,0.01,340,375,377,431,324
END