4.87,-7.29,-7.29,0.19,0.19,0.19,448,413,449,371,369
0.71,-6.10,-6.10,0.12,0.12,0.12,448,413,449,371,368
0.57,-5.83,-5.83,-0.09,-0.09,-0.09,448,413,448,371,368
1.94,-5.94,-5.94,-0.50,-0.50,-0.50,449,413,448,371,368
3.51,-5.67,-5.67,-0.40,-0.40,-0.40,448,413,448,370,368
12.05,-6.61,-6.61,1.00,1.00,1.00,446,413,449,369,370
4.37,-4.91,-4.91,-0.10,-0.10,-0.10,445,412,448,368,369
5.35,-5.89,-5.89,0.01,0.01,0.01,445,412,448,368,369
5.55,-5.78,-5.78,0.01,0.01,0.01,445,412,447,368,369
5.79,-5.92,-5.92,-0.00,-0.00,-0.00,445,412,447,368,369
5.85,-6.09,-6.09,-0.09,-0.09,-0.09,445,412,447,368,369
END
5.85,-6.09,-6.09,-0.06,-0.06,-0.06,451,411,455,373,390
6.12,-6.26,-6.26,0.01,0.01,0.01,450,411,454,375,390
3.44,-3.07,-3.07,1.75,1.75,1.75,451,412,453,367,386
4.54,-2.61,-2.61,0.09,0.09,0.09,447,411,453,363,383
4.90,-1.81,-1.81,0.05,0.05,0.05,447,411,452,363,382
4.58,-2.00,-2.00,-0.03,-0.03,-0.03,447,411,452,363,382
4.99,-2.38,-2.38,-0.17,-0.17,-0.17,447,410,452,363,382
5.83,-3.29,-3.29,-0.39,-0.39,-0.39,447,410,452,364,382
5.58,-4.13,-4.13,-0.28,-0.28,-0.28,447,410,452,365,382
6.25,-5.30,-5.30,-0.09,-0.09,-0.09,446,410,451,366,382
6.17,-5.33,-5.33,0.10,0.10,0.10,447,410,451,365,382
END
6.45,-5.30,-5.30,0.08,0.08,0.08,446,410,451,365,380
6.45,-5.22,-5.22,0.05,0.05,0.05,446,410,451,365,380
3.72,-4.67,-4.67,0.27,0.27,0.27,447,410,451,365,380
5.55,-0.90,-0.90,0.48,0.48,0.48,446,410,451,361,379
5.71,-0.26,-0.26,0.32,0.32,0.32,444,409,450,361,379
3.12,-0.60,-0.60,0.16,0.16,0.16,444,409,450,361,379
4.19,-0.54,-0.54,0.03,0.03,0.03,444,409,450,361,378
3.33,-1.08,-1.08,-0.04,-0.04,-0.04,444,409,450,361,378
3.50,-0.77,-0.77,-0.04,-0.04,-0.04,444,409,450,361,379
4.36,-1.44,-1.44,-0.11,-0.11,-0.11,444,409,450,361,378
5.33,-2.09,-2.09,-0.56,-0.56,-0.56,443,409,450,361,377
END
4.36,-3.88,-3.88,-0.38,-0.38,-0.38,444,408,448,362,375
6.57,-4.50,-4.50,0.14,0.14,0.14,443,408,448,362,375
3.55,-3.04,-3.04,0.78,0.78,0.78,445,409,449,362,375
5.18,-0.55,-0.55,0.47,0.47,0.47,443,409,449,362,375
4.59,0.17,0.17,0.26,0.26,0.26,443,409,450,362,376
4.49,0.41,0.41,0.07,0.07,0.07,443,408,450,362,376
4.13,-0.05,-0.05,-0.00,-0.00,-0.00,443,408,449,362,376
4.69,-0.01,-0.01,-0.12,-0.12,-0.12,443,408,449,362,376
4.85,-1.07,-1.07,-0.39,-0.39,-0.39,443,408,449,362,375
4.71,-3.01,-3.01,-0.45,-0.45,-0.45,443,408,448,362,374
5.00,-4.57,-4.57,0.06,0.06,0.06,443,408,448,362,374
END
7.32,-4.54,-4.54,0.12,0.12,0.12,443,408,447,362,374
4.92,-3.43,-3.43,0.29,0.29,0.29,443,408,448,362,374
3.19,-1.38,-1.38,0.37,0.37,0.37,443,408,448,362,374
4.08,0.02,0.02,0.39,0.39,0.39,442,408,449,361,375
3.45,1.18,1.18,0.27,0.27,0.27,442,407,448,362,375
1.83,0.62,0.62,0.06,0.06,0.06,442,407,448,362,375
2.23,0.91,0.91,0.06,0.06,0.06,442,407,448,362,375
2.11,0.70,0.70,0.08,0.08,0.08,442,407,448,361,375
2.98,0.28,0.28,-0.16,-0.16,-0.16,442,407,448,361,375
2.99,-0.63,-0.63,-0.58,-0.58,-0.58,442,407,448,362,374
3.12,-2.33,-2.33,-0.63,-0.63,-0.63,442,407,447,362,373
END
2.91,-4.64,-4.64,-0.48,-0.48,-0.48,442,407,447,363,373
2.20,-0.81,-0.81,0.38,0.38,0.38,442,407,447,362,374
2.53,0.75,0.75,0.30,0.30,0.30,442,407,447,362,374
1.11,0.32,0.32,0.08,0.08,0.08,442,407,447,362,373
1.62,0.95,0.95,0.08,0.08,0.08,442,407,447,362,374
2.58,1.72,1.72,0.06,0.06,0.06,442,407,447,362,374
1.77,1.49,1.49,0.02,0.02,0.02,442,408,448,362,374
2.35,1.00,1.00,-0.08,-0.08,-0.08,442,408,448,362,374
2.84,-0.13,-0.13,-0.36,-0.36,-0.36,442,407,447,362,374
3.77,-1.79,-1.79,-0.50,-0.50,-0.50,441,407,447,362,373
3.66,-3.99,-3.99,-0.60,-0.60,-0.60,442,407,447,362,373
END
5.26,-5.69,-5.69,-0.05,-0.05,-0.05,442,407,448,362,378
2.20,1.94,1.94,0.00,0.00,0.00,442,406,448,362,378
2.09,1.96,1.96,0.05,0.05,0.05,442,406,448,362,378
2.13,1.97,1.97,0.05,0.05,0.05,442,406,448,362,378
2.20,2.15,2.15,0.06,0.06,0.06,442,406,448,362,378
2.12,2.36,2.36,-0.02,-0.02,-0.02,442,407,448,362,378
2.28,2.17,2.17,-0.00,-0.00,-0.00,442,407,448,362,378
3.00,1.79,1.79,-0.21,-0.21,-0.21,441,406,448,362,378
4.03,0.58,0.58,-0.36,-0.36,-0.36,441,406,447,362,377
4.62,-0.82,-0.82,-0.46,-0.46,-0.46,441,406,447,363,375
4.88,-2.99,-2.99,-0.40,-0.40,-0.40,441,406,446,363,373
END
5.18,-4.91,-4.91,0.00,0.00,0.00,441,406,446,363,373
6.29,-2.29,-2.29,0.26,0.26,0.26,441,406,446,363,373
5.40,-1.11,-1.11,0.38,0.38,0.38,441,407,446,363,374
4.52,-0.34,-0.34,0.11,0.11,0.11,445,409,448,363,379
4.01,0.67,0.67,0.21,0.21,0.21,444,408,448,363,381
3.05,1.17,1.17,0.04,0.04,0.04,444,408,448,363,380
2.84,1.62,1.62,0.07,0.07,0.07,443,408,448,363,379
2.93,1.67,1.67,0.06,0.06,0.06,443,408,447,363,379
2.90,1.70,1.70,-0.01,-0.01,-0.01,443,408,447,363,379
3.64,1.13,1.13,-0.15,-0.15,-0.15,442,407,447,363,379
4.38,0.40,0.40,-0.48,-0.48,-0.48,442,407,447,363,377
END
4.46,-2.30,-2.30,-0.55,-0.55,-0.55,441,406,446,364,374
6.33,-4.16,-4.16,0.00,0.00,0.00,441,406,446,364,374
5.69,-4.67,-4.67,0.09,0.09,0.09,441,406,446,364,374
5.66,-1.16,-1.16,0.55,0.55,0.55,442,407,446,364,374
4.34,-0.69,-0.69,0.58,0.58,0.58,444,408,449,365,380
4.19,2.43,2.43,0.40,0.40,0.40,446,409,449,364,380
3.07,2.23,2.23,0.18,0.18,0.18,446,409,449,364,380
2.38,2.38,2.38,0.05,0.05,0.05,446,409,449,364,380
2.97,2.32,2.32,-0.04,-0.04,-0.04,446,409,449,364,380
3.27,2.29,2.29,-0.02,-0.02,-0.02,446,409,448,363,380
3.52,1.69,1.69,-0.21,-0.21,-0.21,444,409,448,363,380
END
5.24,0.91,0.91,-0.45,-0.45,-0.45,441,406,446,363,374
6.10,-4.00,-4.00,0.08,0.08,0.08,441,406,446,363,374
5.44,-2.29,-2.29,0.46,0.46,0.46,442,407,446,363,374
5.70,-0.74,-0.74,0.24,0.24,0.24,442,407,447,363,376
4.12,0.19,0.19,0.29,0.29,0.29,442,407,447,363,376
2.58,1.95,1.95,0.26,0.26,0.26,442,407,447,363,375
2.15,1.92,1.92,0.07,0.07,0.07,442,407,447,363,375
2.48,2.43,2.43,-0.02,-0.02,-0.02,442,407,447,363,375
2.46,2.35,2.35,0.03,0.03,0.03,442,407,447,363,375
2.84,2.49,2.49,-0.00,-0.00,-0.00,442,407,447,363,375
3.03,1.77,1.77,-0.21,-0.21,-0.21,441,407,446,363,375
END
3.85,0.66,0.66,-0.50,-0.50,-0.50,440,405,445,364,373
4.54,-1.55,-1.55,0.25,0.25,0.25,440,405,445,364,373
4.58,-0.04,-0.04,0.41,0.41,0.41,440,405,445,364,373
5.04,1.67,1.67,0.24,0.24,0.24,440,405,446,363,375
3.04,1.99,1.99,0.29,0.29,0.29,441,406,447,363,375
3.28,2.40,2.40,0.19,0.19,0.19,441,406,447,363,376
2.51,2.53,2.53,-0.05,-0.05,-0.05,441,406,447,363,376
2.99,2.79,2.79,0.03,0.03,0.03,441,406,447,363,376
2.43,2.44,2.44,-0.01,-0.01,-0.01,441,406,446,363,376
3.03,2.34,2.34,-0.06,-0.06,-0.06,440,406,446,363,377
3.73,1.83,1.83,-0.25,-0.25,-0.25,440,405,446,363,376
END
4.85,0.19,0.19,-0.39,-0.39,-0.39,439,405,445,364,372
6.25,-1.25,-1.25,0.35,0.35,0.35,439,405,445,364,372
4.68,-0.30,-0.30,0.25,0.25,0.25,439,405,445,364,372
3.73,0.73,0.73,0.37,0.37,0.37,439,405,445,364,373
3.08,1.54,1.54,0.15,0.15,0.15,439,405,445,363,373
1.90,1.96,1.96,0.05,0.05,0.05,439,405,445,363,373
3.60,4.05,4.05,0.23,0.23,0.23,439,405,445,364,373
2.63,3.43,3.43,0.10,0.10,0.10,439,405,445,364,373
2.50,2.80,2.80,-0.01,-0.01,-0.01,439,405,445,364,373
2.34,2.56,2.56,-0.12,-0.12,-0.12,439,405,445,364,373
3.15,2.17,2.17,-0.30,-0.30,-0.30,439,405,445,364,373
END
3.86,0.76,0.76,-0.38,-0.38,-0.38,439,406,444,364,371
3.89,1.02,1.02,0.29,0.29,0.29,440,406,444,364,373
3.60,2.10,2.10,0.23,0.23,0.23,439,406,445,364,374
3.10,2.52,2.52,0.15,0.15,0.15,440,406,445,364,374
2.60,2.96,2.96,0.15,0.15,0.15,440,406,445,364,374
2.33,3.22,3.22,0.10,0.10,0.10,440,406,445,364,374
2.07,3.27,3.27,0.02,0.02,0.02,440,406,445,364,374
2.46,3.18,3.18,0.03,0.03,0.03,440,406,445,364,374
2.21,2.62,2.62,-0.08,-0.08,-0.08,439,406,445,364,374
3.19,2.20,2.20,-0.43,-0.43,-0.43,438,405,444,363,374
3.66,0.70,0.70,-0.39,-0.39,-0.39,438,405,444,364,372
END
5.30,-0.95,-0.95,-0.34,-0.34,-0.34,438,405,442,364,371
5.83,-2.10,-2.10,0.10,0.10,0.10,439,405,443,363,372
5.84,-1.10,-1.10,0.31,0.31,0.31,440,405,444,362,373
3.98,-0.65,-0.65,0.31,0.31,0.31,440,406,444,362,374
4.99,1.62,1.62,0.29,0.29,0.29,440,405,444,362,375
2.64,1.57,1.57,0.21,0.21,0.21,440,405,444,362,375
2.94,2.88,2.88,0.20,0.20,0.20,440,405,444,362,375
2.50,3.02,3.02,0.16,0.16,0.16,440,405,444,362,375
2.25,3.08,3.08,0.02,0.02,0.02,440,405,444,362,375
2.33,3.19,3.19,0.02,0.02,0.02,440,405,444,362,375
2.90,3.28,3.28,-0.02,-0.02,-0.02,439,405,444,362,375
END
3.76,2.35,2.35,-0.17,-0.17,-0.17,437,404,442,362,370
5.43,-0.55,-0.55,0.15,0.15,0.15,437,404,442,362,371
4.82,0.42,0.42,0.36,0.36,0.36,438,404,442,362,371
4.04,1.69,1.69,0.24,0.24,0.24,438,404,442,362,371
2.98,2.28,2.28,0.20,0.20,0.20,438,404,442,362,371
2.73,2.93,2.93,0.18,0.18,0.18,439,404,442,362,372
1.93,3.16,3.16,0.10,0.10,0.10,438,404,442,362,371
2.15,3.27,3.27,0.06,0.06,0.06,438,404,442,362,371
1.91,3.55,3.55,0.00,0.00,0.00,438,404,442,361,371
2.11,3.22,3.22,-0.04,-0.04,-0.04,438,404,442,361,372
3.19,2.34,2.34,-0.40,-0.40,-0.40,437,404,442,362,371
END
4.16,0.95,0.95,-0.47,-0.47,-0.47,437,404,442,362,369
4.60,0.27,0.27,0.20,0.20,0.20,437,404,441,362,369
3.96,1.45,1.45,0.29,0.29,0.29,437,404,442,362,369
2.85,1.39,1.39,0.17,0.17,0.17,437,404,442,362,370
2.48,2.35,2.35,0.20,0.20,0.20,437,404,442,362,370
1.67,3.12,3.12,-0.10,-0.10,-0.10,438,404,442,362,370
1.61,2.63,2.63,-0.02,-0.02,-0.02,438,404,441,362,370
1.51,2.89,2.89,0.02,0.02,0.02,437,404,441,362,370
1.92,2.90,2.90,0.03,0.03,0.03,437,404,441,362,370
2.63,2.49,2.49,-0.20,-0.20,-0.20,437,404,441,362,369
3.57,1.28,1.28,-0.38,-0.38,-0.38,436,403,441,362,369
END
5.18,0.75,0.75,-0.42,-0.42,-0.42,437,403,441,362,370
6.98,-0.17,-0.17,-0.39,-0.39,-0.39,435,402,441,364,369
4.35,1.31,1.31,0.47,0.47,0.47,437,402,441,363,369
3.75,0.88,0.88,0.38,0.38,0.38,436,403,441,363,369
3.10,2.46,2.46,0.18,0.18,0.18,437,402,441,363,370
2.23,2.38,2.38,0.11,0.11,0.11,437,403,441,362,370
2.20,3.00,3.00,0.15,0.15,0.15,437,403,441,362,370
2.07,3.69,3.69,0.09,0.09,0.09,437,402,441,362,370
2.06,3.60,3.60,0.00,0.00,0.00,437,402,441,362,370
1.76,3.20,3.20,-0.01,-0.01,-0.01,436,403,441,362,370
3.26,3.99,3.99,-0.18,-0.18,-0.18,436,402,441,362,370
END
4.04,1.81,1.81,-0.71,-0.71,-0.71,436,402,440,363,368
5.00,-0.78,-0.78,0.20,0.20,0.20,436,402,440,362,369
4.36,-0.57,-0.57,0.16,0.16,0.16,437,402,440,362,370
4.09,0.55,0.55,0.21,0.21,0.21,436,402,440,362,370
3.87,1.44,1.44,0.19,0.19,0.19,436,402,440,362,370
2.49,1.70,1.70,0.29,0.29,0.29,436,402,440,362,369
3.19,2.69,2.69,0.12,0.12,0.12,436,402,440,362,369
2.96,3.28,3.28,0.13,0.13,0.13,436,402,440,362,369
2.10,2.89,2.89,0.08,0.08,0.08,436,403,440,362,369
1.98,2.81,2.81,-0.00,-0.00,-0.00,436,402,440,362,369
2.40,3.07,3.07,0.02,0.02,0.02,436,402,440,362,369
END
2.95,2.79,2.79,-0.13,-0.13,-0.13,436,403,439,362,368
3.63,0.73,0.73,0.24,0.24,0.24,435,403,439,362,368
3.63,2.02,2.02,0.21,0.21,0.21,435,402,439,362,368
2.91,2.23,2.23,0.14,0.14,0.14,435,403,439,362,368
2.23,2.38,2.38,0.06,0.06,0.06,435,403,439,362,367
2.30,2.98,2.98,0.14,0.14,0.14,435,403,439,362,367
2.20,3.02,3.02,0.07,0.07,0.07,435,402,439,362,367
2.14,3.28,3.28,0.04,0.04,0.04,435,403,439,362,367
2.09,3.23,3.23,-0.00,-0.00,-0.00,435,402,439,361,367
2.75,3.35,3.35,-0.09,-0.09,-0.09,435,402,439,362,368
4.12,2.21,2.21,-0.49,-0.49,-0.49,434,402,439,362,367
END
4.29,-0.43,-0.43,-0.55,-0.55,-0.55,436,403,438,362,367
5.76,-0.90,-0.90,0.17,0.17,0.17,436,403,439,362,367
4.82,-0.22,-0.22,0.23,0.23,0.23,436,403,439,362,368
4.56,0.32,0.32,0.22,0.22,0.22,436,403,439,362,368
3.92,1.54,1.54,0.18,0.18,0.18,436,403,439,362,368
3.20,1.92,1.92,0.18,0.18,0.18,436,403,439,362,369
2.81,2.43,2.43,0.15,0.15,0.15,436,403,439,362,369
2.96,3.50,3.50,0.06,0.06,0.06,436,403,439,362,369
2.85,3.51,3.51,0.01,0.01,0.01,436,403,439,361,369
2.58,2.94,2.94,0.02,0.02,0.02,436,403,439,362,369
3.29,2.81,2.81,-0.14,-0.14,-0.14,435,402,438,361,369
END
6.58,-5.86,-5.86,0.03,0.03,0.03,444,406,441,369,380
6.98,-5.96,-5.96,0.16,0.16,0.16,449,406,444,369,387
7.43,-4.03,-4.03,0.56,0.56,0.56,449,405,445,365,400
4.68,-3.09,-3.09,0.50,0.50,0.50,448,404,445,365,404
3.36,-1.38,-1.38,0.34,0.34,0.34,447,404,444,367,404
5.87,-0.01,-0.01,0.21,0.21,0.21,448,403,440,367,410
4.21,-0.01,-0.01,0.02,0.02,0.02,448,403,440,365,408
5.06,-0.32,-0.32,-0.15,-0.15,-0.15,446,403,443,366,406
7.01,-2.07,-2.07,-0.62,-0.62,-0.62,443,404,444,365,404
4.06,-3.27,-3.27,-0.56,-0.56,-0.56,443,405,446,365,400
7.37,-5.97,-5.97,-0.15,-0.15,-0.15,442,405,445,364,385
END
7.18,-5.58,-5.58,0.06,0.06,0.06,440,400,442,366,397
6.98,-4.80,-4.80,0.12,0.12,0.12,440,400,441,366,397
5.66,-3.60,-3.60,0.46,0.46,0.46,440,400,441,365,400
6.40,-2.89,-2.89,0.30,0.30,0.30,440,399,441,362,400
4.65,-1.23,-1.23,0.17,0.17,0.17,441,400,441,360,402
7.58,1.26,1.26,0.40,0.40,0.40,441,400,440,359,402
4.23,0.23,0.23,-0.00,-0.00,-0.00,442,400,440,359,402
4.47,0.60,0.60,-0.02,-0.02,-0.02,444,400,440,360,403
3.73,0.30,0.30,-0.06,-0.06,-0.06,444,400,440,360,403
4.16,-0.12,-0.12,-0.11,-0.11,-0.11,442,400,440,360,401
6.05,-0.55,-0.55,-0.71,-0.71,-0.71,439,403,444,369,389
END
4.74,-3.09,-3.09,-0.76,-0.76,-0.76,443,401,443,368,400
7.03,-3.79,-3.79,0.24,0.24,0.24,445,401,443,366,405
5.97,-3.46,-3.46,0.18,0.18,0.18,445,402,442,365,405
5.10,-1.79,-1.79,0.48,0.48,0.48,446,403,442,363,408
6.39,-0.73,-0.73,0.26,0.26,0.26,445,402,441,361,407
5.61,0.71,0.71,0.14,0.14,0.14,447,403,441,361,408
4.78,0.47,0.47,0.07,0.07,0.07,447,403,441,361,407
4.26,0.40,0.40,0.02,0.02,0.02,446,403,441,362,407
4.53,0.70,0.70,0.07,0.07,0.07,446,403,441,362,406
4.57,0.59,0.59,-0.04,-0.04,-0.04,446,403,441,362,406
6.78,-0.06,-0.06,-0.20,-0.20,-0.20,444,402,441,362,405
END
6.68,-1.62,-1.62,-0.67,-0.67,-0.67,440,402,442,364,401
6.76,-1.44,-1.44,0.18,0.18,0.18,440,402,442,364,401
6.52,-0.51,-0.51,0.40,0.40,0.40,440,402,442,364,401
5.18,-0.52,-0.52,0.09,0.09,0.09,440,402,442,363,401
6.13,1.11,1.11,0.24,0.24,0.24,440,402,441,363,401
4.35,0.65,0.65,0.19,0.19,0.19,440,402,441,362,401
3.47,0.64,0.64,-0.04,-0.04,-0.04,440,402,441,362,401
3.52,0.86,0.86,-0.03,-0.03,-0.03,440,402,441,362,401
4.69,0.99,0.99,0.08,0.08,0.08,441,402,440,362,401
6.60,0.50,0.50,-0.22,-0.22,-0.22,440,401,440,362,401
5.68,-0.63,-0.63,-0.61,-0.61,-0.61,439,401,440,362,400
END
5.61,-3.27,-3.27,-0.30,-0.30,-0.30,440,401,439,361,400
5.56,-0.49,-0.49,0.16,0.16,0.16,440,401,439,361,400
5.56,0.14,0.14,0.19,0.19,0.19,440,401,440,362,400
5.63,0.98,0.98,0.20,0.20,0.20,440,401,440,362,400
3.79,0.95,0.95,0.09,0.09,0.09,440,401,440,361,400
3.62,0.78,0.78,-0.01,-0.01,-0.01,440,401,439,361,400
3.52,1.07,1.07,0.03,0.03,0.03,440,401,439,361,400
4.28,1.11,1.11,-0.02,-0.02,-0.02,440,401,439,361,400
5.33,0.49,0.49,-0.18,-0.18,-0.18,439,400,439,362,400
5.84,-1.02,-1.02,-0.43,-0.43,-0.43,438,400,439,362,399
6.20,-2.69,-2.69,-0.41,-0.41,-0.41,438,399,440,362,398
END
6.41,-4.80,-4.80,-0.01,-0.01,-0.01,438,399,439,361,397
5.80,-1.11,-1.11,0.12,0.12,0.12,438,399,439,361,398
6.11,0.16,0.16,0.21,0.21,0.21,438,400,439,361,398
4.47,0.16,0.16,0.13,0.13,0.13,438,399,439,361,398
4.14,1.13,1.13,-0.02,-0.02,-0.02,438,400,439,361,397
4.36,0.90,0.90,0.04,0.04,0.04,438,400,439,361,397
4.26,1.20,1.20,-0.02,-0.02,-0.02,438,399,439,361,397
5.00,0.88,0.88,-0.02,-0.02,-0.02,438,399,439,361,397
5.63,0.14,0.14,-0.27,-0.27,-0.27,438,399,439,362,397
6.74,-1.32,-1.32,-0.51,-0.51,-0.51,438,400,439,361,397
6.74,-3.47,-3.47,-0.37,-0.37,-0.37,438,400,440,362,395
END
7.87,-4.30,-4.30,0.13,0.13,0.13,438,400,439,362,397
5.14,-0.01,-0.01,0.13,0.13,0.13,439,400,439,362,397
4.77,0.78,0.78,0.21,0.21,0.21,438,400,439,362,397
3.82,0.90,0.90,0.08,0.08,0.08,439,400,439,362,396
3.64,1.45,1.45,0.17,0.17,0.17,439,400,439,362,396
4.49,1.39,1.39,0.04,0.04,0.04,439,400,439,362,396
4.24,1.36,1.36,-0.01,-0.01,-0.01,439,400,439,362,397
4.74,0.59,0.59,-0.19,-0.19,-0.19,438,400,438,362,396
5.31,-0.21,-0.21,-0.22,-0.22,-0.22,438,400,438,362,396
6.83,-1.02,-1.02,-0.33,-0.33,-0.33,437,399,439,362,395
5.81,-3.24,-3.24,-0.42,-0.42,-0.42,438,399,439,362,393
END
6.74,-4.63,-4.63,-0.04,-0.04,-0.04,438,399,438,363,394
7.09,-0.65,-0.65,0.20,0.20,0.20,437,399,438,363,394
6.35,-0.26,-0.26,0.16,0.16,0.16,437,399,438,364,394
5.42,-0.04,-0.04,0.11,0.11,0.11,437,400,439,364,393
4.86,0.35,0.35,0.08,0.08,0.08,437,400,438,364,393
5.19,0.73,0.73,0.06,0.06,0.06,437,400,438,365,392
4.97,0.69,0.69,0.12,0.12,0.12,437,400,438,365,393
4.41,0.62,0.62,0.00,0.00,0.00,437,399,438,365,393
4.69,0.61,0.61,-0.04,-0.04,-0.04,437,399,438,365,392
5.56,0.15,0.15,-0.09,-0.09,-0.09,437,399,438,365,393
5.56,-0.88,-0.88,-0.41,-0.41,-0.41,437,399,438,365,393
END
7.15,-2.77,-2.77,-0.29,-0.29,-0.29,436,399,437,370,390
6.97,-1.53,-1.53,0.06,0.06,0.06,436,399,437,370,390
5.32,-1.44,-1.44,0.25,0.25,0.25,436,399,437,370,390
5.25,-0.90,-0.90,0.05,0.05,0.05,436,399,437,370,390
5.46,-0.31,-0.31,0.16,0.16,0.16,437,399,436,369,393
4.81,0.10,0.10,0.10,0.10,0.10,437,399,436,367,393
3.81,0.43,0.43,0.15,0.15,0.15,437,399,436,367,393
3.93,0.95,0.95,0.07,0.07,0.07,437,396,436,367,393
4.65,1.17,1.17,0.05,0.05,0.05,437,399,436,367,392
4.90,1.20,1.20,-0.06,-0.06,-0.06,437,399,436,367,392
5.56,0.67,0.67,-0.13,-0.13,-0.13,436,399,436,367,392
END
5.86,-0.51,-0.51,-0.17,-0.17,-0.17,435,400,437,367,389
6.22,-0.80,-0.80,0.15,0.15,0.15,435,400,437,367,389
6.29,0.08,0.08,0.15,0.15,0.15,435,400,437,367,389
4.81,0.19,0.19,0.15,0.15,0.15,435,400,437,367,389
4.92,0.70,0.70,0.13,0.13,0.13,435,400,436,367,390
4.34,1.18,1.18,0.10,0.10,0.10,436,400,436,367,389
4.02,1.11,1.11,0.07,0.07,0.07,436,400,436,367,389
3.77,1.41,1.41,0.02,0.02,0.02,436,400,436,367,390
4.28,1.24,1.24,0.01,0.01,0.01,436,400,437,367,390
4.99,0.78,0.78,-0.19,-0.19,-0.19,435,400,436,367,389
6.45,-0.42,-0.42,-0.31,-0.31,-0.31,435,399,436,367,388
END
6.73,-2.04,-2.04,-0.41,-0.41,-0.41,436,399,435,364,388
7.09,-2.12,-2.12,0.11,0.11,0.11,436,399,435,364,388
6.94,-1.64,-1.64,0.11,0.11,0.11,436,399,436,364,388
5.44,-1.34,-1.34,0.14,0.14,0.14,435,399,435,364,388
4.47,-0.46,-0.46,0.20,0.20,0.20,436,399,435,364,388
4.45,0.11,0.11,0.28,0.28,0.28,436,399,435,364,389
3.98,1.51,1.51,0.19,0.19,0.19,436,399,435,364,388
3.60,1.39,1.39,0.06,0.06,0.06,436,399,435,364,388
3.04,1.49,1.49,0.01,0.01,0.01,436,399,435,364,388
3.52,1.45,1.45,-0.02,-0.02,-0.02,436,399,435,364,388
4.11,0.83,0.83,-0.23,-0.23,-0.23,435,399,435,364,388
END
5.09,-0.47,-0.47,-0.40,-0.40,-0.40,434,398,435,365,386
6.02,-2.30,-2.30,0.12,0.12,0.12,434,398,435,365,386
6.42,-1.45,-1.45,0.16,0.16,0.16,434,398,435,365,386
5.03,-0.92,-0.92,0.17,0.17,0.17,434,398,435,365,387
6.14,0.33,0.33,0.36,0.36,0.36,434,398,434,365,388
4.87,0.95,0.95,0.19,0.19,0.19,434,398,434,365,388
3.27,0.93,0.93,0.11,0.11,0.11,434,398,434,365,388
3.40,1.59,1.59,0.10,0.10,0.10,434,398,434,365,388
3.14,1.63,1.63,0.05,0.05,0.05,434,398,434,365,388
3.34,1.87,1.87,0.02,0.02,0.02,434,398,434,365,388
3.09,1.91,1.91,0.03,0.03,0.03,434,398,433,365,388
END
3.77,1.64,1.64,-0.12,-0.12,-0.12,432,396,433,365,385
5.95,-1.43,-1.43,0.11,0.11,0.11,432,396,434,365,385
5.22,-1.06,-1.06,0.16,0.16,0.16,432,396,434,365,385
4.52,-0.73,-0.73,0.01,0.01,0.01,432,396,434,365,386
4.77,0.21,0.21,0.19,0.19,0.19,432,396,433,365,386
3.77,0.55,0.55,0.11,0.11,0.11,433,396,433,365,386
3.79,1.26,1.26,0.05,0.05,0.05,433,396,433,365,386
3.59,1.52,1.52,0.11,0.11,0.11,433,397,433,365,386
5.71,4.47,4.47,0.25,0.25,0.25,432,396,433,365,386
2.09,1.08,1.08,-0.00,-0.00,-0.00,433,396,433,365,386
3.24,1.27,1.27,0.00,0.00,0.00,433,396,433,365,386
END
4.52,1.07,1.07,-0.07,-0.07,-0.07,432,396,432,362,388
5.50,-0.88,-0.88,0.08,0.08,0.08,432,395,432,362,388
5.47,-0.17,-0.17,0.19,0.19,0.19,432,395,432,362,388
4.94,0.19,0.19,0.21,0.21,0.21,433,396,432,362,388
3.96,0.83,0.83,0.23,0.23,0.23,433,396,432,362,390
4.32,1.74,1.74,0.09,0.09,0.09,433,396,431,362,390
3.50,1.68,1.68,0.12,0.12,0.12,436,397,431,362,391
3.65,2.15,2.15,0.04,0.04,0.04,436,397,431,361,391
3.82,2.00,2.00,0.08,0.08,0.08,435,397,431,361,390
3.73,1.68,1.68,-0.10,-0.10,-0.10,435,397,431,361,390
5.56,0.60,0.60,-0.27,-0.27,-0.27,433,396,431,361,390
END
4.54,-0.76,-0.76,-0.60,-0.60,-0.60,432,396,432,362,387
4.91,-1.81,-1.81,0.15,0.15,0.15,433,396,431,362,387
4.54,0.91,0.91,0.14,0.14,0.14,432,396,431,362,387
3.80,1.16,1.16,0.11,0.11,0.11,433,396,431,362,387
3.69,1.48,1.48,0.10,0.10,0.10,433,396,431,362,387
3.47,1.54,1.54,0.07,0.07,0.07,433,396,431,362,387
3.22,1.44,1.44,0.11,0.11,0.11,433,396,431,362,388
2.35,1.18,1.18,-0.01,-0.01,-0.01,433,396,431,362,388
3.90,1.65,1.65,0.10,0.10,0.10,433,396,431,362,387
3.27,1.67,1.67,0.01,0.01,0.01,434,396,430,362,389
3.85,1.36,1.36,0.04,0.04,0.04,434,396,430,361,389
END
3.75,1.42,1.42,-0.01,-0.01,-0.01,436,397,430,362,387
6.69,-0.82,-0.82,0.17,0.17,0.17,437,398,429,360,387
5.63,-0.29,-0.29,0.14,0.14,0.14,436,397,429,360,387
5.13,0.17,0.17,0.22,0.22,0.22,436,398,429,360,387
4.96,1.08,1.08,0.15,0.15,0.15,435,398,429,360,387
4.10,1.29,1.29,0.10,0.10,0.10,435,398,429,360,387
3.78,1.96,1.96,0.06,0.06,0.06,435,398,429,360,387
3.91,1.92,1.92,0.02,0.02,0.02,435,398,429,360,387
3.85,1.99,1.99,-0.00,-0.00,-0.00,435,398,429,360,387
3.75,1.69,1.69,0.00,0.00,0.00,434,398,429,360,387
4.06,1.48,1.48,-0.04,-0.04,-0.04,434,398,429,360,387
END
5.20,0.91,0.91,-0.24,-0.24,-0.24,431,396,431,360,384
7.06,-0.78,-0.78,0.23,0.23,0.23,431,396,431,360,385
5.66,-0.27,-0.27,0.15,0.15,0.15,431,396,431,360,385
5.15,0.23,0.23,0.22,0.22,0.22,432,396,430,360,388
4.81,1.38,1.38,0.17,0.17,0.17,433,397,430,360,388
4.65,2.12,2.12,0.10,0.10,0.10,433,397,430,360,388
3.75,1.90,1.90,0.10,0.10,0.10,433,397,430,360,387
3.27,0.03,0.03,-0.04,-0.04,-0.04,433,397,430,360,387
3.74,2.15,2.15,0.03,0.03,0.03,433,397,430,360,387
3.75,1.46,1.46,-0.10,-0.10,-0.10,433,397,430,359,388
5.09,1.49,1.49,-0.23,-0.23,-0.23,432,396,429,360,387
END
5.34,0.08,0.08,-0.39,-0.39,-0.39,431,395,430,360,384
5.64,-0.20,-0.20,0.13,0.13,0.13,431,395,430,360,385
5.42,0.10,0.10,0.16,0.16,0.16,431,395,430,360,385
4.18,0.70,0.70,0.15,0.15,0.15,431,396,430,360,385
4.45,1.12,1.12,0.12,0.12,0.12,431,396,430,360,385
3.47,1.16,1.16,0.07,0.07,0.07,431,396,430,360,385
3.98,1.56,1.56,0.06,0.06,0.06,431,396,430,360,385
3.73,1.52,1.52,0.04,0.04,0.04,432,396,430,360,385
3.78,1.46,1.46,-0.02,-0.02,-0.02,432,396,430,360,385
3.88,1.36,1.36,0.01,0.01,0.01,431,396,430,360,385
5.13,0.81,0.81,-0.18,-0.18,-0.18,431,396,430,360,384
END
5.86,-0.37,-0.37,-0.33,-0.33,-0.33,431,396,432,360,383
5.97,-0.79,-0.79,0.10,0.10,0.10,431,396,432,360,383
5.02,-0.59,-0.59,0.16,0.16,0.16,431,396,432,360,383
5.23,0.44,0.44,0.18,0.18,0.18,431,397,431,360,384
4.96,0.99,0.99,0.19,0.19,0.19,432,397,430,359,385
4.59,1.84,1.84,0.09,0.09,0.09,432,397,430,359,385
3.93,1.95,1.95,0.11,0.11,0.11,431,397,430,359,385
4.01,2.18,2.18,0.04,0.04,0.04,431,396,430,359,384
4.02,2.14,2.14,0.02,0.02,0.02,431,396,430,359,384
3.88,1.82,1.82,-0.01,-0.01,-0.01,431,396,430,359,384
4.99,1.59,1.59,-0.18,-0.18,-0.18,431,396,430,359,384
END