3.60,0.56,9.01,0.02,0.13,-0.10,480,452,449,350,379
6.55,-4.31,5.03,0.16,-0.06,-0.02,479,452,448,350,379
6.20,-4.39,5.25,0.12,0.04,0.03,479,452,448,350,379
5.92,-4.68,5.05,-0.01,0.16,0.10,479,452,449,350,380
5.76,-4.67,4.95,0.07,0.00,-0.07,479,452,449,350,380
6.49,-4.25,5.20,0.09,-0.01,-0.08,479,452,449,350,379
5.86,-4.08,4.28,0.07,0.16,-0.04,478,452,449,350,380
5.21,-4.10,4.54,0.10,0.42,0.04,479,452,449,350,380
5.05,-3.95,4.76,0.21,0.28,-0.07,478,452,449,349,380
5.06,-4.26,6.10,0.13,0.25,0.06,479,453,451,349,381
5.86,-3.71,6.60,0.30,-0.01,-0.17,479,453,453,348,383
4.20,-3.78,5.11,0.18,0.16,-0.10,478,453,453,348,383
4.84,-3.23,6.70,0.43,0.29,-0.18,478,452,452,348,383
4.21,-2.91,6.56,0.35,0.25,-0.24,478,452,452,346,383
4.53,-2.94,7.31,0.16,0.18,-0.21,478,452,452,343,382
5.13,-2.51,7.46,0.29,0.02,-0.34,477,452,452,341,382
5.07,-2.18,8.28,0.31,0.18,-0.24,477,451,452,341,382
4.56,-1.58,7.14,0.38,0.05,-0.38,477,451,452,341,382
5.55,-1.29,8.79,0.10,0.31,-0.07,477,451,452,341,382
4.05,-1.15,7.14,0.12,0.17,-0.21,477,451,452,340,382
4.72,-1.13,7.93,0.18,0.20,-0.16,477,451,452,340,382
4.30,-0.59,7.11,0.24,-0.30,-0.64,477,451,453,340,382
4.52,-0.19,7.60,0.12,0.22,-0.10,476,450,452,339,381
4.81,-0.09,7.93,0.15,0.09,-0.23,475,450,452,339,381
4.49,0.10,8.75,0.16,0.28,-0.15,475,450,452,339,381
4.38,0.33,8.58,0.20,0.13,-0.16,475,450,452,338,381
3.65,0.26,7.70,-0.04,0.07,-0.06,475,450,451,338,379
3.24,0.74,9.40,0.41,0.27,-0.28,474,450,451,338,377
3.35,0.89,8.64,0.02,0.27,-0.06,473,449,451,337,376
4.19,1.08,9.32,0.18,0.12,-0.19,473,449,451,337,377
4.06,0.70,9.23,-0.13,-0.00,-0.01,473,449,451,337,377
3.04,0.83,7.42,-0.03,0.04,0.01,473,449,450,337,377
3.19,0.58,8.33,0.15,0.12,0.08,473,449,450,337,376
3.29,0.90,8.31,0.27,-0.08,0.15,472,449,450,337,374
4.07,0.83,10.11,0.09,0.17,0.01,470,449,450,337,374
3.10,1.13,8.76,0.05,0.21,0.11,469,449,449,337,374
END
3.09,0.64,9.09,0.14,0.13,0.09,467,449,451,344,376
6.23,-5.24,4.19,0.04,-0.01,-0.04,467,449,451,344,376
6.27,-5.24,4.19,0.06,0.04,-0.03,467,449,451,344,376
6.30,-5.10,4.29,0.11,-0.01,-0.07,467,449,451,344,376
6.19,-5.13,4.14,0.13,0.04,-0.04,467,449,451,344,377
5.81,-4.90,4.16,0.16,0.02,-0.08,467,449,451,344,376
6.32,-4.82,5.10,0.20,0.17,-0.06,467,449,451,344,376
5.74,-4.84,4.73,0.13,0.23,-0.09,467,449,451,345,376
5.40,-4.62,4.61,0.07,0.16,-0.11,467,449,451,345,376
5.48,-4.44,4.47,0.22,0.11,-0.17,466,449,451,345,376
5.78,-4.13,4.94,0.24,0.18,-0.12,466,448,451,344,376
5.83,-3.75,5.84,0.31,0.19,-0.18,466,448,451,345,376
5.35,-3.55,5.70,0.34,0.16,-0.18,466,448,451,345,377
5.10,-3.46,6.02,0.32,0.10,-0.25,466,448,451,345,376
5.81,-3.07,7.01,0.39,0.03,-0.46,466,448,451,344,376
4.97,-2.94,6.17,0.10,0.10,-0.25,466,448,451,344,376
6.39,-2.23,7.02,0.18,0.17,-0.22,465,447,451,343,376
5.36,-1.89,6.55,0.11,0.36,-0.25,465,447,451,343,377
5.40,-1.98,7.44,0.09,0.36,-0.12,465,447,451,343,377
5.84,-1.76,8.66,0.26,-0.04,-0.44,464,447,452,342,377
5.30,-1.79,7.25,-0.03,0.11,-0.18,463,447,452,342,377
5.37,-1.16,7.39,0.15,0.11,-0.22,463,447,452,341,377
5.67,-1.26,7.66,-0.07,0.05,-0.16,462,446,452,341,377
4.80,-0.88,7.09,0.16,0.19,-0.14,462,446,452,341,377
5.32,-0.78,7.42,0.09,0.40,0.13,461,446,451,341,378
4.46,-0.75,8.24,0.02,0.28,0.05,461,446,451,341,378
4.03,-0.83,8.06,0.21,0.18,-0.09,461,446,451,341,378
4.67,-0.62,8.66,0.09,0.09,-0.08,461,446,451,341,378
4.30,-0.36,8.10,0.18,0.09,-0.05,461,446,451,340,378
4.21,-0.73,8.68,0.20,0.07,-0.10,460,446,451,340,377
3.60,-0.73,8.57,0.06,0.16,0.07,459,446,450,339,376
4.08,-0.39,8.25,0.22,0.04,-0.16,459,445,451,339,377
3.93,-0.38,9.15,-0.01,-0.00,-0.06,459,445,450,339,376
3.45,-0.08,7.93,0.18,0.05,-0.00,459,445,450,338,377
3.61,-0.26,8.79,0.06,0.04,-0.05,458,445,450,339,376
3.63,-0.04,8.60,0.20,0.09,-0.11,458,445,450,338,377
END
3.73,0.10,8.51,0.04,0.15,-0.01,448,446,449,348,379
5.55,-5.13,3.59,0.11,0.08,-0.08,448,446,449,348,379
5.28,-4.91,3.98,0.19,0.17,-0.08,448,447,449,348,379
5.44,-5.07,4.75,0.14,0.28,-0.01,448,447,449,348,379
6.56,-5.10,6.27,0.28,0.14,-0.10,448,446,449,347,378
5.69,-4.86,4.85,0.14,-0.01,-0.12,448,446,449,347,379
5.12,-4.57,4.20,0.14,0.13,-0.04,448,446,449,347,379
4.94,-4.44,4.61,0.19,0.20,-0.09,447,446,449,346,378
4.03,-4.09,4.41,0.41,0.08,-0.32,447,446,449,346,378
5.60,-3.78,6.61,0.35,0.29,-0.18,447,446,448,346,377
4.87,-3.20,5.51,0.19,0.08,-0.25,447,446,448,346,377
5.94,-3.21,7.36,0.26,0.34,-0.05,447,445,448,346,377
5.56,-2.81,6.47,0.16,0.03,-0.17,447,445,448,345,377
3.82,-2.78,6.07,0.51,0.08,-0.30,447,446,448,344,377
5.27,-2.35,8.68,0.33,0.30,-0.09,447,446,448,344,377
4.39,-2.05,6.94,0.24,0.08,-0.29,446,446,448,343,377
5.40,-1.74,8.36,0.17,0.23,-0.11,446,446,449,343,377
5.27,-1.34,7.65,0.22,0.07,-0.20,446,446,449,342,378
4.71,-1.26,6.71,0.31,0.19,-0.19,446,446,449,342,378
4.77,-0.83,7.59,0.22,0.10,-0.21,446,446,449,342,378
4.40,-0.80,7.89,0.08,0.17,-0.11,446,446,449,341,378
5.02,-0.21,8.87,0.28,0.15,-0.22,446,446,449,341,378
4.21,-0.02,8.41,0.31,0.23,-0.12,446,445,449,341,378
5.00,0.10,9.82,0.29,0.11,-0.23,446,445,449,341,378
3.89,0.24,8.39,0.05,0.05,-0.16,446,445,449,340,377
4.44,0.32,8.50,0.08,0.03,-0.13,446,445,449,340,377
3.74,0.50,7.89,0.13,0.03,-0.11,447,445,449,340,377
4.24,0.68,7.85,0.17,0.07,-0.12,454,446,448,340,377
4.62,0.62,9.53,0.26,0.07,-0.18,455,446,448,339,377
4.34,1.01,8.29,-0.04,-0.05,-0.02,453,445,449,339,377
4.14,1.13,8.71,0.19,0.04,-0.02,450,445,449,339,376
4.02,1.19,8.51,0.11,0.09,0.04,448,444,450,339,376
3.24,1.14,8.26,0.18,0.10,0.08,447,444,451,338,376
3.39,1.11,8.20,0.07,0.05,0.03,447,445,450,338,376
3.45,1.30,8.66,0.10,0.06,0.02,446,444,450,336,375
3.62,1.31,8.46,0.14,0.08,0.28,446,444,449,336,375
END
3.05,0.97,8.98,0.19,0.17,0.03,445,439,442,339,366
5.42,-4.06,4.34,-0.00,0.12,-0.04,444,439,442,339,366
5.63,-3.70,4.44,0.19,0.02,-0.22,444,439,442,339,366
5.45,-3.35,4.82,0.29,0.19,-0.22,445,439,442,339,366
5.41,-3.21,4.96,0.34,0.25,-0.25,445,439,442,339,367
5.83,-3.04,5.84,0.30,0.25,-0.26,444,439,442,339,367
5.18,-2.93,5.79,0.24,0.31,-0.22,444,439,442,340,368
6.02,-2.81,7.11,0.25,0.31,-0.23,444,439,442,340,368
6.27,-2.33,8.03,0.23,0.26,-0.24,444,439,442,340,368
5.51,-2.31,7.52,0.13,0.25,-0.11,443,439,442,340,368
5.61,-1.91,7.72,0.13,0.20,-0.13,443,439,442,340,368
5.07,-1.77,7.49,0.18,0.15,-0.13,443,439,443,340,369
5.16,-1.49,7.46,0.06,0.13,-0.09,443,438,443,339,370
5.22,-1.28,8.22,0.09,0.09,-0.14,443,438,443,339,370
4.53,-1.20,7.44,0.07,0.10,-0.08,443,438,443,339,369
5.43,-0.95,8.56,0.46,0.08,-0.22,443,438,443,339,368
3.81,-1.00,7.49,0.13,0.03,-0.11,442,438,443,339,368
5.06,-0.57,9.17,0.22,0.18,0.02,443,438,443,338,368
4.10,-0.53,7.80,0.02,0.06,-0.08,443,438,444,338,368
3.88,-0.47,8.18,0.12,0.15,-0.08,443,438,444,337,367
3.85,-0.24,7.88,0.10,0.08,-0.15,443,438,444,337,367
4.27,0.10,8.40,0.20,0.13,-0.21,443,438,444,336,367
3.56,0.47,7.61,0.05,0.12,-0.12,443,438,444,336,367
4.25,0.30,7.78,0.18,-0.02,-0.23,444,439,446,335,369
4.26,0.29,10.46,0.08,-0.04,-0.21,447,442,450,336,375
3.69,0.88,8.19,0.03,0.10,-0.06,448,443,452,336,379
4.15,0.77,7.84,0.04,0.03,-0.09,447,443,453,336,379
3.90,0.68,8.66,0.22,0.19,-0.10,446,443,453,335,379
3.45,0.83,8.28,0.13,0.21,-0.04,446,443,452,335,380
3.43,0.83,8.74,0.26,0.33,-0.11,446,444,452,336,380
3.52,1.15,9.66,0.14,0.24,-0.22,446,443,452,336,380
3.79,1.32,9.61,0.07,0.10,-0.13,445,443,451,336,380
3.47,1.19,9.21,0.02,-0.02,-0.06,445,443,451,335,380
2.78,1.16,9.20,0.00,-0.05,-0.03,445,443,451,336,380
3.03,1.18,8.63,0.01,-0.07,-0.11,445,442,451,336,380
2.66,1.41,8.21,-0.01,-0.03,-0.04,445,442,451,336,381
END
3.64,1.36,10.20,0.12,0.08,-0.06,440,441,445,346,378
6.14,-4.52,5.02,0.07,-0.01,-0.07,440,441,445,345,378
6.12,-4.49,5.04,0.08,0.03,-0.04,440,441,445,346,378
6.01,-4.32,4.71,0.10,-0.00,-0.08,440,441,445,346,377
5.84,-4.18,4.84,0.13,0.07,-0.07,440,441,445,345,377
5.80,-4.26,4.95,0.13,0.09,-0.09,440,441,445,345,377
5.79,-4.09,5.34,0.15,0.13,-0.09,440,441,445,345,377
5.97,-3.78,5.53,0.09,0.28,-0.02,440,440,445,345,376
4.64,-3.96,5.00,0.05,0.25,-0.01,440,440,445,345,376
5.77,-3.34,5.65,0.21,0.13,-0.15,440,440,445,344,376
5.37,-3.25,5.97,0.26,0.23,-0.08,439,440,444,344,376
5.67,-3.07,6.55,0.40,0.11,-0.26,439,440,444,344,375
5.25,-2.94,7.01,0.25,0.13,-0.14,439,439,444,343,374
5.92,-2.68,7.37,0.26,0.12,-0.19,439,439,444,342,374
5.89,-2.56,7.31,0.15,0.12,-0.17,439,439,444,342,374
5.03,-2.53,6.55,-0.07,0.21,0.10,439,439,444,341,374
4.72,-2.33,7.28,0.18,0.00,-0.15,439,439,444,341,374
4.97,-2.09,7.20,0.25,-0.05,-0.28,439,439,444,341,374
5.44,-1.92,7.68,0.20,0.14,-0.16,439,438,444,341,374
4.81,-1.61,6.94,0.19,0.13,-0.20,438,438,444,340,374
4.47,-1.39,6.84,0.13,0.16,-0.12,438,438,444,340,374
4.79,-1.24,8.03,0.18,0.13,-0.17,438,438,444,340,375
4.71,-0.85,8.59,0.32,0.15,-0.26,438,438,444,340,374
5.09,-0.85,9.38,0.18,0.21,-0.09,438,438,444,339,374
4.44,-0.48,7.89,0.16,-0.00,-0.23,439,438,444,339,375
4.80,-0.40,8.38,0.16,0.11,-0.10,439,438,444,339,376
4.24,-0.42,8.08,0.04,0.05,-0.08,439,438,445,339,376
4.95,-0.16,8.73,0.15,0.08,-0.16,438,438,445,339,376
3.87,0.15,7.48,0.08,0.05,-0.12,438,438,446,339,376
4.78,0.06,9.02,0.12,0.03,-0.18,438,438,445,338,376
3.95,0.28,8.04,0.12,0.12,-0.09,438,438,445,338,376
3.60,0.49,8.04,0.20,0.22,-0.09,438,438,445,338,376
4.16,0.84,8.61,0.24,0.25,-0.13,438,438,445,337,377
3.50,0.96,8.48,0.09,0.11,-0.13,438,438,445,337,376
4.05,1.03,8.56,0.10,0.07,-0.08,438,438,445,337,376
3.22,1.17,8.32,0.08,0.04,-0.01,439,438,445,337,375
END
4.08,0.98,9.15,0.11,-0.07,0.04,437,439,445,344,377
6.01,-4.18,5.37,0.05,0.02,-0.07,437,439,445,344,377
6.32,-3.93,4.69,0.08,-0.01,-0.11,437,439,445,344,376
5.82,-4.01,5.00,0.11,0.08,-0.09,437,439,444,345,376
6.22,-3.75,5.44,0.17,0.05,-0.16,436,439,444,344,376
7.19,-3.57,6.19,0.11,0.12,-0.11,436,439,444,344,375
6.60,-3.44,5.36,0.03,0.10,-0.09,436,439,444,343,375
6.22,-3.21,4.79,0.09,0.01,-0.16,436,439,444,343,375
5.58,-3.14,4.20,0.14,0.09,-0.15,436,439,444,343,375
6.30,-2.71,5.55,0.24,0.09,-0.21,436,439,444,342,374
5.20,-2.89,5.07,0.11,0.16,-0.18,436,439,444,342,374
5.91,-2.65,5.97,-0.00,0.36,0.00,435,439,444,341,374
6.91,-1.95,7.26,0.19,0.09,-0.37,435,438,443,341,373
4.67,-2.13,5.44,0.12,0.21,-0.06,435,438,443,341,374
7.31,-1.67,8.40,0.40,0.08,-0.21,434,438,443,341,374
5.00,-1.70,6.81,0.16,0.33,-0.13,434,438,443,341,374
5.50,-1.56,7.77,0.40,0.33,-0.24,434,438,443,340,375
5.84,-0.80,7.21,0.24,0.00,-0.40,434,438,443,340,374
5.81,-0.55,7.49,0.14,0.15,-0.18,433,438,443,340,374
6.00,-0.34,8.15,0.15,0.15,-0.10,433,438,443,340,374
5.13,-0.39,7.80,0.10,0.20,-0.09,433,438,443,339,373
4.14,-0.25,7.12,0.23,0.12,-0.16,433,438,444,339,373
5.28,0.17,8.12,0.27,0.10,-0.26,433,438,444,339,373
5.24,0.73,8.05,0.15,0.14,-0.18,433,438,444,338,373
4.72,0.88,7.76,0.06,0.13,-0.09,433,438,444,338,373
4.31,0.76,8.20,0.14,0.06,-0.18,433,438,444,338,373
4.99,0.91,8.80,0.15,0.16,-0.07,433,438,444,337,373
4.49,1.11,8.47,0.04,0.20,0.03,433,438,443,338,373
3.51,1.05,8.52,0.11,0.20,-0.07,433,438,443,338,373
3.68,1.34,8.47,0.26,0.25,-0.25,434,439,445,338,374
4.16,1.74,8.67,0.20,0.18,-0.24,434,439,445,338,375
3.35,2.00,7.95,0.16,0.24,-0.05,435,439,445,338,375
2.95,1.87,8.82,0.11,0.29,0.02,435,439,445,338,375
2.44,1.76,9.58,0.16,0.34,-0.05,436,439,445,337,375
2.78,1.93,9.64,0.09,0.21,-0.20,435,439,445,337,375
3.07,2.28,9.21,0.06,0.14,-0.10,435,439,445,336,375
END
2.28,1.97,9.28,0.03,0.10,0.08,434,439,444,344,383
6.69,-5.23,4.06,0.09,0.02,-0.05,434,439,444,344,383
6.67,-5.19,4.01,0.05,0.01,-0.04,434,439,444,344,382
6.49,-5.18,3.79,0.04,0.02,-0.06,434,439,444,344,382
6.73,-5.19,3.65,0.07,0.02,-0.09,434,439,444,344,382
6.86,-5.15,3.88,0.07,0.04,-0.06,434,439,444,344,381
6.38,-5.01,3.71,0.06,0.02,-0.06,434,439,444,344,381
5.92,-4.58,2.86,0.10,0.10,-0.07,434,439,444,343,381
5.13,-4.48,2.80,0.13,0.29,-0.00,434,439,444,343,381
4.67,-4.16,3.13,0.16,0.26,-0.10,434,439,444,342,381
6.35,-4.07,4.51,0.16,0.35,-0.13,434,438,444,342,382
6.36,-3.94,5.36,0.30,0.22,-0.29,434,438,444,342,382
6.71,-3.75,6.37,0.46,0.23,-0.29,434,438,444,341,382
7.57,-3.52,7.60,0.36,0.27,-0.19,433,438,444,341,381
5.43,-3.30,5.68,0.21,0.19,-0.15,433,438,444,341,381
6.55,-2.91,7.76,0.39,0.21,-0.18,433,437,443,340,381
5.59,-2.78,6.98,0.37,0.23,-0.24,433,437,443,340,380
5.74,-2.59,7.61,0.24,0.23,-0.14,433,437,443,340,379
5.76,-2.24,6.89,0.14,0.10,-0.18,433,437,443,339,379
5.58,-2.05,7.21,0.16,0.11,-0.17,433,437,443,339,379
5.55,-1.74,7.24,0.15,0.08,-0.11,433,437,443,339,379
5.33,-1.67,7.01,0.12,0.09,-0.07,433,437,443,339,379
4.36,-1.43,6.42,0.06,0.02,-0.19,433,437,443,339,379
5.51,-1.01,8.08,0.29,0.23,-0.16,433,437,442,338,379
4.67,-1.04,7.06,0.12,0.08,-0.19,433,436,441,338,379
5.39,-0.85,8.88,0.19,0.13,-0.20,433,436,441,338,379
5.06,-0.64,8.49,0.04,0.07,-0.15,433,436,441,338,379
5.22,-0.56,8.30,0.00,0.11,-0.11,433,436,441,338,379
4.69,-0.68,7.65,0.00,0.01,-0.15,433,436,441,338,379
5.08,-0.51,8.03,0.03,0.08,-0.16,433,436,440,337,379
5.09,-0.29,8.09,0.17,0.22,-0.11,433,436,440,337,379
4.76,0.06,8.56,0.20,0.39,0.05,432,436,440,337,377
3.85,0.04,8.18,0.18,0.20,0.05,432,436,440,337,376
3.60,0.09,8.01,0.15,0.04,-0.06,432,436,440,337,376
4.12,-0.01,8.42,0.09,0.05,-0.13,432,436,440,337,376
3.44,0.19,8.05,0.02,0.15,-0.06,432,436,440,337,376
END
3.22,0.45,7.74,0.10,0.10,-0.19,434,438,441,347,392
6.30,-5.56,4.13,0.01,-0.03,-0.03,434,438,441,347,391
6.09,-5.45,4.06,0.03,-0.01,-0.04,434,438,441,347,391
5.94,-5.46,4.26,0.02,0.01,-0.03,434,438,441,347,390
6.15,-5.33,4.30,0.07,0.03,-0.06,434,438,441,347,390
6.37,-5.36,4.05,0.07,0.05,-0.07,434,438,441,347,390
5.62,-5.28,3.69,0.03,0.02,-0.06,434,438,441,347,390
5.64,-4.90,3.15,0.08,0.11,-0.07,433,438,441,347,390
5.10,-4.82,3.39,0.11,0.32,-0.00,433,438,441,346,389
4.90,-4.64,3.43,0.25,0.17,-0.15,433,438,441,345,388
5.15,-4.48,3.77,0.36,0.08,-0.28,433,437,441,345,388
4.80,-4.16,4.23,0.38,0.10,-0.32,433,437,441,345,387
8.00,-3.21,7.65,0.56,0.18,-0.29,432,437,441,344,387
6.43,-3.40,6.80,0.27,0.31,-0.05,432,437,441,344,387
5.92,-3.45,6.83,0.33,0.30,-0.08,432,437,441,344,386
5.43,-3.29,5.90,0.18,0.21,-0.13,432,437,441,343,384
5.66,-3.04,7.21,0.40,0.21,-0.22,431,437,441,342,383
5.94,-2.47,7.72,0.20,0.05,-0.24,430,437,441,342,382
5.52,-2.38,7.86,0.15,0.21,-0.06,430,436,441,341,382
5.11,-2.13,6.70,0.04,0.01,-0.14,430,436,441,341,382
5.71,-2.07,7.44,0.11,0.11,-0.11,429,436,441,340,382
4.60,-1.97,6.77,0.06,0.12,-0.02,430,436,441,340,382
4.64,-1.76,6.61,0.16,0.06,-0.12,430,436,441,340,381
4.85,-1.63,7.40,0.35,0.13,-0.17,430,436,441,340,381
5.38,-1.48,7.79,0.08,0.14,-0.06,430,436,441,340,381
4.69,-1.22,7.85,0.12,0.23,-0.05,430,436,441,339,381
4.82,-1.28,8.09,0.12,0.04,-0.15,430,436,441,339,381
4.74,-0.87,8.03,0.22,0.10,-0.15,430,436,441,339,380
5.13,-0.68,8.25,0.07,0.04,-0.13,430,436,440,339,380
4.77,-0.52,8.47,0.25,0.14,-0.14,430,436,440,339,379
4.58,-0.39,8.08,0.12,0.06,-0.05,430,436,440,338,379
4.59,-0.19,7.85,0.18,0.06,-0.08,431,437,442,338,382
3.61,0.01,7.85,0.05,0.09,-0.04,432,438,443,339,382
4.36,0.40,8.45,0.28,0.28,-0.13,433,438,443,339,383
4.26,0.56,8.27,0.22,0.19,-0.01,432,438,443,338,383
4.73,0.81,8.36,0.30,0.21,0.01,432,438,444,338,383
END
3.40,0.80,8.04,0.11,0.19,0.26,433,440,442,344,382
5.27,-5.74,3.94,0.15,-0.04,-0.04,434,440,442,344,382
5.36,-5.69,4.24,0.23,0.03,-0.09,434,440,442,344,382
5.50,-5.73,5.02,0.18,0.03,-0.09,433,439,441,344,381
5.53,-5.59,4.64,0.17,0.03,-0.06,433,439,441,345,381
5.66,-5.37,4.80,0.13,0.01,-0.03,433,439,441,345,381
5.23,-5.31,4.19,0.21,0.06,-0.01,433,439,441,345,380
5.28,-5.11,5.25,0.28,0.06,-0.04,433,439,441,345,381
5.17,-4.85,5.05,0.19,0.13,-0.06,433,439,441,344,380
4.96,-4.67,4.86,0.23,0.17,-0.06,433,439,441,344,380
4.80,-4.67,4.99,0.39,0.07,-0.13,432,439,441,344,379
4.73,-4.39,5.26,0.37,0.12,-0.14,432,439,441,344,379
4.06,-3.62,4.87,0.29,0.14,-0.18,432,438,441,343,379
4.18,-3.57,5.77,0.55,0.17,-0.26,432,438,441,343,379
7.67,-2.57,10.71,0.62,0.21,-0.31,431,438,441,342,378
4.65,-3.13,6.93,0.06,0.12,-0.09,431,438,441,342,378
5.50,-2.30,8.03,0.18,0.06,-0.19,431,437,441,341,378
4.55,-2.47,6.91,-0.04,0.07,-0.09,429,437,440,340,377
5.12,-2.28,7.03,0.23,0.01,-0.17,429,437,440,340,377
5.60,-2.00,7.46,0.06,0.02,-0.08,429,437,440,339,377
3.96,-2.05,6.58,0.21,0.15,0.00,429,437,440,339,377
5.13,-1.79,7.70,0.22,0.06,-0.11,429,436,440,339,377
4.89,-1.89,8.61,0.27,0.15,-0.22,428,436,439,339,376
3.93,-1.54,6.64,0.08,0.16,-0.07,428,436,439,338,375
4.04,-1.44,7.18,0.15,0.12,-0.20,428,436,438,338,375
4.82,-0.97,8.20,0.37,0.14,-0.33,428,436,439,338,375
4.69,-0.70,8.94,0.13,0.11,-0.16,427,436,438,337,375
4.53,-0.40,8.61,0.15,0.04,-0.24,427,436,438,337,375
4.70,-0.43,8.33,0.09,0.05,-0.26,427,435,437,337,375
4.78,0.04,8.42,0.23,0.04,-0.22,427,435,437,337,375
5.45,0.25,8.70,0.13,-0.04,-0.14,427,435,436,336,374
3.96,-0.08,8.26,0.15,0.11,0.07,427,435,436,336,374
3.20,0.34,7.65,0.14,0.24,-0.02,427,435,436,336,374
3.47,0.78,8.34,0.22,0.20,-0.12,427,435,436,336,374
3.29,0.90,8.51,0.29,0.30,-0.05,427,435,436,336,374
2.97,0.71,9.51,0.16,0.23,0.05,427,435,436,336,374
END
3.18,0.76,9.71,0.14,0.11,-0.05,428,434,435,343,380
5.87,-4.18,4.33,0.11,0.00,-0.06,428,434,437,343,380
5.76,-4.31,4.56,0.14,0.12,-0.06,428,434,438,343,381
7.16,-4.17,5.63,0.21,0.07,-0.09,428,434,438,342,381
7.01,-4.12,5.15,0.05,0.01,-0.05,427,434,438,342,380
6.42,-3.99,4.44,0.06,-0.02,-0.06,427,434,438,342,380
5.93,-4.02,4.71,0.00,0.20,-0.01,427,434,438,342,380
5.21,-3.98,4.06,-0.05,0.34,-0.08,427,434,438,342,379
5.46,-3.90,5.06,0.09,0.46,-0.04,427,434,438,342,379
5.74,-3.62,5.63,0.16,0.19,-0.19,427,434,437,342,378
5.51,-3.91,6.12,0.26,0.19,-0.12,426,433,437,341,378
5.90,-3.37,5.99,0.22,-0.01,-0.26,426,433,437,341,377
5.26,-2.86,5.41,0.13,0.36,-0.09,426,433,437,341,379
4.51,-2.99,6.87,0.05,0.87,0.46,427,434,438,341,380
4.00,-3.08,7.72,0.38,-0.14,-0.39,426,434,439,341,380
5.49,-2.64,7.41,0.59,-0.12,-0.40,426,434,439,341,378
5.67,-1.94,8.83,0.35,0.26,-0.05,426,434,439,340,376
4.11,-2.17,6.37,0.03,0.30,0.07,426,434,439,340,374
4.01,-2.41,7.90,0.11,0.25,0.07,425,434,439,340,374
4.75,-1.92,8.01,-0.06,-0.06,-0.35,425,433,438,339,374
3.71,-1.69,7.44,0.05,0.28,0.10,425,433,439,339,374
3.04,-1.77,7.47,0.11,0.19,-0.00,425,434,440,339,374
3.55,-1.58,8.59,0.25,0.16,-0.34,425,434,439,338,374
4.11,-1.23,8.75,0.20,0.13,-0.20,425,434,439,338,374
4.63,-1.23,8.25,0.10,0.07,-0.31,425,434,439,338,374
3.72,-0.95,8.03,0.21,0.07,-0.26,424,434,439,337,374
5.24,-0.77,9.12,0.23,0.04,-0.25,424,434,439,337,374
4.54,-0.61,9.13,0.01,0.06,0.09,425,434,439,338,376
3.77,-0.72,8.47,0.05,-0.03,0.03,425,435,439,338,376
3.30,-0.38,8.03,0.11,-0.04,-0.07,425,435,439,338,377
2.93,-0.09,7.67,0.20,0.13,-0.09,426,436,440,338,378
3.29,0.10,8.26,0.41,0.26,-0.28,426,436,441,337,378
3.45,0.70,8.81,0.33,0.25,-0.22,426,436,441,337,378
3.57,0.88,8.97,0.23,0.07,-0.18,426,436,442,337,378
2.96,0.58,9.76,-0.00,-0.04,-0.20,427,437,442,337,378
3.80,0.86,9.50,-0.01,-0.05,-0.38,427,437,441,337,378
END
3.01,0.84,9.10,0.10,0.06,-0.15,429,439,435,357,377
5.31,-4.75,4.45,0.24,0.26,-0.13,429,439,435,355,376
5.38,-4.63,4.83,0.37,0.33,-0.10,429,438,435,353,375
5.53,-4.48,5.60,0.43,0.24,-0.15,428,438,435,351,373
5.91,-4.06,6.16,0.36,0.20,-0.11,428,438,435,348,372
5.12,-3.80,5.30,0.33,0.13,-0.09,428,438,435,346,372
5.16,-3.32,6.07,0.46,0.16,-0.11,427,438,436,345,371
4.52,-3.19,6.35,0.41,0.18,-0.18,427,437,436,343,371
4.36,-2.73,6.20,0.37,0.22,-0.22,426,437,437,342,370
4.61,-2.50,7.89,0.27,0.28,-0.17,426,437,437,341,372
5.39,-2.05,8.64,0.17,0.14,-0.35,425,436,436,340,373
5.25,-2.18,8.81,0.07,0.11,-0.21,425,435,434,339,372
5.35,-1.77,8.66,0.24,0.17,-0.16,425,435,433,338,372
4.47,-1.59,7.11,0.16,0.14,-0.14,425,435,433,338,372
4.67,-1.31,7.71,0.29,0.33,-0.04,424,434,433,338,372
4.26,-1.06,8.41,0.18,0.12,-0.11,424,434,433,338,371
3.71,-0.81,8.09,0.26,0.09,-0.26,424,434,433,337,371
4.48,-0.21,8.64,0.26,0.04,-0.30,424,434,433,337,371
4.24,-0.15,8.13,0.15,-0.00,-0.25,423,434,433,337,371
4.78,0.37,8.70,0.29,0.05,-0.20,423,434,433,337,370
3.98,0.36,8.00,0.21,0.18,-0.12,423,433,433,337,371
3.86,0.60,8.83,0.22,0.30,-0.05,423,433,433,337,372
2.91,0.60,8.25,0.09,0.03,-0.17,423,433,433,337,372
3.57,0.90,8.81,0.16,-0.03,-0.25,423,434,433,337,372
3.20,1.23,8.34,0.03,-0.00,-0.25,423,434,434,337,373
3.27,1.84,7.84,0.56,-0.22,-0.96,424,435,436,337,374
5.30,1.72,10.26,0.22,0.19,-0.44,423,434,435,336,374
3.09,2.66,8.52,0.04,0.34,-0.09,423,434,436,336,373
3.26,2.74,9.09,0.12,0.08,-0.20,423,434,436,335,373
2.70,2.59,9.38,0.09,0.20,0.06,423,434,437,335,373
1.86,2.43,8.49,0.07,0.23,0.08,426,436,438,335,374
2.44,2.43,8.79,0.09,0.13,-0.10,429,436,438,335,375
2.62,2.63,9.08,0.05,0.12,-0.10,429,436,438,334,376
2.52,2.43,8.75,-0.13,-0.01,-0.03,428,436,439,334,376
2.12,2.49,8.59,0.01,0.01,-0.05,428,436,438,334,376
2.13,2.38,8.51,-0.01,-0.01,0.01,428,436,438,334,376
END
3.24,2.29,9.21,0.00,0.11,0.05,422,434,435,342,373
6.20,-5.18,4.55,0.07,-0.02,-0.06,422,434,435,342,373
5.94,-5.08,3.37,-0.02,0.00,-0.01,422,434,435,342,373
5.74,-4.85,4.03,0.18,0.12,-0.09,422,434,435,342,373
6.91,-5.06,5.42,0.23,0.26,-0.06,422,434,435,342,373
6.24,-5.10,5.53,0.07,0.18,-0.01,422,434,435,342,372
5.92,-4.92,4.32,0.06,-0.11,-0.14,422,434,435,342,373
5.33,-4.72,3.81,0.08,0.13,-0.04,422,434,435,342,373
5.71,-4.47,3.86,0.23,0.07,-0.13,422,434,435,342,373
6.03,-3.98,4.74,0.28,0.19,-0.07,422,434,435,342,372
5.15,-3.78,4.31,0.40,0.15,-0.15,422,434,435,342,372
5.23,-3.21,5.36,0.46,0.28,-0.12,422,434,435,342,373
4.54,-3.22,5.50,0.64,0.22,-0.30,422,434,435,340,372
5.03,-2.49,6.65,0.47,0.15,-0.31,422,434,436,339,372
4.80,-2.04,6.67,0.43,0.21,-0.37,422,434,436,338,372
5.78,-1.46,7.50,0.25,0.37,-0.19,421,434,436,338,372
4.74,-0.75,6.56,0.32,0.18,-0.23,421,433,436,337,372
5.56,-0.72,8.61,0.19,0.22,-0.06,421,433,436,337,372
4.80,-0.70,9.87,0.31,0.32,-0.19,421,433,436,336,372
4.69,-0.57,8.61,0.35,0.39,-0.22,420,433,435,336,373
4.31,-0.37,8.51,0.25,0.27,-0.28,419,432,435,336,372
4.58,0.25,8.94,0.40,0.26,-0.34,419,432,435,335,372
5.00,0.98,9.74,0.12,0.15,-0.13,418,432,434,335,372
4.14,0.93,8.28,0.11,0.13,-0.12,417,432,434,335,372
3.88,1.02,7.74,0.17,0.09,-0.10,418,432,435,334,372
3.85,1.39,9.17,0.29,0.14,-0.12,417,432,434,334,371
4.01,1.64,9.31,0.35,0.24,-0.14,417,432,434,334,371
3.36,1.64,9.25,0.11,0.14,-0.01,417,432,434,334,371
2.88,2.15,8.41,0.06,0.08,-0.01,417,432,435,334,371
2.49,1.77,8.08,-0.03,0.06,0.01,417,432,434,334,371
2.43,1.94,8.51,0.04,0.09,-0.03,417,432,434,334,371
2.35,1.78,8.74,0.02,0.05,-0.10,417,432,434,334,371
2.58,1.96,8.74,0.10,0.08,-0.22,418,433,434,334,371
2.98,2.00,8.96,-0.02,0.02,-0.21,419,433,434,333,370
2.84,2.00,9.39,0.09,0.02,-0.14,420,433,434,334,370
2.61,2.03,9.22,-0.10,-0.06,-0.02,420,434,434,334,371
END
2.49,1.54,9.53,-0.10,-0.02,-0.12,434,440,436,350,399
6.22,-6.47,2.68,0.04,0.03,-0.00,433,440,436,350,398
5.04,-6.33,1.97,0.03,-0.00,-0.12,433,440,436,350,398
6.32,-6.40,3.17,0.06,0.18,-0.09,432,439,436,350,397
6.17,-6.39,3.04,0.09,0.21,-0.11,432,439,436,351,397
6.66,-6.25,3.32,0.12,0.06,-0.12,432,439,436,351,396
5.76,-5.81,2.61,0.15,0.09,-0.10,431,439,435,351,396
4.95,-5.68,2.45,0.19,0.10,-0.09,431,439,436,351,395
4.69,-5.05,2.10,0.30,0.20,-0.15,431,438,436,350,393
4.18,-4.70,2.58,0.39,0.24,-0.28,430,438,436,349,390
5.64,-4.83,4.85,0.49,0.53,-0.19,428,437,436,348,388
5.79,-4.60,5.36,0.41,0.21,-0.44,428,436,435,348,386
6.48,-4.19,6.78,0.43,0.30,-0.34,427,436,435,347,385
5.88,-4.05,6.23,0.31,0.34,-0.25,427,436,435,345,384
6.11,-3.57,7.16,0.38,0.33,-0.15,426,435,435,344,383
4.82,-3.06,5.63,0.30,0.12,-0.29,425,435,435,344,383
5.74,-2.66,7.26,0.51,0.41,-0.08,425,435,436,343,383
4.72,-2.30,6.97,0.27,0.15,-0.20,424,435,435,343,383
5.51,-1.99,8.15,0.46,0.31,-0.22,424,435,435,342,384
4.76,-1.49,7.54,0.23,0.13,-0.23,424,435,435,342,383
4.39,-1.16,7.35,0.37,0.16,-0.31,424,434,436,341,383
4.65,-0.58,7.29,0.24,0.15,-0.33,424,435,437,340,383
5.00,-0.37,8.47,0.19,0.24,-0.16,424,434,436,340,383
5.03,-0.24,9.44,0.40,0.25,-0.22,423,434,436,339,382
3.96,-0.06,8.84,0.11,0.11,-0.16,423,434,436,340,382
4.38,0.37,8.82,0.26,0.14,-0.20,423,434,435,339,382
3.68,0.57,8.11,0.11,0.02,-0.21,423,434,435,339,381
3.46,1.23,8.30,0.40,0.05,-0.23,423,434,435,339,380
4.85,1.28,8.38,0.34,0.07,-0.29,422,434,435,339,379
3.46,1.51,8.51,0.30,0.43,0.06,422,434,435,339,379
2.81,1.44,9.27,0.16,0.25,-0.12,422,434,435,339,378
3.61,2.05,9.20,0.07,0.23,-0.05,422,434,435,339,378
2.93,1.72,9.31,-0.01,0.05,-0.00,421,434,435,339,378
2.96,1.88,8.76,-0.03,-0.08,-0.14,421,434,434,339,378
2.35,2.35,8.18,0.01,-0.12,-0.12,422,434,434,338,378
3.43,1.85,8.76,0.10,-0.03,-0.08,421,434,434,338,378
END
2.37,1.87,8.55,0.01,0.12,-0.14,421,435,432,342,376
6.56,-4.46,4.64,0.06,0.15,-0.04,421,435,432,341,376
5.97,-4.33,4.19,0.11,0.07,-0.11,421,435,432,341,375
6.60,-4.24,5.62,0.17,0.17,-0.06,420,434,432,341,375
6.76,-4.41,6.09,0.17,0.12,-0.07,420,434,431,341,375
6.23,-4.21,5.28,0.06,-0.05,-0.13,420,434,432,341,375
5.76,-4.05,4.70,0.09,0.00,-0.12,420,434,432,341,375
5.56,-4.00,4.20,0.12,0.16,-0.09,420,434,432,341,375
5.56,-3.42,4.79,0.19,0.27,-0.12,420,434,432,341,375
5.23,-3.40,4.85,0.22,0.34,-0.05,420,434,432,340,374
5.00,-3.16,5.48,0.23,0.11,-0.27,420,433,433,340,375
6.58,-2.72,6.49,0.16,0.04,-0.41,419,433,434,339,375
5.11,-2.56,6.02,0.08,0.17,-0.22,419,433,434,339,375
5.98,-2.40,6.37,0.15,0.11,-0.21,418,432,434,338,375
6.03,-2.12,8.02,0.13,0.20,-0.16,418,432,433,338,375
5.09,-2.28,7.19,0.29,0.13,-0.16,418,432,432,338,375
5.89,-2.30,8.64,0.25,0.20,-0.10,418,431,432,338,375
4.34,-1.95,6.30,0.09,0.19,-0.13,417,431,432,337,375
4.75,-1.53,6.60,0.33,0.32,-0.13,417,432,433,337,375
5.02,-1.22,8.31,0.35,0.34,-0.13,417,432,432,336,375
4.86,-1.00,7.91,0.26,0.23,-0.17,417,432,432,336,374
4.64,-0.37,8.10,0.25,0.08,-0.25,417,432,432,335,374
5.02,-0.36,8.91,0.09,0.15,-0.11,417,432,432,335,374
4.96,-0.30,9.38,0.16,0.09,-0.13,417,433,433,335,375
4.54,-0.32,8.71,0.04,0.04,-0.02,417,434,433,336,377
3.96,-0.28,8.15,-0.00,-0.04,-0.08,418,434,433,336,378
4.21,-0.19,8.23,0.07,0.08,-0.07,418,433,433,336,380
3.83,-0.19,8.43,0.09,0.08,-0.11,418,433,432,336,380
4.26,-0.05,8.47,0.09,0.08,-0.12,418,433,432,336,380
3.96,0.11,8.18,0.10,0.07,-0.04,418,433,433,335,380
4.22,0.35,8.29,0.11,0.11,-0.07,418,433,432,335,380
4.01,0.11,8.92,0.17,0.02,0.02,418,433,432,335,379
4.31,0.30,8.79,0.05,0.09,-0.07,417,433,432,335,378
3.77,0.54,8.41,0.03,0.06,0.06,417,434,432,335,378
3.65,0.53,8.26,0.02,0.02,0.08,417,433,432,335,378
2.87,0.48,8.20,0.12,0.11,0.14,417,434,432,335,377
END
3.36,0.57,8.29,0.14,0.12,0.13,422,438,432,343,380
6.55,-5.88,3.30,0.08,-0.01,-0.08,422,438,432,343,380
6.66,-5.90,3.33,0.08,-0.04,-0.06,422,437,432,343,379
5.97,-5.79,3.18,0.10,-0.10,-0.13,421,437,432,343,379
6.68,-5.87,3.57,0.13,0.01,-0.14,421,437,431,343,379
6.37,-5.88,3.60,0.05,0.04,-0.11,421,437,431,343,378
6.65,-5.91,3.50,0.05,0.13,-0.07,421,437,431,343,378
6.05,-5.63,2.99,0.03,0.09,-0.10,420,437,430,343,378
5.76,-5.55,2.92,0.07,0.20,-0.07,421,437,431,343,378
5.57,-5.25,2.81,0.07,0.31,-0.10,421,437,431,343,378
6.00,-5.48,4.41,0.09,0.50,-0.00,420,436,431,343,378
5.38,-5.19,3.76,0.17,0.25,-0.21,420,436,431,343,378
5.58,-4.99,4.07,0.26,0.28,-0.17,420,436,431,343,378
5.33,-4.37,4.61,0.34,0.21,-0.26,420,436,431,342,378
5.18,-4.41,4.77,0.37,0.27,-0.19,420,435,430,342,378
6.12,-3.93,6.20,0.38,0.25,-0.24,420,435,431,342,378
6.08,-4.08,7.32,0.31,0.33,-0.11,419,435,431,341,377
6.01,-4.13,6.91,0.28,0.26,-0.05,419,435,430,341,377
5.64,-3.32,6.39,0.24,-0.00,-0.18,419,435,431,340,377
5.44,-3.10,7.48,0.34,0.28,-0.01,419,435,431,339,377
3.90,-2.68,5.43,0.48,0.26,-0.10,419,435,432,339,377
4.29,-2.48,7.41,0.37,0.38,-0.02,419,435,433,339,377
3.99,-2.01,8.24,0.20,0.38,-0.04,419,435,433,338,377
4.44,-1.97,8.46,0.23,0.13,-0.16,419,435,433,338,378
4.43,-1.72,8.41,0.11,0.02,-0.12,419,435,433,337,378
3.89,-1.67,7.93,-0.00,0.02,-0.05,419,435,433,337,378
3.72,-1.51,7.76,0.18,0.09,-0.09,419,435,433,337,378
4.26,-1.58,8.20,0.07,0.11,-0.09,419,435,433,336,378
3.93,-1.23,7.95,0.30,0.13,-0.23,419,435,432,336,377
4.33,-1.00,8.56,0.17,0.11,-0.08,418,434,433,336,377
4.27,-0.94,8.38,0.08,-0.08,-0.16,418,434,433,336,377
3.27,-0.53,8.03,0.13,0.00,-0.06,419,435,433,336,378
3.79,-0.89,8.77,0.08,0.04,-0.15,418,434,433,335,377
3.40,-0.24,8.05,0.18,-0.02,-0.17,418,434,433,335,378
3.20,0.17,8.06,0.29,0.15,-0.19,419,435,435,335,379
3.70,0.46,8.71,0.37,0.06,-0.35,421,436,437,335,381
END
3.98,0.51,9.07,0.12,0.10,-0.17,422,436,429,342,374
5.97,-5.84,4.87,0.04,-0.09,0.01,421,435,428,343,373
5.80,-5.69,4.40,-0.01,-0.08,0.07,419,434,428,343,377
4.98,-5.52,3.95,0.06,0.02,0.05,419,434,428,344,382
5.49,-5.70,4.59,0.19,-0.01,-0.06,419,435,428,344,383
5.29,-5.56,4.40,0.10,0.03,-0.04,419,435,428,344,383
5.17,-5.41,3.99,0.15,0.02,-0.12,419,435,428,344,382
4.85,-5.00,3.47,0.23,0.13,-0.14,419,434,428,344,381
4.97,-4.51,3.97,0.29,0.27,-0.15,419,434,428,343,381
4.94,-4.45,4.35,0.43,0.28,-0.15,418,434,428,343,380
5.30,-4.09,5.46,0.46,-0.00,-0.38,418,435,428,342,381
4.64,-4.36,5.44,0.26,0.21,-0.14,418,435,427,341,384
5.61,-3.01,6.93,0.40,0.21,-0.25,418,436,427,341,384
4.66,-2.91,6.50,0.46,0.29,-0.24,418,436,427,340,385
4.68,-2.46,7.02,0.47,0.49,-0.15,418,436,427,339,384
5.43,-2.11,8.03,0.60,0.30,-0.25,417,436,427,339,383
5.42,-1.62,9.05,0.23,0.21,-0.15,416,435,426,338,380
4.45,-1.69,7.47,0.04,0.07,-0.15,416,434,425,337,378
4.67,-1.36,7.94,-0.05,0.02,0.02,415,433,425,336,377
4.28,-1.57,7.61,-0.02,0.08,-0.09,415,433,425,336,377
3.83,-1.49,7.75,0.23,0.12,-0.12,414,432,425,336,376
4.99,-1.60,8.47,0.24,0.11,-0.22,414,431,424,335,376
4.98,-1.08,8.51,0.04,0.07,-0.10,413,431,424,335,376
3.94,-1.01,7.82,0.07,0.05,-0.11,413,431,424,334,376
3.98,-0.73,7.56,0.07,0.01,-0.10,413,431,424,334,376
4.64,-0.75,8.55,0.10,0.04,-0.21,413,430,424,334,375
3.73,-0.45,7.87,0.30,0.15,-0.16,413,430,424,334,375
3.86,-0.39,7.68,0.22,0.08,-0.23,413,430,424,334,375
3.47,-0.01,8.48,0.33,0.17,-0.26,413,431,424,334,375
4.10,0.30,9.38,0.23,0.23,-0.25,413,430,424,334,375
3.85,0.79,8.94,0.12,0.13,-0.26,413,430,424,334,375
3.92,1.18,8.79,0.11,0.11,-0.15,413,430,424,334,375
3.58,1.10,9.48,0.02,0.07,-0.03,412,430,424,333,375
3.17,0.83,9.25,0.04,0.04,-0.02,412,430,424,334,374
3.30,0.87,8.76,-0.00,-0.05,-0.01,413,431,425,334,375
3.40,1.05,8.10,-0.00,0.07,0.04,413,431,425,334,375
END
2.68,0.93,8.23,0.07,0.13,0.03,436,437,438,336,397
5.35,-5.65,4.25,0.20,0.10,-0.10,435,437,437,336,397
5.46,-5.53,4.61,0.20,0.11,-0.07,435,437,437,336,396
5.16,-5.42,4.44,0.24,0.08,-0.10,435,436,437,336,395
4.71,-5.20,4.41,0.24,0.07,-0.12,435,436,437,336,395
5.08,-4.62,4.57,0.28,0.15,-0.13,435,436,437,336,395
4.43,-4.66,4.69,0.29,0.15,-0.15,434,436,437,336,394
4.92,-4.43,5.11,0.27,0.28,-0.01,434,437,436,336,393
3.36,-3.78,4.15,0.42,0.08,-0.24,434,436,436,335,393
4.75,-3.89,6.88,0.35,0.30,-0.12,434,436,436,335,393
5.15,-3.11,7.36,0.42,0.11,-0.45,433,435,435,335,392
4.93,-3.17,7.35,0.20,0.37,-0.22,432,435,434,335,390
5.74,-2.83,8.97,0.49,0.41,-0.35,432,436,434,335,388
5.46,-2.50,8.93,0.20,0.24,-0.16,431,435,433,335,387
5.79,-2.60,9.38,0.04,0.10,-0.17,431,436,433,334,386
3.85,-1.91,6.75,0.22,0.01,-0.17,430,435,433,334,386
4.57,-2.00,7.40,0.02,0.00,-0.10,430,435,433,334,386
3.63,-1.78,6.98,0.18,0.17,-0.15,430,435,433,334,386
4.69,-2.11,7.67,-0.02,-0.25,-0.38,430,434,433,332,386
4.87,-1.54,8.41,0.04,0.06,-0.20,429,434,432,333,386
4.41,-1.31,7.16,0.03,-0.02,-0.15,428,433,433,333,386
5.24,-1.27,8.36,0.10,-0.05,-0.37,428,433,432,333,386
5.05,-0.90,8.30,0.17,0.12,-0.08,427,433,432,333,386
4.87,-1.00,8.46,0.20,0.10,-0.15,427,433,432,333,386
4.19,-0.58,7.59,0.20,0.02,-0.09,427,433,432,333,386
4.39,-0.76,8.15,0.13,0.05,-0.09,426,433,432,333,385
3.96,-0.29,7.94,0.18,0.09,-0.12,426,433,432,333,385
4.16,-0.25,8.13,0.14,0.10,-0.10,426,433,432,333,385
4.34,-0.11,8.59,0.16,0.13,-0.16,426,432,431,332,385
4.29,0.11,8.89,0.15,0.17,-0.08,425,432,431,333,384
4.52,0.16,8.89,0.12,0.17,-0.10,425,432,431,332,384
3.27,0.67,7.83,0.10,0.22,-0.02,425,432,431,332,385
4.44,0.44,9.13,0.18,0.06,-0.15,425,432,431,333,384
3.68,0.44,8.94,0.10,0.07,-0.00,425,433,431,333,385
3.71,0.32,9.01,0.10,-0.02,-0.04,425,433,431,332,385
3.07,0.34,8.53,0.06,0.02,-0.02,425,433,431,332,385
END
3.49,0.40,8.38,0.03,0.03,-0.09,447,435,426,335,388
6.08,-3.83,6.22,0.14,0.09,-0.14,446,435,426,335,388
6.05,-3.54,6.65,0.14,0.05,-0.17,446,435,425,335,387
6.19,-3.63,7.04,0.11,0.14,-0.07,446,436,425,335,386
5.77,-3.44,6.60,0.07,0.10,-0.06,445,435,425,335,386
5.44,-3.34,6.15,0.13,0.06,-0.09,445,435,425,335,386
4.68,-3.15,5.32,0.15,0.02,-0.14,445,435,425,335,386
5.12,-2.76,5.82,0.23,0.14,-0.14,445,435,425,335,386
4.69,-2.47,5.46,0.26,0.15,-0.19,445,435,425,335,386
5.58,-2.20,8.03,0.26,0.29,-0.14,445,436,425,335,386
5.18,-2.08,7.51,0.29,0.22,-0.21,445,435,425,334,385
5.73,-1.65,8.03,0.21,0.12,-0.27,444,435,425,335,385
5.10,-1.59,8.25,0.16,0.17,-0.18,444,435,425,334,384
4.54,-1.51,7.47,0.14,0.24,-0.06,444,435,425,334,385
5.34,-1.51,8.09,0.13,0.02,-0.25,443,435,424,334,384
4.25,-1.28,6.86,0.11,0.06,-0.16,443,435,424,334,384
4.68,-0.97,7.74,0.22,0.15,-0.13,442,434,424,334,384
4.90,-0.85,8.34,0.05,0.06,-0.15,442,433,425,334,384
3.91,-0.49,8.14,0.26,0.12,-0.18,442,431,425,334,385
5.25,-0.21,9.05,0.09,0.00,-0.22,441,431,424,334,384
4.51,-0.01,8.38,0.21,0.02,-0.28,440,430,424,334,384
4.11,0.29,7.90,0.20,0.03,-0.27,440,430,424,334,384
4.49,0.30,8.23,0.06,0.04,-0.20,439,430,424,334,384
4.15,0.60,8.03,0.08,0.09,-0.17,439,430,424,334,384
4.16,0.81,8.10,-0.06,-0.08,-0.16,439,429,424,333,384
4.93,0.81,8.87,0.17,-0.01,-0.26,438,429,424,334,383
4.96,0.88,8.46,-0.02,-0.09,-0.05,438,429,423,334,384
4.83,0.63,8.39,0.06,-0.04,-0.12,438,428,423,334,385
4.52,0.67,7.90,0.08,0.01,-0.04,439,427,423,333,387
4.31,0.65,8.05,-0.01,0.01,0.11,442,429,424,334,390
3.95,0.77,7.61,0.03,0.07,-0.12,447,430,424,334,393
4.44,1.01,7.85,0.05,0.11,-0.11,448,430,425,334,393
4.31,0.79,9.08,0.06,0.15,0.02,449,429,425,334,394
4.31,1.11,8.00,0.20,0.21,0.03,451,428,426,334,393
4.16,0.65,8.89,0.06,0.14,0.14,451,428,426,334,393
4.29,0.65,9.06,0.08,0.07,-0.01,451,427,426,334,393
END
3.72,0.62,8.69,0.04,0.06,0.02,440,429,414,338,384
5.41,-4.77,3.97,0.19,0.07,-0.12,440,429,414,338,383
5.76,-4.18,4.10,0.19,0.23,-0.06,440,428,415,338,383
5.39,-4.36,5.31,0.29,0.26,-0.12,439,428,415,338,383
6.74,-4.44,7.09,0.35,0.14,-0.20,439,428,415,338,383
5.94,-4.39,5.97,0.10,0.05,-0.11,439,428,415,338,382
5.63,-3.94,5.55,0.16,0.04,-0.13,439,428,416,338,382
5.67,-3.75,5.19,0.15,0.22,0.00,439,428,416,338,382
5.20,-3.12,4.86,0.25,0.22,0.01,439,428,419,337,382
3.88,-3.33,5.61,0.37,0.23,0.07,440,427,420,337,383
6.15,-2.91,7.93,0.35,0.12,-0.18,439,426,420,336,383
4.80,-3.20,7.06,0.30,0.18,-0.16,439,426,419,336,383
5.61,-2.73,8.09,0.18,0.16,-0.18,438,426,419,336,383
4.44,-2.45,6.83,0.01,0.16,-0.11,438,426,419,336,383
5.06,-2.17,8.05,0.22,0.21,-0.13,439,426,419,336,383
4.49,-2.00,7.51,0.10,0.08,-0.12,440,427,420,336,383
5.47,-1.83,8.41,0.08,0.01,-0.15,439,426,419,335,382
5.28,-2.00,8.28,0.09,0.13,-0.07,439,426,419,335,382
5.15,-1.92,7.87,-0.01,-0.05,-0.15,439,426,419,335,382
4.82,-2.15,7.88,0.09,0.06,-0.10,439,426,419,335,381
4.80,-1.69,6.96,-0.06,-0.04,-0.15,438,425,419,335,381
4.96,-1.90,7.80,0.03,0.07,-0.11,438,426,419,335,381
4.77,-1.40,7.23,0.06,-0.07,-0.21,438,425,419,335,381
4.92,-1.51,7.71,0.17,0.11,-0.16,438,425,419,335,380
4.50,-1.26,7.47,0.06,0.02,-0.16,438,424,419,335,380
4.62,-1.23,7.79,0.03,0.09,-0.09,438,425,418,335,380
3.43,-0.88,5.98,-0.08,-0.01,-0.14,438,425,419,335,380
6.13,-1.43,9.23,0.32,0.10,-0.14,437,424,418,335,379
5.20,-1.23,9.09,0.23,0.19,0.18,437,424,418,336,379
3.41,-0.73,7.65,0.06,0.05,0.22,437,424,418,336,379
3.85,-0.85,7.57,0.29,0.16,0.08,436,424,418,336,379
5.20,-0.59,9.14,0.12,0.11,0.08,435,424,418,336,379
3.84,-0.62,8.39,0.01,-0.17,0.21,435,423,417,336,378
3.80,-0.99,8.20,-0.28,-0.20,0.16,435,423,417,335,378
4.10,-1.62,8.84,0.09,0.02,-0.03,435,423,417,335,378
4.52,-1.24,8.37,-0.03,-0.05,-0.03,435,423,417,335,378
END
4.61,-1.13,8.21,0.01,-0.09,0.34,433,429,415,338,382
6.18,-6.23,4.18,0.08,-0.00,-0.08,433,429,415,338,382
5.51,-6.09,3.71,0.04,-0.01,-0.06,433,429,415,338,382
6.11,-6.18,4.08,0.06,0.02,-0.07,433,429,415,338,382
5.64,-6.09,3.86,0.08,0.03,-0.06,433,429,415,339,381
5.28,-5.87,3.54,0.09,0.05,-0.06,433,429,415,338,381
5.30,-5.28,2.86,0.15,0.13,-0.08,433,429,415,338,381
4.57,-4.97,2.94,0.32,0.28,-0.11,433,429,415,338,382
4.95,-4.94,4.39,0.39,0.35,-0.13,433,429,415,338,380
4.54,-4.85,5.07,0.34,0.35,-0.17,433,429,416,338,380
4.99,-4.69,5.69,0.33,0.23,-0.28,432,428,416,338,379
5.84,-4.36,6.78,0.32,0.27,-0.21,432,428,416,338,379
5.86,-4.06,6.87,0.27,0.10,-0.23,432,427,416,337,379
5.10,-4.11,6.81,0.26,0.13,-0.16,431,427,416,337,379
6.04,-3.83,7.86,0.23,0.12,-0.17,431,427,416,337,378
4.34,-3.64,6.58,0.23,0.20,-0.07,431,427,416,337,378
5.63,-3.04,7.03,0.18,0.02,-0.22,430,426,416,336,378
4.69,-2.72,6.46,0.28,0.27,-0.08,430,426,416,336,378
4.83,-2.85,7.75,0.40,0.23,-0.11,430,426,417,336,377
4.00,-2.42,6.95,0.22,0.13,-0.15,430,426,417,337,377
5.58,-2.08,9.17,0.25,0.12,-0.18,429,425,416,336,377
4.41,-2.02,7.40,0.01,0.01,-0.15,429,425,416,336,376
4.63,-1.83,8.06,0.16,0.09,-0.11,428,425,416,337,377
4.82,-1.82,7.90,0.03,-0.05,-0.17,428,425,416,336,377
4.55,-1.80,8.38,0.23,0.12,-0.15,428,425,416,337,376
4.36,-1.42,8.02,0.19,0.10,-0.14,427,425,416,336,376
4.29,-1.20,7.57,0.18,0.00,-0.19,427,425,416,336,376
4.43,-0.93,8.07,0.13,0.02,-0.18,426,424,415,336,376
4.44,-0.61,8.10,0.16,0.11,-0.09,426,424,415,336,375
3.60,-0.44,7.20,0.10,0.02,-0.17,426,424,415,336,375
4.97,-0.37,8.46,0.31,0.12,-0.34,426,424,415,336,375
4.78,-0.09,8.31,0.12,0.08,-0.18,425,424,415,336,375
4.15,0.19,8.59,0.15,0.08,-0.19,425,423,415,336,375
3.84,0.37,8.37,0.01,0.04,-0.16,425,423,415,336,375
4.95,0.55,8.88,-0.01,-0.07,-0.18,425,423,415,336,375
4.72,0.24,8.59,-0.01,-0.03,0.07,424,423,415,336,375
END
4.06,1.32,9.35,-0.02,0.07,-0.29,457,449,455,344,375
5.86,-3.96,5.40,0.11,-0.11,-0.05,457,449,455,344,375
6.21,-3.93,6.13,0.16,-0.05,-0.05,457,449,455,343,375
5.65,-3.85,5.83,0.12,0.03,-0.02,457,448,455,343,374
5.43,-3.67,5.89,0.12,0.08,-0.05,457,448,455,342,374
5.30,-3.41,5.58,0.02,0.12,-0.10,457,448,455,342,374
5.45,-3.12,5.72,0.04,0.30,-0.10,456,448,454,341,374
5.26,-3.30,5.83,0.11,0.31,-0.15,456,448,454,341,374
4.79,-3.13,5.97,0.15,0.21,-0.19,456,448,454,341,374
5.13,-2.81,6.62,0.22,0.25,-0.21,456,448,454,341,374
6.55,-2.31,8.69,0.22,0.25,-0.18,456,447,453,341,373
4.49,-2.65,6.73,0.16,0.18,-0.13,456,447,453,340,373
5.36,-2.84,7.54,0.07,0.20,0.07,456,447,452,340,372
4.61,-2.38,7.34,0.05,-0.01,-0.11,456,447,452,340,372
4.29,-2.43,7.17,0.15,0.10,-0.00,456,446,451,340,372
3.76,-2.35,6.89,0.13,0.01,-0.11,456,446,451,340,372
3.89,-2.34,7.83,0.12,0.13,-0.09,456,446,451,339,372
3.55,-2.10,6.53,-0.14,-0.04,-0.26,455,446,451,339,372
3.82,-1.67,7.54,0.08,0.21,-0.20,455,445,450,339,372
5.13,-1.75,8.19,0.16,0.12,-0.40,454,445,450,339,372
5.33,-1.64,8.99,0.28,0.32,-0.17,454,444,449,338,372
5.17,-1.73,9.47,0.22,0.17,-0.12,453,444,450,338,372
4.09,-1.35,8.20,0.18,0.15,-0.13,453,444,449,338,372
3.89,-1.18,7.77,0.14,0.14,-0.11,453,444,450,338,372
3.32,-0.94,6.82,0.11,0.05,-0.19,454,444,450,338,373
4.06,-0.74,8.54,0.21,0.18,-0.15,453,444,450,338,372
3.74,-0.52,7.93,0.11,0.05,-0.18,453,444,449,337,372
4.01,-0.21,9.13,0.23,0.09,-0.16,453,444,449,337,372
4.18,0.03,9.15,0.12,0.11,-0.10,453,444,450,337,372
2.56,0.51,8.33,0.20,0.10,-0.21,453,444,450,337,373
3.35,0.50,8.47,0.17,0.02,-0.24,454,444,450,338,373
3.40,0.98,9.14,0.26,0.10,-0.18,453,444,450,337,373
3.78,1.31,9.04,0.07,-0.01,-0.12,453,444,450,337,373
3.21,0.82,8.88,0.08,0.12,0.17,452,443,450,337,374
2.12,0.39,8.13,0.07,0.07,-0.10,452,443,449,337,374
3.08,0.29,8.84,0.22,0.10,-0.23,452,443,450,337,374
END
2.40,1.01,8.27,0.13,0.09,-0.25,450,444,454,342,384
5.81,-5.05,5.34,0.17,-0.04,-0.15,449,444,454,342,384
5.69,-5.10,5.18,0.10,0.04,-0.08,449,444,454,342,383
5.79,-4.90,5.18,0.13,0.03,-0.12,449,444,454,342,383
5.84,-4.69,5.49,0.14,0.13,-0.08,449,444,454,342,383
6.32,-4.67,6.06,0.16,0.14,-0.05,449,444,453,342,382
5.46,-4.54,5.03,0.07,0.07,-0.01,449,443,453,342,382
5.49,-4.30,5.30,0.17,0.15,-0.00,449,444,453,342,381
4.77,-4.31,4.38,0.20,0.04,-0.04,449,443,453,342,381
5.20,-3.77,5.57,0.34,0.08,-0.11,449,443,453,341,381
4.39,-3.85,5.41,0.36,0.21,-0.07,449,443,453,341,381
5.02,-3.52,7.10,0.44,0.17,-0.17,449,443,454,341,381
4.79,-3.64,7.21,0.34,0.19,-0.19,448,443,454,341,380
5.68,-3.17,7.71,0.11,0.15,-0.15,448,442,454,341,380
4.59,-3.02,7.07,0.08,0.11,-0.09,448,442,454,340,379
3.88,-2.46,6.14,0.33,0.01,-0.13,448,442,454,340,378
5.50,-2.64,7.84,0.22,0.19,-0.11,447,442,454,340,379
5.28,-2.16,7.95,0.13,0.24,-0.02,447,442,454,340,379
4.14,-2.20,6.65,-0.02,0.11,0.05,447,442,454,340,379
4.88,-2.28,8.52,0.16,0.05,-0.05,447,441,454,340,378
3.60,-2.15,6.60,-0.02,-0.01,-0.01,447,441,454,339,378
5.02,-2.15,8.57,0.24,-0.01,-0.21,447,441,454,339,377
4.13,-1.97,7.26,0.05,0.01,-0.12,446,441,453,339,377
4.41,-2.05,8.52,0.08,-0.01,-0.22,446,441,453,339,376
4.81,-1.79,7.78,0.11,-0.05,-0.24,446,441,453,339,377
4.79,-1.53,8.05,0.03,0.13,-0.13,445,441,453,339,377
4.29,-1.07,7.19,0.16,-0.01,-0.26,445,441,453,339,377
5.00,-1.06,7.67,0.18,0.04,-0.18,445,440,453,339,377
4.01,-1.08,8.05,0.09,0.13,-0.14,445,440,453,338,376
3.95,-0.97,8.08,0.33,0.03,-0.42,445,440,454,337,377
6.21,-0.79,9.93,-0.05,0.10,-0.28,444,440,453,336,377
4.80,-0.18,7.59,0.08,0.13,-0.21,444,440,454,336,377
4.62,-0.05,7.87,0.04,0.19,-0.05,444,440,453,336,377
3.90,-0.09,8.37,0.21,0.18,-0.07,444,440,453,336,377
3.65,-0.23,7.77,0.11,0.04,-0.12,444,440,453,336,376
3.48,-0.71,8.76,0.15,0.10,-0.10,444,440,453,336,376
END
3.28,0.24,8.25,0.03,0.12,-0.24,442,441,450,341,379
5.18,-5.15,4.97,0.19,0.02,-0.09,442,441,450,340,379
5.22,-4.98,5.21,0.18,0.06,-0.07,441,440,450,340,379
5.41,-4.80,5.68,0.21,0.10,-0.07,441,440,450,341,379
5.27,-4.87,5.81,0.21,0.05,-0.09,441,440,450,340,378
5.32,-4.58,5.56,0.18,0.05,-0.06,441,440,450,340,378
5.23,-4.19,6.20,0.24,0.08,-0.07,441,440,450,340,378
5.86,-3.98,6.60,0.17,0.11,-0.06,441,440,450,340,378
4.91,-4.03,5.91,0.08,0.30,0.10,441,440,449,340,378
4.43,-4.01,5.29,0.15,-0.07,-0.19,441,440,449,340,378
4.88,-3.75,6.14,0.26,0.11,-0.11,441,440,449,340,378
4.57,-3.52,5.83,0.19,0.07,-0.15,441,439,448,340,378
4.39,-3.49,6.35,0.24,0.19,-0.06,441,440,448,339,378
5.52,-3.16,8.10,0.15,0.13,-0.05,440,439,448,339,377
4.69,-3.14,7.54,0.28,0.13,-0.14,440,439,448,339,377
4.84,-2.95,7.39,0.21,0.05,-0.16,440,439,448,339,376
5.12,-2.98,8.02,0.06,0.08,-0.07,440,439,446,339,375
4.79,-2.80,7.32,0.14,0.22,0.05,439,438,446,339,374
4.39,-2.81,7.99,0.24,0.21,-0.09,439,438,445,339,373
4.10,-2.38,7.73,0.20,0.03,-0.15,439,438,445,338,373
4.77,-2.31,8.49,0.18,0.11,-0.13,439,438,445,338,373
4.26,-2.14,7.98,0.10,0.05,-0.09,438,437,443,338,370
3.75,-2.04,7.39,0.16,0.05,-0.11,437,437,443,339,369
4.67,-1.90,8.64,0.21,0.07,-0.11,437,437,442,338,370
4.22,-1.75,8.19,0.16,0.03,-0.13,437,437,442,338,370
4.31,-1.52,8.25,0.16,0.03,-0.05,436,436,441,338,369
4.20,-1.51,8.18,0.18,-0.01,-0.17,436,437,441,338,369
4.19,-1.32,8.72,0.22,0.03,-0.16,436,437,442,338,368
4.10,-0.94,8.15,0.17,-0.02,-0.20,436,437,442,338,368
3.90,-0.69,8.25,0.10,0.10,-0.10,436,437,442,338,367
3.52,-0.44,7.27,-0.00,-0.02,-0.12,436,437,442,338,368
3.50,-0.06,7.47,0.17,0.05,-0.19,436,437,441,338,367
3.74,0.20,7.62,0.36,0.09,-0.38,436,437,444,338,368
4.41,0.45,8.66,0.39,0.11,-0.28,435,437,444,338,368
4.03,0.66,9.06,0.19,0.23,-0.04,435,437,444,338,368
3.04,0.91,8.67,0.14,0.16,-0.08,435,437,444,338,368
END
4.08,0.85,9.38,0.12,0.11,-0.11,437,440,447,338,379
5.58,-5.28,4.93,0.07,-0.04,-0.07,437,441,447,338,379
5.64,-5.20,5.05,0.18,0.03,-0.07,437,440,447,338,378
5.94,-5.19,5.04,0.10,-0.02,-0.05,436,441,447,338,378
5.23,-4.90,4.73,0.17,0.01,-0.09,437,440,447,338,378
4.74,-4.78,4.36,0.08,0.13,-0.08,436,440,447,339,378
5.94,-4.85,6.22,0.33,0.15,-0.20,437,440,447,339,378
6.28,-4.77,5.64,0.08,0.07,-0.12,436,440,447,338,377
5.10,-4.57,4.74,0.13,0.12,-0.10,436,440,447,339,377
5.00,-4.34,4.92,0.14,0.16,-0.08,436,440,446,338,377
5.61,-3.71,5.94,0.28,0.12,-0.13,436,440,447,338,377
5.22,-3.54,5.43,0.15,0.00,-0.24,436,439,446,338,377
4.62,-3.81,5.29,0.14,0.28,0.04,435,439,446,338,377
5.82,-3.36,6.87,0.18,-0.08,-0.23,435,438,446,338,377
4.65,-3.37,5.89,0.31,0.09,-0.16,434,438,446,338,377
5.20,-2.96,6.48,0.19,0.17,-0.07,434,438,446,338,377
5.74,-3.07,7.41,0.18,0.05,-0.19,434,438,446,338,376
5.45,-2.59,6.11,0.07,-0.05,-0.15,434,437,446,338,376
5.22,-2.63,7.19,0.18,0.16,-0.07,434,437,445,338,376
5.35,-2.61,7.01,0.32,0.11,-0.16,434,437,445,337,376
5.33,-2.26,7.68,0.21,0.17,-0.16,433,437,445,337,376
4.64,-2.14,7.39,0.13,0.31,-0.04,433,436,445,337,375
4.90,-2.06,8.19,0.19,0.23,-0.06,433,436,445,337,375
4.52,-1.87,8.03,0.17,0.15,-0.14,433,436,445,337,375
4.61,-1.67,7.82,0.15,0.05,-0.18,433,436,445,337,376
4.77,-1.48,8.34,0.09,0.09,-0.11,433,436,445,337,375
3.91,-1.18,7.11,0.12,-0.01,-0.21,433,436,445,337,375
4.64,-1.13,8.16,0.07,0.07,-0.07,432,436,444,337,373
4.20,-0.98,8.03,0.11,0.16,-0.09,432,436,443,337,372
5.02,-0.89,8.79,0.18,0.10,-0.16,432,435,443,337,372
4.17,-0.88,8.58,0.07,0.04,-0.10,432,435,443,337,372
3.93,-0.82,7.90,0.02,-0.01,-0.13,432,435,443,336,371
3.65,-0.67,7.59,-0.01,0.00,-0.17,432,434,442,337,371
4.09,-0.44,7.96,0.08,0.04,-0.19,432,435,442,337,371
4.29,-0.29,8.06,0.18,0.19,-0.14,432,435,442,337,371
3.07,-0.13,8.22,0.27,0.44,0.10,432,435,442,337,371
END
3.75,-0.13,9.10,0.31,0.21,-0.17,433,437,442,339,370
5.21,-3.80,7.52,0.22,0.25,-0.08,432,436,442,339,369
5.28,-3.83,7.80,0.16,0.12,-0.11,432,436,441,339,368
5.28,-3.67,6.99,0.06,-0.05,-0.11,432,436,441,339,368
4.21,-3.46,5.73,0.10,-0.02,-0.13,431,436,441,339,368
4.49,-3.37,6.81,0.19,0.10,-0.11,431,436,441,339,368
3.03,-3.09,4.87,0.19,-0.04,-0.21,431,436,441,339,367
6.14,-2.23,9.01,0.27,0.19,-0.15,430,435,441,339,367
3.81,-2.51,6.17,0.05,0.19,-0.07,430,435,440,339,366
5.30,-2.14,8.82,0.37,0.21,-0.11,430,435,440,339,367
4.34,-2.05,7.75,0.30,0.08,-0.15,430,435,441,339,367
4.81,-1.89,8.54,0.35,0.12,-0.17,429,435,441,339,368
4.72,-1.66,8.46,-0.01,0.02,-0.12,429,435,441,339,368
4.01,-1.67,7.82,0.25,0.09,-0.13,429,435,441,338,367
5.30,-1.46,9.03,0.01,0.01,-0.02,429,435,442,338,369
4.50,-1.42,8.43,0.13,0.04,-0.16,429,435,443,338,370
4.09,-1.39,8.26,0.11,0.10,-0.07,429,436,443,338,370
4.67,-1.18,8.20,0.05,-0.02,-0.08,428,435,442,338,371
4.72,-1.35,8.90,0.14,0.11,-0.03,428,435,443,338,371
3.80,-1.02,7.59,0.00,-0.03,-0.02,428,435,443,338,373
3.65,-0.84,7.44,0.17,-0.09,-0.18,428,435,444,338,374
4.18,-0.74,8.12,0.15,-0.01,-0.13,427,435,444,338,374
4.13,-0.62,8.51,0.16,-0.01,-0.18,427,435,444,338,375
4.47,-0.58,8.22,0.08,-0.12,-0.23,427,435,444,338,374
4.15,-0.28,7.52,0.08,0.00,-0.20,427,435,444,337,373
4.72,-0.11,8.84,0.17,0.05,-0.17,426,435,444,339,373
4.67,0.04,8.59,0.09,0.18,-0.05,426,435,444,337,372
3.96,0.24,7.93,0.11,0.06,-0.10,425,435,444,337,372
4.05,0.21,8.33,0.03,0.06,-0.09,425,434,443,337,372
3.64,0.32,7.85,0.05,0.03,-0.11,424,434,443,337,372
4.36,0.35,7.72,0.05,-0.00,-0.19,424,434,443,337,372
3.80,0.65,7.75,0.08,0.13,-0.17,424,435,443,337,372
4.97,0.57,9.55,0.11,0.06,-0.20,424,434,443,337,371
5.53,0.48,9.76,0.12,0.01,-0.10,424,434,443,337,371
3.65,0.75,8.15,0.05,0.01,-0.00,424,434,442,337,371
2.99,0.75,7.85,0.03,0.05,0.03,424,434,442,337,370
END
2.98,0.85,7.86,0.06,0.12,-0.02,426,435,440,341,377
5.28,-4.34,6.37,0.17,0.03,-0.12,426,435,440,340,376
4.69,-4.53,5.78,0.15,0.06,-0.04,426,435,440,341,376
5.02,-4.53,6.68,0.18,0.09,-0.04,426,435,439,341,376
4.39,-4.33,5.97,0.06,0.04,-0.09,426,435,439,341,376
4.42,-4.32,6.30,0.29,0.15,-0.14,426,435,439,341,376
5.52,-4.10,7.69,0.15,0.04,-0.17,425,435,439,341,375
4.85,-4.08,7.24,0.12,-0.00,-0.15,425,435,439,341,375
4.72,-3.70,5.72,-0.06,-0.13,-0.10,425,435,439,341,375
4.85,-3.70,7.28,0.04,0.07,-0.05,425,434,439,341,375
4.59,-3.59,6.13,0.13,0.04,-0.11,426,434,439,341,375
5.30,-3.49,7.25,0.26,0.12,-0.18,425,434,439,340,374
5.19,-3.24,7.54,0.23,0.14,-0.12,425,434,439,340,374
4.80,-3.22,7.09,0.09,0.11,-0.11,425,434,439,340,374
4.60,-2.96,7.03,0.19,0.14,-0.05,424,434,439,340,373
5.28,-3.14,8.09,0.13,0.05,-0.11,424,434,439,340,374
4.70,-2.94,7.47,0.16,-0.01,-0.20,424,434,439,340,374
5.04,-2.79,8.15,0.17,0.07,-0.11,424,434,439,340,374
4.64,-2.61,7.67,0.14,0.01,-0.15,424,434,439,340,373
4.50,-2.46,7.49,0.14,0.06,-0.08,423,434,439,340,373
3.98,-2.23,7.47,0.08,0.03,-0.10,423,433,439,340,373
4.38,-2.11,7.84,0.15,0.15,-0.05,423,433,439,340,373
4.26,-2.08,7.81,-0.01,0.16,0.05,423,433,438,340,373
3.75,-1.99,7.77,0.18,0.12,-0.13,423,433,438,340,373
4.69,-1.98,8.56,0.15,0.03,-0.17,422,433,438,340,373
4.57,-1.60,8.30,0.17,0.04,-0.14,422,433,438,340,373
4.30,-1.56,8.01,0.09,0.05,0.05,422,433,438,339,373
3.85,-1.52,7.77,0.08,0.02,0.01,422,433,438,339,373
3.10,-1.54,7.47,0.17,0.07,-0.03,422,433,440,339,375
3.25,-1.41,7.80,0.18,0.10,-0.16,423,433,440,340,377
3.72,-1.05,7.67,0.09,0.02,-0.23,423,433,441,340,378
4.22,-1.12,8.37,0.09,0.01,-0.27,423,433,440,340,377
4.43,-0.85,8.57,-0.00,0.17,-0.03,422,433,440,339,377
4.07,-0.85,9.08,0.15,0.38,0.24,422,433,440,339,377
4.11,-1.05,9.63,0.15,0.03,-0.07,422,433,440,339,377
3.41,-0.80,8.35,0.12,-0.03,0.03,422,433,440,339,376
END
2.91,-0.78,8.20,0.00,0.06,0.06,412,435,435,339,384
5.79,-4.85,4.81,0.14,0.10,-0.09,412,435,435,340,384
6.04,-4.87,5.43,0.14,0.12,-0.07,411,436,435,340,384
5.79,-4.72,5.38,0.12,0.07,-0.08,411,436,435,340,384
6.07,-4.64,5.63,0.15,0.05,-0.09,411,436,435,340,383
5.48,-4.62,5.35,0.11,0.10,-0.04,411,436,435,340,383
5.23,-4.18,4.79,0.10,0.11,-0.06,411,436,435,340,383
5.58,-3.85,5.60,0.12,0.14,-0.05,411,435,435,339,382
4.85,-3.84,5.43,0.17,0.05,-0.14,411,435,435,340,382
5.62,-3.75,6.08,0.23,0.17,-0.10,410,435,436,340,382
4.93,-3.83,6.22,0.31,0.21,-0.15,410,435,436,339,381
6.53,-3.56,7.75,0.07,0.16,-0.10,410,435,436,340,381
4.69,-3.35,5.89,0.04,0.13,-0.08,410,434,436,340,381
6.06,-3.17,7.70,0.25,0.07,-0.15,410,434,436,339,380
5.70,-3.35,6.98,0.25,0.04,-0.13,409,434,436,339,380
4.80,-2.83,6.56,0.15,0.01,-0.07,409,434,436,338,380
4.95,-2.71,6.69,0.16,0.07,-0.06,409,434,436,338,379
4.51,-2.66,6.60,0.23,0.13,-0.07,409,434,436,338,379
4.51,-2.46,6.91,0.32,0.07,-0.23,409,434,436,338,379
4.73,-1.88,6.39,0.34,-0.01,-0.41,409,434,436,338,377
4.87,-1.54,7.31,0.28,0.19,-0.23,409,434,436,338,377
5.28,-0.98,8.03,0.17,0.13,-0.22,409,434,436,338,377
5.37,-0.58,8.29,0.28,0.26,-0.22,409,434,436,338,376
4.60,-0.50,8.11,0.32,0.36,-0.11,408,434,437,337,376
4.54,-0.37,7.85,0.23,0.01,-0.29,408,433,436,337,376
4.44,0.04,7.69,0.16,0.05,-0.19,408,433,437,337,376
5.11,0.09,8.99,0.11,0.14,-0.13,408,433,437,337,375
4.04,0.55,7.78,0.05,0.08,-0.10,408,433,437,337,375
5.12,0.35,8.66,0.04,0.01,-0.16,408,433,436,337,375
4.15,0.66,8.40,-0.03,-0.08,0.00,409,433,437,337,375
4.75,0.34,8.41,-0.08,-0.03,-0.00,408,433,437,337,375
4.39,0.16,8.29,0.05,0.09,-0.08,409,433,437,337,375
4.03,0.22,7.82,0.12,0.09,-0.09,409,433,437,336,375
3.62,0.26,8.00,0.15,0.08,-0.16,411,435,439,336,377
4.32,0.35,8.83,0.14,0.06,-0.24,412,434,439,335,377
4.44,0.67,8.95,0.04,0.07,-0.09,411,434,439,334,377
END
4.92,0.57,8.78,-0.01,0.04,-0.07,414,436,434,345,375
5.70,-5.67,4.28,0.10,0.09,-0.07,414,435,434,345,376
6.02,-5.33,4.62,0.14,0.12,-0.10,416,436,434,345,376
5.87,-4.85,4.59,0.24,0.15,-0.12,425,437,435,345,376
5.56,-4.99,4.62,0.21,0.06,-0.09,427,437,436,344,376
5.74,-5.07,4.59,0.17,0.05,-0.04,426,437,436,344,376
5.09,-5.09,4.23,0.13,0.05,-0.07,425,437,436,344,377
4.82,-4.74,4.24,0.19,0.13,-0.16,424,437,436,344,377
5.60,-4.33,5.07,0.25,0.22,-0.15,424,436,437,344,377
4.77,-4.01,5.15,0.39,0.19,-0.30,429,437,437,344,377
5.23,-3.61,6.35,0.34,0.35,-0.19,430,438,437,344,377
5.70,-3.19,6.33,0.23,0.12,-0.25,428,437,438,343,377
5.86,-3.19,6.86,0.11,0.30,-0.03,427,437,438,343,377
5.71,-2.97,7.00,0.24,0.10,-0.18,425,436,438,342,377
5.08,-3.09,7.10,0.06,0.09,-0.11,424,436,437,342,376
5.99,-2.63,8.37,0.40,0.20,-0.20,422,435,437,342,376
4.42,-2.36,6.39,0.17,0.02,-0.19,422,435,437,342,376
5.56,-1.97,7.67,0.28,0.23,-0.06,422,435,437,342,376
4.67,-1.82,6.93,0.16,0.11,-0.14,421,435,437,342,375
4.16,-1.48,7.97,0.31,0.35,-0.12,421,434,437,341,374
4.11,-1.54,8.44,0.08,0.30,-0.04,419,434,437,341,374
4.60,-1.44,8.94,0.14,0.10,-0.19,418,433,436,340,374
5.33,-1.44,9.06,0.07,-0.08,-0.25,418,433,436,340,373
4.90,-1.24,8.10,-0.03,-0.06,-0.11,417,433,436,340,373
4.89,-1.29,8.00,0.05,-0.03,-0.05,417,432,435,339,373
4.54,-0.98,7.50,0.11,-0.04,-0.09,417,432,436,339,373
4.84,-1.17,8.45,0.17,0.06,-0.08,417,432,435,339,373
3.83,-0.93,7.08,0.14,0.05,-0.06,417,432,435,339,373
4.61,-1.03,8.33,0.09,0.07,-0.13,416,432,435,339,373
4.27,-0.46,8.18,0.15,0.13,-0.11,417,432,435,339,373
4.30,-0.36,7.95,0.11,0.09,-0.05,417,432,435,339,373
4.29,-0.33,8.83,0.14,0.10,-0.03,416,432,435,338,372
3.68,-0.17,7.81,0.02,-0.04,-0.04,415,432,434,338,372
3.75,-0.19,8.05,0.09,-0.01,-0.13,415,432,434,337,372
3.36,0.27,7.52,0.06,-0.01,-0.14,415,432,434,337,372
4.29,0.13,8.81,0.14,0.17,-0.18,415,432,434,337,371
END
3.59,0.44,8.59,0.11,0.35,-0.05,418,434,433,341,376
6.19,-5.86,4.41,0.10,0.00,-0.07,418,434,433,341,375
6.09,-5.49,3.99,0.03,0.05,-0.06,418,434,434,341,375
5.76,-5.24,3.73,0.07,0.12,-0.09,418,434,434,341,374
6.25,-5.11,4.08,0.20,0.10,-0.14,417,434,434,341,374
6.33,-5.16,4.55,0.15,0.11,-0.10,417,434,434,341,374
5.70,-4.91,4.19,0.12,0.10,-0.14,417,434,434,341,374
5.41,-4.45,3.98,0.13,0.28,-0.14,417,434,435,341,374
5.56,-4.02,4.07,0.40,0.30,-0.28,417,434,435,341,373
5.23,-3.95,4.75,0.31,0.21,-0.23,416,434,435,340,374
6.07,-3.69,6.14,0.32,0.29,-0.17,416,433,435,340,373
5.88,-3.46,5.74,0.18,0.09,-0.21,416,433,436,339,374
5.89,-3.21,6.19,0.34,0.16,-0.22,416,433,436,339,373
5.49,-2.84,5.75,0.36,0.19,-0.21,416,433,436,339,374
5.61,-2.63,6.73,0.37,0.24,-0.22,415,433,436,339,374
5.22,-2.08,6.86,0.36,0.08,-0.30,415,433,437,338,373
7.29,-2.23,8.34,0.28,-0.30,-0.48,414,432,438,337,373
4.90,-1.51,5.51,-0.03,-0.04,-0.18,414,432,438,337,373
6.58,-1.13,7.25,0.09,0.08,-0.30,413,432,437,337,372
5.30,-0.90,6.57,0.15,0.16,-0.27,413,431,438,336,373
6.04,-0.39,7.07,0.30,0.19,-0.25,412,431,437,336,373
6.43,-0.24,8.98,0.23,0.24,-0.15,412,431,437,337,373
5.29,-0.24,8.19,0.15,0.18,-0.07,412,431,437,336,373
5.00,-0.29,7.80,0.01,0.14,-0.05,412,431,437,336,373
5.25,-0.11,8.06,0.18,0.19,-0.14,412,431,437,336,373
5.63,0.03,8.28,0.04,0.10,-0.10,411,430,436,336,372
4.72,0.14,8.51,0.09,0.12,-0.15,411,431,436,336,372
5.19,0.31,7.92,-0.03,0.08,-0.04,411,430,436,336,372
4.87,0.41,7.72,0.14,0.14,-0.06,411,430,436,336,372
4.00,0.29,7.70,0.05,0.09,0.02,411,430,436,336,373
4.24,0.14,8.49,0.15,0.12,-0.17,411,430,436,335,373
4.41,0.69,7.70,0.09,0.09,-0.18,411,430,435,336,373
4.62,0.77,8.40,0.17,0.09,-0.18,411,430,435,336,373
3.72,0.73,8.38,0.05,0.17,-0.02,411,430,435,335,373
5.08,0.55,9.15,0.03,0.13,-0.15,411,430,435,335,372
3.88,0.48,8.84,-0.05,0.30,0.14,410,430,435,335,372
END
3.33,0.57,8.61,0.03,0.24,-0.09,409,430,434,339,368
5.92,-3.48,6.14,0.15,0.08,-0.11,409,430,433,339,368
5.98,-2.97,6.14,0.14,0.06,-0.07,409,430,433,339,367
5.71,-3.12,6.35,0.16,0.09,-0.04,409,430,433,339,367
5.48,-3.23,6.34,0.22,0.03,-0.08,409,430,433,339,367
5.23,-2.94,6.42,0.22,0.04,-0.11,409,430,433,338,367
5.31,-2.86,6.37,0.11,0.09,-0.08,409,430,433,338,367
5.23,-2.61,6.13,0.09,0.06,-0.15,409,430,433,339,367
5.25,-2.40,6.45,0.11,0.14,-0.08,408,429,433,338,367
5.89,-2.07,7.26,0.07,0.05,-0.18,408,429,432,338,366
4.90,-2.19,7.11,0.14,0.17,-0.08,408,429,432,338,366
4.97,-2.16,6.93,0.12,0.04,-0.18,408,429,432,338,367
4.93,-1.82,7.16,0.07,0.16,-0.09,407,429,432,338,367
5.38,-1.79,7.99,0.19,0.10,-0.22,407,429,432,338,367
4.56,-1.70,6.93,0.10,0.06,-0.17,407,429,432,338,366
5.45,-1.47,8.08,0.16,0.17,-0.13,407,428,432,338,366
5.00,-1.34,7.69,0.14,0.12,-0.14,406,428,431,338,367
4.20,-0.78,6.64,0.28,0.11,-0.27,406,428,431,338,366
4.76,-0.62,7.10,0.37,0.28,-0.16,406,428,432,338,366
5.28,-0.15,9.58,0.15,0.20,-0.10,406,428,432,338,366
5.22,-0.29,9.46,0.14,0.21,-0.01,406,428,432,337,366
4.47,-0.26,8.28,0.02,-0.02,-0.06,406,428,433,337,367
4.69,-0.38,8.82,0.04,-0.05,-0.07,406,428,433,337,367
3.56,-0.27,7.54,0.07,0.10,0.02,406,428,433,337,367
3.13,0.07,6.94,0.23,0.07,-0.21,409,429,434,337,368
4.34,0.80,8.20,0.75,0.07,-0.39,412,430,437,337,371
4.24,0.85,9.09,0.15,0.12,0.02,412,430,437,337,372
3.76,1.27,9.50,0.26,0.21,-0.04,412,430,437,337,372
3.38,1.38,8.66,-0.05,0.08,0.02,412,429,436,337,371
2.80,1.18,8.64,0.11,0.04,-0.15,412,429,437,336,371
3.68,1.55,8.76,-0.00,-0.00,-0.16,412,429,436,336,371
3.84,1.49,8.89,-0.09,-0.02,-0.13,411,429,436,336,371
3.78,1.26,8.66,-0.00,0.01,-0.01,411,429,436,336,371
3.81,1.07,8.72,-0.15,-0.11,-0.08,411,429,436,336,371
3.68,0.98,8.52,0.07,0.05,-0.08,411,429,436,335,370
3.98,0.88,8.69,0.01,-0.06,-0.14,411,429,437,336,371
END
4.03,1.05,8.68,0.05,-0.02,-0.15,435,436,441,341,380
5.65,-4.29,4.65,0.10,0.11,-0.13,434,436,441,341,380
6.04,-3.93,5.28,0.22,0.14,-0.17,434,436,441,341,380
6.43,-3.95,5.62,0.18,0.09,-0.17,434,436,441,340,379
6.79,-3.64,6.12,0.15,0.07,-0.13,434,436,441,340,379
6.23,-3.65,5.36,0.12,0.04,-0.11,434,436,441,340,379
5.79,-3.44,4.81,0.13,0.08,-0.10,434,436,440,340,379
5.79,-2.98,4.85,0.14,0.17,-0.11,434,436,441,340,379
4.72,-3.55,5.20,0.22,0.06,-0.17,433,436,440,340,378
5.98,-2.86,6.06,-0.04,-0.04,-0.24,432,435,440,339,378
7.00,-2.51,6.61,0.17,0.03,-0.41,431,435,440,339,378
6.37,-2.30,6.72,-0.01,0.07,-0.22,430,434,440,340,377
6.30,-2.43,6.00,-0.03,0.02,-0.20,430,434,439,339,377
5.79,-2.42,5.74,0.05,0.07,-0.15,428,433,439,339,378
6.13,-2.10,6.73,0.03,0.15,-0.10,424,433,437,339,378
5.89,-2.07,6.32,0.08,0.24,-0.10,423,433,437,339,378
5.48,-1.64,5.94,0.14,0.26,-0.08,422,432,437,339,378
6.07,-1.64,7.02,0.18,0.18,-0.20,422,432,437,339,378
5.64,-1.54,7.35,0.12,0.20,-0.15,422,432,437,339,378
6.30,-1.31,7.61,0.13,0.13,-0.20,422,432,437,339,378
5.82,-1.37,7.46,0.03,0.14,-0.17,422,431,437,338,377
5.82,-1.16,7.80,0.19,0.10,-0.19,422,431,437,338,378
5.22,-1.05,7.33,-0.02,0.12,-0.06,421,431,437,338,377
5.46,-0.93,7.62,0.19,0.08,-0.15,421,431,436,338,377
5.37,-0.93,7.46,0.04,0.04,-0.11,421,431,436,338,376
5.29,-0.75,7.67,0.18,0.17,-0.04,421,431,436,338,375
5.37,-0.68,8.59,0.23,0.19,-0.04,420,431,436,338,375
5.17,-0.27,8.48,0.29,0.21,-0.09,420,430,436,338,375
4.44,0.00,8.20,0.18,0.31,0.08,419,430,435,338,374
4.15,0.33,7.27,0.10,-0.00,-0.08,419,430,435,338,372
4.56,0.34,7.86,0.15,0.14,0.05,418,430,435,338,372
3.98,0.09,8.75,0.12,0.07,0.04,418,430,435,338,372
4.39,-0.13,8.82,-0.02,-0.04,-0.05,418,430,435,338,372
4.13,0.09,7.82,-0.01,-0.12,-0.01,418,430,435,337,372
4.56,-0.65,8.38,-0.17,-0.23,-0.08,418,429,435,338,372
4.21,-0.66,8.23,-0.52,-0.49,0.04,418,428,431,338,370
END
5.20,-0.85,7.55,-0.15,-0.16,-0.06,425,435,435,341,371
5.86,-4.54,5.33,0.17,0.02,-0.11,425,435,435,340,370
5.56,-4.87,5.31,0.14,0.06,-0.07,425,435,437,340,368
6.07,-4.31,5.64,0.14,-0.03,-0.13,426,435,439,340,367
5.95,-4.42,5.59,0.07,0.03,-0.08,426,435,438,340,366
5.54,-4.39,5.14,0.16,-0.01,-0.11,425,435,438,340,366
5.36,-4.16,5.23,0.10,0.07,-0.06,425,434,437,340,366
4.77,-4.08,4.67,0.17,0.04,-0.12,425,433,436,340,367
5.35,-3.51,5.64,0.26,0.11,-0.12,424,433,436,340,367
5.09,-3.09,5.27,0.29,0.10,-0.16,424,433,436,340,367
5.51,-2.77,6.02,0.36,0.12,-0.23,424,432,436,340,367
4.67,-3.01,5.24,0.28,0.09,-0.25,423,432,435,340,367
6.62,-1.88,7.94,0.14,0.15,-0.24,420,431,435,339,368
4.36,-2.69,5.73,-0.12,0.56,-0.09,419,430,435,339,370
4.55,-2.18,8.31,0.07,0.39,-0.04,418,430,434,339,370
4.87,-2.22,7.38,0.22,0.00,-0.38,417,430,434,339,370
3.34,-2.02,7.57,0.30,0.18,-0.03,417,430,434,338,369
5.64,-1.54,8.53,0.21,-0.04,-0.33,415,430,433,338,368
4.98,-1.08,8.31,0.30,0.07,-0.19,415,429,433,337,368
5.66,-1.22,8.37,0.23,0.07,-0.19,414,429,433,337,368
4.69,-1.08,7.65,0.03,0.06,-0.15,414,429,433,337,368
4.94,-0.95,8.29,0.12,0.18,-0.07,414,429,433,337,368
5.10,-0.89,8.22,0.02,0.02,-0.19,414,429,432,337,368
4.82,-0.65,7.79,0.11,0.13,-0.13,414,428,429,336,368
4.60,-0.27,7.34,0.03,0.01,-0.08,413,428,428,336,367
4.89,-0.16,8.46,0.23,0.06,-0.17,413,428,428,336,367
4.42,0.14,7.93,0.28,0.19,-0.06,414,428,429,336,369
3.63,0.10,7.93,0.19,0.05,-0.12,415,429,430,337,370
4.62,0.42,8.69,0.18,0.09,-0.11,415,428,430,337,370
4.47,0.28,9.19,-0.00,0.14,0.02,414,428,429,336,369
4.95,0.45,9.96,0.08,0.09,-0.07,413,428,429,336,368
3.87,0.37,8.84,-0.10,-0.06,-0.00,413,427,428,336,368
3.38,0.20,7.62,0.04,-0.01,-0.07,413,427,428,336,368
3.10,0.39,7.11,0.01,0.00,-0.14,415,428,429,336,369
3.40,0.23,8.05,0.06,0.04,-0.06,415,427,429,336,370
3.63,0.28,8.47,-0.02,-0.03,-0.10,414,427,429,336,370
END
4.28,0.54,8.63,-0.03,-0.00,-0.18,413,428,431,346,369
6.25,-5.45,3.85,0.12,0.07,-0.02,413,428,431,346,369
6.49,-5.46,3.92,0.14,0.03,-0.08,413,428,431,345,368
6.26,-5.38,3.72,0.08,0.05,-0.08,413,428,431,345,368
6.17,-5.25,3.69,0.04,0.05,-0.09,413,428,431,345,367
6.34,-5.07,3.73,0.10,0.19,-0.09,413,428,431,345,368
5.97,-5.00,3.64,0.15,0.17,-0.14,413,428,431,345,368
5.48,-4.89,4.28,0.21,0.17,-0.18,413,428,431,345,368
5.94,-4.71,4.53,0.20,0.06,-0.24,413,428,431,345,367
6.74,-4.25,4.86,0.21,0.05,-0.27,412,427,431,345,367
6.02,-4.10,4.27,0.17,0.14,-0.17,412,427,432,344,367
6.53,-3.54,4.92,0.24,0.16,-0.21,412,427,432,344,367
6.45,-3.29,4.91,0.25,0.23,-0.18,412,427,432,344,367
6.29,-3.03,5.26,0.32,0.17,-0.20,412,427,432,344,367
6.73,-3.26,6.42,0.24,0.36,-0.04,411,427,432,344,368
5.42,-2.84,5.64,0.18,0.26,-0.03,411,427,432,344,368
5.60,-2.91,6.31,0.31,0.23,-0.01,411,426,432,344,368
6.40,-2.38,7.54,0.14,-0.17,-0.34,411,427,434,343,369
5.51,-2.43,7.15,0.17,0.31,0.03,410,426,433,342,368
6.37,-1.92,8.01,0.30,0.10,-0.24,410,426,433,342,368
5.03,-1.95,7.17,0.16,0.01,-0.27,410,425,433,342,368
5.97,-1.29,7.04,0.29,0.08,-0.28,410,426,433,341,368
5.53,-1.34,7.01,0.08,0.11,-0.16,410,426,432,341,368
6.58,-1.10,8.28,0.21,0.06,-0.20,409,425,432,340,370
6.23,-1.41,8.54,-0.18,0.07,0.14,409,425,430,340,370
4.67,-1.56,6.88,0.05,0.02,-0.06,409,424,430,340,371
5.20,-1.44,6.78,0.08,-0.03,-0.16,409,425,430,340,371
5.48,-1.15,7.47,0.17,0.16,-0.13,409,424,430,340,370
4.76,-0.82,7.09,0.13,0.09,-0.20,409,424,430,340,370
6.11,-0.79,8.19,0.18,-0.01,-0.28,408,424,430,340,370
4.64,-0.47,6.93,0.00,0.02,-0.11,408,424,430,340,371
5.51,-0.22,7.24,0.16,0.13,-0.16,408,425,430,340,370
4.95,0.17,7.14,0.09,0.24,0.03,408,425,430,340,370
5.03,0.26,8.22,0.30,0.46,0.15,409,425,431,340,371
4.40,-0.07,8.71,0.16,0.32,0.10,409,425,431,340,371
4.13,-0.29,8.75,0.24,0.24,-0.01,409,425,431,340,371
END
3.68,0.02,8.05,0.07,0.19,-0.00,418,433,433,345,373
5.67,-4.56,5.72,0.16,0.03,-0.08,418,433,433,345,372
5.50,-4.37,5.41,0.09,0.06,-0.07,418,433,433,345,372
5.40,-4.36,5.53,0.18,0.06,-0.13,418,433,432,345,372
5.27,-4.08,5.37,0.10,0.12,-0.10,418,433,432,345,372
6.00,-3.57,5.97,0.20,0.15,-0.12,417,432,433,344,371
5.71,-3.58,6.04,0.22,0.17,-0.16,417,432,433,344,371
5.44,-3.52,6.50,0.15,0.29,-0.04,417,432,433,343,371
5.14,-3.75,6.42,0.17,-0.05,-0.14,417,432,434,342,371
5.21,-3.52,6.29,0.23,-0.04,-0.12,416,432,433,342,370
5.31,-3.15,6.40,0.18,0.02,-0.13,416,432,433,342,370
4.76,-3.02,5.76,0.20,0.13,-0.11,416,431,433,341,370
4.82,-2.86,6.75,0.23,0.13,-0.15,415,431,433,341,369
5.36,-2.35,7.61,0.16,0.03,-0.27,414,430,432,341,369
5.38,-2.36,7.44,0.11,0.16,-0.10,414,430,432,341,369
5.11,-2.07,7.69,0.01,0.12,-0.09,413,429,432,341,368
4.63,-2.29,7.71,0.29,0.05,-0.24,412,429,432,341,368
5.20,-2.03,7.58,0.09,0.12,-0.07,412,429,432,341,368
5.28,-1.81,7.97,0.08,0.02,-0.19,412,429,432,341,368
4.70,-1.85,7.35,0.12,0.16,-0.07,411,428,432,341,368
5.22,-1.59,8.26,0.01,0.17,-0.00,411,428,431,341,368
4.25,-1.59,7.07,-0.05,0.04,-0.05,411,428,431,340,367
4.54,-1.56,8.23,0.18,0.10,-0.08,410,427,431,340,368
4.80,-1.39,7.60,0.05,0.02,-0.11,409,427,430,340,367
4.82,-1.43,8.30,0.16,0.10,-0.07,408,426,430,340,367
4.49,-1.33,7.98,0.07,0.01,-0.10,408,426,430,340,367
4.77,-0.79,8.13,0.24,0.13,-0.11,408,426,430,340,367
3.97,-0.86,8.01,0.12,0.09,0.02,408,425,430,340,367
3.57,-1.06,8.31,0.21,0.03,-0.06,408,425,430,340,368
3.78,-0.97,8.41,0.14,-0.06,-0.27,408,426,430,340,368
4.00,-0.56,8.35,0.09,0.08,-0.18,408,426,430,340,368
4.54,-0.37,8.47,0.19,0.13,-0.25,408,426,430,340,368
4.76,-0.15,8.63,0.17,0.21,-0.18,408,425,431,340,369
3.91,0.11,8.33,0.22,0.26,-0.10,408,426,432,340,369
4.22,0.02,9.08,0.12,0.07,-0.18,408,425,432,340,369
4.00,0.34,8.35,-0.01,0.02,-0.12,408,426,432,340,369
END
3.46,0.45,8.39,-0.01,0.04,-0.09,420,433,431,347,375
5.63,-5.48,5.02,0.15,0.03,-0.09,420,433,431,347,375
5.40,-5.29,5.12,0.19,0.01,-0.10,419,433,431,347,375
5.46,-5.18,4.92,0.19,0.04,-0.08,419,433,431,346,375
5.83,-4.95,5.68,0.23,0.03,-0.09,419,432,431,346,374
5.42,-4.91,5.37,0.15,0.09,-0.00,418,432,430,346,374
4.84,-4.66,4.98,0.09,0.02,-0.06,418,432,431,346,373
4.62,-4.66,4.81,0.22,0.08,-0.11,418,432,430,346,373
5.07,-4.20,5.45,0.29,0.09,-0.14,417,431,430,345,372
5.38,-4.06,6.45,0.30,0.12,-0.15,417,431,430,345,372
4.85,-4.04,6.12,0.28,0.06,-0.15,416,431,430,344,371
5.48,-3.70,6.70,0.21,0.04,-0.16,415,430,430,345,371
5.17,-3.52,6.72,0.18,0.15,-0.08,415,430,429,345,371
6.52,-2.98,7.50,0.19,0.11,-0.09,413,429,429,344,370
4.54,-2.88,5.72,0.24,-0.14,-0.16,413,429,429,345,369
5.99,-2.66,8.11,0.30,0.06,-0.04,412,428,429,344,369
4.49,-3.18,7.16,0.06,0.09,-0.06,412,428,429,344,368
4.82,-2.76,6.90,0.12,0.09,-0.13,412,428,429,343,368
5.25,-2.87,7.56,0.01,0.06,-0.14,411,427,428,343,368
5.08,-2.38,7.31,0.14,0.13,-0.15,411,427,428,343,368
5.36,-2.32,7.60,0.10,0.07,-0.18,410,427,427,343,368
4.69,-2.08,7.14,0.07,0.03,-0.14,410,426,427,342,367
5.04,-2.02,7.21,0.06,-0.01,-0.19,409,426,427,342,367
5.18,-1.92,7.90,0.15,0.17,-0.12,409,426,426,342,367
4.69,-1.79,7.11,0.08,0.04,-0.21,409,426,426,342,367
4.45,-1.51,7.06,0.13,0.10,-0.22,409,426,426,342,367
4.81,-1.26,7.68,0.25,0.18,-0.20,408,426,427,341,369
5.34,-1.07,8.50,0.23,0.22,-0.23,408,426,428,340,371
5.00,-0.90,8.62,0.25,0.11,-0.29,408,427,429,338,371
5.18,-0.67,8.66,0.11,0.13,-0.14,406,427,428,337,370
4.64,-0.30,7.54,0.09,-0.03,-0.17,406,426,427,337,369
4.92,-0.50,8.17,0.12,0.05,-0.12,406,426,427,337,369
3.79,-0.40,8.69,0.12,0.05,-0.26,406,426,426,337,368
5.73,-0.24,9.02,0.14,0.13,-0.31,406,425,426,336,368
3.57,0.45,7.27,0.03,0.04,-0.22,405,425,426,337,367
3.50,0.50,7.69,0.06,0.07,-0.17,405,425,426,337,367
END
4.09,0.67,8.39,0.14,0.10,-0.19,412,428,427,343,376
5.18,-5.40,5.00,0.08,0.01,-0.07,412,428,427,343,376
5.43,-5.41,4.92,0.07,0.01,-0.07,412,427,427,344,376
5.25,-5.43,4.95,0.14,0.00,-0.10,411,427,426,344,375
5.30,-5.33,5.29,0.08,0.06,-0.06,411,427,426,343,375
5.20,-5.13,5.01,0.11,0.06,-0.09,411,427,426,343,374
5.19,-5.00,5.19,0.16,0.12,-0.10,411,427,425,343,373
5.22,-4.70,5.15,0.15,0.21,-0.07,411,427,425,343,373
4.95,-4.56,5.18,0.24,0.11,-0.12,411,427,425,343,373
5.10,-4.57,5.65,0.25,0.16,-0.07,411,427,425,343,372
5.13,-4.26,5.94,0.18,0.02,-0.12,410,427,425,343,372
4.81,-4.13,5.86,0.17,0.06,-0.10,409,426,425,343,371
5.30,-4.01,6.29,0.12,0.04,-0.06,408,426,425,343,371
5.22,-3.80,6.99,0.04,0.10,-0.04,408,426,425,342,373
4.77,-3.72,6.28,0.19,0.12,-0.13,408,427,427,341,375
4.28,-3.83,6.70,0.50,0.27,-0.13,408,427,427,341,376
5.09,-3.43,6.75,0.14,0.10,-0.11,407,426,427,341,375
4.54,-3.12,7.75,0.18,0.28,0.04,407,426,427,341,374
3.94,-2.90,5.88,-0.06,0.02,-0.01,407,426,428,342,375
4.30,-2.70,7.95,0.47,0.03,-0.21,407,426,428,341,375
4.65,-2.67,8.16,0.09,0.11,-0.06,407,426,427,341,375
4.20,-2.55,7.47,0.18,0.12,-0.12,406,426,427,341,374
5.64,-2.33,8.07,0.05,0.05,-0.18,404,426,426,341,373
3.52,-2.43,7.86,0.07,0.12,-0.08,404,426,425,340,372
4.45,-2.15,8.42,0.31,0.05,-0.17,403,425,425,340,372
4.47,-1.91,8.08,0.22,0.03,-0.23,403,425,424,339,371
4.15,-1.63,7.57,0.25,0.06,-0.14,402,424,424,339,370
4.06,-1.54,8.31,0.21,0.13,-0.04,400,424,423,339,369
4.24,-1.51,8.12,0.09,0.02,-0.02,397,423,422,338,365
3.67,-1.28,8.13,0.11,0.02,-0.01,394,422,421,338,363
4.02,-1.47,8.56,0.12,0.02,-0.08,393,421,420,338,363
3.40,-1.11,7.82,-0.09,-0.00,-0.13,391,419,419,338,363
4.51,-0.90,8.26,0.12,-0.09,-0.44,391,418,419,338,365
4.77,-0.82,8.74,0.12,-0.05,-0.37,391,417,418,338,365
4.66,-0.72,7.21,0.13,-0.10,-0.26,392,418,418,338,366
5.06,-0.78,8.45,0.28,0.04,-0.32,395,421,419,338,366
END
4.69,-0.37,9.22,0.07,0.15,-0.13,426,433,432,342,374
5.90,-5.81,4.02,0.11,-0.04,-0.06,426,433,431,342,374
5.56,-5.72,4.09,0.15,-0.01,-0.08,425,433,431,342,374
5.66,-5.35,4.03,0.21,0.08,-0.07,425,432,431,342,373
5.63,-5.32,3.85,0.33,0.09,-0.14,425,433,431,342,373
5.89,-4.85,4.53,0.23,0.28,0.02,425,433,431,342,373
4.89,-5.00,3.66,0.13,0.15,-0.04,425,433,431,342,373
4.41,-4.74,3.88,0.29,0.16,-0.15,425,432,431,341,373
5.28,-3.88,5.19,0.32,0.15,-0.20,424,432,431,341,373
4.69,-3.69,5.23,0.51,0.17,-0.25,424,431,430,341,372
6.23,-3.52,6.86,0.34,0.30,-0.17,422,431,430,340,372
4.29,-3.68,6.70,0.42,0.18,-0.21,421,430,430,340,372
6.25,-2.77,7.97,0.27,-0.12,-0.35,420,430,430,340,372
4.86,-3.14,6.39,0.16,0.12,-0.09,419,429,430,340,371
5.44,-2.38,7.62,0.09,0.05,-0.15,419,429,430,340,371
4.34,-2.64,7.24,0.19,0.22,-0.17,418,428,429,340,371
5.22,-2.53,8.04,0.13,0.53,0.07,417,428,430,340,371
4.05,-2.65,7.72,-0.10,0.40,0.01,417,428,430,339,371
4.59,-2.49,7.94,0.31,0.04,-0.30,416,427,430,339,371
5.08,-2.17,8.01,0.10,-0.04,-0.25,416,427,429,339,371
4.53,-1.90,7.64,0.19,0.12,-0.17,416,427,429,339,371
3.68,-1.63,6.99,0.02,-0.08,-0.21,414,427,429,339,371
4.69,-1.39,8.00,0.15,-0.07,-0.34,410,425,427,339,369
4.77,-0.95,7.31,0.13,-0.01,-0.29,408,424,427,340,369
5.64,-0.86,9.23,0.18,0.19,-0.17,406,423,426,339,368
4.41,-0.67,8.17,0.11,0.06,-0.17,406,423,426,339,369
4.73,-0.64,8.71,0.11,0.12,-0.11,406,423,426,339,368
4.20,-0.57,7.98,0.05,0.04,-0.10,406,422,426,339,368
4.33,-0.45,8.32,0.13,0.08,-0.10,406,423,426,339,368
4.19,-0.45,8.49,0.11,0.12,0.05,406,422,426,339,367
3.91,-0.52,8.48,0.18,0.08,-0.20,406,423,425,339,367
3.52,0.07,8.38,0.13,-0.01,-0.30,405,422,425,340,366
4.11,0.56,7.73,0.07,-0.20,-0.46,405,423,425,340,366
4.95,0.62,8.80,0.16,0.20,-0.23,404,422,424,341,364
4.51,0.70,8.89,0.04,0.11,-0.19,404,422,423,341,363
2.98,0.97,7.97,0.03,0.08,-0.03,403,422,424,341,363
END
3.81,0.65,8.41,0.16,0.20,-0.17,406,424,428,344,363
5.77,-4.58,4.34,0.10,0.05,-0.15,406,425,428,344,363
5.97,-4.43,4.26,0.29,0.02,-0.33,407,427,428,344,364
7.01,-4.29,5.36,0.25,0.14,-0.18,408,428,428,344,364
6.72,-4.08,5.24,0.02,0.09,-0.03,407,426,427,344,363
5.88,-4.26,5.07,0.10,0.15,-0.01,407,426,427,343,362
6.42,-3.98,5.33,0.04,0.08,-0.09,407,425,427,343,362
6.55,-3.70,5.36,0.15,0.14,-0.12,406,424,426,343,361
5.76,-3.61,4.51,0.08,0.08,-0.09,406,424,426,343,361
5.30,-3.47,4.45,0.19,0.16,-0.05,406,424,427,343,361
6.14,-3.09,5.63,0.27,0.07,-0.20,405,424,426,343,362
6.00,-3.12,6.42,0.24,0.17,-0.11,406,423,426,343,361
6.14,-2.91,6.55,0.18,0.06,-0.21,404,423,425,342,361
5.23,-2.91,6.53,0.09,0.18,-0.04,403,422,425,342,361
5.73,-2.71,6.86,0.18,0.11,-0.21,403,422,425,342,361
5.46,-2.45,6.69,0.33,0.16,-0.26,403,422,425,342,361
6.40,-2.08,7.30,0.09,0.10,-0.23,403,421,425,342,362
5.56,-2.00,7.22,0.25,0.23,-0.10,403,421,424,342,364
5.94,-1.62,7.37,0.16,0.11,-0.16,403,422,425,341,368
5.62,-1.77,8.26,0.19,0.32,-0.02,403,422,425,341,369
4.77,-1.57,7.02,-0.04,0.01,-0.09,403,421,425,341,369
5.36,-1.39,7.20,0.18,0.01,-0.18,402,421,425,340,368
5.00,-1.10,6.88,0.06,0.02,-0.04,402,421,426,340,368
5.15,-1.26,7.98,0.33,0.22,-0.05,402,421,426,340,368
4.84,-1.13,7.60,0.15,0.09,-0.07,402,421,425,341,368
5.13,-1.11,7.75,0.04,0.05,0.03,402,421,425,341,367
5.36,-1.30,8.69,0.15,0.08,-0.07,401,421,423,341,366
5.10,-1.03,8.84,0.04,0.06,-0.17,400,420,422,341,365
5.13,-0.79,8.62,0.01,-0.01,-0.18,400,420,422,340,364
4.41,-0.51,7.60,0.07,0.04,-0.13,400,420,422,340,364
4.39,-0.40,7.38,0.16,0.08,-0.22,400,420,421,340,364
4.03,-0.21,8.38,0.25,0.33,-0.11,399,420,421,340,364
4.97,-0.41,9.20,0.15,0.19,-0.06,399,420,421,340,363
4.37,-0.11,8.67,0.08,0.10,-0.13,399,420,421,340,363
4.99,0.07,8.56,0.07,0.03,-0.07,398,420,421,340,363
4.01,0.24,8.60,0.09,0.09,-0.02,399,420,421,340,363
END
3.97,0.45,8.46,0.12,0.11,-0.02,409,426,434,349,381
5.78,-6.47,2.33,0.25,0.08,-0.13,409,426,433,349,380
6.32,-6.61,3.22,0.23,0.04,-0.09,409,426,433,349,380
6.53,-6.27,3.57,0.20,0.08,-0.06,409,426,433,349,379
5.94,-6.45,3.73,0.17,0.08,-0.04,408,426,432,349,378
6.16,-6.20,3.45,0.14,0.02,-0.09,408,425,432,349,378
5.95,-6.09,2.89,0.12,-0.00,-0.10,408,425,432,349,377
5.70,-5.66,2.55,0.16,0.04,-0.08,408,425,432,349,377
5.20,-5.51,2.68,0.18,0.14,-0.04,408,425,432,349,377
4.65,-5.26,2.55,0.26,0.00,-0.24,408,425,432,349,377
6.27,-5.64,4.57,0.32,0.17,-0.13,406,424,431,348,376
5.81,-5.18,3.74,0.22,0.04,-0.28,406,424,430,348,376
7.16,-4.86,4.98,0.17,0.15,-0.15,405,423,429,348,375
6.36,-4.48,4.45,0.14,0.23,-0.11,405,423,429,348,375
6.17,-4.48,4.77,0.25,0.20,-0.12,404,423,429,348,375
6.75,-4.29,5.53,0.27,0.08,-0.20,404,423,429,348,375
6.32,-4.36,5.33,0.26,0.22,-0.04,403,423,429,347,375
7.01,-4.07,6.42,0.23,0.16,-0.13,403,423,429,347,375
4.75,-3.80,5.15,0.17,0.21,0.02,403,422,429,347,375
5.62,-3.65,6.40,0.39,0.12,-0.21,403,422,428,347,375
6.36,-3.40,6.27,0.18,0.01,-0.24,403,423,428,347,375
5.64,-2.90,6.20,0.27,0.19,-0.12,402,423,428,347,376
6.27,-2.58,6.90,0.16,0.16,-0.12,402,422,428,346,375
6.25,-2.69,7.54,0.26,0.11,-0.19,401,422,428,345,375
7.03,-2.84,8.49,0.23,0.15,-0.10,400,422,427,345,374
5.52,-2.54,7.24,0.12,0.11,-0.04,400,422,427,344,374
5.38,-2.29,6.73,0.14,0.08,-0.07,400,421,426,344,373
4.76,-2.01,6.86,0.12,0.10,-0.10,400,421,426,344,372
6.31,-1.69,6.72,0.27,-0.22,-0.60,400,421,426,344,373
5.61,-1.46,6.98,0.15,0.12,-0.09,400,421,426,344,373
6.22,-1.33,7.72,0.11,-0.02,-0.29,399,421,426,345,373
5.67,-1.08,7.03,0.04,0.13,-0.11,400,421,426,344,373
5.80,-1.21,7.52,0.05,0.06,-0.16,399,421,425,343,372
5.50,-1.01,7.71,0.09,0.13,-0.02,399,421,425,343,372
5.49,-0.85,7.44,0.02,0.04,-0.10,398,421,424,343,371
5.15,-0.78,7.05,0.09,0.14,0.08,398,420,424,343,370
END
4.74,-0.67,9.06,0.10,0.17,0.03,404,425,429,345,373
5.07,-6.31,3.27,0.15,0.14,-0.05,404,425,429,345,373
5.84,-6.28,3.62,0.27,0.12,-0.17,404,425,429,345,373
5.71,-6.21,3.83,0.22,0.07,-0.15,404,425,429,345,372
5.97,-5.94,3.93,0.21,0.06,-0.15,404,425,429,345,373
5.34,-5.67,3.98,0.21,0.12,-0.11,404,425,429,345,374
5.01,-5.22,3.41,0.21,0.19,-0.13,404,425,429,345,373
5.02,-5.00,3.86,0.23,0.28,-0.10,403,425,429,345,373
5.21,-4.89,4.47,0.22,0.32,-0.04,403,424,429,345,373
5.19,-4.87,4.98,0.27,0.07,-0.26,402,424,429,344,373
5.21,-4.72,5.58,0.30,0.30,-0.03,401,424,429,342,373
5.41,-4.44,5.96,0.30,-0.00,-0.35,401,423,428,341,372
5.60,-3.98,6.44,0.43,0.27,-0.12,400,423,428,341,371
7.08,-3.87,7.75,0.33,0.06,-0.31,400,422,427,340,371
4.77,-3.22,5.99,0.37,0.22,-0.13,400,422,427,341,370
6.03,-3.17,7.52,0.33,0.01,-0.30,399,422,427,340,370
4.37,-2.92,6.46,0.21,0.23,0.03,399,422,427,340,370
4.72,-2.43,5.92,0.24,-0.03,-0.29,399,422,427,340,370
4.50,-2.51,6.30,0.16,0.03,-0.26,399,421,426,340,371
6.73,-2.26,9.23,0.45,0.22,-0.33,399,421,427,338,371
6.25,-2.45,8.65,0.16,0.12,-0.20,399,421,426,338,370
5.24,-1.64,7.70,0.21,0.11,-0.20,398,421,426,338,370
4.89,-1.58,7.75,-0.02,0.16,-0.05,398,420,424,338,368
5.57,-1.03,7.57,0.08,0.08,-0.19,396,419,422,339,367
5.51,-1.21,8.41,0.14,0.18,0.06,395,418,420,339,365
4.29,-1.34,7.07,0.11,0.03,0.09,395,418,419,340,364
4.47,-1.54,8.23,0.06,0.08,0.07,394,417,419,341,363
4.21,-1.39,7.70,0.03,0.06,-0.03,394,416,418,340,362
5.48,-1.22,8.00,-0.01,-0.03,-0.11,392,415,417,340,362
4.39,-1.23,8.19,0.09,-0.01,-0.01,392,415,418,340,362
4.58,-1.18,8.16,0.01,0.01,-0.05,392,415,417,340,362
4.09,-1.46,8.20,0.03,0.03,-0.07,392,415,417,340,361
4.80,-1.27,8.05,0.03,0.04,-0.10,392,415,417,340,361
4.50,-1.23,7.83,0.08,0.06,-0.08,391,415,416,339,360
4.41,-0.99,8.00,0.15,0.09,-0.13,391,415,416,339,360
4.85,-0.91,8.41,0.19,0.20,-0.07,391,415,416,340,360
END