3.66,-8.43,-8.43,-0.10,-0.10,-0.10,468,422,423,335,342
3.96,-8.87,-8.87,0.05,0.05,0.05,468,422,422,335,341
2.83,-9.01,-9.01,0.00,0.00,0.00,467,421,422,335,341
3.13,-9.12,-9.12,-0.21,-0.21,-0.21,467,421,422,334,341
4.54,-8.08,-8.08,-0.21,-0.21,-0.21,465,421,422,334,342
4.12,-8.62,-8.62,-0.25,-0.25,-0.25,465,420,422,334,343
3.24,-8.77,-8.77,-0.04,-0.04,-0.04,463,419,422,334,343
3.13,-8.69,-8.69,-0.20,-0.20,-0.20,462,419,422,334,344
3.19,-8.72,-8.72,-0.15,-0.15,-0.15,461,418,422,334,344
3.48,-8.74,-8.74,-0.26,-0.26,-0.26,461,418,422,334,344
5.33,-8.00,-8.00,-0.08,-0.08,-0.08,460,418,422,334,344
END
4.60,-8.32,-8.32,0.01,0.01,0.01,473,422,423,335,346
2.76,-8.84,-8.84,0.03,0.03,0.03,473,422,422,335,346
-0.31,-9.07,-9.07,0.06,0.06,0.06,471,422,423,335,344
1.76,-8.75,-8.75,-0.16,-0.16,-0.16,469,421,422,334,343
4.56,-8.64,-8.64,-0.19,-0.19,-0.19,465,419,421,334,342
3.16,-8.70,-8.70,-0.29,-0.29,-0.29,464,417,421,334,342
3.40,-8.57,-8.57,-0.28,-0.28,-0.28,463,416,420,334,342
3.82,-8.47,-8.47,-0.28,-0.28,-0.28,461,415,420,334,341
7.19,-7.24,-7.24,-0.14,-0.14,-0.14,460,415,419,334,341
5.36,-7.97,-7.97,0.03,0.03,0.03,460,415,420,334,341
4.72,-8.13,-8.13,0.06,0.06,0.06,460,415,420,334,341
END
4.90,-8.04,-8.04,0.04,0.04,0.04,469,418,420,335,342
3.47,-8.80,-8.80,-0.07,-0.07,-0.07,468,418,419,335,342
2.67,-9.00,-9.00,-0.11,-0.11,-0.11,468,418,419,334,342
2.82,-8.65,-8.65,-0.18,-0.18,-0.18,468,418,419,334,341
4.30,-8.62,-8.62,-0.19,-0.19,-0.19,468,418,419,334,341
4.03,-8.37,-8.37,-0.16,-0.16,-0.16,468,417,419,334,341
4.13,-8.93,-8.93,-0.21,-0.21,-0.21,468,418,419,334,342
3.77,-8.29,-8.29,-0.33,-0.33,-0.33,466,417,419,333,342
4.97,-8.10,-8.10,-0.36,-0.36,-0.36,463,416,420,334,343
5.21,-7.81,-7.81,-0.35,-0.35,-0.35,461,416,420,334,343
6.39,-7.17,-7.17,-0.12,-0.12,-0.12,459,415,420,334,343
END
5.59,-7.73,-7.73,0.02,0.02,0.02,486,437,434,334,365
4.03,-8.83,-8.83,0.06,0.06,0.06,484,435,432,334,362
1.92,-9.22,-9.22,-0.20,-0.20,-0.20,483,434,432,334,360
4.29,-8.01,-8.01,-0.27,-0.27,-0.27,481,434,431,334,358
4.52,-8.52,-8.52,-0.17,-0.17,-0.17,479,433,430,334,354
4.02,-8.38,-8.38,-0.35,-0.35,-0.35,477,432,430,334,353
3.63,-8.49,-8.49,-0.18,-0.18,-0.18,476,431,429,334,353
4.09,-8.20,-8.20,-0.29,-0.29,-0.29,475,431,429,334,352
5.15,-8.08,-8.08,-0.26,-0.26,-0.26,474,430,429,334,352
5.36,-7.48,-7.48,-0.24,-0.24,-0.24,473,429,429,334,352
5.82,-7.46,-7.46,-0.34,-0.34,-0.34,472,429,428,334,351
END
7.03,-6.55,-6.55,-0.01,-0.01,-0.01,477,428,426,335,347
3.67,-8.72,-8.72,-0.01,-0.01,-0.01,476,428,426,334,347
2.96,-8.66,-8.66,-0.28,-0.28,-0.28,476,428,426,334,347
4.35,-8.12,-8.12,-0.24,-0.24,-0.24,474,428,426,334,347
5.71,-8.04,-8.04,-0.20,-0.20,-0.20,472,428,426,334,353
4.36,-8.07,-8.07,-0.20,-0.20,-0.20,473,427,426,334,351
4.33,-8.28,-8.28,-0.24,-0.24,-0.24,471,427,426,334,350
4.67,-7.95,-7.95,-0.27,-0.27,-0.27,470,426,425,334,349
5.42,-8.23,-8.23,-0.24,-0.24,-0.24,469,426,425,333,349
5.27,-7.77,-7.77,-0.41,-0.41,-0.41,466,425,425,334,348
5.69,-7.28,-7.28,-0.04,-0.04,-0.04,464,424,424,334,347
END
5.48,-7.75,-7.75,0.04,0.04,0.04,472,423,423,334,346
3.45,-9.22,-9.22,0.08,0.08,0.08,472,423,422,334,346
2.37,-9.17,-9.17,-0.11,-0.11,-0.11,472,423,422,334,346
3.28,-8.49,-8.49,-0.21,-0.21,-0.21,471,423,422,334,346
4.94,-8.50,-8.50,-0.26,-0.26,-0.26,470,423,422,334,346
4.97,-8.12,-8.12,-0.22,-0.22,-0.22,469,423,422,334,345
4.41,-8.18,-8.18,-0.14,-0.14,-0.14,469,423,421,334,346
4.74,-8.25,-8.25,-0.36,-0.36,-0.36,468,422,422,334,346
5.69,-7.57,-7.57,-0.47,-0.47,-0.47,466,422,422,333,346
6.51,-6.68,-6.68,-0.10,-0.10,-0.10,465,422,422,334,346
6.18,-7.16,-7.16,0.06,0.06,0.06,465,422,422,334,346
END
5.94,-7.48,-7.48,0.03,0.03,0.03,470,422,423,333,343
3.14,-8.93,-8.93,-0.04,-0.04,-0.04,471,422,423,333,343
3.02,-8.85,-8.85,-0.10,-0.10,-0.10,470,422,423,333,343
3.98,-8.44,-8.44,-0.22,-0.22,-0.22,470,423,423,333,343
4.73,-8.27,-8.27,-0.13,-0.13,-0.13,469,422,422,333,344
5.14,-7.98,-7.98,-0.08,-0.08,-0.08,469,422,422,333,343
4.90,-8.10,-8.10,-0.06,-0.06,-0.06,469,423,422,333,343
3.77,-8.59,-8.59,-0.17,-0.17,-0.17,468,422,422,333,342
5.29,-7.78,-7.78,-0.23,-0.23,-0.23,468,422,422,333,342
4.92,-7.53,-7.53,-0.13,-0.13,-0.13,468,422,422,333,342
5.51,-7.93,-7.93,-0.08,-0.08,-0.08,468,422,422,334,342
END
5.35,-7.74,-7.74,-0.22,-0.22,-0.22,468,421,421,334,346
3.14,-8.74,-8.74,0.04,0.04,0.04,468,421,421,334,346
3.23,-8.88,-8.88,0.00,0.00,0.00,468,421,421,334,346
4.07,-8.46,-8.46,-0.10,-0.10,-0.10,467,421,421,334,345
4.16,-8.08,-8.08,-0.25,-0.25,-0.25,467,421,421,334,344
5.47,-8.18,-8.18,-0.16,-0.16,-0.16,466,421,421,333,344
4.34,-8.21,-8.21,-0.25,-0.25,-0.25,465,421,421,333,344
5.36,-7.92,-7.92,-0.33,-0.33,-0.33,465,421,421,333,344
5.21,-7.95,-7.95,-0.24,-0.24,-0.24,465,420,421,333,343
5.89,-7.73,-7.73,-0.22,-0.22,-0.22,464,420,421,333,344
5.91,-7.62,-7.62,-0.24,-0.24,-0.24,464,420,422,333,343
END
6.63,-6.86,-6.86,-0.22,-0.22,-0.22,464,419,420,333,342
3.92,-8.71,-8.71,0.05,0.05,0.05,464,419,421,333,342
2.51,-8.71,-8.71,-0.04,-0.04,-0.04,465,419,420,332,342
3.40,-8.19,-8.19,-0.11,-0.11,-0.11,465,419,420,333,342
5.13,-8.23,-8.23,-0.18,-0.18,-0.18,466,419,420,332,342
4.36,-7.91,-7.91,-0.16,-0.16,-0.16,467,419,420,333,342
3.91,-8.11,-8.11,-0.22,-0.22,-0.22,466,419,420,332,342
5.25,-7.79,-7.79,-0.32,-0.32,-0.32,466,419,420,332,341
5.68,-7.60,-7.60,-0.28,-0.28,-0.28,466,419,420,333,341
4.95,-7.57,-7.57,-0.24,-0.24,-0.24,465,418,420,332,341
7.98,-6.79,-6.79,-0.37,-0.37,-0.37,464,418,421,332,352
END
5.86,-6.97,-6.97,-0.03,-0.03,-0.03,467,418,420,334,353
4.48,-8.15,-8.15,0.06,0.06,0.06,467,419,420,334,353
2.63,-8.52,-8.52,-0.05,-0.05,-0.05,467,418,420,333,353
3.78,-8.00,-8.00,-0.22,-0.22,-0.22,465,418,420,333,351
4.51,-8.00,-8.00,-0.33,-0.33,-0.33,465,418,420,333,351
4.85,-7.56,-7.56,-0.28,-0.28,-0.28,464,418,420,333,351
4.84,-8.12,-8.12,-0.17,-0.17,-0.17,464,418,420,333,350
4.58,-8.19,-8.19,-0.18,-0.18,-0.18,464,418,420,332,351
5.02,-8.03,-8.03,-0.33,-0.33,-0.33,463,418,420,333,350
5.24,-7.59,-7.59,-0.47,-0.47,-0.47,462,417,420,333,350
6.37,-6.76,-6.76,-0.02,-0.02,-0.02,462,417,420,333,351
END
6.01,-7.74,-7.74,0.03,0.03,0.03,466,417,419,334,347
4.39,-8.36,-8.36,-0.00,-0.00,-0.00,466,417,419,333,347
4.09,-8.05,-8.05,0.09,0.09,0.09,467,418,419,333,347
4.94,-7.98,-7.98,-0.25,-0.25,-0.25,465,418,419,333,347
4.74,-7.54,-7.54,-0.30,-0.30,-0.30,464,418,419,333,346
5.75,-7.55,-7.55,-0.19,-0.19,-0.19,463,417,419,332,345
4.21,-8.05,-8.05,-0.12,-0.12,-0.12,463,417,419,334,345
5.21,-7.65,-7.65,-0.22,-0.22,-0.22,463,417,419,333,345
5.66,-7.39,-7.39,-0.25,-0.25,-0.25,463,417,419,333,345
5.78,-7.56,-7.56,-0.27,-0.27,-0.27,461,417,419,332,345
6.20,-6.95,-6.95,-0.32,-0.32,-0.32,461,417,419,332,346
END
6.70,-6.53,-6.53,-0.07,-0.07,-0.07,464,416,418,333,346
2.24,-8.94,-8.94,-0.04,-0.04,-0.04,464,416,418,333,346
5.00,-8.18,-8.18,-0.17,-0.17,-0.17,467,419,418,333,347
3.67,-8.14,-8.14,-0.15,-0.15,-0.15,465,418,417,333,346
3.70,-8.12,-8.12,-0.08,-0.08,-0.08,464,418,418,332,347
3.24,-8.13,-8.13,-0.05,-0.05,-0.05,463,418,417,332,347
3.76,-8.39,-8.39,-0.16,-0.16,-0.16,462,417,418,332,347
4.29,-7.72,-7.72,-0.17,-0.17,-0.17,462,417,417,332,347
4.26,-8.05,-8.05,-0.25,-0.25,-0.25,460,416,418,332,347
4.39,-7.85,-7.85,-0.22,-0.22,-0.22,459,415,418,332,348
4.29,-7.84,-7.84,-0.05,-0.05,-0.05,457,415,419,332,348
END
5.40,-7.69,-7.69,-0.01,-0.01,-0.01,468,416,417,333,346
4.78,-8.28,-8.28,-0.05,-0.05,-0.05,470,417,417,333,346
3.25,-8.47,-8.47,-0.04,-0.04,-0.04,471,417,417,333,346
4.39,-8.12,-8.12,-0.13,-0.13,-0.13,473,419,417,332,346
4.67,-8.20,-8.20,-0.28,-0.28,-0.28,471,419,417,332,347
5.08,-7.59,-7.59,-0.13,-0.13,-0.13,469,418,417,332,347
4.52,-7.94,-7.94,-0.20,-0.20,-0.20,469,419,418,332,347
6.01,-7.29,-7.29,-0.26,-0.26,-0.26,469,419,418,332,347
5.61,-7.10,-7.10,-0.32,-0.32,-0.32,467,419,418,332,347
6.30,-7.51,-7.51,-0.23,-0.23,-0.23,467,418,418,332,348
5.85,-7.03,-7.03,-0.18,-0.18,-0.18,466,418,418,332,348
END
6.98,-6.20,-6.20,-0.09,-0.09,-0.09,466,418,418,332,347
4.61,-8.23,-8.23,0.03,0.03,0.03,465,418,418,332,347
2.98,-8.35,-8.35,-0.00,-0.00,-0.00,466,418,418,332,347
3.40,-8.06,-8.06,-0.06,-0.06,-0.06,464,418,418,332,347
4.38,-7.92,-7.92,-0.31,-0.31,-0.31,464,418,417,332,347
4.85,-7.75,-7.75,-0.25,-0.25,-0.25,463,417,418,332,347
4.70,-7.35,-7.35,-0.23,-0.23,-0.23,463,417,418,332,349
4.65,-7.80,-7.80,-0.29,-0.29,-0.29,462,417,418,335,350
5.84,-7.59,-7.59,-0.21,-0.21,-0.21,462,417,418,332,350
4.89,-7.44,-7.44,-0.18,-0.18,-0.18,461,417,419,332,350
5.97,-7.66,-7.66,-0.28,-0.28,-0.28,460,416,418,332,351
END
6.32,-7.14,-7.14,-0.17,-0.17,-0.17,464,417,418,333,344
3.96,-8.52,-8.52,0.06,0.06,0.06,464,417,418,333,344
2.53,-8.28,-8.28,-0.04,-0.04,-0.04,464,417,418,333,344
4.62,-8.18,-8.18,-0.09,-0.09,-0.09,463,417,418,333,345
4.74,-7.95,-7.95,-0.17,-0.17,-0.17,462,416,417,333,346
4.28,-8.00,-8.00,-0.00,-0.00,-0.00,462,417,418,333,345
3.73,-8.32,-8.32,-0.12,-0.12,-0.12,462,417,417,333,346
3.65,-8.26,-8.26,-0.16,-0.16,-0.16,461,417,418,332,345
3.54,-8.22,-8.22,-0.19,-0.19,-0.19,461,416,417,332,346
4.02,-8.28,-8.28,-0.16,-0.16,-0.16,461,416,418,333,346
4.19,-8.01,-8.01,-0.13,-0.13,-0.13,460,416,418,332,346
END
5.56,-7.65,-7.65,-0.23,-0.23,-0.23,464,416,417,332,345
4.00,-8.24,-8.24,-0.08,-0.08,-0.08,464,416,417,333,345
2.51,-8.56,-8.56,0.03,0.03,0.03,463,416,417,333,345
3.47,-8.66,-8.66,-0.09,-0.09,-0.09,462,415,417,333,345
4.15,-8.30,-8.30,-0.15,-0.15,-0.15,461,415,417,332,344
4.87,-8.25,-8.25,-0.14,-0.14,-0.14,461,415,417,332,344
4.08,-8.10,-8.10,-0.16,-0.16,-0.16,460,415,417,332,345
4.01,-7.98,-7.98,-0.16,-0.16,-0.16,460,415,417,332,345
4.36,-7.90,-7.90,-0.18,-0.18,-0.18,459,415,416,332,345
4.58,-8.12,-8.12,-0.25,-0.25,-0.25,459,414,417,332,344
5.66,-7.33,-7.33,-0.18,-0.18,-0.18,459,414,417,332,345
END
5.93,-6.96,-6.96,-0.16,-0.16,-0.16,460,414,416,332,344
4.78,-8.29,-8.29,0.06,0.06,0.06,460,414,416,333,344
4.03,-8.13,-8.13,-0.03,-0.03,-0.03,460,414,416,333,344
4.20,-8.02,-8.02,-0.06,-0.06,-0.06,459,414,416,332,344
5.30,-7.82,-7.82,-0.33,-0.33,-0.33,458,414,416,332,345
4.92,-7.54,-7.54,-0.22,-0.22,-0.22,457,414,416,332,345
5.32,-7.98,-7.98,-0.28,-0.28,-0.28,457,413,416,332,346
5.02,-7.39,-7.39,-0.24,-0.24,-0.24,456,413,416,332,346
5.16,-7.75,-7.75,-0.27,-0.27,-0.27,456,413,416,332,347
5.57,-7.10,-7.10,-0.24,-0.24,-0.24,455,413,416,332,347
5.55,-7.44,-7.44,-0.20,-0.20,-0.20,454,412,416,332,347
END
6.68,-7.07,-7.07,-0.16,-0.16,-0.16,457,412,415,332,341
4.47,-8.09,-8.09,-0.10,-0.10,-0.10,456,412,415,333,342
4.51,-8.28,-8.28,-0.17,-0.17,-0.17,456,412,415,332,342
4.68,-8.10,-8.10,-0.19,-0.19,-0.19,455,412,415,332,342
4.73,-8.11,-8.11,-0.14,-0.14,-0.14,455,412,415,332,343
4.82,-8.28,-8.28,-0.20,-0.20,-0.20,455,412,415,332,343
4.87,-7.98,-7.98,-0.17,-0.17,-0.17,454,411,415,332,343
5.22,-7.88,-7.88,-0.24,-0.24,-0.24,453,411,415,332,343
5.36,-7.77,-7.77,-0.14,-0.14,-0.14,453,412,414,332,344
5.84,-7.50,-7.50,-0.17,-0.17,-0.17,453,411,415,332,344
5.66,-7.32,-7.32,-0.12,-0.12,-0.12,453,411,414,332,344
END
6.17,-7.00,-7.00,-0.15,-0.15,-0.15,465,413,414,333,340
4.08,-8.43,-8.43,-0.14,-0.14,-0.14,464,413,414,333,341
4.25,-8.46,-8.46,-0.13,-0.13,-0.13,464,412,414,333,342
5.13,-8.11,-8.11,-0.26,-0.26,-0.26,461,412,414,332,342
4.96,-8.02,-8.02,-0.19,-0.19,-0.19,460,412,414,332,342
4.57,-8.14,-8.14,-0.19,-0.19,-0.19,459,412,414,332,342
5.33,-7.60,-7.60,-0.20,-0.20,-0.20,458,412,414,332,343
5.49,-8.02,-8.02,-0.26,-0.26,-0.26,458,411,413,332,343
5.71,-7.61,-7.61,-0.26,-0.26,-0.26,458,411,414,332,344
5.82,-7.63,-7.63,-0.17,-0.17,-0.17,457,411,414,332,344
6.21,-7.67,-7.67,-0.24,-0.24,-0.24,456,411,414,332,344
END
4.29,-8.37,-8.37,0.01,0.01,0.01,481,437,444,335,355
4.30,-8.33,-8.33,0.04,0.04,0.04,481,437,444,335,355
3.67,-8.29,-8.29,0.03,0.03,0.03,481,437,443,334,356
4.30,-8.66,-8.66,-0.14,-0.14,-0.14,480,436,442,334,357
4.01,-7.81,-7.81,-0.24,-0.24,-0.24,479,435,443,334,357
4.11,-7.60,-7.60,-0.16,-0.16,-0.16,477,435,443,334,358
3.97,-7.82,-7.82,-0.23,-0.23,-0.23,477,434,442,334,358
5.64,-7.52,-7.52,-0.35,-0.35,-0.35,476,434,442,334,359
4.87,-7.62,-7.62,-0.30,-0.30,-0.30,475,432,442,333,359
4.47,-7.98,-7.98,-0.11,-0.11,-0.11,475,432,441,333,359
7.07,-7.11,-7.11,-0.21,-0.21,-0.21,474,431,441,333,359
END
4.49,-7.81,-7.81,0.05,0.05,0.05,481,429,438,333,358
2.86,-8.65,-8.65,-0.01,-0.01,-0.01,481,430,438,333,359
3.32,-8.76,-8.76,-0.09,-0.09,-0.09,481,430,438,332,359
3.64,-8.42,-8.42,-0.25,-0.25,-0.25,480,428,436,332,360
3.99,-7.77,-7.77,-0.18,-0.18,-0.18,479,428,436,332,361
4.47,-8.36,-8.36,-0.30,-0.30,-0.30,478,427,436,332,361
4.80,-7.85,-7.85,-0.26,-0.26,-0.26,477,427,435,332,361
5.81,-7.50,-7.50,-0.36,-0.36,-0.36,476,427,435,332,361
4.95,-7.53,-7.53,-0.25,-0.25,-0.25,475,427,434,332,360
7.08,-6.84,-6.84,-0.26,-0.26,-0.26,475,426,434,332,360
5.93,-6.86,-6.86,-0.03,-0.03,-0.03,475,426,434,333,360
END
5.89,-7.40,-7.40,0.06,0.06,0.06,474,425,433,332,354
3.53,-8.67,-8.67,0.04,0.04,0.04,474,425,433,332,354
1.55,-8.54,-8.54,-0.11,-0.11,-0.11,475,426,433,332,355
3.86,-8.36,-8.36,-0.29,-0.29,-0.29,475,426,432,332,355
4.34,-8.15,-8.15,-0.29,-0.29,-0.29,474,425,432,332,355
4.79,-7.51,-7.51,-0.14,-0.14,-0.14,474,426,432,332,355
5.51,-7.75,-7.75,-0.26,-0.26,-0.26,473,424,432,332,356
5.76,-7.42,-7.42,-0.24,-0.24,-0.24,473,425,432,332,357
6.07,-6.81,-6.81,-0.31,-0.31,-0.31,473,425,431,332,356
5.66,-6.96,-6.96,-0.22,-0.22,-0.22,472,424,431,332,356
7.59,-6.14,-6.14,-0.28,-0.28,-0.28,471,424,431,332,356
END
6.91,-6.22,-6.22,-0.01,-0.01,-0.01,470,422,430,332,349
3.57,-8.13,-8.13,0.02,0.02,0.02,476,423,430,332,366
3.37,-8.35,-8.35,-0.03,-0.03,-0.03,475,423,430,332,365
4.62,-7.66,-7.66,-0.24,-0.24,-0.24,474,423,429,332,365
5.46,-7.68,-7.68,-0.32,-0.32,-0.32,472,423,430,332,364
6.07,-6.81,-6.81,-0.32,-0.32,-0.32,471,422,429,332,364
6.09,-7.46,-7.46,-0.27,-0.27,-0.27,470,421,430,332,364
6.04,-6.79,-6.79,-0.28,-0.28,-0.28,470,421,429,332,365
6.61,-6.92,-6.92,-0.25,-0.25,-0.25,469,422,429,332,364
6.29,-6.50,-6.50,-0.21,-0.21,-0.21,469,421,429,331,364
6.62,-6.69,-6.69,-0.18,-0.18,-0.18,469,421,429,331,364
END
7.46,-6.13,-6.13,-0.04,-0.04,-0.04,473,422,428,333,357
3.27,-8.52,-8.52,-0.12,-0.12,-0.12,476,425,429,331,362
3.26,-8.15,-8.15,-0.11,-0.11,-0.11,476,425,429,331,362
4.82,-7.83,-7.83,-0.27,-0.27,-0.27,474,425,428,331,363
5.33,-7.48,-7.48,-0.32,-0.32,-0.32,473,424,428,331,363
4.95,-7.65,-7.65,-0.09,-0.09,-0.09,472,424,428,331,362
5.31,-7.49,-7.49,-0.31,-0.31,-0.31,470,423,428,331,362
5.70,-7.10,-7.10,-0.26,-0.26,-0.26,469,422,427,331,362
6.19,-7.16,-7.16,-0.25,-0.25,-0.25,468,422,427,331,362
6.38,-6.93,-6.93,-0.26,-0.26,-0.26,467,421,427,331,362
5.67,-7.12,-7.12,-0.18,-0.18,-0.18,466,420,427,331,363
END
7.09,-6.24,-6.24,-0.03,-0.03,-0.03,469,421,427,332,357
4.97,-8.10,-8.10,0.05,0.05,0.05,469,421,427,331,357
4.09,-7.85,-7.85,-0.17,-0.17,-0.17,469,418,426,332,357
5.13,-7.73,-7.73,-0.27,-0.27,-0.27,469,420,426,331,358
5.51,-6.96,-6.96,-0.28,-0.28,-0.28,467,420,426,331,358
6.25,-7.01,-7.01,-0.22,-0.22,-0.22,466,420,426,331,358
6.69,-6.75,-6.75,-0.22,-0.22,-0.22,465,420,426,331,359
6.42,-6.46,-6.46,-0.23,-0.23,-0.23,465,419,426,331,358
6.40,-6.96,-6.96,-0.21,-0.21,-0.21,465,419,425,331,358
7.01,-6.50,-6.50,-0.43,-0.43,-0.43,464,419,426,331,359
6.54,-5.89,-5.89,-0.31,-0.31,-0.31,463,419,426,331,359
END
7.76,-5.25,-5.25,0.04,0.04,0.04,465,419,423,332,354
2.79,-8.78,-8.78,-0.00,-0.00,-0.00,465,419,423,332,354
3.49,-8.43,-8.43,-0.15,-0.15,-0.15,465,419,423,332,354
3.50,-8.13,-8.13,-0.37,-0.37,-0.37,464,419,423,332,354
6.31,-7.59,-7.59,-0.28,-0.28,-0.28,463,419,423,332,355
4.92,-7.98,-7.98,-0.15,-0.15,-0.15,463,418,423,332,355
5.43,-7.74,-7.74,-0.19,-0.19,-0.19,463,418,423,332,355
5.41,-7.82,-7.82,-0.30,-0.30,-0.30,462,418,423,332,355
5.94,-7.19,-7.19,-0.26,-0.26,-0.26,462,418,423,332,355
5.49,-7.19,-7.19,-0.15,-0.15,-0.15,462,417,423,332,355
5.23,-7.24,-7.24,-0.23,-0.23,-0.23,462,417,423,331,356
END
6.81,-6.71,-6.71,-0.07,-0.07,-0.07,464,417,422,332,352
3.95,-8.31,-8.31,-0.02,-0.02,-0.02,465,417,422,332,353
3.85,-9.02,-9.02,-0.25,-0.25,-0.25,466,416,422,332,354
5.86,-7.26,-7.26,-0.28,-0.28,-0.28,467,417,422,332,356
3.90,-8.08,-8.08,-0.16,-0.16,-0.16,467,417,422,332,355
6.07,-7.57,-7.57,-0.16,-0.16,-0.16,466,417,421,332,355
5.39,-7.33,-7.33,-0.12,-0.12,-0.12,466,417,422,332,355
6.33,-7.40,-7.40,-0.18,-0.18,-0.18,465,417,421,332,355
6.30,-6.70,-6.70,-0.20,-0.20,-0.20,464,417,421,332,355
6.30,-7.03,-7.03,-0.14,-0.14,-0.14,464,417,421,332,355
6.38,-6.47,-6.47,-0.19,-0.19,-0.19,463,417,421,332,355
END
6.48,-6.71,-6.71,-0.18,-0.18,-0.18,462,414,419,332,332
3.12,-9.00,-9.00,-0.05,-0.05,-0.05,463,413,419,332,332
2.94,-8.20,-8.20,-0.09,-0.09,-0.09,463,414,418,332,337
5.24,-7.62,-7.62,-0.50,-0.50,-0.50,462,414,418,332,339
5.18,-6.76,-6.76,-0.40,-0.40,-0.40,461,414,418,332,339
6.42,-7.26,-7.26,-0.37,-0.37,-0.37,460,413,418,332,339
5.64,-6.87,-6.87,-0.25,-0.25,-0.25,459,413,418,332,339
6.60,-6.75,-6.75,-0.25,-0.25,-0.25,458,413,419,332,338
6.98,-6.53,-6.53,-0.22,-0.22,-0.22,458,413,419,331,338
6.30,-6.66,-6.66,-0.10,-0.10,-0.10,457,413,419,331,340
6.68,-6.14,-6.14,-0.02,-0.02,-0.02,456,412,419,331,340
END
6.57,-6.78,-6.78,0.04,0.04,0.04,464,414,418,332,338
4.86,-7.62,-7.62,-0.06,-0.06,-0.06,464,414,419,332,338
6.01,-7.65,-7.65,-0.18,-0.18,-0.18,463,414,419,332,339
5.64,-7.09,-7.09,-0.19,-0.19,-0.19,463,413,418,331,339
5.41,-7.09,-7.09,-0.24,-0.24,-0.24,461,413,419,332,339
5.05,-7.42,-7.42,-0.19,-0.19,-0.19,461,413,418,332,339
6.48,-7.12,-7.12,-0.26,-0.26,-0.26,459,413,418,331,340
5.64,-7.12,-7.12,-0.21,-0.21,-0.21,459,413,418,331,340
6.28,-6.81,-6.81,-0.24,-0.24,-0.24,458,412,418,331,341
6.36,-6.72,-6.72,-0.18,-0.18,-0.18,458,412,418,331,341
5.94,-6.91,-6.91,-0.18,-0.18,-0.18,457,412,418,331,341
END
7.57,-6.13,-6.13,-0.11,-0.11,-0.11,460,412,417,332,337
4.13,-8.44,-8.44,-0.04,-0.04,-0.04,460,411,418,333,337
3.65,-8.41,-8.41,-0.09,-0.09,-0.09,460,412,417,333,337
5.10,-7.67,-7.67,-0.34,-0.34,-0.34,459,412,417,332,337
5.34,-7.73,-7.73,-0.19,-0.19,-0.19,458,412,417,332,337
5.59,-7.38,-7.38,-0.18,-0.18,-0.18,457,412,417,332,337
6.01,-7.24,-7.24,0.01,0.01,0.01,457,412,417,332,337
5.43,-7.67,-7.67,-0.19,-0.19,-0.19,457,411,417,332,337
5.30,-7.62,-7.62,-0.22,-0.22,-0.22,456,411,417,332,337
6.28,-7.08,-7.08,-0.17,-0.17,-0.17,456,411,417,332,337
6.00,-7.13,-7.13,-0.21,-0.21,-0.21,455,411,417,331,337
END
6.25,-6.86,-6.86,-0.21,-0.21,-0.21,455,410,416,332,336
5.03,-7.95,-7.95,0.13,0.13,0.13,455,410,416,332,336
4.74,-8.39,-8.39,-0.09,-0.09,-0.09,455,410,416,332,336
6.74,-7.22,-7.22,-0.30,-0.30,-0.30,456,410,416,332,338
5.80,-7.25,-7.25,-0.24,-0.24,-0.24,458,411,416,332,338
5.41,-7.51,-7.51,-0.16,-0.16,-0.16,457,410,416,332,339
5.68,-7.38,-7.38,-0.13,-0.13,-0.13,456,410,416,332,338
5.27,-7.39,-7.39,-0.23,-0.23,-0.23,455,410,415,332,339
6.21,-7.31,-7.31,-0.24,-0.24,-0.24,455,409,416,332,339
6.08,-7.26,-7.26,-0.31,-0.31,-0.31,454,409,416,332,339
6.24,-7.07,-7.07,-0.28,-0.28,-0.28,453,409,416,332,339
END
6.46,-6.75,-6.75,-0.27,-0.27,-0.27,460,410,416,333,338
4.08,-8.28,-8.28,-0.06,-0.06,-0.06,459,410,416,333,338
3.99,-8.25,-8.25,-0.02,-0.02,-0.02,459,397,416,333,338
4.16,-7.96,-7.96,-0.13,-0.13,-0.13,459,409,416,331,338
4.87,-7.73,-7.73,-0.23,-0.23,-0.23,458,410,416,332,338
5.56,-7.60,-7.60,-0.12,-0.12,-0.12,457,409,416,332,338
5.30,-7.59,-7.59,-0.24,-0.24,-0.24,457,409,416,332,338
6.37,-6.91,-6.91,-0.18,-0.18,-0.18,455,409,416,332,338
6.33,-7.21,-7.21,-0.26,-0.26,-0.26,454,409,416,331,338
6.44,-7.09,-7.09,-0.24,-0.24,-0.24,453,409,415,331,338
6.40,-6.88,-6.88,-0.28,-0.28,-0.28,453,408,415,331,338
END
6.31,-6.68,-6.68,-0.23,-0.23,-0.23,458,410,415,333,339
4.82,-8.64,-8.64,0.13,0.13,0.13,457,410,415,333,339
3.52,-8.15,-8.15,-0.20,-0.20,-0.20,458,410,415,332,339
7.31,-6.79,-6.79,-0.37,-0.37,-0.37,456,410,415,332,340
6.27,-6.77,-6.77,-0.27,-0.27,-0.27,455,409,415,331,341
5.74,-7.38,-7.38,-0.25,-0.25,-0.25,454,409,414,331,342
6.20,-7.16,-7.16,-0.29,-0.29,-0.29,453,409,415,331,341
5.81,-7.07,-7.07,-0.16,-0.16,-0.16,452,408,415,331,341
6.22,-7.30,-7.30,-0.25,-0.25,-0.25,452,408,415,331,341
6.60,-6.89,-6.89,-0.23,-0.23,-0.23,451,408,414,331,341
6.31,-6.90,-6.90,-0.16,-0.16,-0.16,451,408,414,331,341
END
6.45,-7.03,-7.03,-0.11,-0.11,-0.11,456,408,414,332,335
6.82,-8.20,-8.20,-0.09,-0.09,-0.09,455,408,414,332,335
4.44,-7.72,-7.72,-0.06,-0.06,-0.06,455,408,414,332,336
6.18,-7.65,-7.65,-0.09,-0.09,-0.09,455,408,414,332,336
5.76,-6.98,-6.98,-0.19,-0.19,-0.19,454,408,414,332,336
5.40,-7.67,-7.67,-0.26,-0.26,-0.26,453,408,414,333,336
6.12,-6.96,-6.96,-0.32,-0.32,-0.32,451,408,414,331,336
6.20,-7.08,-7.08,-0.29,-0.29,-0.29,451,407,414,331,336
6.14,-7.00,-7.00,-0.23,-0.23,-0.23,451,408,413,332,336
6.28,-7.00,-7.00,-0.20,-0.20,-0.20,451,407,414,331,336
6.41,-7.10,-7.10,-0.14,-0.14,-0.14,450,407,414,331,336
END
6.58,-7.33,-7.33,-0.19,-0.19,-0.19,448,409,414,333,336
3.75,-8.59,-8.59,0.16,0.16,0.16,449,410,413,333,336
3.45,-8.49,-8.49,-0.04,-0.04,-0.04,452,409,413,332,337
5.57,-7.70,-7.70,-0.35,-0.35,-0.35,452,409,413,331,341
5.13,-7.52,-7.52,-0.31,-0.31,-0.31,451,409,413,331,342
5.46,-7.54,-7.54,-0.15,-0.15,-0.15,450,408,413,331,343
5.64,-7.52,-7.52,-0.20,-0.20,-0.20,450,408,413,331,343
5.08,-7.63,-7.63,-0.15,-0.15,-0.15,449,408,413,331,343
6.23,-7.15,-7.15,-0.22,-0.22,-0.22,449,408,413,331,343
6.00,-7.10,-7.10,-0.17,-0.17,-0.17,449,408,413,331,343
6.53,-6.93,-6.93,-0.18,-0.18,-0.18,448,408,413,331,343
END
6.12,-7.37,-7.37,-0.17,-0.17,-0.17,452,408,412,332,335
5.49,-7.95,-7.95,-0.06,-0.06,-0.06,453,409,412,332,335
4.46,-8.15,-8.15,-0.14,-0.14,-0.14,455,409,412,332,336
5.37,-7.71,-7.71,-0.31,-0.31,-0.31,458,408,412,331,337
5.72,-7.58,-7.58,-0.36,-0.36,-0.36,455,407,412,331,337
4.64,-7.54,-7.54,-0.29,-0.29,-0.29,454,407,412,331,338
5.92,-7.55,-7.55,-0.23,-0.23,-0.23,453,407,412,331,337
5.82,-7.58,-7.58,-0.25,-0.25,-0.25,451,406,412,331,338
6.06,-7.26,-7.26,-0.21,-0.21,-0.21,450,406,412,331,338
6.18,-7.09,-7.09,-0.23,-0.23,-0.23,450,406,412,331,339
6.22,-7.06,-7.06,-0.14,-0.14,-0.14,449,406,412,331,339
END
7.03,-6.93,-6.93,-0.07,-0.07,-0.07,453,407,410,333,338
6.32,-7.35,-7.35,-0.17,-0.17,-0.17,453,409,410,332,337
5.83,-7.00,-7.00,-0.13,-0.13,-0.13,452,408,410,332,338
6.40,-7.16,-7.16,-0.23,-0.23,-0.23,448,407,410,331,342
5.60,-6.88,-6.88,-0.30,-0.30,-0.30,447,407,410,331,342
5.77,-7.15,-7.15,-0.29,-0.29,-0.29,446,407,410,331,342
5.94,-7.07,-7.07,-0.23,-0.23,-0.23,446,407,410,331,342
6.14,-7.16,-7.16,-0.25,-0.25,-0.25,446,406,410,331,344
6.20,-7.05,-7.05,-0.23,-0.23,-0.23,446,407,410,331,345
5.64,-7.54,-7.54,-0.17,-0.17,-0.17,446,407,410,331,346
6.27,-6.88,-6.88,-0.23,-0.23,-0.23,446,407,411,331,348
END
5.91,-7.75,-7.75,-0.23,-0.23,-0.23,450,406,410,335,332
5.73,-7.84,-7.84,0.01,0.01,0.01,457,409,410,334,337
5.33,-7.98,-7.98,-0.27,-0.27,-0.27,458,408,407,332,343
6.81,-7.07,-7.07,-0.54,-0.54,-0.54,455,403,408,332,344
5.86,-6.78,-6.78,-0.11,-0.11,-0.11,455,406,408,332,345
5.53,-7.62,-7.62,-0.22,-0.22,-0.22,454,406,407,331,345
5.76,-7.42,-7.42,-0.19,-0.19,-0.19,454,405,407,332,345
5.89,-7.65,-7.65,-0.16,-0.16,-0.16,452,405,408,332,345
6.17,-7.23,-7.23,-0.22,-0.22,-0.22,451,405,408,331,346
6.04,-7.15,-7.15,-0.11,-0.11,-0.11,451,404,408,331,346
6.35,-7.53,-7.53,-0.21,-0.21,-0.21,450,405,408,331,346
END