2.49,-7.00,-7.00,0.03,0.03,0.03,331,316,317,338,336
2.74,-6.93,-6.93,0.02,0.02,0.02,331,316,317,338,336
3.65,-3.61,-3.61,0.54,0.54,0.54,396,379,380,339,345
6.81,-8.51,-8.51,1.27,1.27,1.27,493,440,440,348,367
2.25,-9.02,-9.02,0.83,0.83,0.83,510,444,448,348,394
-0.42,-9.45,-9.45,0.22,0.22,0.22,506,441,454,340,408
0.44,-10.51,-10.51,-0.27,-0.27,-0.27,506,439,456,339,418
2.99,-8.43,-8.43,-0.53,-0.53,-0.53,500,438,456,340,415
6.27,-7.49,-7.49,-0.48,-0.48,-0.48,497,438,455,339,414
4.86,-8.50,-8.50,-0.04,-0.04,-0.04,495,437,455,340,413
4.86,-8.63,-8.63,-0.02,-0.02,-0.02,493,436,454,339,411
END
3.44,-8.47,-8.47,0.03,0.03,0.03,331,313,307,339,340
0.22,-6.46,-6.46,0.04,0.04,0.04,331,314,307,339,340
0.21,-6.47,-6.47,0.04,0.04,0.04,331,314,308,339,341
2.14,-3.91,-3.91,1.10,1.10,1.10,400,381,376,341,350
3.57,-8.82,-8.82,0.88,0.88,0.88,510,445,444,355,379
2.73,-9.32,-9.32,0.77,0.77,0.77,510,428,449,348,394
0.11,-9.71,-9.71,0.34,0.34,0.34,505,443,451,346,394
0.75,-9.88,-9.88,-0.03,-0.03,-0.03,501,439,452,345,392
0.84,-9.26,-9.26,-0.56,-0.56,-0.56,498,436,452,344,391
5.58,-7.81,-7.81,-0.49,-0.49,-0.49,495,440,451,343,390
5.52,-8.26,-8.26,-0.18,-0.18,-0.18,492,440,450,342,391
END
5.46,-7.94,-7.94,0.09,0.09,0.09,332,307,303,339,332
-1.87,-5.56,-5.56,0.02,0.02,0.02,332,307,303,339,332
-1.91,-4.92,-4.92,0.18,0.18,0.18,355,338,331,341,334
2.06,-3.38,-3.38,0.16,0.16,0.16,504,434,432,352,377
5.57,-7.22,-7.22,1.50,1.50,1.50,502,356,445,350,400
2.53,-9.47,-9.47,0.77,0.77,0.77,497,402,446,343,393
-1.08,-10.13,-10.13,0.21,0.21,0.21,497,445,449,342,395
1.17,-9.87,-9.87,-0.08,-0.08,-0.08,497,445,451,342,399
2.44,-8.64,-8.64,-0.29,-0.29,-0.29,498,445,457,341,398
7.49,-8.74,-8.74,-0.45,-0.45,-0.45,502,448,459,340,401
4.72,-8.54,-8.54,-0.00,-0.00,-0.00,499,440,456,341,402
END
2.76,-8.72,-8.72,0.10,0.10,0.10,328,308,304,337,327
-1.20,-6.68,-6.68,-0.01,-0.01,-0.01,328,308,304,338,327
0.21,-5.43,-5.43,0.39,0.39,0.39,334,314,311,339,329
1.21,-7.04,-7.04,0.84,0.84,0.84,366,349,348,345,341
2.64,-9.25,-9.25,0.71,0.71,0.71,477,427,404,349,351
-0.61,-9.66,-9.66,0.60,0.60,0.60,512,448,448,349,385
-0.04,-9.56,-9.56,0.07,0.07,0.07,505,450,454,342,395
-0.12,-8.74,-8.74,-0.12,-0.12,-0.12,501,454,467,339,378
2.33,-9.28,-9.28,-0.47,-0.47,-0.47,499,453,467,338,374
7.09,-7.60,-7.60,-0.26,-0.26,-0.26,496,452,467,338,374
4.60,-8.56,-8.56,-0.02,-0.02,-0.02,495,452,466,338,373
END
2.89,-9.15,-9.15,0.16,0.16,0.16,333,313,308,336,335
-1.52,-6.86,-6.86,0.06,0.06,0.06,332,312,306,336,336
-1.51,-4.65,-4.65,0.35,0.35,0.35,415,399,389,341,351
2.20,-4.50,-4.50,0.62,0.62,0.62,510,462,444,359,365
3.61,-8.99,-8.99,1.06,1.06,1.06,513,444,457,356,391
-0.41,-11.03,-11.03,0.57,0.57,0.57,513,462,458,343,399
-0.13,-9.33,-9.33,-0.08,-0.08,-0.08,509,462,456,341,396
1.05,-8.79,-8.79,-0.23,-0.23,-0.23,507,461,456,338,399
2.79,-8.93,-8.93,-0.27,-0.27,-0.27,505,438,457,338,416
4.22,-8.79,-8.79,-0.28,-0.28,-0.28,503,442,457,337,414
5.86,-7.63,-7.63,-0.19,-0.19,-0.19,501,435,456,338,414
END
3.80,-8.71,-8.71,0.00,0.00,0.00,328,305,302,341,330
-1.11,-6.25,-6.25,-0.05,-0.05,-0.05,329,305,303,341,330
-1.27,-5.14,-5.14,0.05,0.05,0.05,332,306,304,340,330
1.63,-3.84,-3.84,0.58,0.58,0.58,435,395,396,342,348
0.21,-8.22,-8.22,0.69,0.69,0.69,487,430,429,344,366
3.05,-11.33,-11.33,0.59,0.59,0.59,494,436,439,341,383
-0.58,-9.70,-9.70,0.11,0.11,0.11,490,434,437,340,384
1.67,-9.77,-9.77,-0.15,-0.15,-0.15,488,434,439,339,384
2.93,-8.55,-8.55,-0.36,-0.36,-0.36,486,433,440,338,390
4.96,-8.58,-8.58,-0.27,-0.27,-0.27,485,431,437,336,393
5.96,-7.85,-7.85,-0.11,-0.11,-0.11,483,430,436,336,393
END
3.48,-8.47,-8.47,0.02,0.02,0.02,337,308,305,339,332
-1.28,-5.31,-5.31,0.00,0.00,0.00,338,309,306,339,332
-0.22,-1.62,-1.62,0.75,0.75,0.75,363,332,333,345,341
3.52,-6.31,-6.31,0.98,0.98,0.98,360,326,342,345,357
2.45,-11.40,-11.40,0.70,0.70,0.70,501,447,437,348,352
-0.47,-9.36,-9.36,0.48,0.48,0.48,507,448,446,347,370
0.27,-9.40,-9.40,0.15,0.15,0.15,502,447,448,344,384
1.52,-9.97,-9.97,-0.37,-0.37,-0.37,496,442,453,344,399
3.65,-7.69,-7.69,-0.83,-0.83,-0.83,489,439,456,342,411
5.30,-7.94,-7.94,-0.46,-0.46,-0.46,488,439,455,342,410
7.77,-6.78,-6.78,-0.08,-0.08,-0.08,488,444,454,342,405
END
5.96,-7.72,-7.72,0.04,0.04,0.04,330,309,303,342,335
3.70,-5.82,-5.82,1.12,1.12,1.12,405,394,385,354,344
8.20,-8.04,-8.04,0.92,0.92,0.92,490,441,435,352,370
3.07,-9.18,-9.18,1.14,1.14,1.14,487,439,441,347,378
-1.02,-9.19,-9.19,0.05,0.05,0.05,467,423,437,342,374
0.86,-9.91,-9.91,0.01,0.01,0.01,465,424,439,341,380
2.28,-9.81,-9.81,-0.47,-0.47,-0.47,466,427,446,341,394
1.84,-8.29,-8.29,-0.69,-0.69,-0.69,465,430,450,341,400
5.99,-7.02,-7.02,-0.32,-0.32,-0.32,464,428,446,344,402
5.74,-7.21,-7.21,0.10,0.10,0.10,463,427,445,343,402
4.20,-8.76,-8.76,0.14,0.14,0.14,463,427,446,344,402
END
3.65,-8.66,-8.66,-0.01,-0.01,-0.01,329,306,301,338,336
-1.08,-5.10,-5.10,0.06,0.06,0.06,329,306,302,338,338
-1.28,-4.12,-4.12,0.33,0.33,0.33,330,308,304,338,340
0.98,-3.93,-3.93,0.81,0.81,0.81,384,378,368,339,348
7.65,-7.70,-7.70,0.77,0.77,0.77,487,439,432,343,358
4.30,-8.54,-8.54,1.02,1.02,1.02,486,439,437,344,376
1.77,-10.45,-10.45,0.73,0.73,0.73,490,444,451,339,397
0.95,-9.22,-9.22,-0.11,-0.11,-0.11,488,442,453,339,400
2.18,-9.14,-9.14,-0.57,-0.57,-0.57,474,435,448,336,401
6.57,-7.08,-7.08,-0.64,-0.64,-0.64,473,434,448,334,402
6.57,-6.53,-6.53,-0.39,-0.39,-0.39,470,431,446,334,405
END
6.11,-7.59,-7.59,-0.03,-0.03,-0.03,330,310,305,332,325
0.67,-6.60,-6.60,-0.01,-0.01,-0.01,330,310,305,332,325
2.06,-3.59,-3.59,0.42,0.42,0.42,331,314,310,341,327
3.86,-6.34,-6.34,1.26,1.26,1.26,431,408,396,344,353
4.54,-10.29,-10.29,0.88,0.88,0.88,484,434,430,344,398
2.15,-9.35,-9.35,0.36,0.36,0.36,483,432,432,341,411
1.60,-8.80,-8.80,0.08,0.08,0.08,480,430,433,339,414
2.25,-9.16,-9.16,-0.47,-0.47,-0.47,487,423,436,337,424
7.85,-7.95,-7.95,-0.60,-0.60,-0.60,485,422,434,337,427
5.26,-6.76,-6.76,-0.45,-0.45,-0.45,481,421,434,338,424
6.74,-7.11,-7.11,-0.27,-0.27,-0.27,479,422,436,338,424
END
5.84,-7.47,-7.47,0.03,0.03,0.03,327,307,300,336,336
0.08,-5.57,-5.57,0.16,0.16,0.16,327,307,300,337,337
2.00,-3.04,-3.04,0.84,0.84,0.84,327,310,306,337,340
5.57,-8.21,-8.21,1.02,1.02,1.02,399,394,395,341,355
2.49,-9.31,-9.31,0.57,0.57,0.57,432,435,421,339,356
-1.32,-8.76,-8.76,0.26,0.26,0.26,500,431,419,336,353
1.69,-9.44,-9.44,0.05,0.05,0.05,499,440,442,337,399
2.08,-9.12,-9.12,-0.49,-0.49,-0.49,495,443,458,336,401
5.34,-5.57,-5.57,-0.63,-0.63,-0.63,492,442,459,335,402
5.64,-6.88,-6.88,-0.37,-0.37,-0.37,490,439,454,335,405
6.78,-7.31,-7.31,-0.10,-0.10,-0.10,487,438,453,335,405
END
4.65,-7.93,-7.93,0.06,0.06,0.06,336,315,315,344,345
0.38,-5.63,-5.63,0.02,0.02,0.02,338,318,318,345,350
1.20,-1.02,-1.02,0.73,0.73,0.73,345,323,329,346,355
3.03,-8.87,-8.87,1.23,1.23,1.23,347,326,334,342,355
3.29,-9.75,-9.75,0.26,0.26,0.26,470,446,432,345,351
-1.13,-9.72,-9.72,0.28,0.28,0.28,493,394,443,348,360
-1.03,-8.17,-8.17,0.08,0.08,0.08,490,446,443,346,384
-0.01,-9.47,-9.47,-0.04,-0.04,-0.04,489,446,450,342,398
1.24,-8.99,-8.99,-0.50,-0.50,-0.50,480,441,448,342,394
5.67,-9.09,-9.09,-0.35,-0.35,-0.35,477,439,447,342,396
4.26,-8.48,-8.48,-0.12,-0.12,-0.12,478,439,447,342,397
END
3.52,-9.07,-9.07,0.09,0.09,0.09,333,306,304,336,333
-0.75,-5.43,-5.43,0.04,0.04,0.04,333,306,304,336,333
2.09,-3.37,-3.37,0.94,0.94,0.94,335,312,308,337,339
5.76,-6.75,-6.75,1.56,1.56,1.56,331,308,307,337,343
2.68,-10.48,-10.48,0.67,0.67,0.67,474,443,433,342,346
-0.90,-8.12,-8.12,0.10,0.10,0.10,481,439,432,344,361
0.21,-9.29,-9.29,0.35,0.35,0.35,481,437,436,341,380
1.33,-8.75,-8.75,-0.08,-0.08,-0.08,480,437,443,341,391
0.92,-9.13,-9.13,-0.40,-0.40,-0.40,482,433,453,340,409
3.57,-8.28,-8.28,-0.32,-0.32,-0.32,483,436,457,340,419
5.18,-7.80,-7.80,-0.49,-0.49,-0.49,487,440,461,339,420
END
6.15,-7.29,-7.29,-0.33,-0.33,-0.33,330,306,308,342,331
-0.02,-6.08,-6.08,0.07,0.07,0.07,330,306,308,342,331
-0.09,-3.68,-3.68,0.48,0.48,0.48,342,323,326,342,334
6.00,-5.64,-5.64,0.80,0.80,0.80,462,410,400,346,364
3.60,-9.10,-9.10,0.95,0.95,0.95,485,425,425,347,382
1.53,-10.16,-10.16,0.42,0.42,0.42,487,431,436,341,400
0.04,-9.18,-9.18,0.19,0.19,0.19,485,431,438,341,399
1.41,-9.76,-9.76,-0.15,-0.15,-0.15,483,430,438,340,398
1.84,-8.60,-8.60,-0.34,-0.34,-0.34,481,429,442,340,401
5.41,-7.73,-7.73,-0.53,-0.53,-0.53,481,431,442,340,398
4.40,-7.90,-7.90,-0.58,-0.58,-0.58,478,429,441,340,398
END
7.22,-7.03,-7.03,-0.19,-0.19,-0.19,349,327,325,353,332
0.93,-5.53,-5.53,0.17,0.17,0.17,349,328,325,353,333
3.51,-3.13,-3.13,1.07,1.07,1.07,433,401,379,348,350
5.60,-8.58,-8.58,1.10,1.10,1.10,474,418,402,343,379
2.13,-9.71,-9.71,0.77,0.77,0.77,472,414,407,340,401
0.67,-9.60,-9.60,0.56,0.56,0.56,477,421,413,336,409
1.00,-9.02,-9.02,0.22,0.22,0.22,478,423,421,336,420
3.29,-8.93,-8.93,-0.46,-0.46,-0.46,474,423,431,333,419
3.12,-7.41,-7.41,-0.82,-0.82,-0.82,472,420,432,334,421
9.05,-6.09,-6.09,-0.43,-0.43,-0.43,471,420,430,334,424
8.15,-6.93,-6.93,-0.18,-0.18,-0.18,470,419,429,334,422
END
5.23,-8.03,-8.03,-0.01,-0.01,-0.01,342,321,320,345,336
4.97,-6.25,-6.25,1.06,1.06,1.06,417,377,385,345,346
6.55,-8.69,-8.69,1.16,1.16,1.16,471,422,423,345,378
1.16,-9.35,-9.35,0.46,0.46,0.46,491,441,447,342,398
0.54,-9.35,-9.35,-0.20,-0.20,-0.20,489,442,450,340,395
2.56,-9.22,-9.22,-0.31,-0.31,-0.31,490,444,454,339,399
5.89,-8.23,-8.23,-0.49,-0.49,-0.49,484,440,448,339,400
6.14,-7.81,-7.81,-0.43,-0.43,-0.43,482,438,446,338,402
5.40,-7.93,-7.93,-0.13,-0.13,-0.13,483,442,453,336,397
6.81,-7.27,-7.27,0.03,0.03,0.03,480,438,449,336,399
5.05,-8.01,-8.01,0.01,0.01,0.01,479,438,448,335,397
END
4.69,-8.13,-8.13,0.06,0.06,0.06,330,309,312,344,330
-1.11,-5.71,-5.71,0.17,0.17,0.17,331,310,314,349,333
4.59,-4.89,-4.89,1.07,1.07,1.07,396,372,370,343,357
5.78,-9.32,-9.32,1.14,1.14,1.14,496,434,422,345,367
2.03,-8.61,-8.61,0.63,0.63,0.63,492,437,435,343,397
-0.56,-9.23,-9.23,0.08,0.08,0.08,490,438,443,338,406
1.59,-9.60,-9.60,-0.07,-0.07,-0.07,486,435,448,338,415
2.23,-8.72,-8.72,-0.53,-0.53,-0.53,481,432,452,338,416
2.00,-7.36,-7.36,-0.17,-0.17,-0.17,480,432,451,338,413
4.94,-8.23,-8.23,-0.14,-0.14,-0.14,478,431,449,339,412
7.07,-8.23,-8.23,-0.11,-0.11,-0.11,477,431,448,338,411
END
5.36,-7.63,-7.63,-0.03,-0.03,-0.03,336,308,307,341,329
-0.39,-5.15,-5.15,0.03,0.03,0.03,365,347,332,343,341
2.40,-5.38,-5.38,0.99,0.99,0.99,480,423,410,350,369
2.70,-12.06,-12.06,1.17,1.17,1.17,498,433,440,349,410
0.45,-10.52,-10.52,0.31,0.31,0.31,492,431,438,340,400
-0.70,-9.31,-9.31,0.21,0.21,0.21,490,431,437,339,399
2.68,-8.38,-8.38,-0.20,-0.20,-0.20,490,430,440,338,405
2.91,-7.96,-7.96,-0.71,-0.71,-0.71,490,429,441,337,409
6.69,-7.16,-7.16,-0.25,-0.25,-0.25,488,429,439,337,407
5.04,-8.31,-8.31,-0.06,-0.06,-0.06,486,428,438,337,404
4.24,-8.70,-8.70,0.03,0.03,0.03,484,427,437,336,403
END
4.41,-8.91,-8.91,0.01,0.01,0.01,327,304,302,339,328
0.79,-6.07,-6.07,0.00,0.00,0.00,327,305,303,339,328
0.17,-4.55,-4.55,0.92,0.92,0.92,374,367,346,347,332
4.64,-6.34,-6.34,0.84,0.84,0.84,497,436,423,358,360
4.30,-8.32,-8.32,1.01,1.01,1.01,496,436,432,350,383
0.71,-8.97,-8.97,0.41,0.41,0.41,493,438,438,338,390
0.37,-8.95,-8.95,0.16,0.16,0.16,491,437,438,338,391
1.76,-8.25,-8.25,-0.41,-0.41,-0.41,486,436,435,338,383
4.99,-7.16,-7.16,-0.45,-0.45,-0.45,479,434,436,335,378
7.21,-7.54,-7.54,-0.41,-0.41,-0.41,477,433,436,335,382
5.53,-7.83,-7.83,-0.27,-0.27,-0.27,476,431,436,336,386
END
2.35,-6.52,-6.52,-0.07,-0.07,-0.07,330,311,317,346,342
2.57,-6.74,-6.74,0.06,0.06,0.06,330,311,317,346,341
3.02,-5.43,-5.43,0.14,0.14,0.14,331,313,319,348,344
4.54,-7.04,-7.04,1.01,1.01,1.01,359,342,348,345,351
2.49,-9.15,-9.15,0.94,0.94,0.94,447,411,402,341,352
-2.18,-9.63,-9.63,0.62,0.62,0.62,514,448,451,342,398
-0.15,-9.32,-9.32,0.08,0.08,0.08,508,446,456,337,412
2.08,-9.06,-9.06,-0.57,-0.57,-0.57,501,444,457,336,412
4.14,-7.67,-7.67,-0.60,-0.60,-0.60,487,441,458,335,415
8.15,-6.31,-6.31,-0.32,-0.32,-0.32,484,439,457,335,418
5.68,-7.46,-7.46,-0.11,-0.11,-0.11,482,438,456,336,416
END
5.89,-7.75,-7.75,0.10,0.10,0.10,329,308,304,339,329
-0.29,-5.10,-5.10,0.01,0.01,0.01,329,309,305,339,329
-1.51,-3.85,-3.85,0.12,0.12,0.12,330,312,314,340,331
5.30,-4.38,-4.38,1.25,1.25,1.25,351,327,340,340,345
5.66,-8.40,-8.40,0.63,0.63,0.63,473,423,412,340,356
0.50,-9.08,-9.08,0.90,0.90,0.90,512,440,448,342,405
0.48,-9.88,-9.88,0.07,0.07,0.07,506,439,452,338,410
0.76,-8.84,-8.84,-0.61,-0.61,-0.61,497,438,452,336,412
6.06,-9.42,-9.42,-0.53,-0.53,-0.53,494,437,455,336,414
6.13,-6.71,-6.71,-0.34,-0.34,-0.34,496,438,458,336,417
6.54,-7.59,-7.59,0.03,0.03,0.03,495,439,457,337,416
END
4.60,-8.41,-8.41,0.12,0.12,0.12,332,313,309,342,332
-0.92,-5.40,-5.40,0.08,0.08,0.08,332,314,309,341,332
1.45,-2.60,-2.60,1.12,1.12,1.12,331,314,321,340,340
5.83,-8.32,-8.32,1.20,1.20,1.20,381,376,378,339,349
3.45,-8.81,-8.81,0.52,0.52,0.52,509,455,448,341,360
0.22,-10.01,-10.01,0.46,0.46,0.46,509,455,455,342,400
1.16,-8.84,-8.84,-0.09,-0.09,-0.09,505,455,462,340,408
2.51,-7.06,-7.06,-0.92,-0.92,-0.92,503,453,468,338,424
6.53,-6.17,-6.17,-0.87,-0.87,-0.87,498,451,467,338,423
8.60,-6.12,-6.12,-0.39,-0.39,-0.39,494,450,466,337,421
6.64,-6.74,-6.74,-0.05,-0.05,-0.05,492,448,465,337,420
END
5.46,-7.72,-7.72,0.01,0.01,0.01,330,307,304,337,332
0.70,-5.63,-5.63,0.11,0.11,0.11,329,306,303,336,332
1.08,-4.74,-4.74,0.20,0.20,0.20,329,305,303,336,333
3.79,-4.42,-4.42,0.87,0.87,0.87,363,348,351,337,340
5.03,-9.38,-9.38,1.14,1.14,1.14,511,454,439,342,359
1.00,-9.60,-9.60,1.06,1.06,1.06,509,456,447,342,384
0.37,-9.53,-9.53,0.23,0.23,0.23,506,456,448,336,394
1.08,-8.87,-8.87,-0.40,-0.40,-0.40,506,455,469,337,418
3.78,-8.81,-8.81,-0.48,-0.48,-0.48,505,454,473,336,426
7.87,-6.44,-6.44,-0.62,-0.62,-0.62,503,454,471,337,424
7.63,-6.02,-6.02,-0.31,-0.31,-0.31,499,453,469,336,427
END
6.27,-6.91,-6.91,0.15,0.15,0.15,334,307,312,340,345
2.03,-5.61,-5.61,0.36,0.36,0.36,356,329,333,339,346
5.95,-4.78,-4.78,0.96,0.96,0.96,487,432,425,340,368
5.13,-7.95,-7.95,1.43,1.43,1.43,494,442,442,340,396
1.74,-9.77,-9.77,0.35,0.35,0.35,494,444,447,338,401
0.91,-8.62,-8.62,-0.11,-0.11,-0.11,489,442,446,336,399
-0.10,-8.84,-8.84,-0.04,-0.04,-0.04,480,435,448,336,403
4.22,-7.95,-7.95,-0.56,-0.56,-0.56,476,433,448,336,404
5.26,-7.03,-7.03,-0.58,-0.58,-0.58,468,429,448,335,397
7.62,-7.03,-7.03,-0.05,-0.05,-0.05,465,427,446,334,396
5.86,-7.65,-7.65,0.06,0.06,0.06,465,427,446,334,396
END
7.38,-8.06,-8.06,-0.42,-0.42,-0.42,337,315,314,337,331
1.58,-7.21,-7.21,-0.03,-0.03,-0.03,337,315,313,337,332
0.81,-2.15,-2.15,0.29,0.29,0.29,335,313,313,337,333
0.80,-6.51,-6.51,0.68,0.68,0.68,406,387,374,338,345
-0.65,-9.86,-9.86,0.72,0.72,0.72,509,441,453,341,414
-1.52,-9.45,-9.45,0.74,0.74,0.74,500,438,453,339,415
0.40,-9.43,-9.43,0.11,0.11,0.11,494,435,450,337,411
2.38,-8.61,-8.61,-0.19,-0.19,-0.19,490,435,447,337,406
4.24,-9.12,-9.12,-0.36,-0.36,-0.36,489,434,447,337,408
3.98,-8.02,-8.02,-0.45,-0.45,-0.45,486,432,447,337,410
6.97,-8.44,-8.44,-0.01,-0.01,-0.01,484,432,446,337,410
END
3.34,-8.48,-8.48,0.05,0.05,0.05,334,312,309,340,339
-1.87,-5.25,-5.25,0.12,0.12,0.12,335,311,308,340,339
-0.17,-4.77,-4.77,0.27,0.27,0.27,341,320,319,339,343
2.39,-6.52,-6.52,0.51,0.51,0.51,430,385,391,340,347
-0.46,-7.16,-7.16,0.67,0.67,0.67,466,419,427,340,379
-1.87,-11.01,-11.01,0.57,0.57,0.57,488,431,440,341,408
-0.10,-9.38,-9.38,-0.05,-0.05,-0.05,484,428,441,340,408
2.74,-9.38,-9.38,-0.02,-0.02,-0.02,480,425,440,340,410
4.54,-8.03,-8.03,-0.11,-0.11,-0.11,479,425,442,337,407
6.80,-8.54,-8.54,-0.09,-0.09,-0.09,478,424,441,338,408
5.99,-7.83,-7.83,-0.14,-0.14,-0.14,476,424,441,339,409
END
4.11,-8.63,-8.63,0.01,0.01,0.01,334,316,312,339,328
-0.24,-5.94,-5.94,0.16,0.16,0.16,336,317,315,339,330
2.46,-4.51,-4.51,0.63,0.63,0.63,341,323,331,338,339
2.20,-6.95,-6.95,1.39,1.39,1.39,509,441,435,342,346
-1.92,-9.65,-9.65,0.85,0.85,0.85,505,442,448,344,380
-2.95,-8.51,-8.51,0.21,0.21,0.21,498,441,454,341,394
-0.25,-9.04,-9.04,0.08,0.08,0.08,493,438,462,338,408
0.46,-8.33,-8.33,-0.00,-0.00,-0.00,488,434,461,337,411
3.60,-7.82,-7.82,-0.43,-0.43,-0.43,486,433,459,337,410
6.74,-7.96,-7.96,-0.14,-0.14,-0.14,485,433,462,336,409
3.71,-8.73,-8.73,-0.03,-0.03,-0.03,483,432,460,337,406
END
3.21,-8.99,-8.99,-0.04,-0.04,-0.04,327,310,302,339,329
-0.65,-7.68,-7.68,0.02,0.02,0.02,327,310,302,338,329
-0.46,-5.34,-5.34,0.71,0.71,0.71,330,310,312,336,332
5.02,-9.12,-9.12,0.66,0.66,0.66,400,380,378,334,342
1.73,-10.30,-10.30,0.37,0.37,0.37,496,439,435,336,361
-1.49,-9.54,-9.54,0.60,0.60,0.60,496,440,445,337,388
-0.57,-8.71,-8.71,0.18,0.18,0.18,493,439,445,336,386
0.64,-8.92,-8.92,-0.23,-0.23,-0.23,494,433,455,338,418
3.47,-9.37,-9.37,-0.21,-0.21,-0.21,490,431,450,339,410
4.72,-8.13,-8.13,-0.31,-0.31,-0.31,486,430,448,339,409
5.86,-7.82,-7.82,-0.33,-0.33,-0.33,484,431,449,338,409
END
5.36,-8.33,-8.33,0.05,0.05,0.05,331,307,302,337,331
-1.08,-6.12,-6.12,0.05,0.05,0.05,333,307,303,337,331
2.60,-3.13,-3.13,0.75,0.75,0.75,427,411,388,339,340
2.09,-6.98,-6.98,0.83,0.83,0.83,502,454,439,358,365
0.88,-10.56,-10.56,0.81,0.81,0.81,498,456,446,352,360
-1.88,-8.35,-8.35,0.13,0.13,0.13,490,455,443,341,370
-1.62,-9.75,-9.75,0.11,0.11,0.11,492,454,446,340,383
0.93,-8.58,-8.58,-0.27,-0.27,-0.27,490,453,446,339,384
4.26,-7.80,-7.80,-0.40,-0.40,-0.40,488,452,446,340,385
6.27,-9.07,-9.07,-0.49,-0.49,-0.49,487,451,445,340,388
5.83,-7.76,-7.76,-0.04,-0.04,-0.04,486,451,444,341,386
END
5.46,-8.14,-8.14,-0.09,-0.09,-0.09,322,301,299,335,330
1.47,-4.72,-4.72,0.47,0.47,0.47,329,313,319,349,332
1.46,-7.72,-7.72,0.84,0.84,0.84,434,417,406,368,347
2.86,-9.60,-9.60,0.82,0.82,0.82,507,455,443,374,377
0.60,-9.74,-9.74,0.34,0.34,0.34,500,453,442,354,383
0.85,-9.17,-9.17,0.03,0.03,0.03,499,451,445,350,392
0.46,-10.21,-10.21,-0.09,-0.09,-0.09,487,439,436,341,386
2.55,-7.93,-7.93,-0.48,-0.48,-0.48,484,435,432,338,387
5.74,-7.56,-7.56,-0.41,-0.41,-0.41,485,433,429,336,388
6.28,-7.39,-7.39,-0.31,-0.31,-0.31,483,431,429,335,387
5.08,-8.43,-8.43,0.09,0.09,0.09,482,433,429,335,384
END
4.24,-8.87,-8.87,0.02,0.02,0.02,327,308,301,335,331
-0.42,-6.40,-6.40,0.07,0.07,0.07,332,321,315,336,335
4.07,-5.79,-5.79,0.64,0.64,0.64,475,433,426,346,354
3.26,-8.97,-8.97,1.39,1.39,1.39,490,434,439,346,384
2.35,-8.82,-8.82,0.67,0.67,0.67,486,434,442,340,391
0.03,-9.05,-9.05,0.13,0.13,0.13,477,431,437,338,379
1.50,-9.02,-9.02,-0.26,-0.26,-0.26,474,430,438,339,384
3.67,-7.86,-7.86,-0.46,-0.46,-0.46,472,430,439,338,386
6.40,-7.54,-7.54,-0.66,-0.66,-0.66,470,429,438,339,388
5.32,-8.55,-8.55,-0.06,-0.06,-0.06,469,429,438,338,387
1.79,-8.97,-8.97,-0.03,-0.03,-0.03,469,429,437,339,387
END
2.34,-8.54,-8.54,-0.04,-0.04,-0.04,323,302,298,335,326
0.06,-7.09,-7.09,0.04,0.04,0.04,324,303,299,335,327
1.41,-6.02,-6.02,0.52,0.52,0.52,447,425,377,337,335
2.92,-5.82,-5.82,0.99,0.99,0.99,504,267,429,346,385
3.61,-10.82,-10.82,0.47,0.47,0.47,502,456,448,341,409
1.39,-9.60,-9.60,0.09,0.09,0.09,495,457,449,339,406
1.73,-8.62,-8.62,-0.34,-0.34,-0.34,491,455,446,339,400
3.26,-8.58,-8.58,-0.47,-0.47,-0.47,489,454,447,337,398
5.85,-8.12,-8.12,-0.23,-0.23,-0.23,487,453,455,337,398
4.77,-8.20,-8.20,-0.07,-0.07,-0.07,487,453,451,337,402
3.93,-8.78,-8.78,0.03,0.03,0.03,486,453,450,337,401
END
2.81,-9.13,-9.13,0.00,0.00,0.00,327,305,300,335,331
0.64,-6.58,-6.58,0.08,0.08,0.08,327,306,300,335,331
1.06,-4.71,-4.71,0.79,0.79,0.79,363,341,344,335,341
6.83,-6.45,-6.45,1.25,1.25,1.25,482,433,435,340,376
3.35,-10.35,-10.35,0.90,0.90,0.90,479,434,437,339,392
1.83,-8.84,-8.84,0.36,0.36,0.36,477,436,444,336,402
0.97,-9.35,-9.35,-0.17,-0.17,-0.17,479,437,451,335,408
3.50,-7.70,-7.70,-0.54,-0.54,-0.54,473,434,455,336,406
5.53,-7.91,-7.91,-0.71,-0.71,-0.71,467,429,446,337,396
6.87,-7.06,-7.06,-0.31,-0.31,-0.31,466,429,447,337,396
6.14,-7.75,-7.75,0.05,0.05,0.05,466,429,447,337,396
END
4.40,-8.60,-8.60,0.04,0.04,0.04,332,307,302,337,333
0.54,-5.61,-5.61,0.55,0.55,0.55,342,317,312,338,336
2.91,-6.81,-6.81,0.61,0.61,0.61,401,370,355,345,347
3.78,-6.96,-6.96,0.77,0.77,0.77,485,427,425,349,387
-0.36,-10.51,-10.51,0.93,0.93,0.93,481,427,430,345,391
-1.88,-9.21,-9.21,0.15,0.15,0.15,478,429,433,342,392
-0.45,-8.72,-8.72,-0.14,-0.14,-0.14,476,428,434,339,392
2.51,-8.91,-8.91,-0.40,-0.40,-0.40,473,427,435,337,393
4.19,-7.97,-7.97,-0.26,-0.26,-0.26,471,425,440,337,403
5.65,-8.36,-8.36,-0.22,-0.22,-0.22,470,425,440,337,402
4.32,-8.78,-8.78,0.02,0.02,0.02,469,425,439,337,400
END
4.46,-8.60,-8.60,0.06,0.06,0.06,332,311,307,338,331
4.38,-8.24,-8.24,1.23,1.23,1.23,395,372,360,345,345
5.15,-9.35,-9.35,1.28,1.28,1.28,511,449,441,372,367
2.11,-9.48,-9.48,0.70,0.70,0.70,505,451,451,348,401
1.57,-8.85,-8.85,-0.25,-0.25,-0.25,501,451,451,340,400
4.25,-8.05,-8.05,-0.53,-0.53,-0.53,496,448,447,339,399
5.49,-7.47,-7.47,-0.51,-0.51,-0.51,493,447,448,339,399
5.58,-7.58,-7.58,-0.26,-0.26,-0.26,490,446,447,339,394
5.59,-8.41,-8.41,-0.28,-0.28,-0.28,487,443,446,338,388
5.02,-8.19,-8.19,-0.16,-0.16,-0.16,483,440,444,339,383
4.19,-8.45,-8.45,0.04,0.04,0.04,482,439,443,339,383
END
4.03,-8.71,-8.71,-0.00,-0.00,-0.00,334,310,304,343,331
0.62,-4.16,-4.16,0.54,0.54,0.54,356,334,335,344,354
3.53,-6.47,-6.47,0.89,0.89,0.89,484,440,434,366,382
3.43,-10.88,-10.88,0.78,0.78,0.78,482,438,443,347,402
-1.92,-9.66,-9.66,0.38,0.38,0.38,477,434,446,344,404
-0.17,-10.13,-10.13,0.12,0.12,0.12,474,433,443,342,396
-0.28,-8.59,-8.59,-0.29,-0.29,-0.29,472,432,444,341,397
5.51,-8.20,-8.20,-0.39,-0.39,-0.39,468,431,448,339,405
4.92,-7.27,-7.27,-0.37,-0.37,-0.37,467,430,446,338,404
5.69,-8.16,-8.16,-0.23,-0.23,-0.23,466,429,445,337,403
4.93,-8.09,-8.09,0.03,0.03,0.03,466,429,445,337,403
END
4.24,-8.32,-8.32,0.05,0.05,0.05,329,302,304,344,334
0.31,-5.84,-5.84,0.55,0.55,0.55,388,357,360,348,350
5.01,-5.82,-5.82,1.87,1.87,1.87,485,429,428,346,381
3.12,-8.22,-8.22,0.87,0.87,0.87,481,428,435,342,395
-2.05,-9.25,-9.25,0.14,0.14,0.14,474,427,433,338,392
-0.87,-9.71,-9.71,-0.04,-0.04,-0.04,471,426,433,338,391
2.32,-8.08,-8.08,-0.35,-0.35,-0.35,471,429,446,336,411
5.14,-7.26,-7.26,-0.37,-0.37,-0.37,469,428,445,335,410
5.61,-7.51,-7.51,-0.35,-0.35,-0.35,468,427,444,335,407
6.02,-7.24,-7.24,-0.16,-0.16,-0.16,466,427,443,335,405
5.20,-7.77,-7.77,-0.12,-0.12,-0.12,466,426,443,335,404
END
3.68,-8.33,-8.33,0.13,0.13,0.13,337,310,305,343,332
0.20,-5.74,-5.74,0.10,0.10,0.10,337,310,306,343,333
0.57,-3.57,-3.57,0.33,0.33,0.33,365,344,338,345,340
4.68,-7.21,-7.21,1.17,1.17,1.17,506,446,436,352,369
4.18,-8.91,-8.91,1.17,1.17,1.17,505,447,438,341,400
1.41,-9.22,-9.22,0.28,0.28,0.28,498,446,438,336,399
-0.37,-9.03,-9.03,0.09,0.09,0.09,495,446,441,335,399
1.22,-8.59,-8.59,-0.33,-0.33,-0.33,493,446,447,335,405
3.69,-7.20,-7.20,-0.60,-0.60,-0.60,491,446,450,334,410
7.10,-6.84,-6.84,-0.74,-0.74,-0.74,488,445,451,334,413
8.24,-6.19,-6.19,-0.29,-0.29,-0.29,486,444,451,335,411
END