5.28,-7.81,-7.81,-0.02,-0.02,-0.02,454,443,445,339,355
4.99,-7.86,-7.86,0.03,0.03,0.03,454,442,445,339,355
4.70,-8.04,-8.04,0.03,0.03,0.03,454,442,445,339,355
3.50,-8.64,-8.64,-0.32,-0.32,-0.32,453,442,444,339,355
4.29,-7.99,-7.99,-0.57,-0.57,-0.57,452,441,444,339,355
4.97,-7.87,-7.87,-0.52,-0.52,-0.52,450,441,444,339,355
6.20,-7.31,-7.31,-0.45,-0.45,-0.45,448,440,444,339,355
6.66,-6.78,-6.78,-0.28,-0.28,-0.28,447,440,444,339,356
6.53,-7.24,-7.24,-0.03,-0.03,-0.03,447,440,444,339,356
5.79,-7.37,-7.37,0.00,0.00,0.00,447,439,444,339,355
5.22,-7.68,-7.68,0.04,0.04,0.04,446,439,444,339,355
END
5.69,-7.54,-7.54,0.02,0.02,0.02,450,440,445,338,349
1.77,-8.77,-8.77,0.01,0.01,0.01,450,439,444,338,349
1.30,-8.94,-8.94,0.06,0.06,0.06,450,439,444,338,349
0.62,-8.54,-8.54,-0.16,-0.16,-0.16,449,439,444,338,350
0.16,-9.27,-9.27,-0.35,-0.35,-0.35,447,438,444,338,350
3.19,-7.93,-7.93,-0.38,-0.38,-0.38,446,438,444,338,350
4.69,-7.33,-7.33,-0.35,-0.35,-0.35,444,438,444,338,349
5.15,-7.64,-7.64,-0.21,-0.21,-0.21,443,438,444,338,349
5.84,-7.62,-7.62,-0.03,-0.03,-0.03,442,437,444,338,349
4.60,-7.94,-7.94,0.06,0.06,0.06,442,437,444,338,349
4.57,-7.87,-7.87,0.03,0.03,0.03,442,437,444,338,349
END
4.66,-8.16,-8.16,0.05,0.05,0.05,443,437,442,338,349
3.45,-8.26,-8.26,0.10,0.10,0.10,443,437,442,338,348
3.26,-8.08,-8.08,0.03,0.03,0.03,443,437,442,338,348
2.76,-8.56,-8.56,-0.04,-0.04,-0.04,443,437,442,338,348
2.23,-8.46,-8.46,-0.36,-0.36,-0.36,442,437,442,338,348
3.27,-7.98,-7.98,-0.48,-0.48,-0.48,442,437,442,338,348
3.79,-7.77,-7.77,-0.31,-0.31,-0.31,441,436,442,338,348
4.69,-7.26,-7.26,-0.22,-0.22,-0.22,440,436,442,338,348
5.76,-7.59,-7.59,-0.06,-0.06,-0.06,440,436,442,338,348
5.30,-7.66,-7.66,0.03,0.03,0.03,440,436,442,338,348
4.43,-7.80,-7.80,0.05,0.05,0.05,440,436,442,338,348
END
4.57,-7.55,-7.55,0.04,0.04,0.04,443,436,441,338,347
4.97,-7.49,-7.49,0.01,0.01,0.01,442,436,441,338,347
4.51,-7.79,-7.79,0.03,0.03,0.03,441,436,441,339,347
3.05,-8.58,-8.58,-0.22,-0.22,-0.22,441,436,441,338,347
3.32,-7.72,-7.72,-0.53,-0.53,-0.53,440,435,441,338,347
4.63,-7.60,-7.60,-0.44,-0.44,-0.44,439,435,441,338,347
4.21,-7.16,-7.16,-0.31,-0.31,-0.31,439,435,441,338,348
6.62,-7.10,-7.10,-0.17,-0.17,-0.17,439,435,440,338,348
5.23,-7.42,-7.42,-0.03,-0.03,-0.03,439,435,440,338,348
4.43,-7.68,-7.68,0.06,0.06,0.06,439,434,440,338,348
4.67,-7.78,-7.78,0.02,0.02,0.02,439,434,440,338,348
END
4.75,-7.65,-7.65,0.03,0.03,0.03,440,435,440,338,347
4.50,-7.78,-7.78,0.03,0.03,0.03,439,435,440,338,347
4.16,-8.05,-8.05,-0.02,-0.02,-0.02,439,434,439,338,347
2.36,-8.43,-8.43,-0.41,-0.41,-0.41,439,434,439,338,347
4.87,-7.38,-7.38,-0.61,-0.61,-0.61,439,434,440,338,347
4.99,-6.91,-6.91,-0.46,-0.46,-0.46,438,434,440,338,347
5.81,-7.37,-7.37,-0.19,-0.19,-0.19,437,434,440,338,347
5.57,-7.53,-7.53,-0.05,-0.05,-0.05,437,434,440,338,348
4.89,-7.93,-7.93,0.04,0.04,0.04,437,433,440,338,347
4.74,-7.76,-7.76,0.04,0.04,0.04,437,433,440,338,347
4.54,-7.69,-7.69,0.02,0.02,0.02,437,433,440,338,347
END
5.02,-7.59,-7.59,0.05,0.05,0.05,438,433,439,339,347
4.26,-7.93,-7.93,0.06,0.06,0.06,438,433,439,338,347
4.03,-7.98,-7.98,0.04,0.04,0.04,438,433,439,338,347
2.70,-8.46,-8.46,-0.16,-0.16,-0.16,438,433,439,339,347
3.57,-8.32,-8.32,-0.49,-0.49,-0.49,438,433,439,338,347
4.92,-7.76,-7.76,-0.47,-0.47,-0.47,437,433,439,338,347
4.90,-7.35,-7.35,-0.41,-0.41,-0.41,437,433,439,338,347
6.93,-6.72,-6.72,-0.40,-0.40,-0.40,436,433,439,338,348
5.99,-7.31,-7.31,-0.10,-0.10,-0.10,436,433,439,338,348
5.09,-7.70,-7.70,0.01,0.01,0.01,436,433,438,339,347
4.49,-7.81,-7.81,0.06,0.06,0.06,436,433,438,338,348
END
5.18,-7.95,-7.95,0.03,0.03,0.03,435,431,437,337,348
2.13,-8.51,-8.51,0.03,0.03,0.03,435,431,437,337,347
1.13,-8.78,-8.78,0.01,0.01,0.01,435,431,437,337,347
0.78,-8.51,-8.51,-0.17,-0.17,-0.17,435,431,437,336,347
0.78,-7.90,-7.90,-0.40,-0.40,-0.40,435,430,437,337,347
2.94,-7.57,-7.57,-0.21,-0.21,-0.21,434,430,437,336,347
3.72,-8.18,-8.18,-0.10,-0.10,-0.10,434,430,437,337,346
3.53,-8.48,-8.48,-0.04,-0.04,-0.04,434,430,437,337,346
3.36,-8.38,-8.38,0.02,0.02,0.02,434,430,437,337,346
3.47,-8.23,-8.23,0.04,0.04,0.04,433,430,437,337,346
3.85,-8.27,-8.27,0.02,0.02,0.02,433,430,437,337,346
END
3.56,-8.18,-8.18,0.03,0.03,0.03,437,430,437,338,345
3.39,-8.36,-8.36,0.07,0.07,0.07,436,430,437,338,345
1.90,-8.86,-8.86,-0.13,-0.13,-0.13,436,430,437,338,345
3.11,-8.36,-8.36,-0.30,-0.30,-0.30,436,430,437,338,345
3.03,-8.26,-8.26,-0.33,-0.33,-0.33,435,430,437,338,345
3.58,-7.96,-7.96,-0.30,-0.30,-0.30,435,430,437,338,345
4.16,-7.82,-7.82,-0.26,-0.26,-0.26,434,430,436,338,345
5.72,-7.63,-7.63,-0.17,-0.17,-0.17,434,430,436,338,346
5.14,-7.81,-7.81,0.01,0.01,0.01,434,430,436,338,346
4.45,-8.08,-8.08,0.04,0.04,0.04,433,429,436,338,346
4.31,-8.06,-8.06,0.05,0.05,0.05,433,430,436,338,346
END
4.42,-8.19,-8.19,0.04,0.04,0.04,433,429,436,338,343
3.80,-8.13,-8.13,0.04,0.04,0.04,433,429,436,338,344
2.54,-8.69,-8.69,-0.03,-0.03,-0.03,433,429,436,338,344
2.23,-8.99,-8.99,-0.30,-0.30,-0.30,434,429,436,338,344
2.09,-8.33,-8.33,-0.44,-0.44,-0.44,433,429,436,338,344
3.60,-8.04,-8.04,-0.41,-0.41,-0.41,433,429,436,338,344
5.20,-7.26,-7.26,-0.29,-0.29,-0.29,433,429,436,338,344
6.35,-7.55,-7.55,-0.07,-0.07,-0.07,433,429,436,338,344
5.30,-7.91,-7.91,0.04,0.04,0.04,433,429,436,338,344
4.35,-7.96,-7.96,0.05,0.05,0.05,433,429,436,338,344
4.63,-7.89,-7.89,0.04,0.04,0.04,433,429,436,338,344
END
5.03,-7.99,-7.99,0.03,0.03,0.03,433,429,436,338,343
4.27,-8.11,-8.11,0.03,0.03,0.03,433,429,435,338,343
3.49,-8.50,-8.50,-0.06,-0.06,-0.06,433,429,436,338,343
2.25,-8.32,-8.32,-0.54,-0.54,-0.54,433,428,436,337,343
5.02,-7.06,-7.06,-0.51,-0.51,-0.51,432,428,436,338,344
4.95,-7.48,-7.48,-0.34,-0.34,-0.34,432,428,436,338,344
5.79,-6.83,-6.83,-0.31,-0.31,-0.31,432,428,436,338,344
6.32,-7.18,-7.18,-0.05,-0.05,-0.05,432,428,436,338,344
5.33,-7.73,-7.73,0.05,0.05,0.05,432,428,435,338,344
5.34,-7.66,-7.66,0.03,0.03,0.03,432,428,436,338,344
5.15,-7.59,-7.59,0.01,0.01,0.01,432,428,435,338,344
END
4.86,-7.57,-7.57,0.03,0.03,0.03,432,428,435,338,344
3.74,-8.08,-8.08,0.02,0.02,0.02,431,428,435,338,344
3.30,-8.12,-8.12,-0.01,-0.01,-0.01,431,428,435,338,344
2.28,-8.55,-8.55,-0.22,-0.22,-0.22,432,428,435,337,344
4.29,-7.91,-7.91,-0.49,-0.49,-0.49,431,428,435,338,344
4.34,-7.27,-7.27,-0.40,-0.40,-0.40,431,428,435,338,344
4.97,-7.40,-7.40,-0.35,-0.35,-0.35,431,428,435,338,344
5.29,-7.47,-7.47,-0.19,-0.19,-0.19,431,428,435,338,344
5.52,-7.59,-7.59,-0.04,-0.04,-0.04,431,428,435,338,344
5.16,-7.62,-7.62,0.02,0.02,0.02,431,428,435,338,344
4.55,-7.79,-7.79,0.02,0.02,0.02,431,428,435,338,344
END
4.48,-7.85,-7.85,0.04,0.04,0.04,431,427,434,338,344
3.55,-8.18,-8.18,0.07,0.07,0.07,431,427,435,338,344
1.07,-8.74,-8.74,-0.13,-0.13,-0.13,431,427,435,338,344
1.88,-7.85,-7.85,-0.43,-0.43,-0.43,431,427,435,338,344
3.83,-7.91,-7.91,-0.40,-0.40,-0.40,431,427,435,338,344
4.54,-7.80,-7.80,-0.32,-0.32,-0.32,431,427,434,338,344
3.98,-8.07,-8.07,-0.19,-0.19,-0.19,431,427,435,338,344
5.84,-7.67,-7.67,-0.09,-0.09,-0.09,431,427,435,338,344
4.42,-7.69,-7.69,0.02,0.02,0.02,431,427,435,338,344
4.39,-7.76,-7.76,0.08,0.08,0.08,431,427,435,338,344
4.59,-7.92,-7.92,0.03,0.03,0.03,431,427,435,338,344
END
4.62,-7.76,-7.76,0.04,0.04,0.04,431,427,434,338,343
3.32,-8.48,-8.48,0.05,0.05,0.05,431,427,434,338,343
2.61,-8.41,-8.41,-0.00,-0.00,-0.00,431,427,434,338,343
1.74,-8.04,-8.04,-0.21,-0.21,-0.21,431,427,434,338,343
3.64,-7.80,-7.80,-0.48,-0.48,-0.48,431,427,434,338,343
4.13,-7.50,-7.50,-0.37,-0.37,-0.37,431,427,434,338,343
4.17,-7.36,-7.36,-0.30,-0.30,-0.30,431,427,434,338,343
6.22,-7.09,-7.09,-0.19,-0.19,-0.19,430,426,434,338,343
6.04,-6.94,-6.94,-0.04,-0.04,-0.04,430,426,434,338,343
5.54,-7.16,-7.16,0.03,0.03,0.03,430,426,434,338,343
4.74,-7.49,-7.49,0.03,0.03,0.03,430,426,434,338,343
END
5.32,-7.37,-7.37,0.03,0.03,0.03,430,426,434,338,343
3.59,-8.43,-8.43,0.07,0.07,0.07,430,426,434,338,343
3.11,-8.38,-8.38,0.02,0.02,0.02,430,426,434,338,343
1.88,-8.46,-8.46,-0.02,-0.02,-0.02,431,426,434,338,343
3.07,-8.06,-8.06,-0.40,-0.40,-0.40,430,426,434,338,343
4.67,-8.25,-8.25,-0.40,-0.40,-0.40,430,426,434,338,343
4.99,-7.56,-7.56,-0.37,-0.37,-0.37,431,426,434,338,343
5.43,-7.24,-7.24,-0.24,-0.24,-0.24,430,426,433,338,343
5.92,-7.36,-7.36,-0.01,-0.01,-0.01,430,426,434,338,343
4.51,-7.96,-7.96,0.04,0.04,0.04,430,426,433,338,343
4.75,-7.71,-7.71,0.03,0.03,0.03,430,426,433,338,343
END
4.39,-7.81,-7.81,0.04,0.04,0.04,430,426,433,338,343
3.51,-8.27,-8.27,0.08,0.08,0.08,430,426,433,338,343
3.40,-8.16,-8.16,0.01,0.01,0.01,430,426,433,338,343
2.94,-8.61,-8.61,-0.06,-0.06,-0.06,430,426,433,338,343
2.53,-8.32,-8.32,-0.41,-0.41,-0.41,430,425,433,338,343
4.37,-7.53,-7.53,-0.55,-0.55,-0.55,430,426,433,338,343
4.49,-7.94,-7.94,-0.36,-0.36,-0.36,430,426,433,338,343
4.85,-7.64,-7.64,-0.19,-0.19,-0.19,430,426,433,338,343
5.84,-7.59,-7.59,-0.02,-0.02,-0.02,430,426,433,338,343
4.58,-7.84,-7.84,0.04,0.04,0.04,430,426,433,338,343
4.26,-7.71,-7.71,0.01,0.01,0.01,429,426,433,338,343
END
5.00,-7.73,-7.73,0.02,0.02,0.02,430,426,433,338,343
3.28,-8.36,-8.36,0.05,0.05,0.05,430,425,433,338,343
2.05,-8.76,-8.76,-0.08,-0.08,-0.08,430,426,433,338,343
2.46,-8.22,-8.22,-0.34,-0.34,-0.34,430,426,433,338,343
4.29,-7.62,-7.62,-0.49,-0.49,-0.49,430,426,433,338,343
3.87,-7.79,-7.79,-0.39,-0.39,-0.39,429,426,433,338,343
5.15,-7.55,-7.55,-0.30,-0.30,-0.30,429,426,433,338,343
5.97,-7.26,-7.26,-0.08,-0.08,-0.08,429,425,433,338,343
5.52,-7.23,-7.23,0.02,0.02,0.02,429,426,433,338,343
4.81,-7.84,-7.84,0.05,0.05,0.05,429,425,433,338,343
4.90,-7.64,-7.64,0.03,0.03,0.03,429,425,433,338,343
END
4.90,-7.72,-7.72,0.03,0.03,0.03,429,425,432,338,343
3.30,-8.59,-8.59,0.06,0.06,0.06,429,425,432,338,343
2.65,-8.43,-8.43,0.02,0.02,0.02,429,425,432,338,343
1.70,-8.28,-8.28,-0.30,-0.30,-0.30,429,425,432,338,343
2.81,-7.87,-7.87,-0.47,-0.47,-0.47,429,425,433,338,343
3.84,-7.99,-7.99,-0.34,-0.34,-0.34,429,425,433,338,343
4.27,-7.13,-7.13,-0.34,-0.34,-0.34,429,425,433,338,343
6.37,-6.86,-6.86,-0.11,-0.11,-0.11,429,425,433,338,343
5.61,-7.37,-7.37,-0.04,-0.04,-0.04,429,425,432,338,343
5.22,-7.35,-7.35,0.03,0.03,0.03,429,425,432,338,343
5.34,-7.56,-7.56,0.04,0.04,0.04,429,425,432,338,343
END
5.20,-7.44,-7.44,0.03,0.03,0.03,429,425,432,338,343
2.68,-8.56,-8.56,0.06,0.06,0.06,429,425,432,338,343
2.58,-8.41,-8.41,0.01,0.01,0.01,429,425,432,338,343
2.76,-8.67,-8.67,0.00,0.00,0.00,429,425,432,338,343
0.80,-8.56,-8.56,-0.21,-0.21,-0.21,429,425,432,338,343
3.29,-7.93,-7.93,-0.50,-0.50,-0.50,429,425,432,338,343
5.11,-6.75,-6.75,-0.49,-0.49,-0.49,429,425,432,338,343
5.98,-6.44,-6.44,-0.34,-0.34,-0.34,429,425,432,338,343
6.31,-7.44,-7.44,-0.08,-0.08,-0.08,429,425,432,338,343
5.39,-7.42,-7.42,0.04,0.04,0.04,429,425,432,338,343
4.90,-7.56,-7.56,0.04,0.04,0.04,428,425,432,338,343
END
4.92,-7.42,-7.42,0.05,0.05,0.05,429,424,432,338,343
2.68,-8.35,-8.35,0.06,0.06,0.06,429,424,432,338,343
2.40,-8.15,-8.15,0.04,0.04,0.04,429,424,432,338,343
1.71,-8.54,-8.54,-0.10,-0.10,-0.10,429,424,432,338,343
1.23,-8.31,-8.31,-0.31,-0.31,-0.31,429,424,432,338,343
2.98,-7.57,-7.57,-0.46,-0.46,-0.46,428,424,432,338,343
4.20,-7.33,-7.33,-0.40,-0.40,-0.40,428,424,432,338,343
5.14,-7.14,-7.14,-0.23,-0.23,-0.23,428,424,432,338,344
5.69,-7.06,-7.06,-0.05,-0.05,-0.05,428,424,432,338,343
5.64,-7.46,-7.46,0.03,0.03,0.03,428,424,431,338,343
5.38,-7.21,-7.21,0.02,0.02,0.02,428,424,431,338,343
END
4.31,-7.75,-7.75,0.00,0.00,0.00,479,444,436,343,351
4.53,-8.06,-8.06,0.04,0.04,0.04,478,444,436,343,351
3.19,-9.14,-9.14,-0.04,-0.04,-0.04,478,444,436,342,350
3.34,-8.92,-8.92,-0.54,-0.54,-0.54,477,443,435,342,350
5.07,-6.53,-6.53,-0.83,-0.83,-0.83,476,443,436,342,349
7.04,-5.95,-5.95,-0.51,-0.51,-0.51,475,442,436,341,349
7.46,-6.95,-6.95,-0.18,-0.18,-0.18,474,442,435,341,349
5.81,-7.81,-7.81,0.07,0.07,0.07,474,441,435,341,349
5.14,-7.68,-7.68,0.06,0.06,0.06,474,441,435,341,350
5.12,-7.80,-7.80,0.05,0.05,0.05,473,441,434,340,350
4.82,-7.70,-7.70,0.02,0.02,0.02,473,441,434,340,350
END
5.35,-7.42,-7.42,0.04,0.04,0.04,471,440,433,340,345
4.73,-7.98,-7.98,0.05,0.05,0.05,471,440,433,341,345
1.57,-9.65,-9.65,-0.17,-0.17,-0.17,471,440,432,341,346
5.23,-7.05,-7.05,-0.81,-0.81,-0.81,471,439,433,341,347
4.68,-7.45,-7.45,-0.48,-0.48,-0.48,470,439,432,341,347
6.51,-6.39,-6.39,-0.47,-0.47,-0.47,470,439,432,341,348
6.80,-7.17,-7.17,-0.07,-0.07,-0.07,470,439,432,341,348
5.52,-7.72,-7.72,0.05,0.05,0.05,469,439,432,340,348
5.46,-7.48,-7.48,0.04,0.04,0.04,469,439,432,340,348
5.28,-7.70,-7.70,0.05,0.05,0.05,469,439,432,340,348
5.38,-7.44,-7.44,0.04,0.04,0.04,469,439,432,340,348
END
5.43,-7.49,-7.49,0.04,0.04,0.04,468,438,431,340,347
4.77,-8.16,-8.16,0.07,0.07,0.07,468,438,431,340,347
3.82,-8.32,-8.32,0.02,0.02,0.02,468,437,430,340,347
3.62,-8.48,-8.48,-0.47,-0.47,-0.47,468,437,430,340,347
4.81,-7.92,-7.92,-0.53,-0.53,-0.53,467,437,431,340,347
6.24,-6.58,-6.58,-0.62,-0.62,-0.62,467,437,430,340,348
7.23,-6.38,-6.38,-0.14,-0.14,-0.14,467,437,430,340,348
5.96,-7.49,-7.49,0.08,0.08,0.08,467,437,430,340,348
5.34,-7.44,-7.44,0.05,0.05,0.05,467,437,430,340,348
5.40,-7.48,-7.48,0.04,0.04,0.04,466,437,430,340,348
5.58,-7.34,-7.34,0.02,0.02,0.02,466,437,430,340,348
END
5.74,-7.69,-7.69,0.05,0.05,0.05,465,436,429,340,348
4.97,-7.80,-7.80,0.05,0.05,0.05,465,436,429,340,348
2.73,-9.36,-9.36,-0.32,-0.32,-0.32,465,436,429,340,348
5.00,-7.19,-7.19,-0.59,-0.59,-0.59,465,436,429,340,348
5.56,-7.39,-7.39,-0.67,-0.67,-0.67,465,436,429,340,348
8.02,-6.37,-6.37,-0.51,-0.51,-0.51,465,436,429,340,348
7.07,-6.82,-6.82,-0.00,-0.00,-0.00,464,435,429,340,348
5.88,-7.65,-7.65,0.06,0.06,0.06,464,435,429,340,348
5.72,-7.34,-7.34,0.03,0.03,0.03,464,435,429,340,348
5.90,-7.29,-7.29,0.04,0.04,0.04,464,435,429,340,348
5.78,-7.25,-7.25,0.04,0.04,0.04,464,435,429,340,348
END
5.88,-7.42,-7.42,0.05,0.05,0.05,464,434,427,338,348
3.73,-8.51,-8.51,-0.01,-0.01,-0.01,463,434,427,337,349
2.61,-8.33,-8.33,-0.31,-0.31,-0.31,463,433,427,337,348
2.38,-8.48,-8.48,-0.56,-0.56,-0.56,463,433,427,337,348
6.10,-6.22,-6.22,-0.70,-0.70,-0.70,463,433,427,337,348
7.26,-6.28,-6.28,-0.18,-0.18,-0.18,462,433,427,337,348
5.94,-7.37,-7.37,-0.01,-0.01,-0.01,462,433,427,337,348
5.61,-7.49,-7.49,0.03,0.03,0.03,462,433,427,337,348
5.65,-7.75,-7.75,0.01,0.01,0.01,462,433,427,337,348
5.34,-7.44,-7.44,0.02,0.02,0.02,462,433,427,337,348
5.46,-7.62,-7.62,0.03,0.03,0.03,462,433,427,337,348
END
5.52,-7.44,-7.44,0.06,0.06,0.06,461,432,426,337,349
3.52,-8.24,-8.24,0.03,0.03,0.03,461,432,426,337,349
1.72,-9.17,-9.17,-0.21,-0.21,-0.21,461,432,426,338,349
2.79,-8.10,-8.10,-0.56,-0.56,-0.56,461,432,426,337,349
5.69,-7.38,-7.38,-0.54,-0.54,-0.54,461,432,426,337,349
6.29,-6.66,-6.66,-0.25,-0.25,-0.25,460,432,426,337,349
5.86,-7.37,-7.37,-0.01,-0.01,-0.01,460,432,427,337,349
5.04,-7.74,-7.74,0.02,0.02,0.02,460,432,426,337,349
4.64,-7.69,-7.69,0.04,0.04,0.04,460,432,426,338,349
4.68,-7.65,-7.65,0.02,0.02,0.02,460,432,426,338,349
4.87,-7.85,-7.85,0.04,0.04,0.04,460,432,426,338,349
END
4.99,-7.72,-7.72,0.03,0.03,0.03,461,432,426,338,348
4.22,-8.09,-8.09,0.02,0.02,0.02,461,432,426,338,348
2.58,-9.13,-9.13,-0.20,-0.20,-0.20,461,432,426,338,348
3.75,-7.51,-7.51,-0.58,-0.58,-0.58,460,431,426,338,348
4.03,-7.56,-7.56,-0.53,-0.53,-0.53,460,431,426,338,348
6.31,-6.51,-6.51,-0.40,-0.40,-0.40,459,431,426,338,348
6.47,-7.02,-7.02,-0.19,-0.19,-0.19,459,431,426,338,349
5.79,-7.49,-7.49,0.00,0.00,0.00,459,431,426,338,348
4.81,-7.70,-7.70,0.03,0.03,0.03,459,431,426,338,349
4.98,-7.61,-7.61,0.04,0.04,0.04,459,431,426,338,349
5.28,-7.64,-7.64,0.02,0.02,0.02,459,431,426,338,349
END
4.99,-7.49,-7.49,0.03,0.03,0.03,458,431,426,339,348
3.76,-8.33,-8.33,0.04,0.04,0.04,458,431,425,339,348
2.26,-8.77,-8.77,-0.11,-0.11,-0.11,458,431,425,339,348
3.04,-8.33,-8.33,-0.62,-0.62,-0.62,458,431,425,339,348
7.29,-6.60,-6.60,-0.64,-0.64,-0.64,458,430,425,339,348
6.85,-6.76,-6.76,-0.33,-0.33,-0.33,458,430,425,339,349
6.79,-7.01,-7.01,-0.10,-0.10,-0.10,458,430,425,339,349
7.28,-7.23,-7.23,0.04,0.04,0.04,457,430,425,339,349
5.15,-7.75,-7.75,0.06,0.06,0.06,458,430,425,339,349
5.35,-7.64,-7.64,0.03,0.03,0.03,457,430,425,339,349
5.18,-7.34,-7.34,0.05,0.05,0.05,457,430,425,339,349
END
5.14,-7.57,-7.57,0.03,0.03,0.03,457,430,425,339,348
4.81,-7.92,-7.92,-0.01,-0.01,-0.01,457,430,425,339,348
2.31,-8.76,-8.76,-0.35,-0.35,-0.35,457,430,425,339,348
4.69,-7.19,-7.19,-0.64,-0.64,-0.64,457,430,425,339,348
6.19,-6.51,-6.51,-0.55,-0.55,-0.55,457,430,425,339,348
6.51,-6.45,-6.45,-0.15,-0.15,-0.15,457,430,425,339,349
6.37,-7.14,-7.14,-0.04,-0.04,-0.04,457,430,425,339,348
5.58,-6.94,-6.94,0.03,0.03,0.03,457,430,425,339,348
5.45,-7.43,-7.43,0.05,0.05,0.05,457,429,425,339,348
5.31,-7.28,-7.28,0.04,0.04,0.04,457,430,425,339,348
5.79,-7.32,-7.32,0.05,0.05,0.05,457,429,425,339,348
END
5.48,-7.43,-7.43,0.03,0.03,0.03,456,429,424,339,347
4.67,-7.87,-7.87,0.03,0.03,0.03,456,429,424,339,347
3.56,-8.49,-8.49,-0.07,-0.07,-0.07,456,429,424,339,347
3.39,-8.08,-8.08,-0.50,-0.50,-0.50,456,429,424,339,347
5.94,-6.52,-6.52,-0.68,-0.68,-0.68,456,429,425,339,347
5.94,-6.70,-6.70,-0.50,-0.50,-0.50,456,429,424,339,347
6.24,-6.71,-6.71,-0.17,-0.17,-0.17,456,429,424,339,347
6.16,-6.98,-6.98,-0.03,-0.03,-0.03,456,429,424,339,347
5.51,-7.29,-7.29,0.02,0.02,0.02,456,429,424,339,347
5.25,-7.30,-7.30,0.02,0.02,0.02,456,429,424,339,347
5.49,-7.29,-7.29,0.02,0.02,0.02,456,429,424,339,347
END
5.65,-7.14,-7.14,0.03,0.03,0.03,455,429,424,339,347
3.83,-8.26,-8.26,0.04,0.04,0.04,456,429,424,339,347
2.37,-8.94,-8.94,-0.07,-0.07,-0.07,456,429,424,339,346
3.32,-8.21,-8.21,-0.42,-0.42,-0.42,455,429,424,339,346
4.49,-7.88,-7.88,-0.39,-0.39,-0.39,455,429,424,339,347
5.33,-7.00,-7.00,-0.40,-0.40,-0.40,455,429,424,339,347
6.58,-6.75,-6.75,-0.26,-0.26,-0.26,455,429,424,339,347
6.86,-6.86,-6.86,-0.04,-0.04,-0.04,455,429,424,339,347
5.68,-7.26,-7.26,0.08,0.08,0.08,455,429,424,339,347
5.74,-7.26,-7.26,0.02,0.02,0.02,455,429,424,339,347
5.57,-7.14,-7.14,0.05,0.05,0.05,455,429,424,339,347
END
5.70,-7.09,-7.09,0.04,0.04,0.04,455,428,424,339,346
4.44,-7.95,-7.95,0.04,0.04,0.04,455,428,424,339,346
4.43,-7.79,-7.79,0.04,0.04,0.04,455,428,423,339,346
3.20,-8.43,-8.43,-0.24,-0.24,-0.24,455,428,423,339,346
4.44,-7.80,-7.80,-0.51,-0.51,-0.51,455,428,423,339,346
4.53,-7.49,-7.49,-0.46,-0.46,-0.46,455,428,423,339,346
6.16,-6.73,-6.73,-0.31,-0.31,-0.31,454,428,423,339,347
6.82,-6.71,-6.71,-0.07,-0.07,-0.07,454,428,424,339,347
5.86,-7.23,-7.23,-0.00,-0.00,-0.00,454,428,423,339,347
5.36,-7.28,-7.28,0.04,0.04,0.04,454,428,423,339,347
5.86,-7.06,-7.06,0.03,0.03,0.03,454,428,423,339,347
END
5.35,-7.35,-7.35,0.03,0.03,0.03,454,428,423,339,346
4.41,-7.98,-7.98,0.04,0.04,0.04,454,428,423,339,346
3.17,-8.71,-8.71,-0.07,-0.07,-0.07,454,428,423,339,346
3.50,-8.34,-8.34,-0.40,-0.40,-0.40,454,428,423,339,346
3.67,-7.96,-7.96,-0.60,-0.60,-0.60,454,428,423,339,346
6.63,-6.29,-6.29,-0.58,-0.58,-0.58,454,428,423,339,347
6.86,-6.79,-6.79,-0.21,-0.21,-0.21,454,428,423,339,347
6.72,-6.75,-6.75,-0.03,-0.03,-0.03,454,428,423,339,347
5.78,-7.39,-7.39,0.04,0.04,0.04,453,428,423,339,347
5.89,-7.33,-7.33,0.01,0.01,0.01,453,428,423,339,347
5.89,-7.18,-7.18,0.05,0.05,0.05,453,427,423,339,347
END
5.84,-7.34,-7.34,0.01,0.01,0.01,455,428,423,339,346
5.10,-7.74,-7.74,-0.05,-0.05,-0.05,455,428,423,339,346
1.72,-8.79,-8.79,-0.33,-0.33,-0.33,455,428,423,339,346
4.64,-7.80,-7.80,-0.68,-0.68,-0.68,454,427,423,339,346
6.06,-6.67,-6.67,-0.36,-0.36,-0.36,454,427,423,339,346
6.00,-7.09,-7.09,-0.16,-0.16,-0.16,453,427,423,339,346
5.91,-7.29,-7.29,-0.03,-0.03,-0.03,453,427,423,339,346
5.13,-7.39,-7.39,0.01,0.01,0.01,453,427,423,339,346
5.23,-7.45,-7.45,0.04,0.04,0.04,453,427,423,339,346
5.02,-7.52,-7.52,0.03,0.03,0.03,453,427,423,339,346
5.39,-7.37,-7.37,0.05,0.05,0.05,453,427,423,339,346
END
5.18,-7.34,-7.34,0.04,0.04,0.04,455,427,422,339,344
4.28,-7.95,-7.95,0.02,0.02,0.02,455,427,422,339,344
3.88,-8.15,-8.15,-0.01,-0.01,-0.01,455,427,422,339,344
3.32,-8.54,-8.54,-0.36,-0.36,-0.36,455,427,422,338,344
3.79,-7.75,-7.75,-0.57,-0.57,-0.57,454,427,422,339,345
5.11,-6.71,-6.71,-0.54,-0.54,-0.54,453,427,422,338,345
6.00,-6.91,-6.91,-0.24,-0.24,-0.24,452,426,422,339,345
6.29,-6.91,-6.91,-0.06,-0.06,-0.06,452,426,422,339,346
5.84,-7.64,-7.64,0.06,0.06,0.06,452,426,422,339,346
5.32,-7.39,-7.39,0.03,0.03,0.03,452,426,422,339,346
5.03,-7.32,-7.32,0.04,0.04,0.04,452,426,422,339,346
END
5.31,-7.32,-7.32,0.04,0.04,0.04,451,426,421,339,345
4.48,-7.77,-7.77,0.02,0.02,0.02,451,426,421,339,345
3.93,-8.15,-8.15,-0.06,-0.06,-0.06,451,426,422,339,345
3.12,-8.53,-8.53,-0.33,-0.33,-0.33,451,426,421,339,345
4.59,-7.21,-7.21,-0.57,-0.57,-0.57,451,426,421,339,346
5.41,-7.40,-7.40,-0.44,-0.44,-0.44,451,426,421,339,345
6.25,-6.40,-6.40,-0.36,-0.36,-0.36,451,426,421,339,346
6.97,-6.75,-6.75,-0.06,-0.06,-0.06,450,426,422,339,346
5.69,-7.03,-7.03,0.06,0.06,0.06,450,426,422,339,346
5.54,-7.17,-7.17,0.04,0.04,0.04,450,426,422,339,346
5.43,-7.15,-7.15,0.03,0.03,0.03,450,425,421,339,346
END
5.52,-7.24,-7.24,0.02,0.02,0.02,450,425,421,339,344
4.33,-8.03,-8.03,0.03,0.03,0.03,450,426,421,339,345
3.69,-8.36,-8.36,0.00,0.00,0.00,450,425,421,339,345
2.61,-8.79,-8.79,-0.33,-0.33,-0.33,450,425,421,339,345
4.30,-7.80,-7.80,-0.44,-0.44,-0.44,450,425,421,339,345
4.06,-7.42,-7.42,-0.43,-0.43,-0.43,450,425,421,338,345
5.33,-7.06,-7.06,-0.34,-0.34,-0.34,450,425,421,339,345
6.51,-6.85,-6.85,-0.14,-0.14,-0.14,449,425,421,338,345
6.31,-7.14,-7.14,0.02,0.02,0.02,449,425,421,339,345
5.22,-7.52,-7.52,0.06,0.06,0.06,449,425,421,339,345
5.41,-7.39,-7.39,0.01,0.01,0.01,449,425,421,339,345
END
5.34,-7.22,-7.22,0.04,0.04,0.04,450,425,421,339,343
4.09,-8.18,-8.18,0.03,0.03,0.03,450,425,421,339,343
3.55,-8.63,-8.63,-0.30,-0.30,-0.30,450,425,421,339,343
4.39,-7.98,-7.98,-0.35,-0.35,-0.35,450,425,421,339,343
4.76,-7.86,-7.86,-0.42,-0.42,-0.42,449,425,421,339,344
5.19,-7.62,-7.62,-0.31,-0.31,-0.31,449,425,421,339,344
5.01,-7.44,-7.44,-0.28,-0.28,-0.28,449,425,421,339,344
5.59,-7.14,-7.14,-0.16,-0.16,-0.16,448,424,421,339,344
6.91,-6.91,-6.91,-0.01,-0.01,-0.01,448,425,421,339,344
5.62,-7.15,-7.15,0.02,0.02,0.02,448,424,421,339,344
5.58,-7.47,-7.47,0.06,0.06,0.06,448,424,421,339,344
END
5.51,-7.34,-7.34,0.03,0.03,0.03,450,425,420,339,343
4.19,-8.19,-8.19,0.00,0.00,0.00,450,425,420,339,343
2.80,-8.81,-8.81,-0.19,-0.19,-0.19,450,424,420,339,343
3.19,-8.36,-8.36,-0.48,-0.48,-0.48,450,424,420,339,343
4.65,-7.16,-7.16,-0.56,-0.56,-0.56,449,424,420,339,344
6.12,-6.60,-6.60,-0.40,-0.40,-0.40,448,424,421,339,344
6.65,-6.85,-6.85,-0.11,-0.11,-0.11,448,424,420,339,344
5.74,-7.27,-7.27,-0.00,-0.00,-0.00,448,424,420,339,344
5.57,-7.32,-7.32,0.03,0.03,0.03,448,424,420,339,344
5.46,-7.40,-7.40,0.03,0.03,0.03,448,424,420,339,344
5.77,-7.34,-7.34,0.03,0.03,0.03,448,424,420,339,344
END