3.60,7.88,-10.41,-0.11,0.16,-0.30,483,435,313,354,391
4.61,-1.83,-8.79,0.03,-0.02,-0.01,483,435,313,353,391
4.24,-1.98,-8.67,0.07,0.02,-0.01,483,435,313,354,391
4.29,-2.08,-8.51,0.05,0.02,-0.01,483,435,313,354,391
4.37,-2.07,-8.56,0.05,0.00,-0.04,482,435,313,354,390
4.09,-2.05,-8.71,0.02,0.04,-0.02,482,436,313,354,390
4.19,-1.72,-8.82,-0.00,0.00,-0.06,482,437,312,354,390
4.74,-1.77,-9.33,0.06,-0.04,-0.09,481,437,313,354,390
4.97,-2.80,-8.85,0.01,-0.11,-0.06,481,438,313,354,389
5.63,-3.93,-8.37,-0.04,-0.04,0.14,481,437,313,354,389
4.96,-3.55,-7.42,-0.17,-0.11,0.23,482,439,313,354,389
3.75,-2.71,-7.09,-0.41,-0.20,0.21,482,438,313,353,391
1.59,-1.97,-5.55,-0.68,0.19,0.35,481,437,313,352,390
1.38,0.64,-6.40,-0.93,0.33,0.15,481,437,313,352,390
4.18,3.00,-7.45,-0.90,0.02,-0.40,481,437,312,352,390
4.67,4.47,-9.73,-0.75,0.00,-0.55,480,436,312,353,390
5.25,6.69,-11.28,-0.45,0.29,-0.19,480,436,313,357,392
5.54,5.73,-11.87,-0.04,0.15,-0.34,480,436,313,358,391
6.14,4.80,-12.02,0.27,0.05,-0.34,480,436,313,358,392
6.12,3.27,-11.36,0.59,-0.06,-0.23,480,436,314,357,391
4.88,1.67,-9.84,0.80,-0.05,-0.15,480,436,313,356,391
4.30,0.06,-8.47,0.86,0.02,0.00,480,436,313,354,391
4.94,-0.75,-8.01,0.84,0.04,0.11,480,436,313,352,391
4.86,-0.99,-7.91,0.71,0.13,0.27,480,436,312,351,391
4.04,-1.37,-8.31,0.66,0.17,0.34,480,436,313,352,391
4.02,-2.94,-7.51,0.46,-0.11,0.22,479,436,313,352,391
3.09,-4.64,-5.58,0.16,-0.24,0.00,479,436,312,352,390
3.10,-3.16,-6.00,-0.29,-0.13,0.12,479,436,312,352,390
2.96,-1.64,-7.21,-0.53,-0.22,-0.10,479,436,311,352,389
3.55,-0.84,-8.14,-0.70,-0.35,-0.17,479,435,312,352,389
2.99,-0.13,-7.67,-0.80,-0.00,0.08,479,435,311,351,389
2.52,0.68,-7.86,-0.81,0.10,-0.01,479,435,311,351,389
3.43,3.27,-8.59,-0.94,0.00,-0.14,480,435,311,351,389
3.48,5.06,-9.85,-0.75,0.04,-0.22,479,435,311,351,388
4.76,4.95,-10.44,-0.74,0.01,-0.07,479,435,311,351,388
3.68,4.92,-9.42,-0.41,0.21,-0.01,479,435,311,351,388
END
4.31,4.85,-7.63,-0.32,-0.04,-0.14,476,426,314,352,395
4.67,-2.69,-8.36,0.07,-0.02,-0.04,476,426,314,352,395
4.20,-2.74,-8.32,0.04,0.03,0.04,476,425,315,352,395
4.51,-2.63,-8.51,0.05,0.00,-0.02,476,426,314,352,395
4.31,-2.63,-8.58,0.05,0.00,-0.03,476,426,315,352,395
4.46,-2.84,-8.40,0.03,-0.03,-0.03,476,426,315,353,394
4.11,-3.36,-8.13,0.00,-0.05,-0.03,476,426,314,352,394
4.02,-4.10,-7.88,-0.17,-0.11,-0.07,475,426,314,351,394
4.52,-4.04,-7.11,-0.29,-0.11,0.01,475,426,313,350,393
4.31,-2.88,-7.52,-0.41,-0.05,0.07,475,426,312,349,393
3.24,-1.62,-7.90,-0.51,0.07,0.06,475,427,312,349,392
3.88,0.06,-8.35,-0.63,-0.17,-0.16,475,426,311,348,391
3.98,0.42,-8.28,-0.67,0.01,0.02,475,426,310,348,391
2.37,1.18,-8.40,-0.72,0.19,-0.07,475,425,310,348,391
3.61,1.67,-8.10,-0.71,-0.16,-0.55,474,425,310,348,391
3.44,2.38,-8.44,-0.70,0.27,-0.12,474,425,310,348,390
4.72,5.62,-9.40,-0.59,0.36,-0.26,474,425,310,348,390
5.20,6.63,-10.30,-0.31,0.25,-0.26,474,425,310,348,391
6.44,6.58,-11.23,0.04,-0.04,-0.45,474,426,310,348,391
6.06,5.32,-10.88,0.34,-0.05,-0.30,474,426,310,349,391
5.36,4.59,-10.20,0.62,-0.04,-0.20,474,426,311,350,391
5.17,3.44,-9.80,0.88,-0.01,-0.05,473,426,311,351,390
4.69,2.03,-9.45,1.16,0.55,0.63,473,427,312,351,390
4.87,0.01,-8.28,1.18,0.53,0.57,473,427,313,350,389
4.49,-2.51,-6.76,0.99,0.06,0.34,472,427,313,351,389
3.73,-4.05,-5.45,0.61,-0.16,0.22,472,427,313,351,388
4.31,-5.36,-4.41,0.11,-0.49,-0.15,472,427,313,350,388
4.29,-4.01,-5.13,-0.34,-0.33,-0.02,472,427,313,350,388
2.96,-1.16,-7.02,-0.70,-0.25,-0.12,472,428,313,350,387
3.17,0.62,-7.72,-0.81,-0.34,-0.30,472,428,312,349,387
2.53,0.98,-7.61,-0.91,-0.14,-0.27,472,427,312,349,386
2.99,2.58,-7.59,-0.88,0.30,0.24,472,428,312,348,386
3.62,4.06,-8.48,-0.75,-0.04,-0.49,472,428,311,348,386
3.38,5.48,-9.02,-0.88,0.06,-0.10,471,428,311,347,386
5.08,5.44,-8.36,-0.64,0.13,-0.22,471,427,311,347,385
3.76,6.27,-9.78,-0.48,0.23,-0.14,471,428,311,348,385
END
4.75,6.05,-8.70,-0.40,0.05,-0.18,470,428,314,358,385
4.71,-1.95,-8.69,-0.10,-0.12,-0.10,470,428,314,358,384
4.64,-1.49,-9.13,-0.03,-0.07,-0.05,470,428,315,359,384
3.80,-1.90,-8.91,-0.04,-0.00,0.02,470,428,315,358,385
4.81,-1.39,-9.03,-0.07,-0.06,-0.02,470,428,315,359,384
4.48,-1.32,-9.03,-0.01,-0.02,0.04,470,428,315,359,384
3.15,-2.81,-7.30,-0.17,-0.09,-0.01,470,428,315,358,384
4.50,-2.14,-6.59,-0.62,-0.41,-0.23,470,428,314,357,384
3.46,-1.25,-7.80,-0.68,-0.37,-0.28,470,428,314,357,384
2.99,1.82,-8.98,-0.89,-0.23,0.22,470,427,313,357,384
2.70,2.85,-8.85,-0.70,-0.13,0.21,469,427,313,356,384
2.51,3.09,-9.05,-0.50,-0.07,-0.07,470,427,313,355,383
1.56,4.95,-9.28,-0.45,0.22,-0.03,470,427,313,355,383
2.48,5.10,-8.90,-0.44,0.14,-0.14,470,427,313,355,383
3.42,5.64,-9.45,-0.32,0.18,-0.29,470,427,313,355,384
3.56,5.81,-10.39,-0.22,0.11,-0.26,470,427,313,355,383
3.83,5.99,-10.52,0.01,0.11,-0.23,470,427,313,355,383
3.75,5.93,-10.47,0.23,0.06,-0.24,470,427,313,355,384
4.19,6.07,-10.95,0.44,0.04,-0.16,469,427,313,355,383
3.92,4.91,-10.35,0.82,0.15,-0.04,469,427,313,355,383
4.64,3.40,-9.71,1.05,0.19,0.01,469,427,314,355,383
4.54,1.59,-8.89,1.09,0.31,0.36,467,427,314,355,383
3.01,-0.88,-7.31,1.03,0.27,0.43,467,428,316,355,383
2.96,-3.19,-6.14,0.60,-0.14,-0.01,467,427,316,353,382
3.42,-4.19,-5.78,0.14,-0.34,-0.25,467,427,315,352,382
3.73,-2.39,-6.40,-0.26,-0.08,0.13,466,427,314,349,382
3.29,-1.00,-6.91,-0.51,-0.12,-0.06,466,427,314,348,382
2.67,0.29,-7.52,-0.74,-0.23,-0.22,466,427,314,348,381
3.18,1.56,-7.96,-0.87,-0.26,-0.27,466,427,314,348,380
3.40,4.10,-9.05,-0.80,-0.06,-0.08,466,427,313,348,380
3.93,5.35,-9.81,-0.66,0.00,0.03,466,427,313,348,379
2.65,5.07,-9.60,-0.43,0.13,-0.01,466,427,313,348,379
2.12,4.54,-8.71,-0.47,0.04,-0.09,466,427,313,348,379
3.47,5.70,-8.61,-0.41,-0.01,-0.15,466,427,313,348,379
3.21,6.19,-9.04,-0.24,0.05,-0.14,466,427,313,348,379
3.45,5.82,-8.71,-0.18,0.11,-0.02,466,427,313,349,379
END
3.17,6.00,-8.49,-0.09,0.14,-0.02,482,419,319,345,398
4.90,-1.28,-8.59,0.10,-0.04,-0.09,481,419,318,345,396
4.54,-1.17,-8.35,0.07,0.03,0.04,480,420,318,345,396
4.95,-1.13,-8.31,0.05,-0.01,0.03,479,419,318,345,395
4.96,-0.86,-8.65,0.01,0.02,0.05,475,418,317,344,395
4.93,-0.73,-8.99,0.02,-0.02,0.01,469,415,315,344,394
4.72,-1.30,-8.90,0.07,-0.08,-0.07,468,414,314,344,393
4.36,-3.07,-7.43,-0.12,-0.12,-0.06,467,414,313,344,392
3.87,-3.56,-6.73,-0.47,-0.23,-0.19,466,414,311,343,391
5.13,-0.61,-7.86,-0.58,-0.19,-0.04,466,414,309,344,391
3.43,1.67,-8.94,-0.44,0.19,0.29,465,414,308,344,390
3.14,1.66,-8.20,-0.43,-0.07,-0.43,465,414,307,343,390
4.89,2.10,-8.19,-0.46,-0.16,-0.60,465,413,307,343,391
3.65,3.42,-9.20,-0.46,-0.04,-0.43,465,413,306,343,391
3.61,4.43,-8.55,-0.49,0.10,-0.09,464,412,306,343,390
4.34,4.90,-8.90,-0.39,0.01,-0.28,464,412,305,343,390
3.35,6.06,-9.61,-0.17,0.19,-0.18,464,412,305,343,391
4.19,5.86,-9.45,-0.08,0.06,-0.22,463,412,305,343,390
4.47,5.61,-9.51,0.21,0.12,-0.27,463,412,306,343,390
5.15,5.55,-9.96,0.34,0.06,-0.21,463,413,306,343,390
4.77,5.06,-9.98,0.63,0.04,-0.32,464,416,306,344,391
4.95,4.12,-9.92,0.85,0.04,-0.18,466,419,306,345,392
4.97,2.03,-8.70,0.96,0.14,0.05,467,418,307,345,391
4.49,0.14,-8.21,0.95,0.19,0.26,469,418,307,345,392
4.18,-0.84,-7.61,0.74,0.04,0.26,471,419,308,345,391
3.91,-2.48,-7.12,0.42,-0.17,0.05,469,419,308,345,391
3.95,-3.15,-6.54,0.13,-0.12,0.12,468,418,308,345,390
3.93,-1.47,-7.64,-0.27,-0.01,0.29,467,418,308,346,390
4.01,0.06,-8.34,-0.52,-0.10,0.23,467,418,308,346,390
3.86,0.20,-8.48,-0.43,-0.03,0.24,468,418,307,344,389
3.19,1.11,-7.93,-0.59,-0.09,-0.03,468,418,307,344,389
3.52,1.77,-7.95,-0.68,-0.18,-0.15,467,418,307,344,389
3.47,3.07,-7.86,-0.79,0.18,0.02,466,418,307,344,387
4.06,4.67,-8.79,-0.56,0.09,-0.09,465,418,307,344,387
3.37,5.00,-8.64,-0.55,0.09,-0.14,465,418,307,344,387
3.75,5.20,-8.99,-0.50,0.06,-0.15,465,418,308,344,386
END
3.83,5.20,-8.73,-0.41,0.12,-0.07,457,417,320,362,386
4.30,-0.04,-9.16,0.11,-0.02,-0.06,457,417,320,362,386
4.69,-0.09,-8.99,0.18,0.02,-0.11,457,417,320,363,386
4.62,-0.36,-8.98,0.11,0.01,-0.06,457,417,320,363,386
4.56,-0.84,-8.66,0.10,-0.05,-0.10,457,417,320,363,386
4.26,-0.93,-8.72,0.04,-0.03,-0.00,457,417,320,363,386
4.46,-0.76,-8.95,-0.09,-0.09,-0.00,457,417,320,362,386
5.09,-1.31,-8.76,-0.12,-0.13,0.05,457,417,319,361,386
4.80,-2.05,-8.18,-0.22,-0.18,0.08,457,417,319,360,386
3.89,-0.63,-8.28,-0.37,-0.16,0.23,457,417,319,360,386
3.02,0.37,-8.28,-0.38,-0.16,0.06,457,417,319,360,386
3.19,1.52,-9.14,-0.55,-0.19,-0.09,457,417,319,359,385
3.46,1.10,-8.15,-0.45,-0.11,-0.07,457,417,318,358,385
2.37,2.30,-9.12,-0.47,-0.03,-0.06,457,417,317,357,385
3.11,2.71,-7.31,-0.71,-0.06,0.10,456,417,316,355,385
2.69,4.56,-8.52,-0.45,-0.15,-0.41,457,417,316,354,385
2.85,5.33,-8.77,-0.65,-0.15,-0.14,457,417,315,354,385
2.37,6.55,-8.95,-0.37,0.20,0.09,458,417,315,354,385
3.09,7.21,-9.66,-0.33,0.05,-0.14,458,417,315,354,385
3.09,6.98,-9.81,-0.03,0.16,-0.14,458,417,316,355,385
3.13,6.55,-10.01,0.19,0.24,-0.09,457,417,315,355,385
4.33,6.51,-9.92,0.38,0.24,0.04,457,417,316,355,385
5.23,6.73,-10.75,0.71,0.27,0.10,457,417,315,354,386
3.95,3.68,-9.75,1.08,0.40,0.53,456,417,315,354,386
4.75,1.92,-8.24,1.09,0.08,0.32,457,418,316,354,385
4.14,0.50,-8.01,1.21,0.08,0.25,457,418,316,357,385
2.25,-1.69,-7.45,1.05,0.06,0.21,457,418,316,358,384
3.75,-3.69,-6.16,0.48,-0.58,-0.53,457,419,316,358,384
4.89,-3.61,-5.51,0.10,-0.50,-0.43,456,419,316,360,384
4.08,-2.05,-7.01,-0.28,-0.20,0.08,456,419,316,361,383
3.81,-0.29,-7.34,-0.55,-0.12,0.17,456,419,316,360,384
3.19,1.11,-8.62,-0.50,-0.02,0.09,457,418,316,361,384
3.55,2.24,-8.82,-0.60,-0.02,0.06,457,418,315,360,382
2.36,2.02,-8.60,-0.53,-0.07,-0.18,457,419,316,358,381
2.62,2.96,-8.76,-0.54,0.05,-0.20,457,419,315,358,381
2.91,3.70,-9.04,-0.66,0.12,-0.04,457,419,315,358,380
END
3.26,4.16,-8.69,-0.59,-0.11,-0.31,455,418,318,358,383
4.68,-2.08,-8.47,0.05,-0.07,0.00,455,418,318,359,383
4.31,-2.01,-8.76,0.01,-0.01,0.06,456,418,318,358,383
4.35,-1.98,-8.70,0.05,-0.05,-0.03,455,418,318,358,382
4.52,-2.10,-8.70,0.06,-0.03,-0.06,455,418,318,358,382
4.01,-2.60,-8.20,0.02,0.00,-0.04,455,418,318,358,382
4.82,-3.37,-7.21,-0.13,-0.05,-0.03,455,418,318,358,382
3.80,-2.91,-7.42,-0.40,-0.08,-0.04,454,418,318,357,382
4.84,-2.03,-7.82,-0.67,-0.31,-0.12,454,417,317,357,382
3.75,-0.43,-8.17,-0.55,-0.05,-0.01,454,417,318,357,381
3.09,0.83,-8.63,-0.68,-0.04,-0.03,454,417,319,357,382
4.13,1.72,-8.54,-0.68,-0.18,-0.21,454,417,319,357,382
3.57,2.34,-8.84,-0.52,0.10,-0.07,454,417,319,356,382
3.07,2.98,-8.47,-0.58,0.08,-0.09,454,417,318,356,382
4.09,3.57,-8.51,-0.56,0.01,-0.22,454,416,318,355,382
3.74,4.41,-8.50,-0.45,0.02,-0.33,454,417,318,356,382
3.89,5.74,-9.63,-0.31,0.08,-0.22,454,416,318,356,382
4.00,5.75,-9.56,-0.24,0.18,-0.02,454,416,318,356,382
3.84,5.79,-9.32,-0.00,0.10,-0.21,454,416,317,356,382
3.81,5.43,-9.27,0.15,0.15,-0.17,454,416,317,356,382
4.26,6.13,-9.76,0.40,0.23,-0.17,454,416,318,357,383
4.90,5.10,-9.38,0.62,0.37,0.04,454,416,319,358,382
6.76,3.54,-9.35,0.66,0.36,0.41,454,416,319,358,383
5.89,2.10,-8.79,0.95,0.34,0.45,454,417,320,358,383
6.75,0.31,-7.95,0.79,-0.35,0.05,454,417,320,358,383
5.45,-0.22,-7.80,0.83,-0.35,0.10,454,417,320,358,383
3.62,-1.85,-7.07,0.65,-0.31,0.07,454,417,319,356,383
3.14,-2.86,-6.47,0.30,-0.34,0.08,454,417,319,356,382
3.40,-2.59,-6.66,0.01,-0.27,0.04,454,417,318,356,382
3.33,-1.88,-6.71,-0.35,-0.13,0.12,454,416,317,356,382
3.57,-0.50,-6.50,-0.53,0.14,0.36,453,416,316,355,382
2.94,0.10,-7.61,-0.63,0.18,-0.00,453,416,316,354,381
3.66,2.18,-8.72,-0.82,0.02,-0.25,453,416,316,354,381
4.24,2.23,-8.21,-0.79,-0.09,-0.28,453,416,316,354,381
2.96,4.83,-9.20,-0.68,-0.01,-0.38,453,416,316,355,381
3.55,5.01,-8.66,-0.75,-0.17,-0.31,453,416,316,355,381
END
3.64,5.22,-8.41,-0.54,-0.09,-0.41,454,416,311,352,382
4.50,-1.54,-9.07,0.03,-0.00,-0.02,454,415,312,352,382
4.19,-1.83,-8.88,0.02,0.00,-0.03,454,415,312,352,382
4.22,-1.58,-8.95,0.05,-0.00,-0.07,453,415,312,352,382
4.30,-1.73,-8.72,0.00,-0.02,-0.07,453,415,312,352,382
4.54,-1.34,-8.99,0.05,-0.01,-0.07,453,415,312,353,382
4.22,-1.38,-9.09,0.07,-0.02,-0.08,452,414,312,352,383
4.58,-2.67,-8.33,0.03,-0.07,-0.07,452,414,312,353,382
4.21,-3.92,-7.19,-0.19,-0.11,-0.04,452,414,313,352,382
4.03,-4.01,-7.21,-0.45,-0.33,-0.24,453,414,313,352,382
4.05,-1.09,-8.34,-0.67,-0.26,0.03,453,414,313,352,382
3.98,1.39,-9.22,-0.61,-0.24,0.05,454,414,313,351,382
3.21,1.52,-7.40,-0.55,-0.09,0.12,453,414,312,351,382
2.93,2.77,-8.52,-0.65,-0.15,-0.04,453,414,312,351,382
1.49,3.70,-7.70,-0.74,0.04,0.11,453,414,311,351,382
2.91,3.28,-8.27,-0.73,-0.14,-0.23,453,414,312,351,381
1.78,5.06,-8.59,-0.61,0.21,-0.18,453,414,312,353,382
2.49,5.52,-8.74,-0.59,0.00,-0.39,453,414,314,353,382
3.26,7.31,-9.53,-0.50,0.00,-0.23,453,414,313,352,382
2.80,7.49,-9.66,-0.20,0.13,-0.19,453,414,314,353,383
3.11,8.20,-10.57,0.07,0.16,-0.13,454,414,314,353,382
3.72,8.39,-10.88,0.39,0.17,-0.14,454,414,314,354,383
3.93,6.93,-10.14,0.74,0.27,0.05,453,414,314,356,383
6.02,5.76,-10.27,0.93,0.34,0.36,453,413,315,358,384
2.93,2.88,-9.53,1.27,0.91,1.13,453,414,316,358,383
4.32,-0.14,-6.81,1.16,0.02,0.23,452,414,316,357,383
5.00,-2.07,-5.99,1.01,-0.35,-0.12,452,414,315,357,382
5.00,-2.70,-6.35,0.56,-0.37,-0.00,452,414,315,356,382
3.47,-3.12,-5.86,0.21,-0.41,-0.03,452,414,314,356,382
3.19,-2.94,-5.48,-0.35,-0.34,0.09,452,414,314,355,382
2.91,-0.80,-6.26,-0.62,-0.31,-0.10,452,413,313,355,381
3.19,0.90,-7.13,-0.84,-0.18,-0.02,452,414,313,354,381
3.34,2.37,-7.90,-1.02,0.26,0.64,451,413,313,354,381
4.06,4.47,-8.95,-0.72,0.26,0.20,451,413,313,354,381
2.86,4.15,-9.28,-0.57,0.15,-0.06,451,413,313,354,381
3.63,4.37,-8.77,-0.69,0.04,-0.20,451,413,313,354,381
END
4.08,5.15,-8.28,-0.55,0.05,-0.28,454,413,316,361,382
4.37,-1.61,-8.99,0.10,0.02,-0.03,458,414,317,362,382
4.25,-1.67,-8.63,0.09,-0.01,-0.08,456,415,317,362,382
5.30,-1.83,-8.84,0.10,-0.13,-0.21,454,414,318,363,381
4.85,-1.85,-8.86,0.04,0.01,0.01,454,414,318,363,381
4.92,-2.44,-8.40,-0.04,-0.07,-0.02,454,414,318,363,381
5.00,-3.39,-8.05,-0.04,0.03,0.05,454,415,318,363,381
4.62,-3.44,-7.59,-0.17,-0.11,0.02,454,414,318,364,381
4.07,-2.52,-7.59,-0.41,-0.18,-0.03,454,414,318,364,381
3.09,-1.40,-7.76,-0.62,-0.27,-0.14,454,414,318,363,381
1.31,0.42,-7.42,-0.78,-0.32,-0.52,454,414,317,362,381
4.07,2.96,-7.96,-0.98,-0.66,-0.18,453,414,317,362,380
2.34,3.81,-9.24,-0.50,0.04,-0.00,454,414,317,361,380
1.39,4.97,-8.82,-0.74,0.03,0.11,455,414,317,361,380
1.10,4.77,-7.85,-0.52,-0.12,-0.43,454,414,316,360,380
0.81,7.17,-8.34,-0.62,-0.28,-1.12,454,414,316,359,379
2.31,5.81,-7.34,-0.67,-0.07,-0.27,453,414,315,359,379
1.87,7.25,-9.27,-0.33,0.47,0.00,454,414,315,359,379
2.42,7.87,-9.33,-0.39,0.21,0.00,454,414,315,359,379
3.42,9.05,-10.22,-0.08,0.15,0.05,454,414,315,359,380
3.45,8.69,-10.75,0.24,0.21,0.08,454,414,315,359,380
4.38,7.99,-10.89,0.60,0.31,0.34,453,414,315,359,380
4.66,7.03,-10.32,1.00,0.27,0.45,453,414,316,360,380
4.72,4.11,-8.56,1.19,0.15,0.39,452,414,316,360,380
4.31,1.79,-7.48,1.35,0.15,0.43,452,414,316,360,380
3.61,-0.14,-7.20,1.27,0.22,0.67,452,414,317,361,380
2.64,-2.34,-6.30,1.06,-0.07,0.16,452,415,317,361,379
4.37,-3.23,-5.42,0.44,-0.33,-0.03,452,415,316,361,379
4.21,-3.34,-6.50,0.26,-0.11,0.09,451,415,316,361,379
3.85,-2.67,-7.06,-0.16,0.01,0.27,451,415,317,361,379
3.22,-2.81,-7.05,-0.26,-0.14,-0.12,451,415,316,361,379
3.71,-0.85,-8.03,-0.69,-0.24,-0.04,451,415,316,360,379
2.68,-0.55,-8.48,-0.61,-0.11,-0.12,451,415,315,359,379
3.03,0.93,-9.07,-0.76,-0.12,-0.05,451,415,315,358,379
3.46,2.23,-7.87,-0.70,-0.15,-0.20,451,414,315,358,378
3.21,3.11,-9.61,-0.66,-0.07,-0.21,451,414,315,357,379
END
2.66,3.84,-7.94,-0.74,0.09,0.04,451,415,316,361,381
4.63,-0.60,-8.65,0.01,-0.03,-0.05,451,415,316,361,381
4.39,-0.62,-8.98,-0.01,-0.05,-0.09,451,415,317,362,381
4.67,-0.62,-9.01,-0.01,-0.03,-0.10,451,415,318,363,381
4.57,-0.53,-8.90,0.02,0.02,-0.08,451,415,318,364,381
4.62,-0.63,-9.08,0.06,0.02,-0.05,451,415,318,364,381
4.66,-0.44,-9.09,0.10,-0.04,-0.07,451,415,318,364,381
4.83,-0.46,-9.51,0.17,-0.01,-0.03,451,414,317,363,381
4.65,-1.21,-9.73,0.21,-0.04,-0.01,451,414,317,363,381
5.14,-2.66,-7.79,0.21,-0.09,-0.02,451,414,317,363,381
4.29,-3.56,-6.81,-0.06,-0.19,-0.07,451,414,317,362,381
4.52,-2.19,-6.68,-0.42,-0.11,0.21,452,414,318,362,381
3.40,-0.73,-6.86,-0.49,-0.04,0.05,453,414,317,362,381
2.56,0.41,-7.75,-0.76,0.11,0.09,453,415,317,361,381
2.81,2.08,-7.70,-0.79,0.02,-0.26,452,414,317,361,381
3.76,2.81,-8.40,-0.67,-0.14,-0.66,455,414,317,361,381
3.78,4.88,-7.85,-0.73,0.00,-0.41,464,415,317,360,382
3.79,6.07,-8.45,-0.71,0.09,-0.17,464,416,317,360,381
4.39,8.52,-10.65,-0.41,0.06,-0.24,463,416,317,360,382
4.23,7.84,-11.24,-0.09,0.13,-0.19,462,416,317,360,383
4.21,6.88,-10.47,0.26,0.16,-0.22,462,416,317,360,382
4.30,5.22,-9.92,0.62,0.23,-0.17,461,416,317,360,382
4.72,3.92,-9.19,0.69,0.08,-0.19,460,416,317,361,382
5.10,3.57,-9.28,0.79,0.13,0.00,458,416,317,361,382
5.38,2.91,-9.69,1.03,0.28,0.26,456,417,317,361,382
5.45,1.28,-9.12,0.97,0.15,0.36,456,417,317,360,381
4.77,-0.29,-7.90,1.09,0.15,0.51,458,416,317,360,382
3.80,-3.02,-6.11,0.91,0.07,0.35,462,416,317,360,382
3.02,-4.90,-4.40,0.31,-0.23,0.08,463,416,317,359,381
4.01,-4.18,-5.47,-0.32,-0.36,0.02,462,416,317,358,381
3.59,-1.66,-7.03,-0.64,-0.13,0.23,465,417,316,358,382
3.26,0.28,-7.90,-0.74,-0.24,-0.10,466,417,316,357,381
2.33,1.64,-8.38,-0.63,0.00,-0.21,464,417,316,356,381
3.88,2.69,-8.94,-0.59,0.03,-0.26,463,417,316,356,381
3.24,2.48,-9.04,-0.50,0.19,-0.22,463,417,316,356,380
5.41,3.58,-9.58,-0.52,-0.06,-0.43,462,417,316,356,380
END
3.41,4.01,-9.50,-0.40,-0.00,-0.33,460,418,318,360,383
4.95,-1.49,-8.79,0.02,-0.03,-0.05,460,418,318,360,383
4.83,-1.70,-8.78,0.10,0.01,-0.02,459,418,317,359,383
4.64,-1.96,-8.61,0.05,-0.03,-0.02,459,418,317,359,383
4.77,-2.18,-8.48,-0.00,-0.08,0.03,458,418,317,359,383
5.15,-2.61,-8.36,-0.02,-0.02,0.12,458,418,317,359,382
4.87,-2.66,-8.31,-0.08,-0.04,0.22,458,418,317,359,382
3.55,-3.12,-7.88,-0.14,-0.10,0.14,458,417,317,359,383
4.24,-2.47,-7.32,-0.46,-0.21,0.07,458,417,317,358,382
2.76,-1.92,-7.85,-0.50,-0.20,-0.12,458,417,317,358,382
2.77,-0.17,-7.49,-0.71,-0.18,-0.09,458,417,317,357,382
3.24,0.83,-7.21,-0.64,-0.18,-0.42,458,417,317,357,381
2.71,3.12,-9.23,-0.60,-0.09,-0.45,458,417,317,358,381
2.49,5.24,-8.86,-0.70,0.01,-0.05,458,417,317,358,381
3.12,4.13,-9.56,-0.55,-0.02,-0.29,459,417,317,356,381
2.83,5.37,-9.71,-0.49,0.03,-0.34,459,417,317,357,381
3.24,5.75,-9.71,-0.34,0.19,-0.13,458,417,317,357,381
3.55,5.97,-10.14,-0.15,0.08,-0.31,458,417,315,357,381
3.47,6.17,-10.20,0.05,0.15,-0.25,458,417,317,357,381
4.28,6.17,-10.54,0.33,0.21,-0.17,458,417,317,357,381
4.25,5.86,-10.62,0.58,0.23,-0.06,458,417,318,358,381
4.92,4.69,-10.07,0.80,0.16,-0.10,458,417,318,358,382
4.59,3.45,-9.60,0.82,0.22,0.05,458,417,317,357,382
4.90,1.13,-8.15,1.05,0.10,0.19,457,417,317,356,382
5.27,-0.48,-7.28,1.02,0.23,0.58,457,417,317,358,382
3.19,-1.54,-7.75,0.95,0.53,1.11,458,417,319,360,382
2.73,-3.15,-6.81,0.61,0.12,0.50,458,417,319,360,381
3.44,-5.45,-4.99,0.22,-0.36,-0.15,458,417,319,360,381
3.83,-3.98,-5.64,-0.38,-0.16,0.10,457,417,319,359,381
4.10,-2.51,-6.65,-0.61,0.14,0.43,457,417,319,359,381
3.24,-0.97,-7.94,-0.77,-0.18,-0.18,457,417,318,358,381
3.24,0.43,-8.16,-0.95,-0.32,-0.25,457,417,318,358,381
4.26,1.82,-9.09,-0.68,-0.22,-0.32,457,417,318,358,381
3.54,2.23,-9.50,-0.51,0.32,0.16,457,416,317,358,381
3.04,2.89,-8.70,-0.46,0.36,0.03,457,416,317,358,381
4.12,3.12,-8.92,-0.35,0.23,-0.30,457,417,317,357,382
END
3.83,3.79,-8.56,-0.41,0.32,-0.23,454,414,317,359,384
4.51,-1.58,-8.97,0.07,0.01,0.00,454,414,318,359,384
4.11,-1.85,-8.89,0.05,-0.03,-0.01,454,414,319,359,384
4.67,-2.43,-8.38,0.08,-0.06,-0.05,454,414,318,359,384
4.32,-2.25,-8.62,-0.03,-0.07,0.00,454,414,318,358,384
4.65,-1.35,-9.29,-0.01,-0.04,0.08,454,414,318,358,384
4.06,-2.50,-8.54,0.01,-0.00,0.12,454,414,318,358,384
3.25,-3.60,-7.41,-0.24,-0.20,-0.05,454,414,317,358,383
3.57,-2.71,-7.29,-0.50,-0.31,-0.13,454,414,317,358,383
3.12,-1.43,-8.05,-0.52,-0.05,-0.01,454,414,317,358,382
3.28,0.19,-7.57,-0.58,0.16,0.04,453,414,317,357,382
2.64,1.67,-8.47,-0.54,-0.08,-0.40,453,414,317,356,382
3.43,3.07,-8.17,-0.76,-0.21,-0.31,453,414,317,356,382
3.34,3.93,-8.64,-0.62,-0.08,-0.24,453,414,317,356,382
1.86,5.31,-9.46,-0.58,-0.01,-0.33,454,414,317,356,381
2.78,5.37,-9.48,-0.49,0.16,-0.17,456,415,317,359,381
3.83,5.13,-9.19,-0.37,0.06,-0.32,457,415,317,359,381
3.44,6.42,-10.24,-0.15,0.11,-0.23,457,415,317,361,381
4.18,6.74,-10.21,-0.05,0.09,-0.19,457,415,317,361,381
3.74,6.81,-10.68,0.25,0.19,-0.09,458,415,317,362,381
4.34,6.14,-11.06,0.51,0.20,-0.01,458,415,317,363,382
4.16,4.85,-10.34,0.89,0.31,0.11,457,414,317,363,382
5.36,2.84,-9.22,1.09,0.33,0.27,459,415,317,363,383
4.88,0.87,-7.89,1.12,0.34,0.44,463,416,317,364,383
5.01,-2.29,-6.38,0.85,-0.12,0.18,461,416,317,364,383
5.60,-3.45,-7.59,0.44,-0.36,0.21,458,415,318,363,383
3.94,-2.15,-7.71,0.21,-0.25,0.46,457,415,318,363,383
2.56,-1.48,-7.18,0.24,0.03,0.54,457,415,318,363,382
1.72,-2.59,-5.99,-0.16,-0.13,0.07,457,415,318,362,382
2.81,-1.05,-5.99,-0.61,-0.37,-0.22,456,415,317,361,382
3.14,1.19,-7.74,-0.63,-0.21,-0.31,457,415,318,360,382
2.96,1.46,-8.66,-0.54,-0.14,-0.34,459,415,318,359,382
2.63,3.03,-9.63,-0.72,-0.07,-0.13,460,415,318,359,382
3.32,2.88,-9.17,-0.60,-0.29,-0.38,458,415,318,358,381
2.33,3.64,-9.56,-0.60,-0.12,-0.14,457,415,318,358,381
3.22,4.01,-9.30,-0.55,-0.06,-0.00,457,415,318,358,381
END
2.47,5.34,-9.51,-0.40,-0.08,-0.14,455,415,314,360,382
4.87,-2.34,-8.68,-0.14,-0.22,-0.14,454,415,315,363,382
5.05,-1.93,-8.94,-0.14,-0.15,-0.00,454,415,316,363,382
4.36,-1.18,-9.19,-0.01,-0.06,0.11,454,415,316,363,382
3.60,-1.21,-9.06,0.06,-0.03,0.13,454,415,317,363,382
3.37,-1.33,-8.89,0.07,-0.02,0.07,454,415,317,362,381
4.10,-2.48,-8.29,-0.02,-0.00,0.03,453,415,316,361,381
2.96,-3.85,-7.21,-0.21,-0.10,-0.07,453,415,316,358,381
2.91,-2.44,-7.09,-0.60,-0.30,-0.41,452,415,316,358,380
2.79,-1.36,-8.09,-0.60,-0.26,-0.39,452,415,317,359,380
2.80,0.45,-8.14,-0.84,-0.07,-0.10,452,415,317,359,380
3.17,2.02,-7.50,-0.75,0.05,-0.12,452,415,317,360,380
1.99,4.18,-9.06,-0.64,-0.02,-0.47,452,415,317,359,379
2.63,6.08,-8.33,-0.79,-0.15,-0.27,452,415,317,360,379
2.91,7.37,-9.69,-0.46,-0.08,-0.44,452,415,318,360,379
2.99,6.65,-9.63,-0.34,0.12,-0.18,451,415,317,360,379
3.37,6.53,-9.42,-0.14,0.21,-0.09,451,415,317,361,380
3.39,6.65,-9.76,0.02,0.17,-0.16,451,414,317,361,379
3.53,6.60,-9.60,0.18,0.20,-0.06,451,414,318,361,379
3.47,5.95,-9.86,0.54,0.26,-0.15,452,414,318,361,382
4.19,5.39,-10.24,0.65,0.29,0.20,456,414,318,361,383
5.05,4.62,-10.06,0.89,0.31,0.30,455,415,319,362,382
4.67,2.61,-9.34,1.15,0.41,0.51,454,415,319,364,382
5.31,0.97,-7.92,1.05,0.33,0.63,453,415,319,363,381
3.69,-2.00,-6.58,0.91,0.06,0.29,452,416,320,363,381
3.04,-3.35,-6.83,0.31,-0.29,-0.12,452,416,320,363,380
5.37,-3.85,-5.91,0.04,-0.31,-0.21,451,416,319,362,380
4.84,-2.59,-6.53,-0.11,-0.13,0.12,451,416,319,362,380
3.33,-1.78,-6.99,-0.35,-0.28,-0.01,450,415,319,361,379
3.48,-0.78,-7.04,-0.21,-0.28,-0.34,448,416,315,355,378
3.83,1.36,-8.33,-0.67,-0.24,-0.06,445,416,313,352,377
3.95,2.08,-8.28,-0.66,-0.08,0.03,445,415,313,352,377
2.69,2.95,-8.76,-0.70,0.11,0.22,445,415,313,353,377
3.76,3.23,-8.74,-0.71,0.06,-0.01,445,415,313,353,377
3.14,3.63,-9.40,-0.52,-0.12,-0.40,446,415,314,353,377
2.76,4.09,-9.21,-0.61,-0.18,-0.38,446,415,313,353,377
END
4.15,3.57,-7.90,-0.60,-0.24,-0.15,455,413,317,359,383
4.61,-1.41,-8.86,0.17,-0.03,0.05,455,413,317,359,383
4.16,-1.93,-8.56,0.14,-0.03,0.06,455,413,317,359,383
4.16,-2.62,-8.03,0.04,-0.04,0.05,454,413,317,359,383
4.24,-2.92,-8.00,-0.16,-0.01,0.09,454,413,317,360,383
3.75,-3.81,-7.58,-0.40,-0.01,0.18,454,412,318,360,383
4.03,-2.68,-7.59,-0.54,-0.10,0.00,453,412,318,360,382
3.44,-1.54,-7.29,-0.64,-0.09,-0.06,454,413,317,360,382
3.32,0.90,-7.97,-0.76,-0.13,-0.20,454,412,317,359,382
2.43,1.68,-7.65,-0.67,-0.08,-0.38,453,413,317,359,381
3.93,4.72,-8.13,-1.01,-0.18,-0.26,452,413,317,359,381
2.90,4.15,-8.66,-0.69,-0.11,-0.33,452,412,317,359,381
2.19,4.87,-8.59,-0.73,-0.11,-0.42,452,413,317,359,381
2.92,6.82,-8.46,-0.47,0.15,-0.32,451,412,317,358,381
3.51,6.92,-9.57,-0.41,0.07,-0.27,451,412,317,359,382
3.22,7.60,-9.91,-0.25,-0.02,-0.21,452,413,317,358,381
2.95,7.49,-9.74,0.05,0.04,-0.14,452,413,317,358,381
3.09,7.53,-9.76,0.21,0.08,-0.06,452,413,317,358,381
3.30,7.84,-9.98,0.47,0.06,-0.01,453,413,317,358,381
3.46,7.13,-10.47,0.82,0.21,0.14,454,413,317,357,381
3.86,4.72,-9.75,1.04,0.46,0.46,454,413,317,357,381
4.77,1.84,-8.14,1.18,0.39,0.51,454,413,317,357,382
4.14,-0.14,-7.40,1.22,0.30,0.39,454,413,317,358,381
4.62,-1.39,-7.12,0.95,0.03,0.26,454,414,317,358,382
4.20,-2.05,-7.44,0.73,-0.02,0.20,453,413,317,358,382
4.11,-3.62,-6.42,0.39,-0.19,0.04,453,413,317,358,382
4.84,-4.26,-5.39,0.01,-0.04,0.07,452,413,317,360,382
3.34,-3.68,-5.99,-0.35,0.11,0.45,452,413,317,360,383
2.27,-1.82,-6.80,-0.74,-0.20,-0.22,452,413,317,359,381
3.30,-0.02,-7.44,-0.97,-0.22,-0.33,451,413,317,359,381
4.68,2.08,-8.52,-1.13,0.09,-0.10,449,413,316,360,382
4.72,2.88,-9.43,-0.66,0.32,0.19,448,412,316,359,383
4.36,2.71,-8.83,-0.50,0.07,-0.10,448,412,316,359,383
4.41,3.48,-8.51,-0.53,-0.03,-0.17,448,412,316,358,382
4.45,4.18,-8.51,-0.44,-0.02,-0.22,448,412,316,359,381
4.55,4.86,-8.67,-0.38,-0.07,-0.24,448,412,315,358,381
END
4.00,5.23,-8.31,-0.25,-0.06,-0.27,447,413,318,360,380
4.78,-0.85,-8.94,-0.07,-0.11,-0.08,447,413,318,360,380
4.83,-0.78,-9.37,0.02,-0.05,0.04,447,413,318,360,380
3.90,-1.22,-8.85,0.04,0.04,0.10,447,413,318,360,380
4.22,-1.46,-8.66,-0.01,-0.06,-0.02,447,413,318,360,380
4.39,-1.87,-8.50,-0.05,-0.01,0.06,447,413,319,360,380
4.09,-3.14,-7.72,-0.10,-0.17,-0.14,447,413,318,360,380
4.14,-2.04,-7.21,-0.52,-0.33,0.01,447,413,319,360,379
3.50,-0.71,-7.74,-0.53,-0.39,-0.15,448,413,318,360,379
3.33,0.92,-9.14,-0.57,-0.30,-0.18,448,413,319,360,379
2.08,1.74,-8.61,-0.46,-0.16,-0.25,448,413,318,360,379
2.08,2.35,-9.32,-0.55,-0.22,-0.22,448,413,319,360,379
3.00,3.70,-8.07,-0.49,-0.22,-0.13,448,414,319,360,379
0.64,4.07,-9.67,-0.61,0.01,-0.09,449,414,319,359,379
1.62,5.08,-8.59,-0.74,-0.12,0.09,449,414,319,359,379
1.09,5.41,-8.98,-0.41,-0.02,-0.34,450,414,318,359,379
1.95,7.66,-9.83,-0.50,-0.06,-0.21,450,414,318,359,379
1.59,8.04,-9.73,-0.22,0.05,-0.15,450,414,319,360,379
1.91,7.20,-9.92,-0.01,0.23,-0.06,450,414,319,360,379
2.65,7.51,-10.29,0.12,0.37,0.14,450,414,319,360,379
2.60,6.61,-9.81,0.41,0.30,-0.00,450,414,319,359,379
3.32,5.72,-9.76,0.43,0.17,0.02,450,413,318,360,379
3.99,5.59,-10.50,0.76,0.21,0.07,451,413,319,360,380
5.26,4.26,-10.06,0.91,0.38,0.46,450,413,318,360,381
5.30,2.10,-8.41,1.09,0.63,0.99,450,413,318,360,382
4.52,0.00,-7.21,0.93,0.78,1.37,450,413,318,359,382
3.41,-2.08,-6.37,0.88,0.11,0.55,450,413,317,359,383
3.52,-3.76,-5.88,0.52,-0.58,-0.15,450,412,317,359,383
3.29,-4.24,-5.62,0.18,-0.46,-0.18,450,412,317,359,383
3.29,-2.56,-6.99,-0.24,-0.35,-0.13,450,412,316,359,383
2.81,-2.50,-6.84,-0.41,-0.28,-0.26,450,412,317,359,382
3.38,-0.20,-8.15,-0.63,-0.35,-0.47,450,412,316,358,382
2.54,0.87,-8.13,-0.44,-0.14,-0.52,449,412,315,358,381
3.20,1.73,-8.94,-0.56,-0.15,-0.35,449,412,315,358,381
3.18,2.48,-8.97,-0.60,-0.10,-0.24,449,412,315,358,381
2.59,3.37,-9.60,-0.53,-0.00,-0.17,449,412,315,357,380
END
2.91,4.30,-9.23,-0.57,0.04,-0.08,448,413,317,361,380
4.70,-2.76,-7.56,-0.08,-0.14,0.00,448,413,317,361,380
4.03,-2.59,-7.42,-0.21,-0.07,0.14,448,413,317,361,380
3.73,-1.90,-7.75,-0.38,0.04,0.31,448,413,317,361,380
4.63,-0.06,-8.38,-0.52,0.03,0.28,448,413,317,362,380
4.12,0.04,-8.56,-0.43,-0.04,0.02,447,413,317,361,380
3.42,-0.19,-8.00,-0.56,-0.19,-0.12,447,412,317,361,379
3.38,0.81,-8.04,-0.71,-0.62,-0.62,448,413,317,360,379
4.34,1.38,-7.54,-0.80,-0.77,-0.47,447,413,317,360,379
1.03,3.81,-8.55,-0.73,-0.15,0.05,448,413,317,359,379
0.54,6.54,-8.60,-0.87,0.00,0.24,448,413,317,359,379
2.99,7.37,-9.27,-0.61,-0.07,-0.01,448,413,317,359,379
1.13,7.59,-10.12,-0.27,0.23,-0.08,449,413,317,358,378
2.29,6.65,-9.03,-0.29,0.13,-0.12,448,413,317,358,378
2.33,6.37,-9.14,-0.06,0.21,-0.25,448,413,317,358,378
2.58,6.42,-9.08,0.07,0.29,-0.24,448,413,317,358,379
3.23,6.43,-9.02,0.14,0.24,-0.22,448,413,317,358,379
4.08,6.83,-10.17,0.32,0.10,-0.31,448,413,317,358,379
4.24,6.65,-10.61,0.60,0.20,-0.07,448,413,317,358,379
4.21,5.25,-10.01,0.84,0.25,-0.04,448,412,317,358,379
5.49,4.65,-9.66,1.02,0.46,0.38,448,412,317,358,380
5.38,2.43,-8.43,1.26,0.47,0.70,449,413,317,357,380
4.68,-0.49,-6.53,1.21,0.35,0.90,466,417,319,357,383
3.47,-3.02,-5.29,0.89,0.04,0.56,465,418,319,356,383
3.14,-4.29,-5.54,0.41,-0.18,0.35,461,416,319,355,383
3.37,-4.31,-5.54,-0.11,-0.12,0.20,457,415,319,355,383
2.54,-3.45,-6.32,-0.55,-0.06,0.09,456,414,319,355,382
3.01,-1.06,-7.21,-0.79,-0.25,-0.40,455,414,319,355,382
2.98,0.49,-8.13,-0.55,-0.32,-1.00,454,414,319,357,382
3.91,2.57,-8.43,-0.86,-0.35,-0.45,454,414,319,357,382
3.80,3.63,-9.20,-0.68,-0.16,-0.17,454,414,318,356,381
2.14,4.86,-10.04,-0.66,-0.06,-0.04,454,414,318,356,381
1.87,5.31,-9.29,-0.41,-0.23,-0.39,454,414,318,356,381
2.92,4.25,-9.25,-0.19,-0.36,-0.63,453,414,318,356,381
2.74,3.96,-8.01,-0.45,0.08,0.09,453,414,318,356,380
1.96,5.43,-8.69,-0.38,0.17,0.03,453,414,318,356,380
END
2.63,5.77,-8.68,-0.43,0.10,0.03,451,413,319,356,381
5.03,-2.17,-8.69,-0.12,0.15,0.18,451,413,319,356,381
5.02,-2.00,-8.86,-0.10,0.00,0.07,451,413,319,356,381
5.27,-1.91,-8.85,-0.13,0.01,0.18,450,413,319,356,381
4.49,-1.66,-8.64,-0.11,-0.05,0.12,450,413,319,356,381
4.01,-2.05,-8.66,-0.17,-0.13,0.00,450,413,319,356,380
5.43,-2.75,-7.88,-0.29,-0.18,-0.09,450,413,319,356,380
3.45,-2.10,-7.85,-0.35,-0.06,0.03,450,413,319,356,380
3.68,-0.50,-7.24,-0.62,-0.17,-0.08,450,413,319,355,380
3.47,0.59,-8.17,-0.57,-0.30,-0.44,450,413,319,355,379
3.50,2.74,-8.38,-0.75,-0.19,-0.30,450,413,319,355,379
4.24,2.35,-8.13,-0.73,-0.12,-0.24,450,413,319,355,379
1.35,4.22,-9.19,-0.68,0.27,0.04,450,413,319,355,378
3.17,4.58,-8.21,-0.85,-0.07,-0.27,450,413,319,354,378
2.79,5.44,-8.63,-0.47,0.09,-0.44,450,412,318,354,378
3.18,6.12,-8.14,-0.55,0.13,-0.31,450,413,319,353,378
4.52,8.17,-8.99,-0.33,0.26,-0.10,450,413,319,354,378
3.89,7.66,-8.98,-0.10,0.37,-0.05,450,413,320,354,378
4.46,7.67,-8.98,0.05,0.15,-0.17,450,413,321,355,378
4.61,7.65,-9.16,0.20,0.17,-0.05,450,413,320,355,378
5.00,8.19,-9.86,0.63,0.18,-0.03,450,413,320,357,379
5.00,6.58,-9.78,0.97,0.26,0.11,450,413,320,357,379
5.81,4.52,-8.51,1.18,0.22,0.15,450,412,319,355,379
5.48,2.27,-7.94,1.39,0.18,0.29,450,413,319,354,380
4.95,0.24,-6.58,1.23,0.09,0.34,450,413,319,354,379
4.59,-2.02,-5.95,1.02,-0.06,0.25,450,413,319,354,379
4.59,-2.84,-5.78,0.51,-0.22,0.19,449,413,319,354,379
4.16,-3.08,-6.20,0.16,-0.26,0.12,449,413,319,354,379
3.34,-4.88,-5.02,-0.33,0.02,0.32,449,413,319,354,378
2.84,-2.12,-6.91,-0.74,-0.06,0.13,449,413,318,354,378
3.52,0.60,-8.01,-0.95,-0.24,-0.34,449,412,318,354,378
3.50,2.09,-8.46,-0.96,-0.10,-0.07,447,412,318,354,378
3.96,3.16,-8.68,-0.75,-0.04,-0.11,447,412,317,354,378
3.42,4.26,-9.36,-0.66,0.01,0.04,447,412,317,353,378
4.21,4.39,-8.06,-0.70,-0.08,-0.04,446,412,317,353,378
3.64,4.92,-8.64,-0.42,-0.07,-0.39,446,412,317,353,377
END
2.91,6.47,-8.48,-0.48,0.05,-0.37,446,413,318,358,378
5.20,-2.05,-8.63,-0.14,-0.25,-0.19,445,413,319,357,378
4.90,-1.20,-8.99,-0.04,-0.25,0.01,445,413,318,357,378
3.68,-2.04,-8.12,-0.11,-0.16,0.13,445,413,319,357,378
2.94,-1.74,-7.99,-0.28,-0.26,-0.08,445,413,318,357,377
3.22,-1.13,-7.64,-0.49,-0.29,-0.07,445,413,318,356,377
3.04,0.06,-8.38,-0.51,-0.27,-0.14,445,412,318,356,377
2.39,1.07,-8.14,-0.68,-0.22,-0.12,445,413,318,355,376
2.37,2.46,-8.30,-0.81,-0.18,0.00,445,413,318,355,376
2.31,3.83,-8.74,-0.78,-0.16,-0.11,445,412,318,355,376
1.64,4.29,-8.27,-0.75,0.08,0.17,445,412,317,354,375
2.28,6.09,-8.97,-0.55,-0.03,-0.36,445,413,317,354,375
2.30,6.64,-9.44,-0.55,-0.07,-0.22,444,413,317,354,375
2.30,7.66,-9.63,-0.31,0.14,0.03,444,413,317,354,375
2.67,7.20,-9.22,-0.16,0.22,0.03,444,413,317,354,375
2.76,7.11,-9.46,0.06,0.20,-0.04,444,413,317,354,375
3.09,7.48,-9.53,0.24,0.28,0.03,444,413,317,354,375
3.17,7.31,-9.66,0.51,0.33,0.03,444,413,317,355,376
3.55,7.02,-9.71,0.81,0.40,-0.07,444,413,317,355,376
4.87,4.16,-8.80,0.96,0.39,0.03,444,413,317,355,376
5.90,2.62,-8.11,0.85,0.33,0.41,443,412,317,354,376
5.69,0.42,-7.38,0.91,0.16,0.48,443,412,317,354,376
7.39,-0.46,-7.31,0.82,0.14,1.00,443,412,317,354,378
2.05,-1.69,-7.38,0.87,0.62,1.64,443,412,317,354,378
2.94,-4.51,-5.58,0.29,-0.40,0.22,443,412,316,354,377
2.64,-5.03,-5.85,-0.04,-0.46,-0.47,443,412,316,355,377
4.17,-2.87,-6.95,-0.32,-0.19,-0.19,442,412,315,355,377
3.20,-2.02,-7.07,-0.56,-0.45,-0.56,442,412,315,355,377
3.20,-0.37,-7.83,-0.72,-0.42,-0.62,442,412,315,354,377
3.52,1.82,-8.18,-0.77,-0.24,-0.42,442,412,315,354,377
2.83,2.51,-9.55,-0.55,-0.21,-0.67,442,411,315,354,377
2.96,3.50,-8.87,-0.77,-0.22,-0.21,441,411,315,354,376
2.95,4.40,-8.58,-0.56,-0.04,-0.03,441,411,316,355,376
1.98,4.36,-9.18,-0.37,0.01,-0.25,441,411,315,355,376
2.23,5.25,-8.38,-0.61,0.09,0.04,441,411,315,355,376
3.85,6.52,-8.79,-0.40,-0.03,-0.31,442,412,315,355,376
END
3.09,6.82,-9.01,-0.17,0.16,-0.02,459,420,319,362,383
4.26,-2.06,-8.55,-0.01,-0.01,-0.03,459,420,319,362,383
4.53,-2.08,-8.97,0.06,-0.00,-0.04,459,420,319,362,383
4.52,-2.24,-9.04,0.12,-0.02,-0.06,458,420,319,362,383
4.31,-3.13,-8.23,0.13,-0.01,-0.07,459,419,319,361,383
4.52,-2.94,-8.00,0.01,0.00,0.01,460,419,319,361,384
5.04,-2.91,-8.19,-0.08,-0.02,0.07,459,418,318,361,384
4.19,-3.57,-7.37,-0.15,-0.09,-0.01,459,419,319,361,384
3.09,-3.00,-7.29,-0.39,-0.16,-0.15,460,418,319,362,383
4.59,-1.76,-7.93,-0.55,-0.22,-0.26,460,418,318,363,383
3.73,-1.06,-7.51,-0.73,-0.14,-0.11,460,418,318,363,383
2.97,0.85,-8.84,-0.69,-0.22,-0.32,460,418,318,364,383
3.01,2.22,-7.85,-0.82,-0.30,-0.20,461,418,318,364,383
3.47,2.68,-8.29,-0.70,-0.27,-0.31,466,418,318,363,384
2.59,4.95,-9.57,-0.60,-0.00,-0.23,468,418,318,363,385
1.11,5.55,-9.30,-0.53,0.04,0.01,465,418,317,364,383
3.28,6.53,-9.88,-0.31,0.07,-0.15,465,418,317,364,383
3.32,5.83,-9.94,-0.10,0.34,-0.08,465,418,317,365,383
3.90,5.49,-9.56,-0.03,0.14,-0.18,464,418,317,365,383
3.61,6.33,-9.82,0.07,0.15,-0.09,464,418,318,366,383
4.34,6.37,-10.79,0.40,0.09,-0.13,464,418,318,366,383
3.84,5.79,-10.49,0.67,0.17,-0.01,463,418,318,367,383
4.28,4.67,-9.96,0.93,0.15,-0.01,463,418,318,367,383
4.61,2.74,-9.01,1.06,0.30,0.25,463,418,318,367,383
4.29,0.50,-7.30,1.09,0.11,0.05,462,418,318,366,383
5.77,-1.84,-6.68,0.97,-0.48,-0.32,461,418,318,366,383
4.12,-4.17,-5.92,0.52,-0.28,0.12,461,418,318,365,383
2.89,-3.97,-6.16,0.05,-0.13,0.32,461,418,318,364,382
2.12,-2.35,-6.55,-0.43,0.05,0.38,460,418,318,364,382
2.20,-0.93,-7.62,-0.62,-0.08,0.04,460,418,318,364,381
2.93,1.15,-8.21,-0.87,0.04,0.14,460,418,317,363,381
3.45,2.35,-8.33,-0.78,0.04,-0.03,459,418,317,362,381
2.62,4.47,-9.99,-0.60,0.05,-0.12,459,418,317,362,381
4.43,4.01,-8.89,-0.74,-0.14,-0.01,458,419,317,362,381
2.96,4.02,-9.92,-0.31,0.08,-0.25,459,420,318,362,380
3.09,4.45,-9.32,-0.49,0.05,-0.16,459,421,317,362,380
END
4.16,4.44,-7.67,-0.44,-0.04,-0.23,450,416,324,368,381
4.66,-0.65,-8.80,0.05,-0.06,0.02,450,416,324,368,380
4.59,-1.06,-8.71,0.01,-0.03,0.07,450,416,324,368,379
5.61,-1.26,-8.91,-0.13,-0.11,0.09,450,416,323,366,380
5.51,-1.64,-8.79,-0.03,-0.13,0.25,449,416,323,365,380
4.01,-1.41,-8.55,-0.20,-0.08,0.42,449,416,322,365,379
3.14,-1.41,-7.93,-0.29,-0.15,0.24,449,416,322,364,379
3.06,-1.40,-8.29,-0.47,-0.14,0.07,449,416,321,364,379
2.78,0.07,-7.48,-0.66,-0.14,-0.04,448,416,321,363,379
3.46,1.77,-8.15,-0.61,-0.14,-0.23,448,415,321,363,378
2.43,3.04,-8.20,-0.64,0.03,-0.13,448,415,321,362,378
2.63,3.45,-8.66,-0.52,-0.07,-0.27,448,415,320,362,378
4.13,4.36,-8.76,-0.63,0.05,0.17,447,415,320,361,378
3.04,5.30,-8.98,-0.34,0.13,-0.12,447,415,320,360,378
2.88,6.01,-8.71,-0.41,0.05,-0.24,448,415,320,360,378
3.66,6.09,-8.88,-0.33,0.10,-0.28,447,415,320,360,378
3.36,8.05,-9.93,-0.04,0.05,-0.37,447,415,320,360,378
3.17,7.28,-9.71,0.16,0.13,-0.30,447,415,320,361,378
3.33,6.26,-9.75,0.36,0.31,-0.11,448,415,320,361,379
3.71,5.48,-9.79,0.58,0.31,-0.09,448,415,321,362,378
6.07,4.64,-9.54,0.79,0.49,0.42,447,415,321,362,379
5.76,3.52,-9.91,1.25,0.90,0.97,447,415,321,363,379
6.04,-0.19,-7.09,1.00,0.13,0.56,447,415,321,363,379
6.01,-1.59,-6.55,0.91,-0.25,0.25,447,415,321,362,379
4.34,-3.24,-6.06,0.71,-0.22,0.21,447,415,320,360,378
3.60,-5.18,-5.48,0.31,-0.32,-0.02,448,415,320,359,379
4.33,-4.30,-5.66,-0.20,-0.26,0.02,447,414,320,359,378
3.88,-1.54,-7.20,-0.45,-0.09,0.07,447,414,320,359,378
3.58,0.19,-8.20,-0.59,-0.22,-0.12,447,414,320,359,378
4.27,0.90,-7.14,-0.75,-0.20,-0.10,447,414,319,359,378
3.63,1.75,-8.77,-0.58,-0.13,-0.39,447,414,319,358,378
3.00,2.57,-8.57,-0.76,-0.18,-0.27,447,414,319,358,377
2.84,2.90,-7.58,-0.76,-0.29,-0.23,446,414,319,358,377
2.51,4.63,-8.79,-0.57,-0.19,-0.56,447,414,319,358,377
3.21,4.85,-8.34,-0.67,-0.11,-0.43,446,414,319,358,376
2.89,6.30,-8.26,-0.55,0.13,-0.07,446,414,318,358,376
END
3.02,6.76,-8.62,-0.52,0.11,0.07,446,414,320,361,378
4.58,-1.08,-8.37,-0.09,-0.12,-0.06,445,415,320,361,378
4.31,-1.15,-7.67,-0.16,-0.34,-0.29,445,415,321,360,378
4.15,0.35,-8.54,-0.39,-0.35,-0.16,445,415,322,360,378
4.31,0.50,-8.12,-0.42,-0.27,-0.03,445,415,322,360,378
2.96,1.25,-8.18,-0.56,-0.18,0.03,446,415,321,360,377
2.89,1.76,-6.98,-0.80,-0.23,0.13,445,414,320,359,377
1.13,3.09,-8.43,-0.64,-0.03,-0.27,445,415,320,359,376
2.78,6.05,-7.95,-0.77,-0.22,-0.29,445,414,321,359,376
2.93,6.07,-8.58,-0.49,-0.10,-0.28,445,414,320,359,375
1.35,7.26,-9.26,-0.47,0.14,-0.07,445,414,320,358,375
2.80,6.95,-7.98,-0.46,-0.12,-0.24,445,414,320,358,375
2.43,8.05,-8.62,-0.24,0.17,-0.07,444,415,320,359,374
2.61,7.89,-9.09,-0.06,0.11,-0.12,444,415,320,359,374
2.52,7.48,-8.55,0.07,0.16,-0.10,444,415,320,359,374
2.73,7.31,-8.44,0.26,0.18,-0.12,444,414,320,359,374
3.04,6.58,-8.17,0.32,0.27,-0.03,444,414,320,359,374
3.84,6.14,-8.10,0.35,0.23,-0.03,443,415,320,359,373
3.50,6.28,-8.99,0.56,0.27,0.09,443,414,320,359,374
4.51,6.08,-9.34,0.62,0.13,0.06,443,414,320,359,374
4.92,5.12,-9.38,0.88,0.21,0.27,443,414,321,360,374
4.97,3.27,-8.77,1.01,0.19,0.43,443,414,321,361,374
5.72,1.92,-8.38,1.04,0.16,0.59,442,414,321,360,375
4.07,-1.03,-7.84,1.18,0.26,0.87,440,414,319,360,375
2.99,-2.90,-5.84,0.83,0.04,0.71,440,414,319,359,375
2.07,-4.69,-5.32,0.38,-0.32,0.07,440,414,319,359,375
2.75,-4.43,-5.03,-0.10,-0.24,-0.08,440,414,319,358,375
2.77,-2.25,-6.60,-0.46,-0.17,-0.30,440,414,319,359,374
3.46,0.40,-8.87,-0.67,-0.60,-0.78,440,414,319,359,375
3.80,0.25,-8.59,-0.63,-0.73,-0.89,440,414,319,359,374
2.61,0.75,-8.73,-0.64,-0.26,-0.27,440,414,319,359,373
2.61,1.67,-7.97,-0.73,-0.07,0.00,440,414,318,358,373
1.24,3.76,-9.00,-0.54,-0.10,-0.60,441,414,318,358,373
2.54,6.22,-9.66,-0.72,-0.46,-0.68,442,414,318,358,374
2.37,5.63,-8.76,-0.47,-0.10,-0.03,444,414,318,357,374
2.00,5.00,-8.63,-0.58,0.22,0.17,444,415,317,357,374
END
3.00,-0.21,-9.07,-0.66,-0.23,-0.01,476,430,319,359,390
4.43,-2.70,-8.54,0.04,-0.00,-0.02,475,430,319,360,390
4.19,-2.75,-8.37,0.03,-0.01,-0.01,475,429,319,360,390
4.47,-2.78,-8.46,0.07,0.03,-0.04,475,430,319,360,390
4.48,-2.76,-8.39,0.07,0.03,-0.07,475,430,319,360,390
4.87,-2.63,-8.66,0.07,0.06,-0.01,475,430,319,360,390
4.95,-3.02,-8.31,0.11,-0.00,-0.05,475,429,319,360,390
4.33,-4.29,-7.31,0.01,-0.09,-0.12,475,429,318,359,389
4.48,-4.97,-6.65,-0.30,-0.22,-0.10,474,429,318,359,389
5.92,-3.93,-7.64,-0.37,0.02,0.21,474,429,319,359,388
3.99,-3.01,-8.05,-0.43,-0.20,0.07,474,429,319,359,388
3.63,-1.56,-7.57,-0.59,-0.15,0.14,475,429,319,359,388
2.97,-0.62,-7.59,-0.62,-0.19,-0.03,475,430,319,358,387
1.86,0.51,-8.26,-0.63,-0.18,-0.32,475,429,319,355,386
2.51,1.94,-7.87,-0.75,-0.13,-0.25,474,430,319,356,386
3.07,2.94,-8.80,-0.70,-0.16,-0.20,475,430,319,356,385
2.25,4.01,-9.44,-0.79,-0.16,-0.20,480,430,320,357,386
2.70,4.41,-9.15,-0.68,0.11,-0.18,492,434,321,357,388
3.27,4.98,-9.39,-0.44,0.01,-0.36,499,435,321,357,391
3.06,5.28,-9.62,-0.31,-0.03,-0.38,497,435,321,357,392
3.09,5.71,-9.99,-0.18,0.03,-0.20,496,434,322,357,391
2.88,5.76,-10.34,0.04,0.18,-0.10,499,435,322,357,391
2.05,5.53,-9.32,0.14,0.16,-0.19,503,435,322,357,391
2.99,7.02,-10.37,0.30,0.15,-0.25,503,436,322,358,391
3.49,6.42,-10.50,0.58,0.14,-0.23,502,435,322,358,391
3.27,4.90,-9.80,0.84,0.15,-0.30,496,434,322,359,391
4.48,3.32,-9.71,0.91,0.17,-0.16,495,434,321,358,392
5.16,1.56,-8.16,1.03,0.28,0.06,495,434,320,358,392
4.66,0.09,-7.79,0.95,0.77,0.89,493,433,319,358,392
3.52,-1.44,-7.24,0.82,0.67,0.83,491,432,319,358,391
3.68,-2.37,-7.11,0.60,0.00,0.26,491,433,319,358,391
4.76,-4.56,-5.76,0.26,-0.37,-0.25,490,432,318,359,391
3.70,-4.87,-5.23,-0.23,-0.40,-0.28,489,433,318,359,389
3.13,-3.45,-6.09,-0.60,-0.38,-0.19,488,433,319,361,388
3.45,-0.12,-7.24,-0.94,-0.20,0.05,487,433,318,362,388
3.58,2.76,-9.59,-0.79,-0.31,-0.24,487,432,319,365,388
END
2.84,2.14,-8.16,-0.74,-0.16,0.08,472,426,318,363,387
4.07,-2.12,-8.55,0.16,-0.11,-0.02,472,427,317,363,387
3.88,-1.93,-8.69,0.08,-0.03,0.01,471,427,317,363,386
3.86,-2.13,-8.74,0.08,0.01,0.00,471,427,316,363,386
4.17,-1.84,-9.02,0.06,-0.01,-0.01,471,426,316,363,387
4.10,-2.15,-8.84,0.05,-0.04,-0.01,471,426,316,363,387
4.17,-2.06,-9.08,0.07,-0.06,-0.01,471,426,316,363,387
4.11,-2.11,-9.30,0.06,-0.01,0.09,471,426,316,363,386
3.75,-3.03,-8.56,0.10,-0.07,0.01,471,426,315,362,386
3.75,-4.91,-6.55,-0.09,-0.25,-0.30,471,426,316,362,386
5.19,-3.75,-7.37,-0.33,-0.38,-0.16,471,426,317,364,386
2.56,-3.43,-6.82,-0.56,-0.01,0.10,471,426,317,363,386
2.32,0.24,-8.97,-0.77,-0.25,-0.21,471,426,316,363,386
1.97,1.65,-8.48,-0.91,-0.26,-0.09,471,426,316,362,386
2.90,2.23,-9.01,-0.67,-0.36,-0.30,471,425,316,362,385
1.08,3.75,-9.96,-0.61,-0.03,-0.05,471,425,316,362,385
1.39,3.68,-9.02,-0.56,-0.08,-0.21,471,425,316,358,385
2.22,4.85,-9.39,-0.45,-0.08,-0.40,472,426,316,356,385
1.72,5.12,-9.82,-0.43,0.05,-0.15,472,426,315,355,384
1.84,6.09,-9.99,-0.28,0.06,-0.00,472,426,316,355,384
2.15,6.98,-11.25,-0.08,0.00,0.00,472,426,315,355,385
2.17,7.18,-11.31,0.23,0.07,-0.01,472,426,315,355,385
2.40,5.76,-10.66,0.50,0.22,0.18,472,425,316,355,385
3.13,4.55,-10.37,0.75,0.33,0.33,471,426,317,356,386
3.45,2.23,-9.41,0.95,0.46,0.50,471,426,317,357,386
4.11,0.29,-8.80,1.00,0.33,0.37,471,426,317,358,386
4.14,-0.86,-7.87,1.01,0.33,0.51,470,426,317,359,386
3.76,-2.10,-8.03,0.84,0.22,0.42,470,426,318,359,386
3.66,-3.60,-6.91,0.59,-0.16,-0.01,470,426,317,359,386
4.59,-5.53,-5.53,0.23,-0.41,-0.37,470,426,317,359,385
2.82,-3.78,-6.35,-0.29,-0.36,-0.10,469,426,318,359,384
2.21,-1.74,-7.85,-0.49,-0.26,-0.04,469,426,319,359,384
2.35,-0.84,-8.19,-0.57,-0.22,-0.22,469,426,319,358,384
1.91,0.72,-9.11,-0.70,-0.11,-0.19,469,426,319,358,384
2.24,1.05,-8.36,-0.84,-0.12,-0.12,469,426,318,357,384
3.22,2.60,-9.55,-0.69,-0.13,-0.35,469,426,318,356,384
END
2.25,3.72,-9.65,-0.73,0.10,0.08,467,426,319,361,383
3.93,-2.73,-8.71,0.01,-0.04,-0.09,467,426,319,360,383
4.31,-2.58,-8.98,-0.00,-0.08,-0.08,467,425,318,360,383
4.12,-2.90,-8.53,0.02,-0.03,-0.04,467,426,319,360,383
4.26,-3.21,-8.18,-0.03,-0.15,-0.25,467,425,319,360,384
4.57,-3.13,-8.20,-0.14,-0.09,-0.07,467,425,319,360,384
4.38,-2.62,-8.74,-0.21,0.10,0.28,466,427,319,360,384
3.42,-3.57,-7.96,-0.21,0.06,0.12,466,428,319,360,383
3.38,-3.37,-7.19,-0.48,-0.12,-0.09,466,428,319,360,383
3.04,-1.79,-8.03,-0.78,-0.27,-0.26,466,427,319,359,383
2.67,-0.17,-7.76,-0.91,-0.29,-0.28,466,427,319,359,383
3.85,1.77,-8.66,-0.93,-0.27,-0.26,466,427,318,358,383
2.93,3.72,-8.69,-0.72,0.05,0.02,466,427,318,357,383
3.57,4.45,-8.43,-0.79,-0.03,-0.06,466,426,318,357,383
2.00,5.38,-8.59,-0.54,0.08,-0.23,467,426,318,357,384
2.53,5.73,-8.51,-0.59,-0.02,-0.27,466,426,318,357,384
3.71,6.35,-8.89,-0.51,0.09,-0.18,466,426,318,357,384
2.84,6.88,-9.73,-0.18,0.18,-0.12,466,427,318,356,384
3.48,7.03,-9.86,-0.11,-0.00,-0.22,466,426,318,357,384
2.99,7.77,-10.13,0.20,0.04,-0.25,467,426,318,357,384
2.81,7.32,-10.34,0.46,0.12,-0.18,467,426,318,357,384
3.19,6.78,-9.96,0.75,0.13,-0.25,466,426,318,357,384
3.02,5.43,-9.37,1.02,0.29,-0.17,466,426,318,358,384
4.28,4.39,-9.76,1.13,0.31,-0.07,466,425,318,358,386
4.88,0.86,-7.30,1.36,0.29,0.01,465,426,319,359,384
3.82,-1.95,-6.71,1.01,0.26,0.31,466,425,318,358,384
3.80,-4.07,-6.27,0.44,-0.12,0.06,466,426,318,357,384
4.76,-4.25,-5.83,-0.04,-0.40,-0.17,465,426,318,357,384
4.11,-1.77,-6.88,-0.38,-0.10,0.27,465,425,319,357,384
3.02,0.75,-7.61,-0.74,-0.20,0.23,466,425,318,357,384
3.09,1.74,-7.70,-0.78,-0.29,0.04,466,425,318,356,383
2.32,2.71,-8.55,-0.77,-0.18,0.03,466,425,317,356,383
1.96,4.49,-8.98,-0.72,-0.16,-0.02,465,425,317,356,383
3.29,4.26,-9.58,-0.66,-0.28,-0.20,465,425,317,355,383
1.38,5.16,-9.95,-0.43,0.03,-0.02,466,425,317,355,383
1.26,5.05,-8.60,-0.43,-0.01,-0.10,465,425,317,356,382
END
1.04,5.93,-9.14,-0.30,0.00,-0.30,464,424,319,360,383
3.97,-1.32,-9.02,0.03,-0.01,-0.04,464,425,319,360,382
4.79,-1.21,-9.56,0.05,-0.01,-0.07,464,424,318,360,382
4.16,-1.74,-8.74,0.06,0.00,-0.01,464,425,318,360,382
4.29,-1.90,-8.81,0.02,-0.05,-0.05,464,425,319,360,382
4.16,-1.80,-8.64,-0.05,-0.01,0.02,464,425,319,360,382
4.67,-2.57,-8.82,-0.03,0.04,0.05,464,425,319,361,382
4.26,-3.58,-8.07,-0.16,0.02,0.19,464,425,319,361,382
4.31,-2.53,-7.78,-0.37,-0.21,0.03,464,425,319,361,381
3.64,-0.99,-7.61,-0.56,-0.17,0.04,464,424,319,360,381
3.40,-0.12,-8.40,-0.73,-0.28,-0.10,464,424,319,359,381
3.45,0.74,-7.69,-0.65,-0.22,-0.33,464,425,319,359,380
2.47,2.71,-8.56,-0.74,-0.24,-0.25,464,424,319,359,380
2.70,4.03,-8.40,-0.73,-0.27,-0.09,464,424,319,359,380
1.68,4.82,-9.32,-0.55,-0.22,-0.18,465,424,319,359,380
2.70,5.85,-9.30,-0.62,-0.12,-0.05,464,424,320,359,380
1.57,5.80,-9.21,-0.32,0.27,0.25,465,424,321,360,380
2.43,7.31,-10.21,-0.23,0.15,-0.07,465,424,321,360,380
2.51,7.31,-10.17,0.05,0.22,-0.11,465,424,321,360,380
3.19,7.09,-10.37,0.26,0.17,-0.15,465,425,320,360,381
3.59,6.76,-10.77,0.51,0.12,-0.14,465,424,321,360,381
3.68,5.87,-10.83,0.84,0.19,-0.09,465,424,322,360,382
3.65,4.06,-10.16,1.14,0.30,0.15,465,424,321,359,382
5.12,1.61,-8.69,1.35,0.38,0.37,465,424,321,358,383
4.16,-1.39,-6.78,1.24,0.47,0.55,465,425,320,357,383
3.32,-3.15,-6.10,0.96,0.10,0.29,465,425,320,357,382
3.75,-4.92,-5.09,0.36,-0.31,-0.15,465,425,320,357,382
5.10,-6.11,-4.13,-0.17,-0.31,0.03,465,424,320,357,382
3.58,-2.62,-6.75,-0.75,-0.17,0.49,465,425,320,357,382
1.92,-0.39,-8.79,-0.70,-0.02,0.21,465,424,320,357,382
2.35,1.06,-9.35,-0.69,-0.19,-0.15,465,424,319,357,382
2.96,1.06,-8.55,-0.60,-0.11,-0.26,465,424,319,357,381
1.62,-0.09,-7.99,-0.51,-0.04,-0.60,464,424,319,357,381
3.13,3.17,-8.18,-0.80,-0.13,-0.25,465,424,321,360,380
4.20,3.56,-8.99,-0.50,-0.13,-0.32,464,424,321,360,381
3.35,5.92,-11.25,-0.70,-0.07,0.01,465,424,321,360,381
END
2.36,4.62,-8.79,-0.36,-0.03,-0.01,462,423,316,356,382
4.18,-1.98,-9.24,0.06,-0.03,-0.05,462,423,316,356,382
3.93,-2.12,-9.01,0.04,-0.00,-0.02,463,423,316,356,381
3.91,-2.31,-8.57,0.05,0.01,-0.03,462,423,316,356,381
4.06,-2.06,-8.94,0.02,-0.01,-0.06,462,423,316,356,381
4.42,-2.01,-9.18,0.01,-0.01,-0.03,462,423,316,356,381
4.06,-2.26,-8.78,0.05,0.00,-0.03,462,423,316,356,381
4.68,-3.13,-8.25,0.04,0.06,0.05,462,423,316,357,382
5.24,-4.53,-8.03,0.06,0.18,0.22,462,424,317,358,381
3.69,-4.63,-7.42,-0.21,0.14,0.25,462,423,317,358,381
4.01,-3.15,-7.52,-0.41,-0.02,0.04,462,424,317,358,381
3.59,-0.72,-7.85,-0.68,0.01,0.09,462,423,317,357,381
3.12,0.04,-7.76,-0.78,-0.21,-0.22,462,423,317,357,381
3.84,2.30,-8.20,-0.99,-0.37,-0.19,462,423,316,356,381
2.96,2.30,-8.08,-0.69,-0.16,-0.24,462,423,316,356,381
2.39,3.66,-9.25,-0.75,-0.02,-0.08,462,423,316,356,381
2.31,4.10,-8.28,-0.72,0.05,-0.04,462,423,316,356,380
4.36,5.67,-9.89,-0.52,-0.02,-0.46,462,423,316,355,380
4.02,5.78,-9.19,-0.35,0.32,-0.02,462,422,316,355,380
4.57,6.65,-9.84,-0.22,0.09,-0.21,462,423,316,355,381
4.18,7.16,-10.34,0.00,0.01,-0.22,461,423,316,355,380
4.17,7.03,-10.43,0.38,0.02,-0.13,462,423,316,355,380
3.82,6.20,-10.29,0.72,0.09,-0.06,462,423,316,355,381
4.13,4.29,-9.60,0.88,0.14,0.03,462,423,316,355,381
4.31,2.71,-9.26,1.14,0.29,0.20,462,423,316,356,381
4.29,0.93,-8.47,1.19,0.29,0.31,462,423,316,356,383
3.70,-1.55,-7.17,1.11,0.12,0.26,462,423,316,357,382
3.67,-3.40,-6.26,0.82,-0.10,-0.00,461,423,316,356,381
3.84,-5.97,-4.84,0.15,-0.37,-0.28,461,424,316,356,379
4.01,-4.44,-5.61,-0.58,-0.30,-0.05,461,424,316,356,380
3.67,-0.30,-8.25,-0.79,-0.33,-0.13,461,423,316,355,379
2.54,1.74,-8.12,-0.72,-0.22,-0.01,461,424,316,355,379
2.42,1.81,-8.80,-0.61,-0.07,-0.13,461,423,316,355,379
2.40,3.43,-8.70,-0.74,-0.08,-0.16,461,424,317,355,379
3.12,3.30,-8.59,-0.78,-0.08,0.15,461,423,317,355,380
3.67,5.15,-9.92,-0.51,-0.07,-0.21,462,423,317,355,381
END
2.66,4.93,-9.54,-0.36,0.07,0.01,464,423,318,361,383
4.14,-1.95,-8.63,0.00,0.01,0.02,463,423,318,361,382
4.36,-1.75,-8.93,0.01,-0.04,-0.09,463,423,318,361,382
4.08,-1.99,-8.65,0.02,0.03,-0.02,463,423,318,361,382
4.44,-1.93,-8.89,-0.01,-0.02,-0.10,463,423,318,361,382
4.68,-1.64,-8.89,0.02,-0.01,-0.02,462,423,318,361,381
4.03,-2.30,-8.59,0.03,-0.06,-0.10,462,423,318,361,381
4.64,-3.66,-7.37,-0.09,-0.17,-0.22,462,423,318,361,381
3.14,-4.11,-7.01,-0.42,-0.16,-0.12,462,423,318,361,380
3.85,-2.25,-7.42,-0.86,-0.32,-0.09,462,423,318,360,380
3.70,-0.12,-8.05,-0.89,-0.28,-0.09,462,423,318,359,380
2.53,2.45,-8.46,-0.94,-0.21,-0.10,462,423,317,358,380
2.93,3.14,-7.29,-0.98,-0.22,0.27,462,422,317,356,379
4.04,5.66,-8.87,-0.62,-0.04,-0.04,462,423,316,355,379
1.56,6.26,-8.59,-0.62,0.11,-0.02,462,422,316,355,379
3.38,6.34,-8.83,-0.65,-0.10,-0.16,462,423,316,355,379
2.69,7.20,-8.64,-0.23,0.18,-0.25,462,422,316,356,379
2.99,7.39,-9.22,-0.20,0.16,-0.22,462,423,316,356,379
3.20,8.06,-9.30,-0.04,0.14,-0.20,462,423,317,356,379
3.12,7.30,-9.05,0.27,0.21,-0.22,462,423,317,357,379
2.99,7.72,-9.38,0.54,0.26,-0.30,462,423,320,360,379
4.40,6.70,-9.81,0.75,0.18,-0.40,462,423,321,360,380
5.22,4.82,-9.79,0.94,0.24,-0.17,462,423,321,360,380
6.11,2.83,-9.28,1.12,0.26,0.27,461,422,320,359,381
6.22,-0.19,-7.72,1.19,0.34,0.91,461,422,319,359,383
3.68,-2.30,-6.58,1.05,0.67,1.41,462,422,319,359,383
1.66,-4.37,-5.56,0.49,-0.10,0.36,462,422,319,358,381
3.07,-4.34,-5.36,-0.22,-0.61,-0.34,461,422,319,358,381
2.79,-2.53,-5.46,-0.67,-0.21,-0.13,461,422,319,358,381
3.30,1.79,-8.09,-0.75,-0.01,-0.14,461,423,319,358,382
3.66,2.97,-8.38,-0.75,-0.11,-0.24,461,422,319,358,381
4.31,3.07,-9.36,-0.68,-0.18,-0.27,461,422,319,358,382
2.39,3.95,-8.01,-0.72,0.08,0.26,461,422,319,357,382
4.21,4.17,-8.80,-0.61,-0.25,-0.44,461,422,318,357,382
4.36,6.27,-9.30,-0.54,-0.03,-0.21,461,422,319,357,381
2.90,5.44,-8.66,-0.37,0.20,0.25,460,423,318,357,381
END
3.46,5.60,-9.13,-0.33,0.07,-0.03,459,422,326,361,382
3.95,-0.47,-8.82,0.40,0.18,0.30,459,422,325,362,381
4.26,-0.88,-8.50,0.25,0.00,0.08,459,422,325,361,381
4.57,-0.93,-8.23,0.21,-0.05,-0.07,459,422,325,361,381
3.44,-0.31,-9.01,0.16,-0.17,-0.39,459,422,325,361,381
5.06,-0.37,-9.36,0.07,-0.29,-0.41,459,422,325,361,382
4.25,-0.90,-9.27,0.19,0.08,0.01,459,422,325,361,381
2.94,-3.63,-6.91,-0.35,-0.30,-0.14,459,422,324,360,380
3.63,-2.95,-5.97,-0.87,-0.28,-0.16,459,422,323,359,380
3.77,0.78,-8.23,-0.73,-0.06,0.11,459,422,323,358,381
3.64,3.70,-8.41,-0.63,-0.12,0.03,461,422,323,359,380
3.37,4.23,-9.10,-0.67,-0.38,-0.19,463,422,324,359,381
2.35,5.68,-9.02,-0.56,-0.07,0.18,463,422,323,359,380
3.60,5.02,-8.35,-0.48,-0.10,0.12,463,423,324,359,380
1.28,6.39,-9.38,-0.18,0.23,0.09,463,422,324,359,380
3.23,4.52,-8.24,-0.45,-0.25,-0.20,462,422,324,359,380
2.43,5.26,-9.10,-0.11,0.06,-0.16,462,422,324,359,380
2.48,6.08,-8.82,-0.21,0.04,-0.07,462,422,324,359,380
2.91,7.34,-9.19,0.05,0.06,-0.21,463,422,325,361,380
2.77,7.17,-9.82,0.23,0.15,-0.19,463,422,325,361,380
3.39,6.66,-10.01,0.48,0.14,-0.19,463,422,325,361,380
3.35,5.66,-10.12,0.71,0.19,-0.11,462,422,325,361,380
4.25,4.74,-10.59,0.95,0.24,0.04,462,423,326,362,380
5.22,2.48,-9.13,1.07,0.25,0.31,461,422,326,361,380
4.13,-0.16,-7.39,1.24,0.33,0.65,463,423,325,360,380
3.42,-2.24,-6.16,0.83,0.11,0.64,464,424,325,359,379
2.33,-3.84,-5.30,0.40,-0.17,0.15,464,424,325,359,379
3.02,-3.53,-6.18,-0.29,-0.24,0.07,463,423,325,359,379
2.99,-1.31,-6.55,-0.52,-0.07,0.09,461,422,325,359,379
3.75,0.91,-8.22,-0.72,-0.18,-0.20,461,422,325,358,379
3.88,1.59,-9.29,-0.66,-0.19,-0.28,461,422,324,358,379
2.81,2.65,-9.20,-0.69,-0.06,0.05,464,423,324,357,379
3.30,2.91,-8.64,-0.59,-0.06,-0.06,463,423,325,356,379
2.26,3.81,-9.26,-0.48,0.03,-0.21,463,423,324,356,379
1.90,4.57,-8.46,-0.59,-0.06,-0.36,462,422,324,355,379
3.45,5.26,-8.11,-0.48,-0.18,-0.41,461,422,322,356,379
END
2.99,5.82,-9.22,-0.37,0.09,-0.09,456,423,324,365,383
3.88,-0.94,-8.92,0.05,0.02,-0.02,456,422,324,364,383
3.86,-0.99,-8.93,0.02,-0.02,-0.07,456,423,324,364,382
4.15,-0.83,-9.10,0.03,-0.01,-0.07,455,422,324,364,383
3.98,-0.97,-9.20,0.08,0.02,-0.06,455,422,323,364,382
4.13,-0.96,-9.26,0.11,-0.02,-0.07,455,422,322,365,382
4.29,-0.88,-9.30,0.11,-0.02,-0.05,455,422,322,365,383
3.95,-1.15,-9.27,0.09,-0.01,-0.01,455,422,322,365,382
4.50,-2.30,-8.55,0.09,-0.04,-0.01,455,421,322,365,382
4.42,-3.15,-8.05,-0.16,-0.09,0.07,455,422,322,364,382
3.90,-2.40,-8.18,-0.32,-0.08,0.14,455,421,322,364,382
3.14,-2.28,-7.75,-0.39,-0.21,-0.13,455,421,322,364,381
2.85,-0.27,-8.10,-0.67,-0.21,-0.12,455,420,320,362,381
2.76,-0.20,-7.16,-0.80,-0.39,-0.31,455,420,320,361,381
4.01,2.65,-9.17,-0.69,-0.58,-1.12,455,420,319,360,380
1.10,4.16,-7.39,-1.08,-0.62,0.07,454,420,319,360,380
3.40,5.13,-8.76,-0.64,0.11,0.54,454,420,319,359,379
-1.20,6.76,-9.19,-0.53,0.44,0.11,456,420,318,358,379
0.83,7.76,-8.05,-0.78,-0.18,-0.08,454,420,317,358,378
2.61,8.47,-9.35,-0.38,0.03,-0.18,454,419,315,356,379
1.75,7.98,-9.44,-0.13,0.22,0.05,454,420,315,356,378
2.47,8.28,-9.64,0.01,0.06,-0.12,454,420,315,356,379
3.00,8.08,-10.03,0.22,0.03,-0.15,454,420,315,356,379
2.03,7.79,-10.40,0.55,0.08,-0.14,454,420,315,356,380
3.48,5.97,-10.29,0.77,0.11,-0.12,454,420,315,357,380
4.16,4.78,-9.48,1.09,0.37,0.15,453,420,316,357,380
4.06,2.49,-8.61,1.22,0.42,0.37,453,420,316,358,380
3.77,0.88,-8.10,1.53,0.46,0.35,453,420,318,359,380
3.66,-1.73,-6.21,1.31,0.28,0.23,453,420,318,360,379
4.61,-4.64,-4.61,0.67,-0.16,0.02,453,421,318,360,379
2.96,-5.76,-4.05,-0.09,-0.27,0.02,453,420,318,359,379
3.02,-2.88,-6.73,-0.65,-0.28,-0.07,453,420,318,359,379
3.31,0.43,-8.44,-0.63,-0.07,-0.09,453,421,318,359,379
4.19,1.26,-8.64,-0.47,0.06,0.06,453,421,317,358,378
3.19,2.02,-9.41,-0.73,-0.12,-0.05,453,421,317,358,377
2.85,2.00,-8.56,-0.67,-0.26,-0.25,453,421,317,357,377
END
2.72,2.99,-8.65,-0.63,-0.16,-0.22,459,420,322,363,385
4.58,-1.69,-8.74,0.05,-0.14,-0.16,458,419,323,362,385
3.93,-1.47,-9.32,0.05,0.08,0.15,458,419,323,363,385
4.19,-1.69,-9.23,0.08,-0.04,-0.03,458,419,323,362,385
4.02,-2.10,-8.97,0.04,-0.01,0.03,457,419,323,362,385
3.93,-2.71,-7.93,-0.03,0.04,0.11,457,419,322,361,385
3.35,-3.67,-7.11,-0.21,-0.05,-0.00,457,419,322,361,385
3.86,-3.47,-6.65,-0.52,-0.17,-0.11,457,419,322,360,384
3.95,-1.24,-7.95,-0.83,-0.34,-0.13,458,419,322,360,385
2.39,-0.11,-7.85,-0.85,-0.44,-0.47,458,419,321,359,384
2.64,3.15,-8.54,-1.06,-0.69,-0.33,461,418,321,358,386
2.66,4.41,-8.66,-0.86,-0.35,0.12,463,418,320,358,387
0.66,6.01,-8.85,-0.60,0.01,0.18,465,418,320,357,387
0.94,4.93,-8.66,-0.63,-0.10,-0.16,465,418,319,356,386
0.50,6.94,-8.44,-0.59,0.07,-0.11,465,418,319,356,387
1.08,7.77,-8.81,-0.37,0.24,-0.01,464,418,319,356,387
1.62,8.99,-10.04,-0.17,0.18,-0.20,464,418,319,356,389
2.46,8.41,-10.35,0.09,0.29,-0.07,464,417,319,356,391
2.62,8.18,-10.09,0.44,0.34,-0.11,463,418,319,356,391
3.52,6.90,-10.14,0.68,0.33,-0.04,463,418,319,357,391
4.36,5.28,-10.02,0.87,0.24,-0.11,463,418,319,357,392
4.53,3.65,-9.35,1.00,0.29,0.12,462,417,319,358,392
4.27,1.61,-8.22,1.12,0.32,0.35,461,417,319,358,391
3.92,-0.01,-8.19,0.92,0.18,0.20,460,418,319,359,390
4.40,-1.69,-7.70,0.75,-0.11,-0.14,458,418,319,359,388
4.85,-4.33,-5.89,0.58,-0.09,0.10,456,418,319,359,386
3.14,-4.69,-4.69,0.03,-0.12,0.20,456,418,319,359,385
2.00,-2.02,-5.58,-0.60,-0.11,0.15,455,418,319,359,385
2.88,1.13,-6.60,-0.90,-0.25,-0.01,455,418,319,358,384
3.27,2.56,-7.91,-0.89,-0.07,-0.09,456,422,318,357,384
3.27,4.08,-7.95,-0.94,0.15,0.09,456,425,317,356,384
3.14,4.80,-10.84,-0.85,-0.07,-0.04,457,424,317,356,385
2.99,6.87,-9.99,-0.50,-0.25,-0.41,457,424,317,355,384
3.37,6.88,-9.62,-0.42,-0.20,-0.39,457,424,317,355,384
2.54,6.24,-9.93,-0.27,-0.05,-0.19,457,424,317,355,384
2.53,6.50,-9.17,-0.19,-0.06,-0.09,458,424,317,355,384
END
2.45,6.27,-8.99,-0.01,0.03,-0.10,455,410,318,358,395
4.35,-1.68,-8.76,0.04,-0.01,-0.03,455,410,318,359,395
4.28,-1.85,-8.70,0.07,-0.01,-0.04,456,411,318,359,395
4.31,-1.76,-8.80,0.03,0.01,-0.02,456,411,318,359,394
4.18,-1.56,-8.76,0.04,0.02,-0.03,455,410,318,359,394
4.24,-1.71,-8.87,0.06,0.02,-0.04,455,411,318,359,394
4.49,-1.57,-9.03,0.02,-0.00,-0.03,455,410,319,360,394
4.52,-1.91,-8.87,0.04,-0.03,-0.02,455,410,318,361,394
4.49,-2.71,-8.15,-0.00,-0.05,0.00,455,410,318,360,393
5.16,-3.43,-8.51,-0.18,-0.04,0.15,455,410,318,359,393
3.70,-3.32,-7.88,-0.28,-0.08,0.21,455,410,319,359,394
3.35,-2.03,-7.66,-0.53,-0.22,-0.02,455,410,318,359,392
2.48,-1.82,-7.09,-0.68,-0.22,-0.13,455,410,318,358,391
3.45,0.55,-7.32,-0.89,-0.08,-0.08,455,409,318,358,391
2.07,2.58,-7.31,-0.85,0.07,-0.21,454,410,318,357,390
3.88,3.98,-7.93,-1.01,-0.12,-0.33,454,409,317,357,390
3.16,6.07,-8.89,-0.63,0.18,-0.26,454,410,316,356,390
3.81,6.50,-8.41,-0.73,0.19,0.17,453,410,316,356,390
4.04,8.50,-10.11,-0.28,0.22,-0.18,453,410,316,356,390
4.07,6.91,-9.82,-0.08,0.14,-0.28,453,410,316,356,389
4.41,6.63,-9.41,0.10,0.14,-0.20,453,410,316,356,389
4.66,6.91,-9.89,0.35,0.04,-0.27,453,410,316,356,389
4.46,6.27,-9.65,0.58,-0.01,-0.23,453,411,316,356,390
4.39,5.75,-10.06,0.80,-0.05,-0.14,453,411,317,356,389
4.16,3.61,-9.11,1.03,0.01,-0.02,453,411,317,357,389
4.13,2.01,-8.53,1.09,-0.02,0.00,453,410,317,358,389
3.39,-0.24,-7.39,1.10,0.10,0.13,452,410,318,359,389
3.22,-1.74,-6.97,0.76,0.04,0.26,452,411,318,358,388
3.63,-3.56,-6.47,0.33,-0.24,0.00,452,412,318,356,388
3.42,-3.37,-6.64,-0.03,-0.09,0.16,452,412,317,354,388
2.56,-1.74,-6.94,-0.34,0.01,0.23,452,412,317,354,388
2.66,-0.35,-7.52,-0.71,-0.06,0.01,451,411,316,353,388
2.45,0.22,-7.37,-0.80,0.13,-0.02,451,411,316,353,388
2.93,3.72,-7.82,-0.98,0.21,0.15,451,410,316,353,388
4.29,4.91,-9.15,-0.76,-0.09,-0.48,450,410,316,353,387
3.52,6.13,-10.09,-0.50,0.11,-0.22,451,411,316,353,388
END
4.25,5.00,-9.09,-0.49,-0.03,-0.23,449,412,320,357,387
3.90,-2.17,-9.12,0.00,-0.03,-0.05,449,413,320,358,387
3.72,-2.28,-8.84,0.01,0.00,-0.03,449,412,320,358,388
3.68,-2.26,-9.11,0.01,-0.01,-0.03,449,413,320,359,388
3.69,-2.26,-9.15,0.02,-0.02,0.01,449,412,321,359,388
3.47,-2.33,-8.74,0.02,-0.02,0.01,449,412,320,360,388
4.13,-2.89,-8.50,-0.00,-0.05,-0.04,449,412,320,361,388
4.12,-4.44,-7.39,-0.12,-0.08,-0.07,448,413,321,361,388
4.84,-3.89,-7.62,-0.45,-0.05,0.30,448,412,321,362,388
3.04,-2.44,-7.59,-0.66,-0.16,0.12,448,412,322,361,387
2.20,-0.24,-8.46,-0.76,-0.16,0.09,449,412,322,361,388
3.29,1.27,-8.04,-0.82,-0.19,0.05,448,412,321,361,387
1.78,2.49,-9.27,-0.66,-0.09,-0.17,448,412,321,361,387
1.59,4.00,-9.12,-0.90,-0.00,0.19,449,412,320,361,389
2.04,4.03,-8.46,-0.63,0.10,-0.07,450,411,320,361,389
1.36,5.90,-10.00,-0.49,-0.04,-0.59,451,412,321,361,389
2.40,6.22,-8.79,-0.49,-0.04,-0.46,450,413,322,360,388
3.03,6.45,-9.59,-0.26,0.20,-0.29,450,414,322,360,388
3.01,6.58,-10.12,-0.14,0.24,-0.19,450,414,322,361,388
3.75,6.75,-10.30,0.06,0.11,-0.22,450,414,322,360,388
3.42,6.98,-10.58,0.35,0.13,-0.17,451,414,322,361,389
3.20,6.77,-10.46,0.67,0.11,-0.23,451,414,322,361,389
2.68,5.39,-9.73,1.05,0.30,-0.07,451,414,322,362,388
3.73,3.61,-9.38,1.22,0.49,0.17,450,414,322,363,388
4.36,0.96,-8.09,1.21,0.50,0.40,450,414,323,364,387
4.48,-2.21,-6.88,1.01,0.19,0.36,450,414,323,363,387
4.23,-4.19,-5.77,0.44,-0.22,0.21,450,414,323,363,386
3.49,-4.19,-5.97,-0.07,-0.38,0.09,449,414,322,362,386
2.58,-2.71,-6.35,-0.52,-0.16,0.29,449,414,321,362,386
2.15,-0.65,-7.16,-0.77,-0.16,0.01,449,414,321,361,386
2.71,0.95,-7.33,-0.87,-0.16,-0.12,448,414,321,360,386
2.15,3.38,-8.56,-0.77,0.01,-0.17,448,414,321,360,385
1.79,4.79,-9.24,-0.91,-0.19,-0.15,449,414,320,360,385
2.15,5.87,-9.17,-0.83,-0.21,-0.06,451,415,320,359,384
2.73,6.67,-10.27,-0.39,-0.26,-0.32,452,417,320,358,383
1.56,5.89,-9.50,-0.27,-0.02,-0.10,451,416,320,358,383
END
2.07,5.41,-8.82,-0.24,-0.06,-0.09,447,415,322,364,384
4.09,-2.75,-8.66,-0.03,0.02,-0.01,447,415,322,364,384
4.18,-2.58,-8.77,-0.02,-0.03,-0.03,448,415,322,364,384
4.04,-2.64,-8.83,0.00,-0.01,0.02,448,415,322,364,384
4.01,-2.68,-8.76,0.02,-0.02,-0.06,448,415,322,364,384
3.83,-2.40,-8.77,0.04,0.02,-0.00,448,415,322,365,384
3.89,-2.64,-8.63,0.05,0.01,-0.04,448,415,322,365,384
3.84,-2.69,-8.69,0.12,0.05,-0.06,448,415,322,365,385
4.35,-2.62,-8.85,0.12,0.07,-0.03,448,415,322,365,385
4.47,-2.99,-8.36,0.10,0.01,-0.04,448,415,322,366,385
4.74,-4.20,-7.47,-0.01,-0.01,0.05,447,416,322,366,385
4.45,-5.37,-6.75,-0.15,0.09,0.23,447,415,322,366,384
2.35,-5.54,-5.64,-0.53,0.03,0.12,447,415,323,366,384
3.25,-2.00,-7.06,-0.97,-0.14,-0.20,447,415,323,364,384
3.35,1.13,-7.15,-1.09,-0.21,-0.24,447,415,324,364,384
3.74,2.28,-8.58,-0.95,-0.33,-0.31,447,415,324,362,384
2.40,4.68,-8.15,-0.83,-0.14,-0.07,448,414,323,362,383
3.20,6.22,-10.06,-0.61,-0.14,-0.29,448,415,324,362,383
2.76,5.77,-9.91,-0.48,0.11,-0.14,448,414,324,362,383
2.85,5.36,-10.18,-0.35,0.11,-0.29,448,415,324,362,383
2.81,5.34,-10.08,-0.23,0.09,-0.35,448,414,324,362,383
3.77,4.62,-9.18,-0.15,0.04,-0.36,448,415,324,362,383
3.45,5.67,-9.93,0.04,0.08,-0.31,448,414,324,362,384
3.47,6.61,-10.46,0.17,0.11,-0.18,448,414,324,362,384
3.57,5.89,-10.44,0.54,0.13,-0.22,448,415,324,363,384
3.42,4.87,-10.66,0.69,0.24,0.02,448,414,324,363,384
4.76,3.33,-9.68,0.94,0.26,0.11,448,414,323,363,384
4.31,1.65,-9.67,1.08,0.42,0.46,448,414,324,363,384
4.53,-0.89,-7.74,1.03,0.30,0.53,448,415,323,362,384
3.62,-2.10,-6.61,0.84,0.09,0.44,448,414,323,362,384
3.22,-2.64,-6.55,0.56,-0.16,-0.04,448,413,323,362,385
4.11,-3.26,-6.15,0.13,-0.26,-0.10,447,413,323,362,384
3.91,-3.85,-6.02,-0.35,-0.30,-0.12,447,413,323,362,384
3.48,-2.20,-7.22,-0.73,-0.33,-0.08,447,413,323,361,383
3.68,-0.34,-8.13,-0.83,-0.33,-0.01,447,413,323,361,383
2.42,1.39,-8.29,-0.91,0.04,0.28,446,413,322,361,381
END
3.22,2.31,-7.28,-0.97,0.14,0.31,444,413,323,365,381
4.04,-1.63,-9.11,0.06,0.04,0.10,444,414,323,364,381
4.36,-1.76,-9.01,0.03,0.02,0.03,444,414,323,364,381
4.44,-1.79,-8.73,0.01,-0.01,0.03,444,414,323,364,381
4.87,-2.30,-8.61,-0.02,-0.04,0.07,444,414,323,364,381
4.26,-2.02,-8.50,-0.06,0.02,0.21,444,413,323,364,381
3.85,-2.56,-8.13,-0.14,0.03,0.21,444,414,323,364,381
2.92,-3.15,-7.29,-0.20,-0.02,0.03,444,413,324,364,380
4.50,-2.48,-7.21,-0.57,-0.17,-0.10,444,414,323,364,380
3.46,-0.63,-7.46,-0.73,-0.15,-0.04,444,414,323,363,379
2.91,0.95,-7.07,-0.93,-0.13,-0.12,444,414,322,362,379
0.77,1.39,-6.78,-0.83,0.08,-0.35,444,413,323,362,379
1.82,7.06,-8.89,-1.10,0.13,0.05,445,414,322,362,380
3.24,7.09,-9.25,-0.65,-0.07,-0.41,446,415,322,362,380
3.29,7.80,-10.79,-0.45,-0.25,-0.73,447,414,322,361,380
3.46,7.62,-9.63,-0.16,0.05,-0.33,446,414,323,362,380
4.01,7.74,-9.99,0.06,0.18,-0.13,447,414,323,362,382
3.86,8.13,-10.71,0.38,0.12,-0.29,447,415,324,363,381
3.25,6.24,-10.66,0.62,0.25,-0.15,448,416,325,364,382
3.18,4.90,-10.04,0.72,0.23,-0.03,448,416,325,364,382
4.06,3.40,-9.66,0.90,0.24,0.07,448,415,325,364,382
4.89,1.97,-8.72,0.92,0.25,0.25,447,415,325,363,382
4.40,0.57,-8.34,0.94,0.19,0.47,447,415,324,363,382
4.07,-0.61,-7.47,0.85,0.08,0.46,447,415,324,363,382
3.73,-2.42,-6.71,0.70,-0.01,0.28,447,415,324,362,382
3.45,-4.03,-5.86,0.26,-0.16,0.13,447,415,324,362,382
3.47,-4.47,-5.76,-0.26,-0.07,0.13,447,415,323,362,382
3.23,-2.58,-6.20,-0.62,-0.01,0.14,446,415,323,362,382
3.17,0.20,-7.55,-0.79,-0.11,-0.10,446,415,323,362,382
3.98,3.14,-9.52,-0.91,-0.26,-0.19,446,414,323,362,383
3.78,2.83,-9.04,-0.70,-0.19,-0.11,445,414,323,362,383
2.78,3.22,-9.40,-0.68,-0.16,-0.11,445,413,323,362,383
3.09,3.34,-8.16,-0.62,-0.11,0.05,445,413,323,362,383
2.13,4.44,-9.10,-0.49,0.10,-0.05,445,413,323,362,383
2.10,6.30,-8.24,-0.58,0.17,0.01,444,413,322,361,382
3.12,6.32,-8.56,-0.40,0.06,-0.24,444,413,321,359,383
END
3.37,5.86,-8.87,-0.27,0.11,-0.16,443,414,323,362,382
3.82,-2.00,-8.79,0.02,0.01,-0.03,443,414,323,363,382
3.98,-2.06,-9.01,-0.00,0.01,0.01,443,414,323,363,382
4.16,-2.28,-8.92,-0.02,-0.00,-0.03,443,414,323,362,382
4.12,-2.78,-8.54,-0.08,-0.02,-0.00,443,415,323,362,382
4.42,-3.28,-7.76,-0.12,0.03,0.07,443,414,324,362,382
3.58,-3.35,-7.54,-0.33,0.02,0.09,443,414,323,361,382
4.31,-2.04,-8.08,-0.64,-0.15,0.00,443,414,323,361,382
3.78,-0.25,-8.43,-0.72,-0.11,-0.01,443,414,323,361,382
2.97,0.57,-8.95,-0.68,-0.11,-0.06,443,414,323,360,382
3.29,1.24,-8.00,-0.76,-0.03,-0.00,443,414,323,360,381
4.50,3.29,-8.76,-0.84,0.06,0.22,443,414,322,360,381
1.67,3.50,-8.33,-0.54,0.17,-0.09,443,414,322,359,381
2.67,5.25,-8.63,-0.79,-0.17,-0.25,443,414,322,359,381
3.63,6.25,-9.26,-0.45,-0.05,-0.47,442,413,322,359,381
3.41,7.62,-9.40,-0.19,0.19,-0.27,442,414,321,359,381
4.05,7.78,-10.34,-0.01,0.21,-0.12,442,414,322,359,381
3.21,6.79,-9.76,0.42,0.25,-0.22,442,414,322,359,380
4.63,6.24,-10.42,0.56,0.36,0.07,442,414,322,359,381
5.23,4.91,-9.95,0.93,0.47,0.25,442,414,322,360,382
5.83,2.81,-9.24,1.12,0.33,0.31,442,415,322,360,382
4.95,0.40,-7.24,1.29,0.11,0.19,442,414,322,361,382
5.23,-1.64,-6.60,1.01,-0.10,0.16,442,415,322,361,382
4.77,-3.17,-5.92,0.70,-0.17,0.03,442,414,322,361,381
3.97,-5.08,-5.51,0.21,-0.52,-0.39,442,415,322,360,381
3.91,-4.68,-5.43,-0.40,-0.43,-0.15,442,415,322,360,381
4.24,-0.37,-8.43,-0.76,-0.43,-0.05,442,414,324,360,381
3.24,0.73,-8.70,-0.52,-0.32,-0.07,442,414,322,360,381
2.21,0.83,-8.46,-0.63,-0.14,0.14,443,414,323,360,380
2.63,2.76,-8.01,-0.68,-0.16,-0.20,442,415,322,359,381
3.27,2.48,-8.38,-0.82,-0.05,0.00,442,414,322,359,380
1.63,5.36,-8.56,-0.62,0.26,0.36,442,414,321,359,380
2.93,4.47,-7.95,-0.82,-0.06,0.05,442,414,321,359,379
2.52,6.82,-9.45,-0.41,0.11,-0.43,442,414,321,359,379
2.23,7.47,-8.38,-0.50,-0.07,-0.38,441,414,321,359,379
3.97,7.81,-9.20,-0.30,-0.09,-0.41,441,414,321,359,379
END
2.96,6.20,-8.70,-0.09,0.11,-0.10,441,414,322,363,379
4.09,-2.48,-8.38,0.02,0.02,0.09,440,414,322,362,380
4.16,-2.29,-8.88,0.02,-0.01,0.04,441,414,322,362,380
4.27,-2.07,-8.89,-0.00,0.00,0.02,441,414,322,362,380
3.99,-2.12,-8.71,0.06,0.05,0.05,441,414,322,362,380
4.08,-2.89,-8.42,0.02,0.04,0.04,441,414,322,362,380
3.37,-4.24,-7.24,-0.09,-0.07,-0.11,441,414,322,362,379
3.69,-4.58,-5.57,-0.51,-0.33,-0.27,441,414,323,363,379
3.36,-1.60,-7.58,-0.97,-0.29,-0.10,441,414,323,362,379
3.11,0.83,-8.69,-1.00,-0.30,-0.11,442,414,323,362,379
2.96,3.19,-9.94,-0.90,-0.18,-0.20,441,413,323,361,378
3.34,3.40,-9.27,-0.76,-0.25,-0.25,441,413,323,361,378
1.62,4.36,-9.96,-0.42,0.14,-0.08,442,413,322,361,378
2.72,4.57,-9.12,-0.48,0.02,0.05,441,413,322,361,378
2.59,5.19,-9.81,-0.21,0.07,-0.25,441,413,322,361,378
1.49,5.92,-9.81,-0.16,0.03,-0.51,441,413,323,361,379
2.91,6.40,-10.33,0.00,-0.29,-0.90,441,413,323,361,378
2.56,5.08,-9.66,0.21,0.04,-0.44,441,413,323,362,378
2.43,5.14,-9.93,0.30,0.21,-0.08,441,413,323,362,378
2.67,4.93,-10.07,0.54,0.36,0.16,441,413,323,362,378
4.39,3.68,-10.42,0.72,0.47,0.56,441,413,323,362,379
4.57,2.03,-9.49,0.93,0.62,1.01,441,413,323,362,379
4.31,0.02,-8.39,0.99,0.61,1.27,441,413,323,361,380
3.65,-1.56,-8.10,0.87,0.31,0.85,441,413,323,360,379
3.14,-3.35,-6.99,0.70,-0.17,0.04,440,413,322,360,379
4.03,-5.14,-5.84,0.27,-0.46,-0.31,440,413,321,359,379
3.59,-4.55,-6.34,-0.13,-0.15,-0.03,440,414,322,360,379
2.53,-2.94,-7.04,-0.45,-0.05,0.04,440,414,322,360,378
3.56,-1.45,-8.08,-0.74,-0.34,-0.37,439,413,322,360,379
3.50,-0.45,-8.43,-0.77,-0.41,-0.46,439,413,322,360,379
2.97,0.96,-8.49,-0.83,-0.15,-0.05,439,413,322,359,379
3.07,1.97,-9.15,-0.74,-0.04,-0.08,439,412,322,359,378
1.92,3.70,-9.31,-0.65,0.06,-0.13,439,412,321,358,378
3.14,5.30,-9.03,-0.58,0.13,-0.14,439,412,321,358,378
3.27,5.66,-9.83,-0.30,0.16,-0.24,438,411,320,358,378
3.37,5.12,-9.29,-0.20,0.29,0.01,438,410,320,357,377
END
4.07,4.31,-8.88,-0.16,0.08,-0.28,439,411,322,361,379
4.26,-2.15,-8.66,0.06,-0.01,-0.08,439,411,322,361,379
3.92,-2.37,-8.69,0.06,-0.01,-0.06,439,411,322,362,378
4.06,-2.38,-8.79,0.09,0.02,-0.02,439,411,322,363,379
4.05,-2.39,-8.82,0.06,-0.00,-0.04,439,411,322,364,378
4.28,-2.80,-8.69,0.04,0.01,-0.02,439,411,322,364,378
3.73,-4.02,-7.77,-0.05,-0.06,-0.14,438,411,322,363,378
3.86,-5.53,-5.80,-0.39,-0.20,-0.26,438,412,322,363,378
3.95,-2.66,-6.74,-0.93,-0.30,-0.18,438,411,322,362,378
3.07,-0.53,-7.58,-1.05,-0.35,-0.20,439,411,322,362,377
3.22,0.88,-7.54,-1.08,-0.27,-0.20,439,411,321,361,377
2.38,3.93,-8.41,-0.78,0.12,0.02,439,411,321,361,377
2.56,5.87,-8.76,-0.82,0.11,0.01,439,411,321,361,377
3.46,6.58,-8.79,-0.63,-0.07,-0.49,439,411,321,361,377
2.36,7.80,-9.91,-0.49,-0.18,-0.51,440,411,321,361,377
2.12,8.33,-10.06,-0.24,0.01,-0.26,440,411,321,361,377
2.74,7.90,-9.93,0.07,0.09,-0.30,440,411,321,361,377
2.33,7.60,-10.60,0.34,0.23,-0.22,440,411,321,361,377
2.67,7.01,-10.82,0.81,0.34,-0.13,440,412,322,361,377
3.43,4.98,-9.93,1.04,0.42,-0.03,440,411,322,362,378
4.16,3.19,-9.10,1.20,0.49,0.11,440,412,322,363,378
4.71,0.48,-7.93,1.14,0.48,0.37,439,412,322,363,378
4.59,-1.21,-6.91,0.99,0.33,0.48,440,411,322,363,377
4.10,-2.69,-6.73,0.74,0.09,0.33,440,411,322,364,377
4.57,-3.75,-6.04,0.41,-0.20,0.03,440,411,322,364,377
3.86,-3.96,-6.16,0.01,-0.34,-0.07,440,412,322,365,377
3.94,-3.02,-6.77,-0.31,-0.21,0.03,439,411,323,365,377
3.91,-2.12,-7.44,-0.57,-0.17,0.11,439,412,323,365,377
3.24,-0.32,-7.34,-0.78,-0.19,0.02,439,411,322,364,376
2.99,0.87,-7.45,-0.89,-0.34,-0.34,439,411,322,363,376
2.53,2.21,-7.96,-1.06,-0.45,-0.20,439,411,322,363,376
3.92,4.91,-8.29,-0.84,-0.50,-0.01,441,412,322,362,376
1.23,6.73,-10.41,-0.57,-0.01,0.10,443,412,321,361,376
1.87,6.81,-9.70,-0.57,-0.10,0.03,443,412,322,361,376
0.95,6.63,-9.76,-0.27,0.19,0.02,443,412,322,361,376
1.77,6.53,-9.15,-0.22,0.10,-0.13,443,412,322,361,376
END
1.92,5.94,-9.19,-0.04,0.10,-0.23,443,412,322,362,382
3.86,-2.42,-8.55,0.05,-0.01,-0.01,443,412,322,362,382
3.91,-2.60,-8.39,0.00,0.01,-0.01,443,412,322,362,382
3.66,-2.38,-8.57,-0.02,-0.01,-0.07,443,412,322,362,382
4.34,-1.87,-8.89,-0.03,0.01,-0.01,443,411,322,362,382
3.72,-2.12,-8.83,0.01,0.00,0.00,442,412,322,362,382
4.12,-2.57,-8.50,-0.02,-0.00,0.01,442,411,322,362,382
4.17,-3.24,-7.92,-0.12,-0.03,-0.01,442,412,322,362,381
4.82,-2.66,-8.02,-0.38,-0.21,-0.03,442,411,322,362,382
4.08,-3.27,-7.77,-0.51,-0.29,-0.06,442,411,322,362,381
3.30,-1.34,-8.51,-0.83,-0.36,0.06,442,411,322,361,381
2.75,0.04,-8.10,-0.71,-0.27,0.01,443,411,322,361,381
0.52,1.69,-8.69,-0.74,0.08,0.20,443,411,321,360,381
1.78,4.10,-8.28,-0.83,-0.06,-0.08,442,410,320,359,380
3.22,4.98,-9.39,-0.74,-0.15,-0.10,442,411,320,359,380
2.05,5.25,-9.58,-0.44,0.28,0.10,442,410,320,359,381
2.33,4.92,-8.92,-0.40,0.19,-0.11,442,410,320,358,380
3.95,5.43,-9.35,-0.33,0.13,-0.21,442,410,320,358,381
3.31,6.54,-9.50,-0.05,0.28,-0.15,442,410,320,358,381
4.18,7.52,-10.36,0.16,0.14,-0.32,442,410,320,358,382
4.71,6.94,-10.60,0.44,0.13,-0.22,442,410,320,358,382
4.06,5.46,-10.60,0.80,0.18,-0.04,442,410,320,358,383
4.13,3.31,-9.78,0.99,0.17,0.03,442,410,320,358,382
4.44,1.24,-8.79,1.16,0.12,-0.00,442,411,320,359,382
4.41,-0.98,-7.64,1.05,-0.04,-0.03,441,410,320,359,382
4.34,-3.01,-7.89,0.69,-0.22,-0.06,441,411,320,359,381
5.35,-3.41,-8.31,0.37,-0.16,0.46,441,411,321,359,381
2.47,-2.08,-7.31,0.06,-0.09,0.58,441,411,320,359,381
1.41,-2.01,-6.72,-0.19,-0.28,0.24,440,410,320,358,380
1.97,-1.33,-7.20,-0.46,-0.16,0.00,440,410,320,358,380
3.00,0.04,-7.14,-0.66,0.04,0.03,440,411,320,358,380
2.06,0.34,-7.58,-0.72,0.36,0.42,440,410,320,358,380
3.43,2.93,-9.04,-0.84,0.23,-0.05,440,411,320,358,379
2.97,4.54,-9.20,-0.89,0.09,0.05,440,410,319,358,380
4.62,4.63,-10.01,-0.62,-0.13,-0.39,440,410,320,358,379
2.91,5.18,-8.57,-0.37,0.28,0.21,439,410,319,358,378
END
3.79,4.79,-8.22,-0.47,0.14,-0.17,440,410,317,359,382
4.60,-2.33,-8.47,-0.00,0.04,-0.10,442,411,317,359,383
4.47,-1.95,-8.13,-0.11,-0.02,-0.07,443,411,317,359,383
4.41,-1.46,-9.27,-0.03,-0.06,-0.07,443,411,317,361,383
4.19,-1.45,-9.37,0.06,0.04,0.10,442,411,317,361,383
3.88,-1.47,-9.02,0.06,0.01,0.09,442,411,317,361,383
4.13,-1.96,-8.82,0.11,0.08,0.11,442,411,317,361,383
3.98,-3.42,-7.55,-0.03,-0.07,-0.06,442,411,317,360,383
3.12,-4.37,-6.58,-0.31,-0.22,-0.32,442,411,317,360,382
1.55,-3.89,-5.46,-0.76,-0.11,-0.30,442,411,317,360,381
3.70,0.54,-7.20,-1.12,-0.23,-0.45,442,410,317,359,381
4.27,3.72,-8.99,-0.92,-0.17,-0.47,442,410,317,359,381
2.19,4.85,-8.32,-0.84,0.32,-0.00,442,410,317,359,381
4.03,5.86,-8.03,-0.65,0.13,-0.38,442,410,316,359,381
4.21,5.97,-8.73,-0.53,-0.11,-0.55,442,410,316,359,381
3.12,7.18,-8.99,-0.41,0.06,-0.28,442,410,316,359,381
3.42,7.72,-9.50,-0.23,-0.04,-0.26,442,411,317,359,381
3.68,7.38,-9.80,0.00,0.03,-0.21,442,411,317,359,381
2.96,6.82,-9.34,0.28,0.06,-0.17,442,410,317,358,381
3.88,6.49,-9.58,0.45,-0.03,-0.20,442,411,317,359,381
4.46,5.79,-9.63,0.61,0.11,0.12,442,410,317,358,381
3.24,4.03,-9.04,0.85,0.38,0.56,442,411,317,358,381
4.52,2.68,-8.21,0.75,0.09,0.38,442,412,317,358,381
3.63,1.41,-8.38,0.83,0.28,0.59,445,415,317,357,381
3.21,1.11,-8.51,0.62,0.43,0.99,447,415,317,357,383
4.58,-0.02,-7.97,0.57,0.09,0.39,447,415,317,356,383
5.79,-1.36,-8.32,0.66,-0.07,0.28,447,415,318,356,384
5.36,-2.49,-7.86,0.50,-0.04,0.48,447,416,318,356,383
3.40,-3.98,-6.77,0.29,-0.14,0.23,447,416,318,356,382
3.14,-5.24,-5.76,-0.09,-0.23,-0.05,446,415,319,355,382
3.07,-3.50,-6.44,-0.60,-0.26,-0.13,446,416,319,356,382
2.73,-1.63,-6.79,-0.82,-0.22,-0.31,446,415,319,356,382
2.30,0.24,-7.69,-0.97,-0.08,-0.33,446,415,319,356,381
4.39,2.87,-6.86,-1.00,-0.23,-0.61,444,415,319,356,381
5.08,4.48,-9.58,-0.91,-0.42,-0.87,444,414,319,356,381
2.88,5.99,-8.74,-0.68,0.12,0.23,444,414,318,356,381
END
3.06,5.69,-8.49,-0.68,-0.08,0.09,441,412,320,353,379
4.54,-2.08,-8.61,0.03,-0.03,0.02,441,413,320,353,379
4.80,-2.05,-8.59,0.06,-0.04,-0.04,441,412,320,353,379
4.40,-1.92,-8.61,0.05,0.00,-0.01,441,412,320,354,379
4.47,-2.01,-8.78,0.05,-0.02,-0.01,441,412,320,354,379
4.82,-2.40,-8.95,0.08,-0.02,0.02,440,412,320,355,379
4.53,-3.26,-8.27,0.05,-0.05,0.04,440,412,320,356,379
4.54,-4.85,-6.58,-0.07,-0.04,0.13,440,412,320,356,379
3.47,-4.07,-6.35,-0.57,-0.27,-0.14,440,412,320,356,378
3.73,-1.24,-8.14,-0.71,-0.36,-0.26,440,412,320,356,378
3.96,-0.04,-8.04,-0.90,-0.43,-0.32,440,412,319,357,378
2.86,0.95,-8.31,-0.82,-0.29,-0.16,440,412,319,356,378
2.09,2.43,-8.27,-1.06,-0.17,0.28,441,412,319,357,378
2.52,3.98,-7.98,-0.81,-0.19,-0.24,441,411,319,359,378
0.35,5.89,-8.82,-0.82,-0.04,-0.14,442,412,319,360,378
2.46,6.10,-7.93,-0.82,-0.05,-0.04,442,412,319,359,378
1.81,7.85,-8.82,-0.40,0.23,-0.34,443,413,318,359,377
2.11,7.28,-8.41,-0.37,0.17,-0.28,442,413,318,359,377
3.60,8.08,-8.59,-0.28,0.09,-0.27,442,412,318,358,377
3.43,8.65,-9.71,-0.04,0.16,-0.08,441,413,318,359,377
2.82,9.17,-9.50,0.34,0.23,-0.01,441,412,319,359,377
3.08,8.23,-9.67,0.68,0.15,-0.06,441,413,318,359,377
2.74,6.38,-9.43,0.91,0.27,0.04,441,413,319,360,378
3.84,4.26,-8.49,1.04,0.20,0.04,441,413,319,360,378
4.36,2.62,-7.94,0.96,0.34,0.29,441,413,320,361,378
3.79,1.20,-7.84,0.99,0.40,0.32,441,413,320,362,378
4.61,0.45,-7.93,0.84,0.09,0.10,441,413,320,364,378
4.75,-0.03,-8.46,0.80,0.08,0.28,440,412,321,364,379
4.77,-0.99,-7.85,0.88,0.11,0.25,440,412,321,365,378
4.26,-3.12,-6.84,0.82,0.18,0.47,440,412,322,366,378
3.26,-6.17,-4.25,0.34,0.11,0.30,439,413,322,365,377
3.81,-5.35,-4.87,-0.70,-0.45,-0.09,439,413,322,364,377
3.09,-2.35,-6.63,-1.16,-0.50,-0.16,438,413,322,363,376
2.81,0.78,-8.03,-1.27,-0.43,-0.21,439,413,321,362,376
1.45,2.39,-9.63,-0.73,-0.21,-0.66,439,412,320,361,376
2.31,4.26,-8.50,-0.66,-0.21,-0.22,439,412,320,360,375
END
3.95,4.03,-9.38,-0.69,-0.29,-0.09,441,414,317,358,381
4.95,-1.21,-9.29,0.07,-0.04,-0.04,441,414,318,358,380
4.67,-1.41,-8.90,0.16,-0.06,-0.12,440,414,318,358,380
4.08,-1.90,-8.89,0.12,-0.06,-0.04,440,414,318,357,380
4.13,-2.11,-8.55,0.15,-0.09,-0.09,441,414,318,358,380
4.19,-1.84,-8.72,0.16,-0.02,-0.04,440,414,318,357,380
4.15,-1.95,-8.99,0.21,0.01,-0.04,440,414,318,358,380
4.34,-2.97,-8.02,0.16,-0.02,-0.07,440,414,318,358,380
3.88,-4.83,-5.90,-0.10,-0.16,-0.26,440,415,318,358,379
4.35,-4.33,-4.99,-0.72,-0.46,-0.40,440,414,318,357,379
3.75,-0.22,-8.28,-0.90,-0.34,-0.15,440,414,318,357,379
2.21,1.15,-8.53,-0.93,-0.12,0.02,440,414,318,357,378
3.49,1.66,-7.42,-0.97,-0.44,-0.31,440,414,317,356,378
2.68,4.22,-9.25,-0.89,-0.22,-0.13,440,413,318,356,378
2.10,6.02,-8.46,-0.92,0.23,0.45,441,414,316,356,378
2.84,6.68,-9.25,-0.68,0.02,-0.16,441,414,315,355,378
2.10,8.19,-9.86,-0.40,0.17,-0.17,440,413,315,355,378
2.72,7.25,-9.35,-0.33,0.11,-0.20,440,414,316,355,378
3.48,7.91,-9.81,0.00,0.15,-0.30,440,413,316,355,378
3.95,7.82,-10.25,0.33,0.23,-0.22,440,414,316,355,378
4.33,7.31,-10.52,0.65,0.17,-0.21,440,413,316,355,379
4.68,6.02,-10.01,0.91,0.34,0.14,440,414,319,356,379
5.02,4.05,-9.43,1.22,0.31,0.25,439,414,322,356,379
4.47,1.00,-8.01,1.29,0.19,0.35,439,414,322,356,379
4.82,-1.38,-6.43,1.12,-0.01,0.23,439,413,322,356,378
3.84,-2.70,-6.02,0.74,-0.02,0.31,439,412,323,356,378
3.91,-3.49,-6.18,0.40,-0.03,0.42,439,413,323,357,379
3.00,-4.47,-4.97,-0.21,-0.06,0.40,439,413,322,355,378
2.85,-2.53,-6.00,-0.67,-0.19,0.09,439,413,322,355,377
4.31,1.02,-7.50,-0.79,-0.07,0.03,438,413,322,355,378
3.29,1.50,-9.24,-0.69,-0.07,-0.12,439,412,322,355,377
3.14,2.39,-8.08,-0.96,-0.18,-0.11,438,413,322,355,378
3.96,2.81,-8.08,-0.85,-0.27,-0.38,438,412,322,355,377
1.62,4.60,-9.17,-0.75,0.10,-0.34,439,413,321,356,376
3.60,5.28,-7.54,-1.03,-0.29,-0.19,438,412,321,356,377
2.21,7.16,-9.52,-0.40,0.09,-0.58,438,413,322,358,376
END