5.92,-1.70,-1.70,0.03,0.03,0.03,412,417,308,346,360
6.25,-1.62,-1.62,0.03,0.03,0.03,411,417,308,346,360
6.83,-2.75,-2.75,-0.21,-0.21,-0.21,410,417,307,345,360
2.84,1.34,1.34,-1.35,-1.35,-1.35,408,416,305,344,362
1.39,10.09,10.09,-0.54,-0.54,-0.54,407,416,306,343,365
5.48,4.84,4.84,1.11,1.11,1.11,403,416,311,346,367
7.65,-3.99,-3.99,0.91,0.91,0.91,402,416,309,346,365
2.05,0.89,0.89,-1.06,-1.06,-1.06,401,415,305,344,364
0.27,6.24,6.24,-0.84,-0.84,-0.84,403,415,305,344,364
3.56,5.50,5.50,0.54,0.54,0.54,407,414,309,344,359
4.84,1.31,1.31,0.74,0.74,0.74,406,413,314,346,355
END
3.98,-0.69,-0.69,0.24,0.24,0.24,409,407,310,344,367
5.05,-1.11,-1.11,0.04,0.04,0.04,406,407,309,344,366
8.56,-3.73,-3.73,-0.24,-0.24,-0.24,406,407,309,344,366
2.16,1.20,1.20,-1.45,-1.45,-1.45,404,407,308,344,365
1.08,11.34,11.34,-0.38,-0.38,-0.38,402,407,307,343,364
6.88,5.74,5.74,1.08,1.08,1.08,399,407,311,345,367
6.30,-3.24,-3.24,1.03,1.03,1.03,396,408,310,346,364
2.83,-1.26,-1.26,-1.26,-1.26,-1.26,396,408,309,345,363
1.46,8.66,8.66,-0.35,-0.35,-0.35,396,408,308,344,362
5.34,5.45,5.45,0.56,0.56,0.56,396,408,308,344,365
5.59,1.49,1.49,1.05,1.05,1.05,395,408,309,345,366
END
5.25,-2.33,-2.33,0.39,0.39,0.39,400,408,309,345,356
5.92,-2.39,-2.39,-0.01,-0.01,-0.01,397,408,309,345,356
5.46,-3.40,-3.40,-0.39,-0.39,-0.39,396,408,309,345,356
3.63,0.78,0.78,-1.50,-1.50,-1.50,394,408,307,345,359
2.00,9.81,9.81,-0.01,-0.01,-0.01,394,408,306,343,362
5.71,5.57,5.57,1.17,1.17,1.17,394,408,311,345,367
5.54,-1.90,-1.90,0.85,0.85,0.85,393,408,312,346,365
4.21,-2.99,-2.99,-1.05,-1.05,-1.05,392,408,309,345,362
3.18,7.27,7.27,-0.90,-0.90,-0.90,388,410,307,345,362
4.19,5.99,5.99,0.13,0.13,0.13,354,399,308,346,339
4.91,3.90,3.90,1.07,1.07,1.07,323,310,300,343,327
END
4.77,1.19,1.19,0.52,0.52,0.52,453,409,311,347,377
5.32,-0.84,-0.84,0.08,0.08,0.08,453,407,311,348,383
7.40,-3.49,-3.49,-0.31,-0.31,-0.31,450,407,310,349,381
1.28,4.23,4.23,-1.12,-1.12,-1.12,448,407,308,346,377
3.32,8.92,8.92,-0.12,-0.12,-0.12,445,407,312,346,375
7.24,4.74,4.74,1.18,1.18,1.18,443,408,319,351,377
5.99,-3.61,-3.61,0.56,0.56,0.56,440,407,315,350,375
2.22,1.75,1.75,-1.70,-1.70,-1.70,438,407,310,348,373
1.73,8.69,8.69,-0.48,-0.48,-0.48,438,407,309,347,372
4.57,6.02,6.02,0.65,0.65,0.65,438,407,314,349,374
5.54,1.37,1.37,0.88,0.88,0.88,436,407,314,351,373
END
5.00,-1.03,-1.03,0.51,0.51,0.51,433,406,313,350,370
5.72,-1.90,-1.90,-0.03,-0.03,-0.03,433,406,313,350,370
6.08,-3.41,-3.41,-0.64,-0.64,-0.64,433,406,312,349,370
0.55,6.53,6.53,-1.15,-1.15,-1.15,433,406,309,347,369
2.87,9.30,9.30,0.36,0.36,0.36,433,406,313,349,370
5.90,2.02,2.02,1.37,1.37,1.37,432,406,315,352,371
5.97,-2.73,-2.73,-0.68,-0.68,-0.68,430,406,313,350,369
2.63,5.13,5.13,-0.86,-0.86,-0.86,430,406,308,347,367
2.88,9.05,9.05,-0.08,-0.08,-0.08,430,406,311,347,367
5.69,4.71,4.71,0.96,0.96,0.96,429,406,313,350,368
4.82,-0.56,-0.56,0.85,0.85,0.85,429,406,313,349,367
END
5.41,-1.23,-1.23,0.19,0.19,0.19,427,405,312,349,366
5.07,-0.87,-0.87,-0.92,-0.92,-0.92,428,405,311,349,369
0.70,6.54,6.54,-0.90,-0.90,-0.90,431,405,305,346,370
3.93,7.84,7.84,0.66,0.66,0.66,430,405,308,346,371
6.63,1.82,1.82,1.17,1.17,1.17,429,405,311,349,371
5.56,-4.89,-4.89,-0.03,-0.03,-0.03,428,404,310,349,371
1.99,4.05,4.05,-1.27,-1.27,-1.27,428,404,308,347,370
3.05,8.29,8.29,-0.38,-0.38,-0.38,428,405,307,346,368
5.46,5.60,5.60,0.57,0.57,0.57,427,406,307,346,370
4.18,3.24,3.24,0.89,0.89,0.89,426,408,305,346,377
4.20,-1.12,-1.12,0.88,0.88,0.88,427,407,312,351,381
END
5.56,-2.23,-2.23,0.26,0.26,0.26,424,406,308,348,371
3.91,8.41,8.41,0.31,0.31,0.31,424,406,309,348,371
5.82,2.47,2.47,1.20,1.20,1.20,424,406,312,350,370
7.26,-3.92,-3.92,-0.15,-0.15,-0.15,423,406,312,350,369
2.74,0.91,0.91,-1.14,-1.14,-1.14,423,405,309,348,367
2.10,8.56,8.56,-0.57,-0.57,-0.57,423,406,307,347,367
4.59,4.92,4.92,0.74,0.74,0.74,423,406,310,348,368
5.55,1.32,1.32,0.60,0.60,0.60,422,406,312,350,368
5.89,-0.29,-0.29,0.43,0.43,0.43,422,406,312,350,368
4.62,-0.71,-0.71,0.20,0.20,0.20,421,406,311,349,367
5.59,-2.15,-2.15,0.38,0.38,0.38,420,406,309,348,367
END
6.02,-2.53,-2.53,0.05,0.05,0.05,423,405,306,346,367
6.60,-2.61,-2.61,-0.45,-0.45,-0.45,422,404,303,344,368
-0.01,3.33,3.33,-1.21,-1.21,-1.21,423,404,302,343,367
-0.02,11.89,11.89,-0.15,-0.15,-0.15,423,404,304,344,367
5.36,4.27,4.27,1.13,1.13,1.13,422,404,311,349,368
6.41,-3.95,-3.95,0.33,0.33,0.33,420,404,310,349,367
3.65,0.32,0.32,-1.09,-1.09,-1.09,420,404,308,347,366
2.25,8.12,8.12,-0.83,-0.83,-0.83,420,404,307,346,366
3.64,6.20,6.20,0.68,0.68,0.68,420,404,309,347,366
5.36,1.51,1.51,0.84,0.84,0.84,419,404,310,349,366
5.44,-0.79,-0.79,0.44,0.44,0.44,419,404,309,348,366
END
5.53,-2.43,-2.43,0.19,0.19,0.19,418,404,309,349,365
5.82,-1.93,-1.93,0.04,0.04,0.04,418,404,309,349,365
6.90,-4.69,-4.69,-0.38,-0.38,-0.38,418,404,309,349,365
3.52,3.27,3.27,-1.48,-1.48,-1.48,418,404,307,347,363
3.53,9.75,9.75,0.14,0.14,0.14,418,404,307,347,365
7.94,4.07,4.07,1.09,1.09,1.09,418,404,310,349,367
6.91,-3.22,-3.22,0.61,0.61,0.61,417,404,310,349,365
1.48,-2.24,-2.24,-1.15,-1.15,-1.15,417,404,308,347,362
3.08,8.71,8.71,-0.64,-0.64,-0.64,417,404,307,346,363
5.56,6.53,6.53,0.74,0.74,0.74,417,404,309,347,366
6.72,1.22,1.22,0.90,0.90,0.90,417,404,309,348,366
END
5.28,-1.18,-1.18,0.48,0.48,0.48,417,403,309,348,364
5.94,-1.80,-1.80,0.03,0.03,0.03,417,404,309,348,364
7.62,-3.80,-3.80,-0.32,-0.32,-0.32,416,403,309,348,364
2.86,1.79,1.79,-1.66,-1.66,-1.66,417,403,308,347,363
2.65,9.94,9.94,-0.55,-0.55,-0.55,416,403,306,346,363
5.21,6.16,6.16,1.07,1.07,1.07,416,403,312,349,367
6.38,-0.04,-0.04,0.90,0.90,0.90,416,404,313,351,367
4.57,-3.65,-3.65,-0.37,-0.37,-0.37,416,404,310,348,366
4.38,4.77,4.77,-1.12,-1.12,-1.12,416,403,309,347,365
3.17,8.81,8.81,-0.16,-0.16,-0.16,416,403,308,347,365
6.09,4.59,4.59,0.81,0.81,0.81,416,404,313,348,367
END
4.84,0.62,0.62,0.72,0.72,0.72,429,404,310,348,361
5.32,-1.50,-1.50,0.23,0.23,0.23,428,404,311,348,361
5.85,-3.94,-3.94,-0.98,-0.98,-0.98,427,404,309,346,360
0.24,6.17,6.17,-0.82,-0.82,-0.82,426,405,305,345,357
3.97,6.30,6.30,0.41,0.41,0.41,425,405,310,347,362
7.32,-0.29,-0.29,1.05,1.05,1.05,423,405,312,349,363
7.23,-6.06,-6.06,-0.02,-0.02,-0.02,423,405,310,348,361
2.59,2.94,2.94,-1.15,-1.15,-1.15,423,404,308,346,359
3.44,9.39,9.39,-0.41,-0.41,-0.41,423,404,308,346,361
5.40,5.03,5.03,0.83,0.83,0.83,422,405,314,348,362
4.83,-0.77,-0.77,0.70,0.70,0.70,422,404,315,349,361
END
4.69,-0.60,-0.60,0.02,0.02,0.02,421,403,312,348,359
4.92,-0.59,-0.59,0.09,0.09,0.09,421,403,313,349,359
7.00,-2.26,-2.26,0.06,0.06,0.06,420,403,313,350,359
4.11,-0.06,-0.06,-0.99,-0.99,-0.99,420,403,311,348,358
1.70,6.30,6.30,-0.85,-0.85,-0.85,420,403,309,347,358
4.92,6.40,6.40,0.82,0.82,0.82,420,403,314,348,361
6.37,0.30,0.30,0.92,0.92,0.92,420,403,315,350,360
5.32,-4.06,-4.06,-0.54,-0.54,-0.54,419,403,313,349,359
3.34,4.54,4.54,-0.95,-0.95,-0.95,419,403,309,347,358
3.21,7.05,7.05,0.10,0.10,0.10,419,403,309,347,359
6.94,3.19,3.19,0.84,0.84,0.84,418,403,312,349,360
END
3.91,-0.05,-0.05,0.59,0.59,0.59,420,403,306,347,358
5.83,-1.39,-1.39,0.05,0.05,0.05,420,403,304,345,361
6.48,-2.48,-2.48,-0.04,-0.04,-0.04,420,403,303,344,362
4.22,-0.17,-0.17,-1.29,-1.29,-1.29,420,403,303,343,361
1.80,8.24,8.24,-0.28,-0.28,-0.28,420,403,304,344,361
5.23,4.66,4.66,0.97,0.97,0.97,419,403,311,349,364
6.47,-0.93,-0.93,0.85,0.85,0.85,418,403,311,350,363
6.50,-4.52,-4.52,-0.60,-0.60,-0.60,417,403,308,347,361
2.91,3.19,3.19,-1.18,-1.18,-1.18,417,403,306,346,358
4.17,7.63,7.63,-0.36,-0.36,-0.36,416,403,306,346,358
4.64,3.92,3.92,0.89,0.89,0.89,416,404,309,347,358
END
5.40,0.59,0.59,0.71,0.71,0.71,415,403,309,348,356
5.86,-1.40,-1.40,0.07,0.07,0.07,417,403,310,348,357
6.22,-4.11,-4.11,-0.49,-0.49,-0.49,415,403,309,347,357
1.87,6.40,6.40,-1.07,-1.07,-1.07,415,402,307,346,357
1.76,6.98,6.98,0.27,0.27,0.27,415,403,309,346,358
7.03,3.88,3.88,0.96,0.96,0.96,415,402,315,349,361
6.20,0.01,0.01,0.45,0.45,0.45,414,402,314,349,360
3.98,-3.32,-3.32,-0.69,-0.69,-0.69,414,402,311,348,358
2.18,5.57,5.57,-1.41,-1.41,-1.41,413,402,307,346,357
3.54,8.71,8.71,0.09,0.09,0.09,414,402,310,346,359
4.46,5.20,5.20,0.96,0.96,0.96,413,402,312,348,359
END
5.10,1.49,1.49,0.89,0.89,0.89,413,401,307,346,359
5.51,-1.53,-1.53,-0.05,-0.05,-0.05,412,401,307,346,359
4.52,-4.13,-4.13,-0.27,-0.27,-0.27,412,402,307,345,359
2.68,3.83,3.83,-1.49,-1.49,-1.49,413,401,306,345,358
3.22,9.65,9.65,0.50,0.50,0.50,413,402,309,346,360
6.58,2.82,2.82,1.05,1.05,1.05,412,402,312,349,362
6.42,-4.82,-4.82,-0.05,-0.05,-0.05,411,401,309,347,358
2.49,0.58,0.58,-1.15,-1.15,-1.15,412,401,306,346,357
3.01,7.44,7.44,-0.18,-0.18,-0.18,415,401,306,345,362
5.61,4.69,4.69,0.55,0.55,0.55,415,401,309,346,365
4.97,1.55,1.55,0.87,0.87,0.87,415,401,311,348,365
END
4.95,-1.14,-1.14,0.42,0.42,0.42,425,401,310,348,361
5.63,-1.59,-1.59,0.05,0.05,0.05,426,401,310,348,361
5.77,-3.29,-3.29,-0.57,-0.57,-0.57,417,401,310,348,361
3.62,2.19,2.19,-1.58,-1.58,-1.58,416,401,306,346,359
4.89,9.82,9.82,0.09,0.09,0.09,416,401,305,345,363
5.29,2.61,2.61,1.37,1.37,1.37,415,401,311,348,366
7.21,-3.97,-3.97,0.48,0.48,0.48,415,400,311,349,364
3.77,-3.00,-3.00,-0.91,-0.91,-0.91,414,400,307,346,360
1.51,6.60,6.60,-0.99,-0.99,-0.99,415,401,305,345,360
2.85,6.24,6.24,0.37,0.37,0.37,415,400,307,345,362
6.69,2.46,2.46,0.75,0.75,0.75,415,400,311,348,365
END
4.93,-0.24,-0.24,0.52,0.52,0.52,414,400,312,350,362
5.59,-1.48,-1.48,0.05,0.05,0.05,413,400,312,350,362
6.08,-2.38,-2.38,0.02,0.02,0.02,413,400,312,350,362
4.92,-2.28,-2.28,-1.31,-1.31,-1.31,413,400,310,348,361
1.74,7.59,7.59,-0.75,-0.75,-0.75,413,400,306,346,360
5.42,7.75,7.75,0.53,0.53,0.53,413,400,311,347,362
7.21,2.43,2.43,1.10,1.10,1.10,413,400,315,350,364
6.96,-4.05,-4.05,0.50,0.50,0.50,412,400,314,350,362
3.98,1.16,1.16,-1.33,-1.33,-1.33,412,400,310,347,360
2.46,8.66,8.66,-0.56,-0.56,-0.56,413,400,309,347,360
4.34,5.53,5.53,0.80,0.80,0.80,413,400,315,349,363
END
6.07,0.29,0.29,0.86,0.86,0.86,412,400,311,349,362
5.50,-1.69,-1.69,0.03,0.03,0.03,412,400,310,349,362
6.58,-2.70,-2.70,-0.03,-0.03,-0.03,412,400,310,349,362
4.94,-0.70,-0.70,-1.49,-1.49,-1.49,412,400,311,348,361
1.12,7.32,7.32,-0.71,-0.71,-0.71,412,400,309,347,361
4.72,8.48,8.48,0.68,0.68,0.68,412,400,313,348,363
6.65,2.64,2.64,1.07,1.07,1.07,412,400,313,349,364
6.22,-4.91,-4.91,-0.15,-0.15,-0.15,411,400,312,348,362
3.38,3.93,3.93,-1.29,-1.29,-1.29,412,400,310,348,361
3.28,9.34,9.34,-0.08,-0.08,-0.08,412,400,311,347,361
5.69,5.94,5.94,0.89,0.89,0.89,411,400,313,349,362
END
4.94,0.45,0.45,0.82,0.82,0.82,411,400,312,349,361
5.35,-1.57,-1.57,0.03,0.03,0.03,410,400,312,349,361
6.59,-2.38,-2.38,-0.02,-0.02,-0.02,410,399,312,349,361
3.88,-0.45,-0.45,-1.29,-1.29,-1.29,411,399,311,348,360
3.07,7.16,7.16,-0.47,-0.47,-0.47,411,399,309,347,361
5.20,8.28,8.28,0.73,0.73,0.73,412,400,312,348,363
6.77,0.19,0.19,1.01,1.01,1.01,412,400,313,350,364
4.91,-3.99,-3.99,-0.49,-0.49,-0.49,410,399,313,349,362
2.32,3.25,3.25,-1.46,-1.46,-1.46,410,399,310,348,361
3.68,10.50,10.50,0.24,0.24,0.24,411,399,310,347,361
5.99,4.03,4.03,1.08,1.08,1.08,410,400,316,349,363
END
4.62,-0.42,-0.42,0.04,0.04,0.04,408,418,303,342,369
4.90,-0.50,-0.50,0.04,0.04,0.04,408,418,302,342,369
5.74,-2.21,-2.21,-0.19,-0.19,-0.19,408,418,302,342,369
3.25,1.57,1.57,-1.13,-1.13,-1.13,408,417,302,342,369
2.71,10.58,10.58,-0.09,-0.09,-0.09,406,417,304,343,370
5.25,4.71,4.71,0.98,0.98,0.98,405,417,310,346,371
6.35,-3.73,-3.73,0.47,0.47,0.47,404,417,308,345,371
3.29,-0.07,-0.07,-1.23,-1.23,-1.23,403,417,304,344,370
1.25,11.97,11.97,-0.54,-0.54,-0.54,403,416,304,344,371
3.93,6.04,6.04,0.51,0.51,0.51,403,416,306,344,372
3.58,3.34,3.34,0.86,0.86,0.86,403,416,309,345,372
END
4.52,0.26,0.26,0.45,0.45,0.45,408,415,307,345,367
4.84,-0.21,-0.21,0.05,0.05,0.05,407,415,309,346,367
7.07,-3.79,-3.79,-0.49,-0.49,-0.49,402,415,308,346,368
1.01,7.21,7.21,-1.11,-1.11,-1.11,401,414,303,343,367
3.04,9.54,9.54,0.53,0.53,0.53,401,414,310,345,370
5.99,0.32,0.32,1.21,1.21,1.21,399,414,320,352,371
4.80,-2.27,-2.27,-0.85,-0.85,-0.85,398,414,310,347,369
2.39,6.15,6.15,-1.03,-1.03,-1.03,398,413,303,344,367
2.38,9.57,9.57,0.21,0.21,0.21,398,413,306,345,370
4.58,4.93,4.93,1.05,1.05,1.05,397,413,310,346,371
4.15,1.32,1.32,0.66,0.66,0.66,397,413,309,346,370
END
4.77,-0.89,-0.89,0.36,0.36,0.36,410,412,308,347,368
5.11,-0.82,-0.82,0.03,0.03,0.03,409,412,308,347,368
6.75,-3.94,-3.94,-0.81,-0.81,-0.81,400,412,307,347,368
2.22,8.10,8.10,-0.93,-0.93,-0.93,401,411,304,345,368
3.55,9.40,9.40,0.53,0.53,0.53,400,411,308,346,370
7.67,3.47,3.47,1.14,1.14,1.14,400,411,312,349,372
6.34,-4.34,-4.34,0.14,0.14,0.14,399,411,307,345,370
2.08,4.47,4.47,-1.76,-1.76,-1.76,399,411,302,342,371
1.76,8.77,8.77,-0.16,-0.16,-0.16,400,411,303,342,369
4.26,4.67,4.67,0.70,0.70,0.70,399,411,310,347,369
3.91,2.74,2.74,0.72,0.72,0.72,398,411,311,349,369
END
4.54,-0.47,-0.47,0.42,0.42,0.42,414,410,306,347,369
4.97,-0.70,-0.70,0.04,0.04,0.04,414,410,306,347,369
6.53,-2.96,-2.96,-0.38,-0.38,-0.38,403,410,305,346,368
2.12,2.56,2.56,-1.40,-1.40,-1.40,402,410,304,345,366
0.98,11.94,11.94,-0.08,-0.08,-0.08,402,410,303,344,367
5.41,5.38,5.38,1.09,1.09,1.09,401,409,312,348,369
5.58,-1.51,-1.51,0.87,0.87,0.87,400,410,310,348,369
3.67,-1.93,-1.93,-1.42,-1.42,-1.42,399,409,306,346,367
0.12,8.79,8.79,-1.05,-1.05,-1.05,400,409,304,345,366
3.29,7.91,7.91,0.54,0.54,0.54,400,409,310,347,368
5.75,3.74,3.74,0.86,0.86,0.86,399,409,309,347,368
END
3.95,-0.72,-0.72,0.79,0.79,0.79,413,409,309,349,367
5.25,-1.23,-1.23,0.02,0.02,0.02,413,409,309,349,367
7.06,-3.49,-3.49,-0.34,-0.34,-0.34,402,409,308,349,367
2.26,3.01,3.01,-1.38,-1.38,-1.38,401,408,305,347,366
2.11,11.06,11.06,-0.35,-0.35,-0.35,401,408,306,346,368
5.78,4.41,4.41,1.29,1.29,1.29,400,408,313,351,369
6.60,-2.07,-2.07,0.62,0.62,0.62,398,408,310,350,368
3.04,0.33,0.33,-1.51,-1.51,-1.51,399,408,305,346,366
1.44,10.71,10.71,-0.61,-0.61,-0.61,400,408,303,344,366
3.39,6.78,6.78,1.01,1.01,1.01,399,408,313,347,366
4.92,1.51,1.51,0.75,0.75,0.75,399,408,314,350,366
END
4.41,0.04,0.04,0.04,0.04,0.04,408,407,305,346,365
4.92,-0.87,-0.87,0.07,0.07,0.07,404,407,306,346,365
6.32,-3.31,-3.31,-0.25,-0.25,-0.25,402,407,305,346,365
1.38,2.83,2.83,-1.94,-1.94,-1.94,402,407,304,346,366
1.72,14.54,14.54,-0.37,-0.37,-0.37,400,408,302,344,366
5.17,6.27,6.27,1.38,1.38,1.38,400,407,307,346,369
5.88,-2.02,-2.02,0.69,0.69,0.69,399,407,307,346,368
3.32,-0.45,-0.45,-1.25,-1.25,-1.25,398,408,303,344,365
2.05,11.00,11.00,-0.52,-0.52,-0.52,398,408,302,343,365
3.01,7.29,7.29,0.54,0.54,0.54,398,407,308,345,366
4.08,2.79,2.79,0.73,0.73,0.73,398,407,310,346,367
END
4.49,-0.67,-0.67,0.66,0.66,0.66,408,408,310,348,365
5.15,-0.47,-0.47,0.03,0.03,0.03,407,408,310,348,365
6.65,-1.97,-1.97,-0.08,-0.08,-0.08,402,407,310,348,365
4.54,1.46,1.46,-1.63,-1.63,-1.63,396,407,305,346,365
2.10,10.77,10.77,-0.62,-0.62,-0.62,392,408,300,342,362
5.92,7.95,7.95,0.94,0.94,0.94,392,407,307,344,365
5.97,-1.26,-1.26,1.25,1.25,1.25,392,407,309,347,366
3.75,-2.39,-2.39,-1.23,-1.23,-1.23,392,407,305,345,363
1.50,9.89,9.89,-1.37,-1.37,-1.37,390,407,302,344,362
4.72,9.27,9.27,0.61,0.61,0.61,390,407,305,344,364
5.09,4.04,4.04,1.04,1.04,1.04,390,407,308,346,365
END
3.96,0.66,0.66,0.48,0.48,0.48,392,405,307,346,365
5.38,-0.83,-0.83,-0.01,-0.01,-0.01,392,405,307,346,365
3.93,-0.67,-0.67,-1.17,-1.17,-1.17,392,404,307,346,365
1.29,10.37,10.37,-1.17,-1.17,-1.17,390,405,302,344,363
3.64,9.79,9.79,0.89,0.89,0.89,390,405,308,345,366
6.27,1.04,1.04,1.33,1.33,1.33,391,405,309,348,370
5.23,-3.18,-3.18,-0.95,-0.95,-0.95,390,405,306,346,367
2.12,7.34,7.34,-1.14,-1.14,-1.14,390,405,302,344,365
3.09,9.03,9.03,0.33,0.33,0.33,391,404,307,345,368
5.47,4.13,4.13,1.01,1.01,1.01,391,404,309,346,370
4.08,1.21,1.21,0.74,0.74,0.74,390,404,308,346,369
END
4.69,-2.35,-2.35,0.22,0.22,0.22,394,404,307,346,367
4.95,-1.28,-1.28,0.03,0.03,0.03,393,404,307,346,367
5.77,-3.64,-3.64,-0.47,-0.47,-0.47,391,404,307,346,367
2.37,4.62,4.62,-1.64,-1.64,-1.64,391,404,303,344,364
2.83,9.93,9.93,-0.54,-0.54,-0.54,390,405,302,343,365
4.67,7.40,7.40,1.23,1.23,1.23,390,404,310,347,369
6.40,-0.24,-0.24,0.79,0.79,0.79,390,404,310,348,370
3.24,-2.71,-2.71,-0.72,-0.72,-0.72,390,404,306,346,367
1.79,7.38,7.38,-0.90,-0.90,-0.90,390,405,303,344,365
2.93,9.04,9.04,0.23,0.23,0.23,390,404,304,344,366
4.96,4.26,4.26,0.85,0.85,0.85,390,404,305,345,367
END
3.90,0.62,0.62,0.73,0.73,0.73,392,404,307,347,366
5.23,-1.29,-1.29,0.02,0.02,0.02,392,404,307,347,366
6.48,-2.73,-2.73,-0.09,-0.09,-0.09,391,404,307,347,366
4.06,-0.12,-0.12,-1.79,-1.79,-1.79,390,404,305,346,364
1.49,9.47,9.47,-0.59,-0.59,-0.59,390,405,302,344,364
4.72,7.28,7.28,0.84,0.84,0.84,390,404,310,346,366
6.12,0.97,0.97,1.11,1.11,1.11,389,404,312,348,368
4.88,-3.59,-3.59,-0.81,-0.81,-0.81,389,404,308,346,365
1.87,7.19,7.19,-0.91,-0.91,-0.91,389,404,303,344,363
2.66,9.37,9.37,-0.01,-0.01,-0.01,389,404,303,344,364
4.50,5.73,5.73,1.05,1.05,1.05,389,404,308,345,366
END
4.03,0.70,0.70,0.86,0.86,0.86,393,404,305,346,365
5.36,-1.61,-1.61,0.04,0.04,0.04,392,404,305,346,365
6.84,-2.40,-2.40,-0.05,-0.05,-0.05,391,403,305,346,365
3.83,-1.36,-1.36,-1.61,-1.61,-1.61,390,403,304,345,367
0.43,8.87,8.87,-0.81,-0.81,-0.81,391,404,301,344,365
3.06,10.27,10.27,0.74,0.74,0.74,391,403,303,344,368
6.82,2.44,2.44,1.45,1.45,1.45,395,402,308,346,371
5.36,-5.46,-5.46,-0.30,-0.30,-0.30,393,402,306,346,369
1.51,6.05,6.05,-1.34,-1.34,-1.34,392,402,303,344,367
2.37,10.79,10.79,-0.06,-0.06,-0.06,392,403,303,344,366
4.76,6.34,6.34,0.91,0.91,0.91,391,403,305,345,367
END
4.72,1.96,1.96,1.03,1.03,1.03,389,403,307,347,366
5.63,-1.61,-1.61,0.03,0.03,0.03,389,403,307,347,366
6.14,-3.22,-3.22,-0.63,-0.63,-0.63,389,403,307,346,366
2.50,3.15,3.15,-1.74,-1.74,-1.74,389,403,302,345,366
2.91,10.43,10.43,-0.25,-0.25,-0.25,389,403,302,344,366
5.27,5.51,5.51,1.31,1.31,1.31,389,403,307,346,370
5.49,-2.07,-2.07,0.78,0.78,0.78,388,403,307,347,369
3.93,-2.20,-2.20,-1.34,-1.34,-1.34,387,403,305,345,366
1.87,8.89,8.89,-1.06,-1.06,-1.06,387,403,303,344,364
3.36,9.15,9.15,0.66,0.66,0.66,388,403,306,345,367
4.97,2.59,2.59,1.08,1.08,1.08,387,403,309,346,367
END
4.84,-1.46,-1.46,0.51,0.51,0.51,386,403,309,347,365
5.64,-2.00,-2.00,0.01,0.01,0.01,386,403,309,347,364
5.92,-2.99,-2.99,-0.92,-0.92,-0.92,386,402,309,347,363
3.06,6.35,6.35,-1.72,-1.72,-1.72,385,403,303,345,361
3.04,10.01,10.01,0.10,0.10,0.10,385,403,303,344,364
5.64,6.20,6.20,1.61,1.61,1.61,385,403,310,346,365
5.14,-2.83,-2.83,0.64,0.64,0.64,385,403,309,347,364
2.99,-1.20,-1.20,-1.35,-1.35,-1.35,384,402,306,345,362
1.40,9.67,9.67,-1.01,-1.01,-1.01,383,402,302,344,362
3.28,11.23,11.23,0.62,0.62,0.62,383,402,305,344,365
5.57,2.99,2.99,1.11,1.11,1.11,383,401,308,346,366
END
4.34,-0.62,-0.62,0.72,0.72,0.72,383,401,310,347,364
5.97,-2.43,-2.43,0.02,0.02,0.02,383,401,310,347,364
5.52,-4.05,-4.05,-0.54,-0.54,-0.54,383,401,309,347,364
3.70,4.38,4.38,-1.79,-1.79,-1.79,383,401,304,345,363
2.72,10.77,10.77,0.00,0.00,0.00,383,401,304,345,365
6.23,5.10,5.10,1.19,1.19,1.19,383,401,309,347,367
5.04,-1.77,-1.77,0.91,0.91,0.91,383,401,309,348,366
4.54,-3.68,-3.68,-1.48,-1.48,-1.48,382,401,307,346,363
2.70,9.68,9.68,-0.90,-0.90,-0.90,382,401,304,345,362
3.13,9.32,9.32,0.21,0.21,0.21,382,401,305,345,363
5.00,4.59,4.59,1.08,1.08,1.08,382,401,309,346,364
END
4.20,0.38,0.38,0.83,0.83,0.83,390,400,307,346,364
5.48,-1.67,-1.67,0.02,0.02,0.02,389,400,307,346,364
6.51,-3.57,-3.57,-0.34,-0.34,-0.34,389,400,307,346,364
2.91,1.67,1.67,-1.77,-1.77,-1.77,388,400,306,345,362
0.06,12.99,12.99,-0.45,-0.45,-0.45,388,400,304,344,362
4.86,6.05,6.05,1.15,1.15,1.15,387,399,309,346,364
5.32,-0.27,-0.27,0.91,0.91,0.91,386,400,310,347,364
5.27,-3.87,-3.87,-0.47,-0.47,-0.47,386,399,308,346,363
1.85,3.84,3.84,-1.40,-1.40,-1.40,386,399,306,345,362
3.53,11.10,11.10,-0.09,-0.09,-0.09,386,399,307,345,364
5.01,5.64,5.64,0.90,0.90,0.90,385,399,308,346,365
END
4.69,1.49,1.49,0.85,0.85,0.85,386,399,308,347,364
5.10,-1.75,-1.75,0.04,0.04,0.04,386,399,308,347,364
6.45,-2.63,-2.63,0.01,0.01,0.01,387,398,307,347,364
4.73,-0.74,-0.74,-1.51,-1.51,-1.51,389,398,306,346,363
1.34,8.79,8.79,-0.56,-0.56,-0.56,401,403,302,344,363
3.13,8.01,8.01,0.82,0.82,0.82,403,401,306,346,373
6.02,1.27,1.27,1.10,1.10,1.10,400,400,307,347,372
5.31,-4.32,-4.32,-0.06,-0.06,-0.06,399,401,306,346,370
1.76,3.00,3.00,-1.61,-1.61,-1.61,398,400,305,345,368
0.39,9.87,9.87,-0.51,-0.51,-0.51,398,401,304,344,367
2.82,7.07,7.07,0.91,0.91,0.91,396,401,306,345,368
END
3.93,1.82,1.82,0.93,0.93,0.93,391,401,307,347,365
5.61,-1.85,-1.85,0.04,0.04,0.04,391,401,308,347,365
6.49,-4.52,-4.52,-0.53,-0.53,-0.53,391,400,307,347,365
2.61,3.37,3.37,-1.62,-1.62,-1.62,390,400,303,345,362
0.46,11.44,11.44,-0.35,-0.35,-0.35,391,400,303,344,362
4.35,4.61,4.61,1.20,1.20,1.20,392,400,311,348,366
5.26,-0.70,-0.70,0.86,0.86,0.86,391,400,309,348,366
3.98,-3.36,-3.36,-0.86,-0.86,-0.86,390,400,307,346,363
3.38,6.07,6.07,-1.07,-1.07,-1.07,390,400,304,346,362
2.89,12.86,12.86,0.28,0.28,0.28,392,400,305,345,365
4.97,4.62,4.62,1.01,1.01,1.01,391,400,308,347,366
END
4.37,-0.02,-0.02,0.68,0.68,0.68,388,400,307,348,362
5.52,-1.82,-1.82,0.03,0.03,0.03,388,400,307,348,362
6.07,-3.43,-3.43,-0.20,-0.20,-0.20,388,400,307,348,362
2.61,0.27,0.27,-1.62,-1.62,-1.62,388,400,306,347,361
0.67,10.46,10.46,-0.59,-0.59,-0.59,388,400,303,345,362
3.83,8.54,8.54,0.66,0.66,0.66,388,400,305,346,365
5.32,3.07,3.07,1.30,1.30,1.30,388,400,308,347,367
6.81,-3.52,-3.52,0.31,0.31,0.31,388,400,308,347,366
2.56,2.30,2.30,-1.58,-1.58,-1.58,388,400,304,345,363
1.85,13.08,13.08,-0.90,-0.90,-0.90,389,400,302,344,363
2.33,9.22,9.22,0.68,0.68,0.68,388,400,305,345,364
END
4.43,3.68,3.68,1.17,1.17,1.17,387,400,308,348,364
5.30,-1.35,-1.35,0.03,0.03,0.03,387,399,308,348,363
6.48,-2.77,-2.77,-0.07,-0.07,-0.07,387,399,308,348,364
4.76,-1.22,-1.22,-1.24,-1.24,-1.24,386,399,307,347,363
0.75,10.99,10.99,-1.20,-1.20,-1.20,384,401,300,343,357
3.75,8.36,8.36,1.04,1.04,1.04,385,400,309,346,363
5.44,1.17,1.17,1.40,1.40,1.40,385,400,313,349,366
5.90,-5.09,-5.09,-0.32,-0.32,-0.32,384,400,310,348,362
3.20,2.54,2.54,-1.62,-1.62,-1.62,384,400,304,346,358
1.41,12.39,12.39,-1.03,-1.03,-1.03,384,400,302,344,361
3.32,8.17,8.17,0.80,0.80,0.80,385,400,307,345,367
END