4.97,-1.54,-1.54,0.14,0.14,0.14,484,415,331,353,377
4.90,-1.92,-1.92,-0.25,-0.25,-0.25,484,415,329,353,376
0.70,2.02,2.02,-0.67,-0.67,-0.67,484,414,325,352,376
3.12,3.04,3.04,-0.46,-0.46,-0.46,484,414,325,352,377
2.70,5.10,5.10,-0.09,-0.09,-0.09,484,414,325,352,377
3.70,4.38,4.38,0.78,0.78,0.78,484,414,328,353,378
5.25,-1.70,-1.70,0.92,0.92,0.92,483,414,330,354,378
3.24,-2.02,-2.02,-0.49,-0.49,-0.49,483,414,328,353,377
2.95,1.39,1.39,-0.62,-0.62,-0.62,483,414,326,352,377
3.20,4.32,4.32,-0.37,-0.37,-0.37,484,414,326,352,377
1.95,3.93,3.93,0.08,0.08,0.08,483,414,326,352,376
END
1.82,4.12,4.12,0.04,0.04,0.04,482,413,329,353,377
5.29,-1.77,-1.77,0.04,0.04,0.04,482,413,328,353,377
7.22,-4.15,-4.15,-0.08,-0.08,-0.08,482,413,328,353,376
1.37,2.09,2.09,-0.92,-0.92,-0.92,482,413,326,351,376
2.46,5.49,5.49,-0.67,-0.67,-0.67,482,413,326,351,378
3.37,5.14,5.14,0.33,0.33,0.33,482,413,327,352,380
4.91,1.82,1.82,0.98,0.98,0.98,481,413,329,353,381
4.02,-3.55,-3.55,0.22,0.22,0.22,481,413,329,353,380
1.97,0.01,0.01,-0.65,-0.65,-0.65,481,413,327,352,379
1.99,7.54,7.54,-1.20,-1.20,-1.20,480,412,327,352,379
3.13,6.93,6.93,0.12,0.12,0.12,480,412,326,352,379
END
4.64,6.32,6.32,0.84,0.84,0.84,480,412,326,352,377
2.67,-2.11,-2.11,-0.36,-0.36,-0.36,480,411,320,350,377
2.26,2.64,2.64,-0.87,-0.87,-0.87,479,411,319,349,376
3.07,9.25,9.25,-0.48,-0.48,-0.48,479,412,319,350,377
4.32,6.50,6.50,0.47,0.47,0.47,479,411,322,351,377
5.19,0.09,0.09,1.70,1.70,1.70,479,412,324,352,379
3.15,-0.17,-0.17,-0.36,-0.36,-0.36,478,411,323,352,378
3.07,0.32,0.32,-0.36,-0.36,-0.36,479,411,323,352,379
2.04,1.82,1.82,-0.70,-0.70,-0.70,479,410,323,352,380
1.28,7.96,7.96,-0.44,-0.44,-0.44,480,409,321,351,380
2.96,8.69,8.69,0.91,0.91,0.91,479,410,325,353,384
END
3.62,-0.54,-0.54,1.06,1.06,1.06,478,406,326,355,386
4.80,-1.84,-1.84,0.02,0.02,0.02,478,406,325,354,387
4.16,-0.90,-0.90,-0.53,-0.53,-0.53,477,405,321,350,388
3.67,4.16,4.16,-0.74,-0.74,-0.74,478,405,319,348,386
2.55,8.35,8.35,-0.55,-0.55,-0.55,477,405,319,349,385
3.29,7.15,7.15,0.33,0.33,0.33,477,405,322,351,386
3.81,4.77,4.77,0.86,0.86,0.86,477,405,323,353,388
3.67,-0.71,-0.71,0.92,0.92,0.92,476,405,322,352,388
2.56,0.16,0.16,-0.72,-0.72,-0.72,476,405,320,352,386
0.73,4.78,4.78,-1.30,-1.30,-1.30,477,405,319,351,385
2.18,10.11,10.11,-0.04,-0.04,-0.04,476,405,319,350,386
END
3.50,4.24,4.24,1.26,1.26,1.26,475,407,324,353,383
5.34,-2.18,-2.18,-0.07,-0.07,-0.07,475,407,324,353,383
2.20,-0.34,-0.34,-0.91,-0.91,-0.91,475,406,323,353,383
2.67,4.52,4.52,-0.71,-0.71,-0.71,475,406,323,353,383
3.55,6.71,6.71,-0.25,-0.25,-0.25,475,406,323,353,383
4.62,5.79,5.79,0.40,0.40,0.40,475,406,324,353,383
5.90,3.70,3.70,0.83,0.83,0.83,474,406,325,353,383
5.30,-1.02,-1.02,0.79,0.79,0.79,474,406,325,353,383
4.45,-1.44,-1.44,-0.45,-0.45,-0.45,474,406,324,353,382
2.46,1.77,1.77,-0.76,-0.76,-0.76,474,406,324,353,382
2.35,5.53,5.53,-0.81,-0.81,-0.81,475,406,327,353,383
END
2.98,6.72,6.72,0.36,0.36,0.36,473,406,326,354,382
5.45,-2.42,-2.42,-0.01,-0.01,-0.01,473,406,326,354,382
4.82,-3.05,-3.05,-0.29,-0.29,-0.29,473,405,325,354,382
2.31,1.74,1.74,-0.84,-0.84,-0.84,474,405,325,354,381
1.44,6.59,6.59,-0.74,-0.74,-0.74,475,406,325,353,381
4.07,7.88,7.88,-0.06,-0.06,-0.06,473,406,326,354,382
5.09,4.07,4.07,0.74,0.74,0.74,473,405,327,355,382
5.29,1.03,1.03,1.07,1.07,1.07,472,405,327,355,382
4.96,-3.86,-3.86,0.16,0.16,0.16,472,405,325,355,381
2.58,-1.77,-1.77,-0.71,-0.71,-0.71,472,405,325,354,381
1.88,5.24,5.24,-1.24,-1.24,-1.24,473,405,325,354,380
END
2.79,8.82,8.82,-0.38,-0.38,-0.38,473,405,327,355,381
4.63,-2.35,-2.35,0.01,0.01,0.01,473,405,327,355,381
4.22,-3.31,-3.31,-0.28,-0.28,-0.28,473,405,327,355,381
2.25,2.63,2.63,-1.04,-1.04,-1.04,474,405,327,355,380
2.51,5.99,5.99,-0.46,-0.46,-0.46,474,405,327,355,379
3.24,6.33,6.33,0.21,0.21,0.21,474,405,329,356,380
5.28,4.39,4.39,0.89,0.89,0.89,473,405,329,356,380
4.62,-1.41,-1.41,0.81,0.81,0.81,472,405,327,356,379
4.09,-2.19,-2.19,-0.38,-0.38,-0.38,472,405,327,356,379
2.69,0.64,0.64,-0.70,-0.70,-0.70,473,405,327,356,379
3.42,8.59,8.59,-0.68,-0.68,-0.68,473,405,327,356,379
END
5.11,4.73,4.73,0.43,0.43,0.43,471,405,327,356,378
3.50,-2.02,-2.02,-0.27,-0.27,-0.27,471,405,328,356,378
2.68,1.05,1.05,-0.85,-0.85,-0.85,472,405,328,356,377
2.68,7.52,7.52,-0.87,-0.87,-0.87,471,405,327,357,376
2.84,7.39,7.39,0.35,0.35,0.35,471,405,328,357,376
3.47,4.06,4.06,1.20,1.20,1.20,470,405,328,357,377
6.07,-2.09,-2.09,0.47,0.47,0.47,470,405,327,357,376
3.40,-2.26,-2.26,-0.52,-0.52,-0.52,470,405,327,357,376
0.16,4.11,4.11,-1.31,-1.31,-1.31,471,405,327,357,375
2.94,6.11,6.11,-0.24,-0.24,-0.24,471,405,327,357,376
1.39,5.53,5.53,0.11,0.11,0.11,471,405,327,357,376
END
2.06,5.49,5.49,0.08,0.08,0.08,470,405,327,357,376
5.16,-2.01,-2.01,0.06,0.06,0.06,470,405,327,357,376
6.21,-3.32,-3.32,0.06,0.06,0.06,469,405,327,357,376
3.17,0.36,0.36,-0.82,-0.82,-0.82,470,405,327,357,376
3.98,3.36,3.36,-0.79,-0.79,-0.79,471,405,328,356,377
3.97,6.81,6.81,-0.19,-0.19,-0.19,470,405,328,358,377
3.85,6.14,6.14,0.39,0.39,0.39,470,405,328,358,377
5.79,2.48,2.48,1.16,1.16,1.16,470,405,328,358,377
4.79,-3.52,-3.52,0.30,0.30,0.30,470,405,327,357,377
2.38,-0.17,-0.17,-0.82,-0.82,-0.82,470,405,327,357,376
1.46,10.31,10.31,-1.03,-1.03,-1.03,471,405,326,357,372
END
3.51,7.59,7.59,0.92,0.92,0.92,469,405,326,358,373
4.95,-1.45,-1.45,0.05,0.05,0.05,469,405,327,358,373
5.93,-2.66,-2.66,0.08,0.08,0.08,469,405,327,358,373
3.63,-1.31,-1.31,-0.27,-0.27,-0.27,469,405,326,358,373
1.42,4.39,4.39,-1.05,-1.05,-1.05,469,405,327,359,373
3.19,6.78,6.78,-0.38,-0.38,-0.38,469,405,328,360,374
3.80,6.36,6.36,0.27,0.27,0.27,469,405,329,360,374
4.17,4.62,4.62,0.88,0.88,0.88,469,405,329,361,374
5.29,-1.61,-1.61,0.96,0.96,0.96,468,405,328,362,373
3.29,-2.23,-2.23,-0.33,-0.33,-0.33,469,405,328,361,372
1.84,2.91,2.91,-1.10,-1.10,-1.10,469,405,328,361,372
END
1.24,7.86,7.86,-0.85,-0.85,-0.85,467,404,326,359,372
4.69,-1.07,-1.07,0.02,0.02,0.02,467,404,326,360,373
6.24,-2.53,-2.53,0.20,0.20,0.20,467,404,326,360,373
3.14,0.32,0.32,-0.59,-0.59,-0.59,468,404,326,359,373
1.49,5.51,5.51,-1.03,-1.03,-1.03,469,404,327,359,373
1.15,8.22,8.22,-0.34,-0.34,-0.34,469,404,328,359,373
0.75,6.80,6.80,0.32,0.32,0.32,468,404,328,359,373
3.22,4.38,4.38,1.04,1.04,1.04,469,404,327,359,373
4.90,-1.82,-1.82,0.87,0.87,0.87,468,404,327,358,374
2.40,-0.05,-0.05,-0.67,-0.67,-0.67,468,403,326,357,373
0.20,4.96,4.96,-1.03,-1.03,-1.03,468,403,326,357,373
END
1.90,8.95,8.95,-0.37,-0.37,-0.37,466,404,326,357,372
4.42,-0.70,-0.70,0.02,0.02,0.02,466,404,326,357,372
5.68,-2.26,-2.26,0.23,0.23,0.23,466,404,325,357,372
2.43,0.16,0.16,-0.75,-0.75,-0.75,467,404,325,357,372
-0.36,6.16,6.16,-1.07,-1.07,-1.07,467,404,325,357,371
0.32,8.22,8.22,-0.20,-0.20,-0.20,467,403,326,357,372
2.00,7.93,7.93,0.46,0.46,0.46,467,403,327,360,372
3.74,4.67,4.67,0.87,0.87,0.87,466,403,326,360,372
4.26,-0.49,-0.49,0.93,0.93,0.93,466,403,327,360,372
2.97,-1.84,-1.84,-0.67,-0.67,-0.67,466,403,326,358,372
0.13,7.72,7.72,-1.25,-1.25,-1.25,467,403,326,358,372
END
-0.22,6.01,6.01,-0.49,-0.49,-0.49,465,403,328,358,373
4.77,-0.37,-0.37,0.02,0.02,0.02,465,403,328,358,373
5.99,-0.95,-0.95,0.11,0.11,0.11,465,403,328,358,373
4.13,-2.86,-2.86,-0.06,-0.06,-0.06,465,403,328,358,372
1.12,3.92,3.92,-1.01,-1.01,-1.01,466,403,328,358,372
0.40,7.68,7.68,-0.89,-0.89,-0.89,467,403,328,358,372
0.67,7.65,7.65,0.34,0.34,0.34,468,404,328,358,373
3.69,5.59,5.59,0.90,0.90,0.90,467,403,329,358,374
4.60,-0.41,-0.41,1.01,1.01,1.01,466,403,329,358,374
2.87,-1.54,-1.54,-0.66,-0.66,-0.66,466,403,328,358,373
0.65,4.21,4.21,-1.37,-1.37,-1.37,466,403,327,358,372
END
1.34,10.44,10.44,-0.89,-0.89,-0.89,464,402,327,358,372
3.85,0.29,0.29,0.04,0.04,0.04,464,402,327,358,372
5.30,-1.26,-1.26,0.19,0.19,0.19,464,402,327,358,372
2.19,-0.12,-0.12,-0.52,-0.52,-0.52,464,402,327,358,372
0.53,4.92,4.92,-0.89,-0.89,-0.89,465,402,326,358,372
2.38,7.07,7.07,-0.31,-0.31,-0.31,466,402,327,358,372
2.39,6.86,6.86,0.19,0.19,0.19,465,402,326,358,372
3.88,5.66,5.66,0.83,0.83,0.83,464,402,326,358,373
4.65,-0.18,-0.18,1.02,1.02,1.02,464,402,326,358,373
2.36,-1.67,-1.67,-0.46,-0.46,-0.46,464,402,326,358,372
1.82,3.78,3.78,-1.01,-1.01,-1.01,465,402,326,358,372
END
2.01,9.71,9.71,-0.56,-0.56,-0.56,463,401,326,358,372
3.96,0.03,0.03,0.07,0.07,0.07,463,402,326,358,372
4.97,-1.86,-1.86,0.12,0.12,0.12,463,402,326,358,372
2.58,-0.40,-0.40,-0.36,-0.36,-0.36,463,401,325,358,372
0.44,4.32,4.32,-0.86,-0.86,-0.86,464,401,325,358,371
0.91,7.48,7.48,-0.39,-0.39,-0.39,464,401,326,358,371
1.18,7.23,7.23,0.08,0.08,0.08,463,401,325,358,371
3.83,6.02,6.02,0.77,0.77,0.77,463,401,326,358,372
4.39,-1.73,-1.73,1.26,1.26,1.26,462,401,325,358,372
3.07,-1.79,-1.79,-0.80,-0.80,-0.80,463,401,325,357,372
-1.41,3.49,3.49,-0.99,-0.99,-0.99,464,401,325,357,371
END
1.18,7.18,7.18,-0.58,-0.58,-0.58,462,401,325,357,372
5.55,-1.60,-1.60,0.44,0.44,0.44,462,402,326,358,372
4.43,-3.19,-3.19,-0.28,-0.28,-0.28,462,401,325,358,372
1.23,1.82,1.82,-0.88,-0.88,-0.88,464,401,326,357,371
0.39,6.82,6.82,-0.98,-0.98,-0.98,463,401,325,357,371
1.53,8.71,8.71,0.04,0.04,0.04,463,401,325,357,373
3.04,6.93,6.93,0.86,0.86,0.86,463,401,327,357,373
4.77,0.42,0.42,1.32,1.32,1.32,463,401,328,358,374
1.74,-1.91,-1.91,-0.49,-0.49,-0.49,463,401,326,357,372
1.22,3.34,3.34,-1.14,-1.14,-1.14,462,401,326,357,372
-0.42,7.52,7.52,-0.73,-0.73,-0.73,463,401,326,357,372
END
0.24,6.88,6.88,0.04,0.04,0.04,463,401,327,357,373
4.70,-0.81,-0.81,0.11,0.11,0.11,463,401,326,357,373
4.22,-2.27,-2.27,-0.00,-0.00,-0.00,462,401,326,357,373
2.36,1.97,1.97,-0.98,-0.98,-0.98,462,401,326,357,372
0.27,5.86,5.86,-1.13,-1.13,-1.13,463,401,325,356,372
2.19,10.19,10.19,-0.07,-0.07,-0.07,461,400,324,355,372
1.56,8.74,8.74,0.52,0.52,0.52,461,400,324,355,372
2.90,5.28,5.28,1.44,1.44,1.44,461,400,325,355,373
4.31,-2.34,-2.34,0.65,0.65,0.65,461,401,324,355,372
1.72,0.32,0.32,-1.07,-1.07,-1.07,461,401,323,355,371
-1.04,6.09,6.09,-1.21,-1.21,-1.21,461,400,323,354,370
END
2.35,9.85,9.85,0.01,0.01,0.01,461,401,323,354,371
3.75,-1.03,-1.03,-0.09,-0.09,-0.09,461,400,323,354,371
1.58,-0.95,-0.95,-0.72,-0.72,-0.72,461,400,322,353,370
-0.47,8.01,8.01,-1.39,-1.39,-1.39,461,400,323,353,370
2.61,9.07,9.07,-0.24,-0.24,-0.24,462,400,323,353,371
1.30,8.12,8.12,0.44,0.44,0.44,460,400,323,354,370
4.87,4.76,4.76,1.28,1.28,1.28,460,400,323,354,371
3.95,-2.67,-2.67,0.78,0.78,0.78,460,400,324,354,371
2.02,-0.04,-0.04,-1.07,-1.07,-1.07,461,400,323,354,370
-0.09,5.04,5.04,-1.31,-1.31,-1.31,461,400,322,354,370
3.69,9.22,9.22,-0.06,-0.06,-0.06,461,400,323,354,370
END
3.03,7.90,7.90,0.64,0.64,0.64,461,401,324,357,370
4.97,-1.58,-1.58,0.20,0.20,0.20,461,401,325,357,370
3.18,-1.41,-1.41,-0.54,-0.54,-0.54,461,400,324,357,369
1.58,4.37,4.37,-1.05,-1.05,-1.05,461,400,323,357,369
1.34,9.76,9.76,-0.60,-0.60,-0.60,460,400,324,357,369
2.30,7.34,7.34,0.24,0.24,0.24,459,400,324,357,370
3.69,5.39,5.39,0.99,0.99,0.99,459,400,325,358,371
4.20,-1.53,-1.53,1.24,1.24,1.24,459,400,326,359,370
3.14,-2.30,-2.30,-0.62,-0.62,-0.62,460,400,324,357,369
0.19,4.90,4.90,-1.01,-1.01,-1.01,461,400,323,355,368
2.98,8.76,8.76,-0.50,-0.50,-0.50,461,400,323,356,370
END
4.89,-2.45,-2.45,0.05,0.05,0.05,473,411,313,347,373
5.61,-2.86,-2.86,-0.02,-0.02,-0.02,473,411,313,346,373
4.92,-2.88,-2.88,-0.31,-0.31,-0.31,473,411,314,346,372
2.36,0.94,0.94,-0.59,-0.59,-0.59,473,410,313,345,372
0.66,5.30,5.30,-0.97,-0.97,-0.97,473,410,313,347,374
1.01,6.57,6.57,0.53,0.53,0.53,472,410,315,349,374
4.37,1.54,1.54,1.17,1.17,1.17,471,410,315,349,373
4.44,-4.59,-4.59,-0.02,-0.02,-0.02,470,410,314,349,371
0.88,0.37,0.37,-0.82,-0.82,-0.82,470,409,314,347,371
-0.46,7.63,7.63,-1.03,-1.03,-1.03,470,408,313,348,370
-0.28,5.65,5.65,0.42,0.42,0.42,470,408,314,348,371
END
4.31,3.26,3.26,1.16,1.16,1.16,474,409,315,347,376
4.31,-1.86,-1.86,0.01,0.01,0.01,472,408,313,347,377
6.32,-2.56,-2.56,0.13,0.13,0.13,471,408,312,346,376
3.33,-1.73,-1.73,-0.46,-0.46,-0.46,471,408,312,346,375
-0.68,3.34,3.34,-1.00,-1.00,-1.00,470,408,311,346,373
0.54,7.47,7.47,-0.29,-0.29,-0.29,470,408,311,346,373
2.11,4.57,4.57,0.62,0.62,0.62,469,408,312,347,373
4.86,0.38,0.38,1.09,1.09,1.09,468,409,312,347,370
5.19,-2.72,-2.72,0.19,0.19,0.19,468,409,312,347,370
2.07,-0.60,-0.60,-0.77,-0.77,-0.77,468,408,312,347,370
0.32,6.37,6.37,-0.83,-0.83,-0.83,467,408,314,347,370
END
2.41,4.88,4.88,0.30,0.30,0.30,465,407,314,348,369
4.79,-2.71,-2.71,0.16,0.16,0.16,464,407,313,348,368
2.08,-2.85,-2.85,-0.60,-0.60,-0.60,464,405,314,347,368
-0.17,4.24,4.24,-1.10,-1.10,-1.10,465,406,313,347,368
0.24,5.85,5.85,-0.55,-0.55,-0.55,464,405,313,347,368
1.29,6.05,6.05,0.25,0.25,0.25,464,405,313,347,368
4.03,2.73,2.73,0.78,0.78,0.78,464,405,317,348,370
5.04,0.04,0.04,0.85,0.85,0.85,464,406,318,349,369
3.85,-1.56,-1.56,-0.39,-0.39,-0.39,463,406,316,348,368
-1.27,3.62,3.62,-0.84,-0.84,-0.84,464,405,314,348,367
1.46,6.00,6.00,-0.43,-0.43,-0.43,464,405,314,348,367
END
0.72,4.89,4.89,0.18,0.18,0.18,465,405,315,348,372
5.60,-2.72,-2.72,0.18,0.18,0.18,464,405,314,348,371
3.84,-3.39,-3.39,-0.24,-0.24,-0.24,463,405,315,347,370
3.19,1.45,1.45,-0.98,-0.98,-0.98,463,404,314,347,370
2.00,8.48,8.48,-0.88,-0.88,-0.88,462,404,314,347,370
2.96,7.05,7.05,0.26,0.26,0.26,462,404,314,347,370
3.91,5.14,5.14,1.01,1.01,1.01,461,404,315,347,369
5.93,-0.60,-0.60,0.94,0.94,0.94,460,404,314,348,369
3.71,-4.11,-4.11,-0.29,-0.29,-0.29,461,404,314,347,369
0.11,1.34,1.34,-1.05,-1.05,-1.05,461,404,314,347,368
1.42,8.83,8.83,-1.25,-1.25,-1.25,462,404,313,346,368
END
0.95,5.33,5.33,0.17,0.17,0.17,461,403,315,348,368
4.09,-1.57,-1.57,0.13,0.13,0.13,461,402,314,348,369
5.51,-2.78,-2.78,0.13,0.13,0.13,461,401,314,348,369
3.20,-1.42,-1.42,-0.53,-0.53,-0.53,460,401,314,347,369
-2.18,4.73,4.73,-1.13,-1.13,-1.13,460,401,313,347,368
2.59,8.56,8.56,-0.52,-0.52,-0.52,460,400,313,348,372
1.16,7.43,7.43,0.37,0.37,0.37,459,400,313,348,372
3.73,4.93,4.93,1.02,1.02,1.02,458,400,314,348,372
5.19,-1.13,-1.13,0.94,0.94,0.94,458,401,315,348,370
3.95,-1.35,-1.35,-0.64,-0.64,-0.64,459,401,314,347,369
-0.73,3.31,3.31,-1.27,-1.27,-1.27,459,400,313,347,368
END
1.72,8.20,8.20,-0.34,-0.34,-0.34,458,401,314,348,367
4.26,-2.51,-2.51,0.05,0.05,0.05,458,401,314,348,367
2.58,-1.59,-1.59,-0.67,-0.67,-0.67,459,401,314,347,367
-0.17,3.83,3.83,-1.13,-1.13,-1.13,459,400,313,347,367
-0.39,7.59,7.59,-0.47,-0.47,-0.47,459,400,313,347,367
1.46,6.45,6.45,0.43,0.43,0.43,458,400,313,347,367
4.08,3.50,3.50,1.04,1.04,1.04,458,401,314,348,367
4.11,-2.44,-2.44,0.76,0.76,0.76,458,401,314,348,368
3.83,-3.74,-3.74,-0.36,-0.36,-0.36,458,400,314,347,367
-0.10,3.61,3.61,-0.77,-0.77,-0.77,460,400,313,347,366
0.01,8.38,8.38,-0.66,-0.66,-0.66,459,400,313,347,367
END
0.71,4.97,4.97,0.32,0.32,0.32,456,397,314,347,370
4.02,-1.97,-1.97,-0.10,-0.10,-0.10,457,397,314,347,370
2.06,-0.57,-0.57,-0.69,-0.69,-0.69,457,398,313,346,368
0.21,5.48,5.48,-1.08,-1.08,-1.08,457,397,313,346,368
1.62,7.49,7.49,-0.13,-0.13,-0.13,456,397,313,346,368
2.33,6.04,6.04,0.63,0.63,0.63,455,397,313,347,368
4.34,1.46,1.46,1.15,1.15,1.15,455,397,313,347,368
4.33,-3.60,-3.60,0.34,0.34,0.34,455,397,313,347,368
2.42,-1.88,-1.88,-0.76,-0.76,-0.76,456,397,313,347,367
2.61,2.95,2.95,-0.77,-0.77,-0.77,456,397,313,347,367
1.05,8.46,8.46,-0.37,-0.37,-0.37,456,397,313,347,367
END
4.26,5.91,5.91,0.81,0.81,0.81,455,397,314,347,366
2.62,-0.55,-0.55,-0.65,-0.65,-0.65,456,397,314,347,366
2.30,3.12,3.12,-0.79,-0.79,-0.79,456,397,313,347,365
1.94,10.00,10.00,-0.41,-0.41,-0.41,455,395,313,347,368
3.76,6.20,6.20,0.68,0.68,0.68,454,395,314,349,367
3.57,2.75,2.75,1.18,1.18,1.18,454,395,315,349,367
5.12,-1.69,-1.69,0.60,0.60,0.60,454,397,315,349,366
3.34,-1.54,-1.54,-0.65,-0.65,-0.65,455,397,315,348,366
0.39,2.88,2.88,-1.10,-1.10,-1.10,455,397,314,347,365
1.24,7.08,7.08,-0.57,-0.57,-0.57,455,397,314,347,366
4.06,6.46,6.46,0.79,0.79,0.79,454,397,315,347,365
END
3.45,2.94,2.94,0.87,0.87,0.87,455,395,314,349,369
4.73,-1.49,-1.49,0.03,0.03,0.03,455,396,314,349,368
4.56,-3.01,-3.01,-0.11,-0.11,-0.11,455,396,314,348,368
2.22,1.12,1.12,-0.75,-0.75,-0.75,455,396,314,347,368
0.32,8.38,8.38,-1.05,-1.05,-1.05,454,396,315,347,367
3.20,6.08,6.08,0.43,0.43,0.43,454,396,315,347,367
3.96,4.51,4.51,0.67,0.67,0.67,454,396,315,348,367
4.61,0.24,0.24,0.80,0.80,0.80,453,396,315,348,366
4.30,-3.50,-3.50,-0.25,-0.25,-0.25,453,396,314,348,366
-0.98,2.46,2.46,-1.27,-1.27,-1.27,455,396,313,347,365
0.36,7.62,7.62,-0.86,-0.86,-0.86,455,396,313,347,365
END
0.37,4.70,4.70,0.39,0.39,0.39,455,400,315,349,364
5.53,-3.44,-3.44,0.18,0.18,0.18,455,399,315,349,364
2.33,-2.07,-2.07,-0.84,-0.84,-0.84,455,399,314,347,364
-1.73,6.34,6.34,-1.37,-1.37,-1.37,456,398,314,347,364
2.81,6.78,6.78,-0.20,-0.20,-0.20,455,398,315,347,364
3.98,5.03,5.03,0.73,0.73,0.73,454,398,315,348,364
4.65,1.59,1.59,1.04,1.04,1.04,453,398,314,348,364
4.06,-3.76,-3.76,0.58,0.58,0.58,453,398,314,348,363
1.07,-0.45,-0.45,-1.15,-1.15,-1.15,455,398,314,347,363
1.69,4.53,4.53,-0.88,-0.88,-0.88,455,397,313,347,363
0.91,8.15,8.15,-0.39,-0.39,-0.39,455,397,313,347,363
END
0.37,6.74,6.74,0.14,0.14,0.14,454,398,313,348,364
5.56,-3.24,-3.24,0.17,0.17,0.17,454,398,313,348,363
4.57,-3.74,-3.74,-0.05,-0.05,-0.05,454,398,313,347,363
2.33,2.14,2.14,-1.34,-1.34,-1.34,454,397,312,347,363
0.47,7.89,7.89,-0.97,-0.97,-0.97,456,397,313,347,365
2.64,6.32,6.32,0.33,0.33,0.33,455,395,314,349,368
3.89,3.55,3.55,1.12,1.12,1.12,453,396,315,350,367
4.57,-1.97,-1.97,0.84,0.84,0.84,452,396,314,350,365
4.51,-4.03,-4.03,-0.25,-0.25,-0.25,453,396,314,348,365
1.74,0.62,0.62,-1.04,-1.04,-1.04,453,396,314,347,364
0.72,7.95,7.95,-1.11,-1.11,-1.11,453,395,313,347,364
END
1.01,7.97,7.97,-0.10,-0.10,-0.10,453,397,314,348,363
4.98,-3.08,-3.08,0.16,0.16,0.16,451,394,313,347,366
3.90,-1.99,-1.99,-0.61,-0.61,-0.61,451,393,312,346,365
0.70,4.15,4.15,-1.27,-1.27,-1.27,452,393,311,346,365
1.87,9.71,9.71,-0.52,-0.52,-0.52,452,393,311,346,365
1.34,7.95,7.95,0.36,0.36,0.36,450,392,311,347,366
3.88,3.46,3.46,1.13,1.13,1.13,450,392,313,348,367
4.21,-1.52,-1.52,0.76,0.76,0.76,450,393,313,348,366
5.20,-3.78,-3.78,-0.12,-0.12,-0.12,450,393,313,348,366
-1.75,1.51,1.51,-1.40,-1.40,-1.40,452,393,312,347,365
-0.60,8.06,8.06,-0.96,-0.96,-0.96,454,393,311,347,364
END
-0.10,7.96,7.96,0.09,0.09,0.09,449,394,314,347,364
5.48,-2.50,-2.50,0.50,0.50,0.50,449,393,314,348,365
3.53,-1.85,-1.85,-0.67,-0.67,-0.67,450,393,313,347,364
0.82,3.95,3.95,-1.33,-1.33,-1.33,450,393,313,347,363
0.25,9.29,9.29,-0.97,-0.97,-0.97,450,393,312,347,363
1.85,8.82,8.82,0.23,0.23,0.23,449,392,312,347,363
3.87,5.84,5.84,1.01,1.01,1.01,448,392,313,347,364
4.54,1.24,1.24,1.19,1.19,1.19,448,392,313,348,364
3.89,-4.47,-4.47,-0.02,-0.02,-0.02,448,392,313,347,363
0.75,2.74,2.74,-1.50,-1.50,-1.50,451,393,311,346,363
-0.22,9.22,9.22,-1.28,-1.28,-1.28,449,392,310,346,363
END
2.86,7.01,7.01,0.73,0.73,0.73,448,394,312,347,362
2.84,-1.06,-1.06,-0.49,-0.49,-0.49,450,394,312,347,362
0.68,3.04,3.04,-1.16,-1.16,-1.16,450,393,310,346,361
1.06,9.38,9.38,-1.26,-1.26,-1.26,449,393,310,345,362
2.10,10.31,10.31,0.22,0.22,0.22,448,392,310,346,362
4.19,6.73,6.73,1.02,1.02,1.02,446,392,311,347,362
4.13,0.97,0.97,1.15,1.15,1.15,446,392,312,348,362
4.69,-3.53,-3.53,0.06,0.06,0.06,447,392,312,347,361
2.15,0.27,0.27,-1.04,-1.04,-1.04,448,392,311,347,361
-0.49,9.15,9.15,-1.37,-1.37,-1.37,447,391,310,346,361
3.65,12.20,12.20,0.05,0.05,0.05,445,391,309,346,362
END
6.40,8.51,8.51,1.31,1.31,1.31,448,392,312,347,362
2.05,-1.13,-1.13,-0.37,-0.37,-0.37,451,393,312,347,362
2.21,0.37,0.37,-1.13,-1.13,-1.13,450,392,309,346,361
0.47,8.37,8.37,-1.27,-1.27,-1.27,448,391,308,346,361
3.22,7.87,7.87,0.35,0.35,0.35,447,391,309,346,366
4.19,6.34,6.34,1.07,1.07,1.07,447,392,311,346,366
5.13,1.32,1.32,0.79,0.79,0.79,447,392,316,347,365
3.76,-3.29,-3.29,0.08,0.08,0.08,448,393,314,347,363
0.77,0.50,0.50,-0.87,-0.87,-0.87,451,393,312,346,362
2.27,6.91,6.91,-1.38,-1.38,-1.38,449,392,311,345,362
2.20,9.49,9.49,0.02,0.02,0.02,448,391,311,346,362
END
4.81,6.53,6.53,0.98,0.98,0.98,448,392,309,345,362
1.24,2.35,2.35,-0.75,-0.75,-0.75,450,392,308,344,361
1.13,6.39,6.39,-0.98,-0.98,-0.98,449,392,307,344,361
1.95,8.12,8.12,-0.20,-0.20,-0.20,448,392,307,344,362
2.25,7.72,7.72,0.42,0.42,0.42,447,391,308,344,362
6.15,4.90,4.90,1.33,1.33,1.33,446,393,313,345,362
4.86,-1.20,-1.20,1.01,1.01,1.01,446,393,314,346,362
4.00,-2.91,-2.91,-0.70,-0.70,-0.70,448,394,313,345,361
-0.85,2.85,2.85,-0.97,-0.97,-0.97,452,394,311,345,359
1.62,8.92,8.92,-0.90,-0.90,-0.90,448,393,310,344,360
2.43,8.16,8.16,0.69,0.69,0.69,447,393,310,344,360
END
2.19,3.63,3.63,1.27,1.27,1.27,446,393,313,346,361
5.64,-3.37,-3.37,0.05,0.05,0.05,446,393,312,346,361
3.42,-1.37,-1.37,-0.79,-0.79,-0.79,447,393,312,346,360
1.08,2.66,2.66,-1.48,-1.48,-1.48,447,394,312,345,360
1.00,9.68,9.68,-0.37,-0.37,-0.37,450,394,311,345,363
4.77,7.98,7.98,-0.01,-0.01,-0.01,447,392,311,347,367
6.27,4.85,4.85,1.14,1.14,1.14,445,391,313,348,368
5.27,0.19,0.19,1.10,1.10,1.10,445,392,315,349,367
2.89,-3.40,-3.40,0.03,0.03,0.03,447,393,315,349,365
-0.28,0.75,0.75,-1.08,-1.08,-1.08,450,393,313,348,362
0.39,3.48,3.48,-1.06,-1.06,-1.06,449,393,312,348,362
END
-0.02,9.53,9.53,-0.61,-0.61,-0.61,446,393,313,348,362
5.41,-2.30,-2.30,0.17,0.17,0.17,446,393,313,348,362
2.82,-2.32,-2.32,-0.70,-0.70,-0.70,447,393,313,348,361
1.55,3.91,3.91,-1.47,-1.47,-1.47,448,392,312,347,362
0.12,8.46,8.46,-0.84,-0.84,-0.84,448,391,311,347,362
1.29,8.99,8.99,0.28,0.28,0.28,447,391,311,347,362
3.70,6.42,6.42,0.97,0.97,0.97,446,391,312,347,362
5.27,0.45,0.45,1.26,1.26,1.26,445,392,313,347,362
4.21,-4.10,-4.10,0.34,0.34,0.34,445,392,312,347,361
1.87,-1.37,-1.37,-0.81,-0.81,-0.81,447,392,312,347,361
0.76,5.25,5.25,-1.07,-1.07,-1.07,447,392,311,346,360
END
1.70,9.45,9.45,-0.78,-0.78,-0.78,445,392,312,347,361
5.18,-4.44,-4.44,-0.00,-0.00,-0.00,445,393,312,347,361
3.90,-3.73,-3.73,-0.82,-0.82,-0.82,446,392,312,347,360
1.11,4.37,4.37,-0.90,-0.90,-0.90,450,393,311,345,355
1.89,7.61,7.61,-0.49,-0.49,-0.49,449,393,311,345,371
2.43,6.73,6.73,0.39,0.39,0.39,449,393,311,346,375
5.25,3.44,3.44,1.05,1.05,1.05,447,393,313,346,375
4.34,-1.63,-1.63,0.88,0.88,0.88,447,394,313,346,373
5.02,-2.56,-2.56,-0.19,-0.19,-0.19,447,394,313,346,372
2.56,-0.87,-0.87,-0.76,-0.76,-0.76,448,394,312,346,368
3.73,6.58,6.58,-0.80,-0.80,-0.80,448,394,311,346,365
END
