1.97,-4.36,-4.36,0.04,0.04,0.04,329,305,294,339,332
2.19,-4.21,-4.21,0.05,0.05,0.05,330,304,294,339,332
1.57,-4.14,-4.14,0.11,0.11,0.11,330,304,293,339,332
-0.75,-3.27,-3.27,0.23,0.23,0.23,329,304,293,339,331
6.46,-8.63,-8.63,1.13,1.13,1.13,329,304,293,339,328
5.04,-8.47,-8.47,0.02,0.02,0.02,329,304,294,339,327
3.53,-7.10,-7.10,-0.04,-0.04,-0.04,329,304,293,339,326
4.19,-7.16,-7.16,0.02,0.02,0.02,329,304,293,339,326
4.39,-7.24,-7.24,-0.01,-0.01,-0.01,329,304,294,339,326
4.06,-7.28,-7.28,-0.01,-0.01,-0.01,329,304,293,339,326
4.29,-7.17,-7.17,0.03,0.03,0.03,329,304,293,339,326
END
4.63,-7.21,-7.21,0.00,0.00,0.00,329,304,296,341,342
2.61,-3.78,-3.78,0.05,0.05,0.05,329,304,296,341,342
2.20,-4.24,-4.24,0.09,0.09,0.09,329,304,296,341,340
-1.51,-2.02,-2.02,0.71,0.71,0.71,329,304,296,341,334
9.35,-9.21,-9.21,0.91,0.91,0.91,328,305,295,339,327
4.72,-7.97,-7.97,-0.00,-0.00,-0.00,328,304,294,339,326
4.71,-7.59,-7.59,0.03,0.03,0.03,328,304,294,339,326
4.56,-7.11,-7.11,0.12,0.12,0.12,328,304,294,339,326
4.31,-7.59,-7.59,0.06,0.06,0.06,328,304,295,339,326
4.29,-7.42,-7.42,-0.05,-0.05,-0.05,328,304,294,339,326
4.08,-7.29,-7.29,0.02,0.02,0.02,328,304,295,339,325
END
4.15,-7.98,-7.98,0.03,0.03,0.03,329,304,298,342,339
1.38,-4.90,-4.90,0.04,0.04,0.04,329,304,298,342,339
-0.29,-4.09,-4.09,0.13,0.13,0.13,329,304,297,342,336
3.01,-5.47,-5.47,0.15,0.15,0.15,329,304,297,341,330
3.63,-6.24,-6.24,0.67,0.67,0.67,329,304,296,340,327
7.55,-8.04,-8.04,0.08,0.08,0.08,329,304,296,340,327
5.20,-7.34,-7.34,-0.05,-0.05,-0.05,329,304,296,340,327
5.15,-7.18,-7.18,0.04,0.04,0.04,329,304,296,340,327
5.82,-7.50,-7.50,0.03,0.03,0.03,328,303,296,340,327
5.33,-7.52,-7.52,0.01,0.01,0.01,329,304,296,340,327
5.45,-7.34,-7.34,0.03,0.03,0.03,328,303,296,340,327
END
5.80,-7.55,-7.55,0.02,0.02,0.02,329,303,297,342,336
2.61,-4.68,-4.68,-0.00,-0.00,-0.00,329,303,297,342,336
0.29,-4.23,-4.23,0.19,0.19,0.19,329,303,297,341,335
2.92,-5.86,-5.86,0.41,0.41,0.41,329,304,297,341,328
6.63,-6.99,-6.99,0.65,0.65,0.65,329,303,296,341,325
6.30,-7.42,-7.42,0.01,0.01,0.01,328,304,296,341,325
5.87,-7.24,-7.24,-0.06,-0.06,-0.06,329,303,296,341,325
5.00,-7.37,-7.37,-0.01,-0.01,-0.01,329,303,295,340,325
5.43,-7.56,-7.56,-0.04,-0.04,-0.04,329,303,295,340,325
5.20,-7.56,-7.56,-0.00,-0.00,-0.00,328,303,295,340,325
5.16,-7.47,-7.47,0.01,0.01,0.01,329,303,295,340,325
END
4.88,-7.67,-7.67,0.01,0.01,0.01,329,303,296,341,335
1.41,-4.11,-4.11,0.03,0.03,0.03,329,303,296,342,335
0.62,-4.47,-4.47,-0.03,-0.03,-0.03,329,303,296,341,334
-1.39,-2.89,-2.89,0.04,0.04,0.04,328,303,296,341,331
6.75,-6.67,-6.67,0.60,0.60,0.60,328,304,295,341,328
6.81,-8.20,-8.20,0.30,0.30,0.30,328,304,295,340,326
5.02,-7.52,-7.52,-0.00,-0.00,-0.00,328,303,295,340,326
4.82,-6.89,-6.89,0.03,0.03,0.03,328,303,295,340,326
5.20,-7.25,-7.25,0.06,0.06,0.06,328,303,295,340,326
4.81,-7.15,-7.15,0.06,0.06,0.06,328,303,295,340,326
5.10,-7.49,-7.49,0.05,0.05,0.05,328,303,295,340,326
END
5.44,-7.27,-7.27,0.02,0.02,0.02,329,303,295,341,327
0.97,-3.98,-3.98,0.12,0.12,0.12,329,303,296,341,327
0.04,-3.71,-3.71,0.34,0.34,0.34,329,303,295,341,326
7.93,-6.09,-6.09,0.46,0.46,0.46,328,304,295,341,325
6.82,-7.80,-7.80,0.20,0.20,0.20,328,303,295,341,324
5.51,-7.31,-7.31,-0.09,-0.09,-0.09,329,303,295,341,324
5.64,-6.96,-6.96,-0.03,-0.03,-0.03,328,303,295,341,324
5.72,-7.35,-7.35,0.03,0.03,0.03,329,303,295,340,324
5.18,-7.01,-7.01,-0.01,-0.01,-0.01,329,303,295,341,324
5.38,-6.92,-6.92,0.01,0.01,0.01,328,303,295,341,324
5.25,-7.34,-7.34,-0.00,-0.00,-0.00,328,303,295,341,324
END
5.08,-6.98,-6.98,0.03,0.03,0.03,328,303,296,341,330
1.15,-4.21,-4.21,0.03,0.03,0.03,328,303,296,341,329
-0.12,-4.03,-4.03,-0.07,-0.07,-0.07,328,303,295,341,329
1.84,-4.37,-4.37,0.25,0.25,0.25,329,303,296,341,329
4.84,-5.76,-5.76,0.44,0.44,0.44,329,303,296,341,328
5.82,-6.91,-6.91,0.15,0.15,0.15,329,303,296,341,327
5.58,-6.86,-6.86,0.06,0.06,0.06,329,303,295,341,327
5.20,-6.65,-6.65,0.05,0.05,0.05,329,303,295,341,327
5.02,-6.55,-6.55,0.06,0.06,0.06,329,303,295,341,327
4.94,-6.85,-6.85,0.02,0.02,0.02,329,303,295,341,327
5.06,-6.52,-6.52,0.01,0.01,0.01,329,303,295,341,327
END
4.85,-6.68,-6.68,0.08,0.08,0.08,329,303,296,342,327
2.78,-5.41,-5.41,0.04,0.04,0.04,329,303,296,342,328
2.65,-5.15,-5.15,0.03,0.03,0.03,329,303,296,342,328
1.85,-5.35,-5.35,0.11,0.11,0.11,329,303,296,342,328
0.67,-4.67,-4.67,0.12,0.12,0.12,329,303,296,342,328
4.44,-5.62,-5.62,0.27,0.27,0.27,329,303,296,341,327
7.54,-7.47,-7.47,0.41,0.41,0.41,329,303,295,341,326
5.69,-7.48,-7.48,0.02,0.02,0.02,329,303,295,341,326
5.65,-6.91,-6.91,-0.02,-0.02,-0.02,329,303,295,341,326
5.38,-6.97,-6.97,0.02,0.02,0.02,329,303,296,341,326
5.18,-6.83,-6.83,0.04,0.04,0.04,328,303,296,341,326
END
5.43,-6.96,-6.96,0.06,0.06,0.06,329,303,296,342,331
2.63,-5.49,-5.49,-0.01,-0.01,-0.01,329,303,296,342,332
1.23,-5.61,-5.61,0.00,0.00,0.00,329,303,296,342,331
1.52,-5.58,-5.58,0.14,0.14,0.14,329,303,296,342,330
3.13,-4.93,-4.93,0.28,0.28,0.28,329,303,296,341,329
8.18,-8.16,-8.16,0.37,0.37,0.37,328,303,295,341,327
5.13,-7.09,-7.09,0.03,0.03,0.03,328,303,295,341,327
5.49,-7.14,-7.14,0.07,0.07,0.07,328,303,295,341,327
4.98,-6.93,-6.93,0.08,0.08,0.08,328,303,295,341,327
5.26,-7.14,-7.14,0.06,0.06,0.06,328,303,295,341,327
5.19,-7.24,-7.24,0.04,0.04,0.04,328,303,295,341,327
END
5.18,-7.30,-7.30,0.04,0.04,0.04,329,304,293,337,327
2.58,-4.88,-4.88,0.08,0.08,0.08,329,303,293,337,326
1.28,-4.70,-4.70,-0.17,-0.17,-0.17,329,303,293,337,326
0.45,-4.47,-4.47,0.32,0.32,0.32,329,303,293,337,326
4.88,-6.17,-6.17,0.63,0.63,0.63,329,303,293,337,325
6.93,-8.38,-8.38,0.20,0.20,0.20,328,303,293,337,326
5.05,-8.02,-8.02,-0.08,-0.08,-0.08,329,303,293,337,326
4.97,-7.05,-7.05,-0.03,-0.03,-0.03,329,303,293,337,326
5.03,-7.47,-7.47,0.09,0.09,0.09,328,303,293,337,326
4.73,-7.47,-7.47,0.07,0.07,0.07,329,303,293,337,326
5.02,-7.50,-7.50,0.01,0.01,0.01,329,302,293,337,325
END
4.97,-7.41,-7.41,0.01,0.01,0.01,329,303,294,338,326
2.20,-4.94,-4.94,0.00,0.00,0.00,329,303,294,338,326
1.16,-4.97,-4.97,0.00,0.00,0.00,329,303,294,338,326
-0.42,-3.91,-3.91,0.15,0.15,0.15,329,303,294,338,326
4.47,-5.65,-5.65,0.46,0.46,0.46,329,303,294,337,326
7.21,-7.98,-7.98,0.35,0.35,0.35,329,303,294,337,325
4.80,-7.59,-7.59,0.05,0.05,0.05,328,303,294,337,325
4.95,-7.09,-7.09,0.01,0.01,0.01,328,303,294,337,325
5.15,-7.46,-7.46,0.02,0.02,0.02,329,303,294,337,325
4.96,-7.24,-7.24,0.01,0.01,0.01,328,303,294,337,325
5.08,-7.17,-7.17,0.02,0.02,0.02,328,303,294,337,325
END
5.11,-7.22,-7.22,0.00,0.00,0.00,329,303,294,338,326
2.06,-4.94,-4.94,0.02,0.02,0.02,329,303,294,338,326
0.79,-4.57,-4.57,-0.00,-0.00,-0.00,329,303,294,338,326
0.24,-4.56,-4.56,0.23,0.23,0.23,329,303,294,338,325
3.58,-5.89,-5.89,0.47,0.47,0.47,329,303,294,337,325
7.11,-8.00,-8.00,0.20,0.20,0.20,328,303,294,337,325
4.94,-7.81,-7.81,0.05,0.05,0.05,329,303,294,337,325
4.51,-7.23,-7.23,0.08,0.08,0.08,328,303,294,337,325
5.05,-7.12,-7.12,0.06,0.06,0.06,329,303,294,337,325
4.56,-7.20,-7.20,0.04,0.04,0.04,329,303,294,337,325
4.66,-7.38,-7.38,0.05,0.05,0.05,329,303,294,337,325
END
4.78,-7.09,-7.09,0.02,0.02,0.02,329,303,294,338,326
1.46,-4.62,-4.62,0.11,0.11,0.11,329,303,294,338,326
-1.36,-3.94,-3.94,0.27,0.27,0.27,329,303,294,338,326
4.14,-5.79,-5.79,0.39,0.39,0.39,329,303,294,337,325
6.71,-6.92,-6.92,0.47,0.47,0.47,328,303,294,337,325
6.54,-7.79,-7.79,0.11,0.11,0.11,328,303,294,337,324
4.77,-7.73,-7.73,-0.04,-0.04,-0.04,328,303,294,337,324
4.98,-7.43,-7.43,-0.03,-0.03,-0.03,328,303,294,337,324
4.69,-7.50,-7.50,0.04,0.04,0.04,328,303,294,337,325
4.76,-7.54,-7.54,-0.01,-0.01,-0.01,328,303,294,337,325
4.94,-7.59,-7.59,0.02,0.02,0.02,328,303,294,337,325
END
4.95,-7.49,-7.49,0.02,0.02,0.02,329,303,294,338,327
0.70,-4.74,-4.74,0.06,0.06,0.06,329,303,294,338,327
0.67,-4.19,-4.19,0.06,0.06,0.06,329,303,294,338,327
1.13,-5.40,-5.40,0.25,0.25,0.25,329,303,294,338,326
5.24,-6.72,-6.72,0.53,0.53,0.53,329,303,294,337,326
6.98,-8.19,-8.19,0.25,0.25,0.25,329,303,294,337,326
4.88,-7.58,-7.58,0.07,0.07,0.07,328,303,294,337,326
5.07,-7.38,-7.38,-0.01,-0.01,-0.01,328,303,294,337,326
5.01,-7.28,-7.28,-0.02,-0.02,-0.02,328,303,294,338,326
4.87,-7.34,-7.34,0.04,0.04,0.04,328,303,294,337,326
4.60,-7.33,-7.33,-0.00,-0.00,-0.00,328,303,294,338,326
END
4.85,-7.39,-7.39,0.03,0.03,0.03,329,302,295,338,327
1.15,-4.64,-4.64,0.02,0.02,0.02,329,303,295,338,328
0.55,-4.88,-4.88,0.03,0.03,0.03,329,303,294,338,328
-1.05,-5.05,-5.05,0.34,0.34,0.34,328,302,294,338,327
2.09,-5.01,-5.01,0.51,0.51,0.51,329,303,294,338,327
8.96,-7.20,-7.20,0.32,0.32,0.32,329,303,295,338,326
5.43,-8.03,-8.03,0.04,0.04,0.04,329,303,294,338,326
5.18,-7.42,-7.42,0.02,0.02,0.02,329,303,294,338,326
4.97,-7.45,-7.45,0.03,0.03,0.03,329,303,295,338,326
5.05,-7.54,-7.54,0.06,0.06,0.06,328,302,294,338,326
4.98,-7.40,-7.40,0.07,0.07,0.07,329,303,294,338,326
END
4.87,-7.48,-7.48,0.05,0.05,0.05,328,303,295,339,331
0.42,-4.69,-4.69,-0.04,-0.04,-0.04,328,303,295,339,331
-1.93,-3.50,-3.50,0.33,0.33,0.33,328,302,294,339,331
4.06,-6.09,-6.09,0.66,0.66,0.66,328,303,295,338,329
8.51,-8.55,-8.55,0.35,0.35,0.35,328,303,294,338,327
4.91,-8.02,-8.02,0.04,0.04,0.04,328,303,295,338,327
5.01,-7.53,-7.53,0.03,0.03,0.03,328,303,294,338,327
4.93,-7.65,-7.65,-0.00,-0.00,-0.00,328,303,295,338,327
5.00,-7.47,-7.47,-0.01,-0.01,-0.01,328,303,294,338,327
5.10,-7.68,-7.68,0.02,0.02,0.02,328,303,294,338,327
4.85,-7.54,-7.54,0.04,0.04,0.04,328,303,295,338,327
END
5.02,-7.44,-7.44,-0.01,-0.01,-0.01,328,303,295,339,337
0.83,-4.85,-4.85,0.06,0.06,0.06,328,303,295,339,337
-0.50,-4.97,-4.97,0.01,0.01,0.01,328,303,294,339,336
-0.90,-4.24,-4.24,0.29,0.29,0.29,328,303,294,339,334
3.15,-5.79,-5.79,0.59,0.59,0.59,328,303,294,339,332
6.55,-8.07,-8.07,0.42,0.42,0.42,328,302,294,339,330
5.32,-8.14,-8.14,0.06,0.06,0.06,328,303,294,339,330
4.80,-7.21,-7.21,-0.00,-0.00,-0.00,328,302,295,339,330
4.92,-7.70,-7.70,0.03,0.03,0.03,328,303,294,339,330
5.02,-7.48,-7.48,0.02,0.02,0.02,328,303,294,339,330
5.15,-7.65,-7.65,0.02,0.02,0.02,328,303,294,339,330
END
5.44,-7.39,-7.39,-0.07,-0.07,-0.07,329,303,295,340,331
2.51,-4.90,-4.90,0.04,0.04,0.04,328,303,294,340,330
1.77,-4.62,-4.62,0.06,0.06,0.06,328,303,294,339,330
1.20,-5.17,-5.17,0.48,0.48,0.48,328,303,295,340,329
2.66,-6.06,-6.06,0.48,0.48,0.48,328,303,295,339,329
6.48,-6.58,-6.58,0.54,0.54,0.54,328,303,295,340,328
6.58,-8.18,-8.18,-0.20,-0.20,-0.20,328,303,295,340,328
5.16,-7.65,-7.65,-0.03,-0.03,-0.03,328,303,295,340,328
5.10,-7.34,-7.34,-0.02,-0.02,-0.02,328,303,295,339,327
5.54,-7.78,-7.78,-0.03,-0.03,-0.03,328,303,295,339,327
4.94,-7.45,-7.45,0.04,0.04,0.04,328,303,295,339,327
END
5.08,-7.57,-7.57,0.10,0.10,0.10,328,303,295,340,329
1.90,-4.99,-4.99,0.02,0.02,0.02,328,303,295,340,329
0.36,-5.89,-5.89,0.03,0.03,0.03,328,303,295,340,329
-0.78,-4.46,-4.46,0.20,0.20,0.20,328,303,295,339,328
3.65,-6.13,-6.13,0.61,0.61,0.61,328,303,295,340,328
7.41,-8.26,-8.26,0.12,0.12,0.12,328,303,295,339,327
4.90,-7.62,-7.62,0.02,0.02,0.02,328,303,295,339,327
4.87,-7.74,-7.74,-0.01,-0.01,-0.01,328,303,295,339,327
4.86,-7.35,-7.35,0.08,0.08,0.08,328,303,295,339,327
4.94,-7.65,-7.65,0.02,0.02,0.02,328,303,295,339,327
5.15,-7.36,-7.36,0.02,0.02,0.02,328,303,295,339,327
END
2.50,-6.81,-6.81,0.03,0.03,0.03,327,303,294,338,330
2.39,-6.98,-6.98,0.02,0.02,0.02,327,303,294,338,330
1.99,-7.42,-7.42,0.02,0.02,0.02,327,303,294,338,330
-1.79,-5.11,-5.11,0.27,0.27,0.27,327,302,294,338,328
3.09,-6.59,-6.59,0.43,0.43,0.43,326,302,294,337,329
5.89,-10.21,-10.21,0.37,0.37,0.37,325,302,294,337,328
3.83,-8.38,-8.38,0.09,0.09,0.09,325,302,294,337,328
4.16,-8.61,-8.61,0.06,0.06,0.06,325,302,294,337,328
3.71,-8.97,-8.97,0.06,0.06,0.06,325,302,294,337,328
3.77,-8.61,-8.61,-0.00,-0.00,-0.00,325,302,294,337,328
4.02,-8.56,-8.56,0.03,0.03,0.03,326,302,294,337,328
END
3.75,-8.71,-8.71,0.05,0.05,0.05,327,303,297,339,337
2.25,-6.65,-6.65,0.01,0.01,0.01,327,303,297,339,337
1.28,-7.01,-7.01,-0.03,-0.03,-0.03,327,303,297,339,337
0.09,-5.78,-5.78,0.12,0.12,0.12,326,302,296,339,334
3.19,-6.81,-6.81,0.70,0.70,0.70,325,303,295,338,331
6.45,-9.07,-9.07,0.38,0.38,0.38,324,303,294,337,327
4.43,-8.83,-8.83,0.01,0.01,0.01,324,303,294,337,327
3.88,-8.43,-8.43,-0.00,-0.00,-0.00,324,303,294,337,327
3.75,-8.48,-8.48,0.01,0.01,0.01,324,303,294,337,327
3.92,-8.30,-8.30,0.03,0.03,0.03,324,303,294,337,327
4.10,-8.48,-8.48,0.02,0.02,0.02,325,303,294,337,327
END
4.01,-8.71,-8.71,-0.02,-0.02,-0.02,325,302,295,338,329
2.11,-7.65,-7.65,0.00,0.00,0.00,325,302,295,338,329
0.85,-8.11,-8.11,0.00,0.00,0.00,325,302,295,338,329
0.80,-6.65,-6.65,-0.00,-0.00,-0.00,325,302,295,338,329
4.11,-6.87,-6.87,0.58,0.58,0.58,325,302,294,337,328
7.09,-8.58,-8.58,0.28,0.28,0.28,325,302,294,337,327
4.72,-8.76,-8.76,0.01,0.01,0.01,324,303,294,337,326
4.55,-8.18,-8.18,-0.04,-0.04,-0.04,324,302,294,337,326
4.70,-8.30,-8.30,-0.02,-0.02,-0.02,324,302,294,337,326
4.54,-8.36,-8.36,0.04,0.04,0.04,324,302,294,337,326
4.24,-8.31,-8.31,0.03,0.03,0.03,324,302,294,337,326
END
4.51,-8.38,-8.38,0.02,0.02,0.02,325,302,295,339,327
2.51,-7.48,-7.48,0.04,0.04,0.04,325,302,295,339,327
1.44,-7.85,-7.85,-0.17,-0.17,-0.17,326,302,295,338,327
-0.55,-5.89,-5.89,0.32,0.32,0.32,324,302,294,338,326
5.34,-7.44,-7.44,0.73,0.73,0.73,324,303,294,338,326
4.01,-8.40,-8.40,-0.04,-0.04,-0.04,324,302,294,338,326
4.31,-8.66,-8.66,-0.06,-0.06,-0.06,324,302,294,338,326
3.98,-8.60,-8.60,-0.03,-0.03,-0.03,324,302,295,338,326
3.95,-8.51,-8.51,-0.03,-0.03,-0.03,324,302,295,337,326
3.88,-8.51,-8.51,0.01,0.01,0.01,324,302,295,338,327
4.03,-8.60,-8.60,-0.01,-0.01,-0.01,324,302,294,338,327
END
3.50,-8.62,-8.62,0.03,0.03,0.03,324,302,294,338,336
-0.45,-7.17,-7.17,-0.04,-0.04,-0.04,324,302,295,338,336
-2.29,-4.98,-4.98,-0.04,-0.04,-0.04,324,302,295,338,334
5.82,-6.53,-6.53,0.44,0.44,0.44,324,302,295,338,331
6.22,-9.71,-9.71,0.31,0.31,0.31,324,302,295,338,329
4.11,-8.77,-8.77,-0.01,-0.01,-0.01,324,302,295,338,329
4.26,-8.31,-8.31,0.00,0.00,0.00,324,302,295,338,329
4.10,-8.44,-8.44,-0.01,-0.01,-0.01,324,302,295,338,329
4.37,-8.39,-8.39,0.00,0.00,0.00,324,302,295,338,329
4.08,-8.38,-8.38,0.02,0.02,0.02,324,302,295,338,329
4.25,-8.43,-8.43,0.04,0.04,0.04,324,302,295,338,329
END
4.45,-8.38,-8.38,0.02,0.02,0.02,324,302,295,339,335
3.20,-6.75,-6.75,0.04,0.04,0.04,324,302,295,339,335
1.84,-6.98,-6.98,-0.19,-0.19,-0.19,325,302,295,339,335
1.80,-7.31,-7.31,0.14,0.14,0.14,324,302,295,339,332
3.59,-6.02,-6.02,0.64,0.64,0.64,324,302,295,339,330
7.86,-9.40,-9.40,0.25,0.25,0.25,324,302,295,338,329
4.31,-8.34,-8.34,-0.03,-0.03,-0.03,324,302,295,338,329
4.63,-8.08,-8.08,0.03,0.03,0.03,324,302,295,338,329
4.93,-8.08,-8.08,0.01,0.01,0.01,324,302,295,338,329
4.21,-8.11,-8.11,0.08,0.08,0.08,324,302,295,338,329
4.74,-8.28,-8.28,-0.02,-0.02,-0.02,324,302,295,338,329
END
4.96,-8.31,-8.31,-0.03,-0.03,-0.03,324,302,296,339,332
2.80,-7.53,-7.53,0.03,0.03,0.03,324,302,296,339,332
2.08,-8.46,-8.46,-0.03,-0.03,-0.03,323,302,296,340,332
0.67,-6.58,-6.58,0.29,0.29,0.29,324,302,295,339,331
3.12,-7.13,-7.13,0.37,0.37,0.37,324,302,295,339,330
6.47,-9.01,-9.01,0.55,0.55,0.55,324,302,295,338,328
5.05,-8.97,-8.97,0.06,0.06,0.06,324,302,295,339,328
4.39,-8.01,-8.01,-0.00,-0.00,-0.00,324,302,295,339,328
4.98,-8.07,-8.07,0.01,0.01,0.01,324,302,295,339,328
4.95,-8.16,-8.16,0.01,0.01,0.01,324,302,295,339,328
4.72,-8.07,-8.07,-0.00,-0.00,-0.00,324,302,295,339,328
END
5.42,-8.51,-8.51,-0.03,-0.03,-0.03,324,302,295,339,338
2.79,-7.48,-7.48,-0.00,-0.00,-0.00,324,302,295,340,338
0.19,-7.82,-7.82,-0.11,-0.11,-0.11,324,302,295,339,337
3.83,-6.61,-6.61,0.37,0.37,0.37,324,302,296,339,334
6.20,-7.19,-7.19,0.63,0.63,0.63,324,302,295,339,332
6.32,-8.28,-8.28,0.06,0.06,0.06,324,302,295,339,331
5.56,-7.88,-7.88,0.01,0.01,0.01,324,302,295,339,331
5.81,-7.88,-7.88,-0.01,-0.01,-0.01,324,302,296,339,331
5.13,-7.75,-7.75,0.00,0.00,0.00,324,302,295,340,331
5.51,-7.82,-7.82,0.03,0.03,0.03,324,302,295,339,331
5.34,-7.83,-7.83,0.04,0.04,0.04,324,302,295,339,331
END
5.21,-8.00,-8.00,0.00,0.00,0.00,324,302,296,340,343
3.09,-7.15,-7.15,0.07,0.07,0.07,324,302,296,340,343
1.66,-6.98,-6.98,-0.09,-0.09,-0.09,324,302,296,340,342
0.61,-5.53,-5.53,0.29,0.29,0.29,324,302,296,340,338
7.79,-6.65,-6.65,0.27,0.27,0.27,324,302,296,340,334
5.84,-8.34,-8.34,0.13,0.13,0.13,324,302,296,340,333
5.92,-7.85,-7.85,0.01,0.01,0.01,324,302,296,340,332
5.56,-7.58,-7.58,0.02,0.02,0.02,324,302,296,340,332
5.56,-7.71,-7.71,0.03,0.03,0.03,324,302,296,340,332
5.52,-7.66,-7.66,-0.00,-0.00,-0.00,324,302,296,340,333
5.25,-7.79,-7.79,0.00,0.00,0.00,324,302,296,340,332
END
5.53,-7.82,-7.82,0.01,0.01,0.01,324,302,296,340,333
6.85,-7.11,-7.11,0.67,0.67,0.67,324,302,296,339,331
5.85,-9.46,-9.46,0.22,0.22,0.22,324,302,296,339,331
5.03,-7.93,-7.93,-0.07,-0.07,-0.07,324,302,295,339,331
5.13,-7.85,-7.85,0.01,0.01,0.01,324,302,296,339,331
4.98,-8.24,-8.24,0.04,0.04,0.04,324,302,295,339,331
4.44,-7.67,-7.67,0.02,0.02,0.02,324,302,296,339,331
6.06,-7.39,-7.39,0.26,0.26,0.26,324,302,296,339,330
5.75,-8.19,-8.19,0.04,0.04,0.04,324,302,295,339,330
5.50,-7.72,-7.72,-0.06,-0.06,-0.06,324,302,295,339,330
5.24,-7.68,-7.68,0.00,0.00,0.00,324,302,295,339,330
END
5.23,-8.01,-8.01,0.03,0.03,0.03,325,302,296,340,339
2.68,-6.42,-6.42,0.08,0.08,0.08,324,302,296,340,339
2.58,-6.63,-6.63,0.02,0.02,0.02,324,302,296,340,339
0.24,-6.73,-6.73,-0.09,-0.09,-0.09,325,302,296,340,339
4.05,-6.04,-6.04,0.27,0.27,0.27,324,302,296,340,335
8.36,-6.91,-6.91,0.36,0.36,0.36,324,302,295,340,332
6.34,-7.69,-7.69,0.06,0.06,0.06,324,302,296,340,332
5.87,-7.67,-7.67,-0.01,-0.01,-0.01,324,302,296,340,332
5.74,-7.61,-7.61,0.03,0.03,0.03,324,302,296,340,332
5.84,-7.59,-7.59,0.04,0.04,0.04,324,302,296,340,332
5.46,-7.54,-7.54,0.05,0.05,0.05,324,302,296,340,332
END
5.58,-7.54,-7.54,0.02,0.02,0.02,324,302,296,340,342
1.11,-6.60,-6.60,0.01,0.01,0.01,325,302,296,340,342
-1.03,-6.45,-6.45,-0.02,-0.02,-0.02,324,302,295,340,341
-0.31,-6.55,-6.55,0.46,0.46,0.46,324,302,295,340,336
3.30,-6.45,-6.45,0.71,0.71,0.71,324,302,296,340,331
6.92,-9.09,-9.09,0.30,0.30,0.30,324,302,296,340,329
5.20,-8.61,-8.61,0.04,0.04,0.04,324,302,296,340,329
4.53,-7.85,-7.85,0.02,0.02,0.02,324,302,296,340,329
5.14,-8.00,-8.00,0.02,0.02,0.02,324,302,296,340,329
4.59,-7.96,-7.96,0.05,0.05,0.05,324,302,296,340,329
5.20,-8.22,-8.22,0.04,0.04,0.04,324,302,296,340,329
END
4.95,-8.20,-8.20,-0.00,-0.00,-0.00,324,302,296,341,336
2.56,-7.19,-7.19,-0.01,-0.01,-0.01,325,302,296,341,335
0.47,-8.05,-8.05,-0.02,-0.02,-0.02,325,302,296,341,335
-0.40,-5.47,-5.47,-0.01,-0.01,-0.01,324,302,296,341,334
5.07,-7.06,-7.06,0.49,0.49,0.49,324,302,296,341,333
6.85,-8.01,-8.01,0.40,0.40,0.40,324,302,296,341,331
5.33,-8.15,-8.15,0.04,0.04,0.04,324,302,296,341,331
5.56,-7.58,-7.58,0.02,0.02,0.02,324,302,296,341,331
5.20,-7.88,-7.88,0.00,0.00,0.00,324,302,296,341,331
5.41,-7.96,-7.96,0.01,0.01,0.01,324,302,296,341,331
5.18,-7.88,-7.88,0.03,0.03,0.03,324,302,296,341,331
END
5.28,-7.81,-7.81,0.02,0.02,0.02,325,302,296,340,331
2.05,-7.20,-7.20,0.01,0.01,0.01,324,302,296,341,331
1.55,-7.45,-7.45,-0.06,-0.06,-0.06,325,302,296,340,331
-0.95,-7.49,-7.49,0.17,0.17,0.17,324,302,296,340,331
3.96,-6.71,-6.71,0.24,0.24,0.24,324,302,296,340,330
6.19,-7.24,-7.24,0.62,0.62,0.62,324,302,296,340,330
5.55,-8.64,-8.64,0.06,0.06,0.06,324,302,296,340,330
4.61,-8.03,-8.03,-0.00,-0.00,-0.00,324,302,296,340,329
5.38,-8.25,-8.25,-0.02,-0.02,-0.02,324,302,296,340,329
4.96,-8.03,-8.03,0.04,0.04,0.04,324,302,296,340,329
4.64,-8.20,-8.20,0.03,0.03,0.03,324,302,296,340,329
END
4.90,-8.06,-8.06,0.02,0.02,0.02,324,302,296,341,331
2.87,-7.74,-7.74,0.09,0.09,0.09,325,302,296,341,331
1.67,-8.15,-8.15,-0.05,-0.05,-0.05,325,302,296,341,331
-0.42,-6.91,-6.91,0.02,0.02,0.02,325,302,296,341,331
2.94,-6.43,-6.43,0.32,0.32,0.32,325,302,296,341,331
7.52,-7.94,-7.94,0.40,0.40,0.40,324,302,296,340,329
5.20,-8.96,-8.96,0.07,0.07,0.07,324,302,296,340,329
4.58,-7.91,-7.91,0.01,0.01,0.01,324,302,296,340,329
4.55,-8.08,-8.08,0.02,0.02,0.02,324,302,296,340,329
5.18,-8.14,-8.14,0.00,0.00,0.00,324,302,296,340,330
4.62,-8.39,-8.39,0.02,0.02,0.02,324,302,296,340,329
END
4.91,-8.29,-8.29,0.02,0.02,0.02,324,302,297,341,334
2.96,-7.42,-7.42,0.05,0.05,0.05,324,302,297,341,334
1.76,-8.09,-8.09,-0.11,-0.11,-0.11,325,302,296,341,334
-0.31,-6.68,-6.68,0.06,0.06,0.06,324,302,296,341,333
3.04,-6.17,-6.17,0.39,0.39,0.39,324,302,296,341,332
7.14,-8.82,-8.82,0.26,0.26,0.26,325,302,296,341,331
4.96,-8.08,-8.08,0.03,0.03,0.03,324,302,296,341,331
5.00,-8.28,-8.28,0.01,0.01,0.01,324,302,296,341,331
4.93,-8.17,-8.17,0.00,0.00,0.00,324,302,296,341,331
4.66,-8.24,-8.24,0.03,0.03,0.03,324,302,296,341,331
4.92,-8.19,-8.19,0.03,0.03,0.03,324,302,296,341,331
END
4.92,-8.19,-8.19,0.02,0.02,0.02,324,302,297,342,333
2.43,-7.73,-7.73,0.03,0.03,0.03,324,302,296,342,333
1.81,-7.69,-7.69,0.06,0.06,0.06,324,302,297,342,333
0.57,-6.94,-6.94,-0.20,-0.20,-0.20,325,302,296,342,333
3.35,-6.70,-6.70,0.33,0.33,0.33,324,302,296,341,332
7.56,-7.26,-7.26,0.38,0.38,0.38,324,302,296,341,330
6.17,-8.02,-8.02,-0.05,-0.05,-0.05,324,302,296,341,330
5.11,-7.93,-7.93,-0.03,-0.03,-0.03,324,302,296,341,330
5.72,-7.91,-7.91,-0.01,-0.01,-0.01,324,302,296,341,330
5.00,-8.00,-8.00,0.05,0.05,0.05,324,302,296,341,330
5.27,-7.89,-7.89,0.04,0.04,0.04,324,302,296,341,330
END
5.54,-7.64,-7.64,0.03,0.03,0.03,324,302,296,341,332
2.55,-7.60,-7.60,0.03,0.03,0.03,324,302,296,341,332
1.16,-8.00,-8.00,-0.02,-0.02,-0.02,325,302,296,341,332
0.32,-7.01,-7.01,-0.03,-0.03,-0.03,324,302,296,341,331
4.21,-7.21,-7.21,0.24,0.24,0.24,325,302,296,341,330
5.98,-7.90,-7.90,0.33,0.33,0.33,325,302,296,341,330
5.61,-8.79,-8.79,0.07,0.07,0.07,324,302,296,341,330
4.78,-8.01,-8.01,0.00,0.00,0.00,324,302,296,341,330
4.72,-8.07,-8.07,0.00,0.00,0.00,324,302,296,341,330
4.66,-8.03,-8.03,-0.00,-0.00,-0.00,324,302,296,341,330
4.64,-8.17,-8.17,-0.01,-0.01,-0.01,324,302,296,341,330
END
4.87,-8.05,-8.05,-0.01,-0.01,-0.01,324,302,297,341,331
2.68,-7.62,-7.62,0.06,0.06,0.06,324,302,296,341,331
1.74,-8.43,-8.43,-0.02,-0.02,-0.02,325,302,296,341,331
1.32,-7.70,-7.70,0.03,0.03,0.03,324,302,297,341,331
3.04,-7.02,-7.02,0.31,0.31,0.31,324,302,296,341,331
4.06,-8.18,-8.18,0.62,0.62,0.62,324,302,296,341,330
5.64,-8.38,-8.38,0.09,0.09,0.09,324,302,296,341,330
5.08,-8.44,-8.44,0.03,0.03,0.03,324,302,296,341,330
5.07,-8.17,-8.17,-0.02,-0.02,-0.02,324,302,296,341,330
4.64,-8.42,-8.42,0.03,0.03,0.03,324,302,296,341,330
4.77,-8.13,-8.13,0.04,0.04,0.04,324,302,296,341,330
END