5.29,-5.74,-5.55,0.04,-0.03,-0.03,322,309,299,335,341
4.54,-5.85,-6.49,0.01,0.00,-0.06,322,309,299,335,341
4.78,-5.70,-6.29,-0.00,0.04,-0.07,322,309,299,335,340
5.07,-5.94,-6.48,-0.10,-0.08,-0.05,322,309,300,336,341
4.61,-5.46,-6.71,-0.14,-0.06,-0.00,322,309,300,336,340
4.29,-5.45,-6.49,0.06,-0.03,-0.04,321,309,299,336,341
3.97,-5.66,-6.60,-0.01,-0.04,0.02,322,309,300,336,340
2.96,-5.64,-7.13,0.07,0.02,0.09,322,309,299,336,341
2.63,-5.62,-6.97,0.13,0.16,0.04,322,309,299,336,341
3.66,-6.62,-7.01,0.12,0.21,0.09,322,309,299,336,341
4.36,-6.35,-6.11,0.12,0.17,0.09,322,309,299,335,341
3.98,-6.35,-7.11,-0.03,-0.03,0.11,321,309,298,335,342
2.71,-6.02,-5.76,-0.32,-0.09,0.22,321,309,299,336,342
6.09,-7.11,-6.16,0.21,0.27,-0.22,322,309,299,335,344
3.37,-6.54,-6.86,-0.47,-0.12,-0.03,321,309,299,335,343
5.23,-6.14,-5.47,0.10,0.28,0.17,322,309,299,335,344
4.55,-5.58,-6.92,-0.26,0.03,0.24,322,309,299,335,345
5.01,-6.25,-5.92,-0.29,0.04,0.10,322,309,299,335,344
4.03,-6.02,-7.05,-0.03,0.24,0.03,322,309,298,335,345
5.22,-5.77,-6.42,-0.09,0.13,0.02,322,309,298,334,344
3.33,-5.07,-6.20,0.18,0.41,0.00,322,308,298,334,344
5.38,-5.36,-5.33,-0.03,0.35,-0.24,321,309,298,334,343
5.86,-5.50,-5.00,0.17,0.54,-0.18,321,309,298,333,343
6.31,-5.77,-5.13,0.13,0.29,-0.16,321,309,298,334,343
6.61,-6.02,-4.97,0.18,0.25,-0.11,321,309,298,334,344
6.84,-6.05,-4.57,0.12,0.12,-0.06,321,309,297,334,343
5.61,-5.77,-4.85,0.12,0.13,-0.06,321,309,297,334,344
6.27,-5.42,-4.59,0.05,0.08,-0.06,322,309,297,334,344
6.75,-6.09,-4.84,-0.20,-0.04,-0.01,321,309,297,334,345
6.78,-5.91,-5.16,0.05,0.04,-0.11,321,309,296,334,346
6.06,-6.17,-4.59,0.15,0.05,-0.05,321,309,296,334,345
6.07,-5.85,-4.31,0.11,0.08,-0.04,321,309,296,334,346
6.12,-5.80,-4.11,-0.00,0.06,-0.02,321,309,296,334,346
6.60,-5.22,-4.55,-0.04,0.06,-0.10,321,309,296,335,346
7.43,-5.66,-4.02,0.08,0.07,-0.09,321,310,296,335,346
6.73,-5.64,-4.34,0.14,0.01,-0.10,321,310,296,334,347
END
6.59,-5.81,-4.33,0.15,0.02,-0.02,329,317,322,351,349
4.68,-5.92,-6.57,0.02,0.04,-0.03,329,317,322,352,349
4.63,-5.39,-5.97,0.02,0.10,-0.05,329,317,323,352,349
5.30,-5.67,-6.39,0.05,0.04,-0.13,329,317,323,352,349
4.98,-5.86,-6.14,0.04,0.03,0.01,329,317,323,351,349
5.14,-5.32,-6.33,0.02,-0.01,-0.03,329,317,323,352,348
4.67,-5.60,-6.25,0.05,0.01,-0.05,329,317,323,351,348
4.67,-5.99,-6.47,0.02,-0.03,-0.00,329,316,323,352,349
4.69,-5.57,-6.27,0.11,0.05,0.09,329,316,322,351,348
3.74,-6.17,-6.47,0.21,0.11,0.05,328,315,319,350,348
3.71,-5.96,-5.97,0.24,0.18,0.05,326,312,315,348,346
3.48,-6.15,-6.09,0.26,0.13,-0.01,325,310,312,346,347
3.58,-6.95,-5.74,0.22,0.17,0.20,324,309,309,345,347
4.38,-6.81,-4.85,0.31,0.28,0.10,322,308,307,342,346
5.00,-7.47,-4.28,0.21,0.15,-0.06,321,308,304,341,345
5.58,-7.09,-4.44,0.18,0.13,-0.22,321,308,303,340,344
5.70,-6.91,-4.39,-0.02,0.12,-0.06,321,309,303,340,345
5.73,-7.61,-4.28,-0.15,0.06,0.00,321,309,304,340,347
5.89,-6.58,-5.00,-0.16,0.02,-0.15,321,310,303,340,346
6.40,-6.64,-5.13,-0.13,-0.00,0.00,321,310,303,340,347
6.30,-6.46,-4.68,-0.03,-0.01,0.01,321,310,303,341,348
4.75,-5.85,-4.30,0.06,0.16,0.00,321,310,303,340,347
5.08,-6.14,-4.11,0.14,0.23,-0.09,322,311,303,340,347
6.40,-6.65,-3.72,0.08,0.20,-0.14,323,311,303,340,347
6.04,-6.04,-3.62,0.21,0.28,-0.16,323,310,302,340,347
5.95,-6.09,-3.55,0.06,0.13,-0.15,323,311,302,340,346
7.03,-6.65,-3.10,0.17,0.22,-0.12,323,311,302,340,346
6.63,-6.48,-3.30,0.14,0.13,-0.16,324,311,301,340,346
5.78,-6.56,-3.50,0.14,0.21,-0.07,325,310,301,340,346
6.99,-6.17,-2.58,0.01,0.12,-0.15,327,310,300,340,345
7.21,-6.27,-3.24,0.03,0.01,-0.20,329,311,300,339,345
7.08,-6.42,-3.47,-0.15,-0.03,0.06,329,310,300,340,346
7.25,-5.75,-2.73,-0.13,-0.05,0.04,332,310,301,340,346
5.95,-5.51,-3.15,-0.06,-0.05,-0.02,331,311,300,340,345
6.99,-5.89,-3.44,-0.04,-0.09,0.01,330,311,300,340,346
6.70,-5.80,-3.22,0.09,0.05,-0.02,330,309,299,339,346
END
6.78,-6.52,-3.14,0.01,-0.10,0.02,325,310,306,343,343
6.07,-4.92,-6.10,0.11,0.01,-0.07,325,310,306,343,343
5.89,-5.53,-5.96,0.08,-0.01,-0.01,325,310,305,343,343
6.04,-5.18,-5.69,0.05,-0.05,-0.11,325,310,306,342,342
5.52,-5.33,-5.76,0.07,-0.00,-0.05,325,310,306,342,342
5.46,-5.33,-5.80,0.03,0.01,0.02,325,310,306,342,342
5.76,-5.07,-5.88,0.02,-0.01,-0.02,325,310,306,342,342
5.46,-5.48,-6.14,0.07,0.00,0.04,325,310,306,342,342
4.76,-5.58,-6.09,0.05,0.05,0.13,325,310,306,342,342
5.50,-6.21,-6.49,0.15,0.09,-0.15,325,310,305,342,342
4.82,-5.69,-5.86,0.13,0.14,0.16,324,310,305,340,342
5.10,-5.86,-5.33,0.30,0.15,0.15,324,309,304,340,341
3.20,-6.25,-5.75,0.01,0.09,0.23,323,309,304,339,341
4.27,-5.48,-5.13,0.12,0.20,0.01,323,309,303,339,341
5.97,-6.93,-5.26,0.43,0.23,-0.51,323,309,303,338,339
5.55,-5.83,-4.19,0.00,0.40,-0.02,322,309,301,337,339
6.86,-5.47,-3.40,0.29,0.28,-0.06,323,309,300,337,338
5.53,-6.72,-4.44,-0.04,0.02,-0.01,323,310,300,337,338
7.06,-6.02,-3.34,0.03,0.22,-0.10,323,311,300,336,338
6.51,-6.53,-3.98,0.08,-0.01,-0.13,323,310,300,337,338
7.09,-6.13,-2.90,0.00,0.22,0.00,323,310,300,336,338
7.84,-5.53,-2.49,0.04,0.13,-0.10,323,311,300,337,339
7.42,-5.94,-3.67,-0.13,0.10,-0.13,323,311,300,337,340
6.98,-6.40,-3.07,-0.19,0.01,-0.01,323,311,299,338,340
7.03,-4.70,-2.81,0.11,0.10,-0.14,323,311,299,339,340
6.80,-5.73,-3.41,-0.08,0.12,0.04,323,311,299,339,340
7.49,-5.69,-2.83,0.02,0.12,-0.12,323,311,299,339,340
6.12,-5.75,-3.63,0.16,0.23,-0.13,322,311,299,339,340
7.72,-6.16,-3.03,0.07,0.22,-0.13,323,311,299,339,340
7.60,-5.99,-2.92,0.03,0.19,-0.00,323,312,299,339,340
7.82,-5.99,-2.94,-0.07,0.18,-0.02,323,312,300,339,341
7.63,-5.85,-2.44,-0.06,0.13,0.10,323,312,300,340,341
7.90,-5.37,-2.53,0.01,0.01,-0.01,323,312,300,340,341
6.68,-5.51,-2.53,-0.08,0.01,0.09,323,312,300,341,341
6.91,-5.78,-2.71,-0.21,-0.02,0.14,323,312,301,342,341
7.75,-5.64,-2.59,-0.07,0.00,-0.04,323,312,301,342,341
END
6.98,-5.64,-3.47,-0.11,0.00,-0.05,326,312,312,344,347
5.94,-7.03,-4.72,0.10,-0.01,-0.08,325,312,312,344,347
5.08,-7.02,-4.60,0.08,-0.01,0.08,323,312,310,343,346
4.68,-7.24,-4.74,0.04,-0.14,0.03,324,311,310,343,346
3.83,-7.09,-4.92,0.08,-0.01,0.01,324,311,309,342,346
3.68,-6.82,-5.16,0.05,0.01,0.01,324,311,309,342,346
4.24,-6.86,-4.82,0.11,0.06,-0.02,324,311,309,342,346
3.41,-7.44,-5.51,-0.02,-0.06,0.02,326,311,308,343,345
4.97,-7.38,-4.58,0.29,0.07,0.02,325,311,309,343,344
4.58,-7.85,-4.19,0.22,0.09,0.04,325,311,308,342,343
4.35,-7.85,-4.26,0.15,0.10,-0.00,325,311,307,342,342
4.39,-7.90,-4.41,0.05,0.02,-0.07,324,311,306,341,341
4.52,-7.73,-4.19,0.13,0.20,-0.13,324,311,305,341,341
4.84,-7.04,-4.15,-0.07,-0.01,-0.16,324,311,305,341,340
4.29,-6.75,-4.08,0.10,0.04,0.05,324,311,305,341,340
3.73,-7.71,-3.78,-0.30,-0.02,-0.13,323,311,305,341,341
4.81,-7.16,-4.20,-0.33,-0.07,-0.17,323,311,305,341,343
6.08,-7.21,-4.74,-0.31,-0.02,-0.15,324,311,304,341,344
5.21,-6.88,-4.49,-0.23,0.11,0.03,323,310,304,341,344
6.25,-6.61,-4.31,-0.15,0.13,-0.04,324,311,304,341,345
5.89,-6.42,-4.61,0.07,0.23,-0.11,324,312,304,340,345
4.92,-6.15,-4.06,0.25,0.32,-0.07,326,311,302,339,345
5.71,-6.35,-3.18,-0.09,0.00,-0.15,325,311,300,336,345
6.14,-6.42,-3.78,-0.12,0.01,-0.11,324,312,299,333,345
6.58,-6.31,-4.99,-0.43,-0.26,-0.18,324,311,300,333,344
5.79,-5.81,-4.45,-0.09,-0.02,-0.01,324,311,300,334,345
5.23,-5.86,-4.89,-0.06,-0.08,-0.02,324,311,301,334,346
5.58,-6.39,-4.49,-0.02,-0.01,-0.06,324,312,301,334,346
6.51,-6.41,-5.32,-0.23,0.01,0.01,324,312,303,335,348
5.48,-5.56,-5.38,-0.37,0.02,0.22,323,313,307,335,352
5.62,-5.47,-5.84,-0.17,0.16,0.07,324,314,310,335,354
6.26,-5.10,-5.73,0.05,0.12,-0.23,325,315,314,336,354
7.82,-5.49,-4.47,0.02,-0.00,-0.01,324,315,314,335,353
5.97,-4.94,-4.75,0.25,0.03,-0.14,324,315,314,336,352
4.96,-5.33,-5.51,-0.04,-0.07,0.01,324,315,313,336,352
5.76,-5.52,-4.82,0.12,0.01,-0.09,324,316,314,337,352
END
5.47,-5.49,-5.40,0.35,0.17,-0.19,325,311,317,347,341
5.06,-6.92,-5.08,0.05,0.06,0.02,325,311,317,347,341
5.30,-6.72,-5.35,0.01,0.04,0.04,325,311,316,347,341
5.00,-6.31,-5.23,0.04,0.02,0.03,325,311,316,346,341
5.40,-6.66,-5.15,0.06,-0.00,0.04,325,311,316,346,341
4.54,-6.23,-4.84,0.05,0.05,0.05,325,311,316,346,341
4.82,-6.34,-4.82,0.12,0.11,-0.07,325,311,316,346,341
4.73,-6.73,-4.58,0.12,0.11,-0.05,325,311,315,346,341
4.51,-6.23,-4.69,0.07,0.15,-0.09,324,311,315,346,341
3.48,-6.52,-4.90,-0.03,0.14,-0.12,325,311,315,345,341
6.17,-6.63,-3.87,0.08,0.29,-0.29,324,311,315,346,342
6.17,-7.06,-4.81,-0.10,0.09,-0.21,324,311,315,345,342
6.31,-6.59,-4.40,-0.02,0.30,0.08,324,311,314,345,342
6.44,-6.35,-3.84,0.10,0.29,-0.06,324,310,314,345,342
7.01,-6.49,-3.44,0.16,0.18,-0.11,323,311,312,343,341
5.62,-5.79,-3.76,0.10,0.16,-0.21,322,310,307,341,342
6.86,-6.17,-3.75,0.06,0.21,-0.26,322,309,305,341,341
5.98,-5.68,-3.07,-0.02,0.08,-0.03,322,309,305,341,342
6.58,-6.04,-2.81,0.14,0.26,-0.22,322,309,305,341,342
8.51,-6.16,-1.76,-0.08,0.13,-0.13,323,309,305,342,342
8.87,-5.43,-2.73,-0.16,-0.02,0.11,323,310,306,342,343
6.78,-6.14,-2.81,-0.27,-0.13,0.59,323,312,308,342,346
6.96,-6.38,-2.43,-0.08,0.03,-0.04,323,313,307,342,346
7.03,-5.56,-3.65,-0.19,-0.06,-0.10,323,312,308,342,346
6.94,-5.17,-3.93,-0.15,-0.22,0.34,324,313,308,343,346
5.36,-5.84,-3.57,0.23,-0.07,0.26,324,314,309,344,347
4.72,-6.78,-3.90,-0.16,-0.03,-0.07,324,314,309,344,347
6.65,-5.33,-3.77,-0.10,0.14,-0.30,324,313,309,345,349
7.15,-6.27,-4.62,0.24,0.26,-0.16,324,312,308,343,350
7.05,-6.00,-3.19,0.15,0.09,0.04,324,312,308,344,349
6.93,-5.69,-3.09,0.06,0.03,-0.06,324,313,309,345,349
5.88,-5.74,-3.91,0.05,0.07,-0.12,324,314,309,345,349
6.29,-5.97,-3.53,-0.06,-0.03,0.00,324,313,310,346,349
6.35,-5.64,-2.76,0.23,0.05,-0.12,325,314,310,345,349
6.43,-5.94,-3.31,0.03,0.02,-0.13,325,314,311,346,349
7.12,-6.10,-2.76,0.21,0.09,-0.08,325,314,311,347,349
END
6.67,-6.60,-3.46,0.16,0.03,-0.02,328,314,310,343,344
5.90,-5.31,-5.27,0.12,-0.12,0.05,328,314,309,343,344
5.74,-5.33,-5.80,0.05,-0.18,0.01,327,313,309,343,344
5.52,-5.30,-5.69,0.05,-0.08,0.05,327,314,309,343,344
5.14,-5.43,-5.79,0.01,-0.11,-0.03,327,314,309,343,344
5.43,-5.68,-6.47,0.01,-0.10,-0.01,327,314,309,343,344
4.00,-5.52,-6.34,0.01,-0.02,0.08,327,313,309,343,343
4.07,-5.46,-6.42,0.07,0.02,-0.06,327,313,311,343,343
3.75,-5.71,-6.23,0.16,0.13,0.08,327,313,309,343,343
4.77,-5.94,-6.02,0.10,0.16,-0.14,327,313,309,342,344
7.19,-5.94,-6.23,-0.05,-0.08,-0.33,326,313,308,342,344
6.77,-5.53,-6.51,0.02,-0.04,0.03,326,313,308,342,344
5.39,-5.79,-6.02,0.06,-0.07,0.07,326,313,308,342,345
4.73,-5.64,-6.02,-0.03,0.04,0.06,326,312,307,342,345
5.12,-5.56,-6.09,0.13,0.11,-0.01,325,312,304,340,344
6.21,-6.22,-5.38,-0.16,-0.08,-0.16,324,311,302,336,342
5.37,-5.48,-5.37,-0.29,-0.11,0.04,324,311,301,336,341
5.30,-5.20,-5.64,-0.56,-0.34,-0.03,324,311,302,337,342
4.77,-4.85,-6.84,-0.72,-0.47,0.21,325,312,302,339,345
4.61,-4.62,-7.30,-0.36,-0.14,0.14,325,312,304,340,347
4.62,-4.69,-7.18,-0.03,0.14,0.02,324,312,304,340,349
6.09,-4.51,-7.03,0.48,0.38,-0.34,324,313,304,340,348
4.76,-4.90,-6.90,0.31,0.32,-0.05,324,313,305,340,348
6.12,-5.24,-5.77,0.11,0.33,-0.03,324,313,304,340,348
5.98,-4.91,-5.38,0.29,0.46,-0.16,324,313,305,341,347
6.69,-5.53,-6.01,0.18,0.43,-0.05,325,313,307,343,347
7.32,-5.58,-4.32,0.12,0.24,0.04,325,315,313,348,346
6.70,-5.61,-4.93,0.10,0.08,0.03,326,317,315,351,346
6.01,-5.23,-4.92,-0.04,0.07,0.02,327,319,316,353,347
6.43,-4.95,-4.94,-0.31,-0.07,0.07,327,320,316,354,349
7.33,-4.85,-4.43,0.10,0.06,-0.00,327,320,315,355,351
6.41,-5.22,-5.16,0.06,-0.10,-0.04,327,320,315,355,352
6.04,-5.29,-4.86,-0.06,-0.14,0.01,327,320,316,356,353
6.05,-5.01,-5.15,-0.02,-0.02,-0.10,328,321,316,357,354
6.35,-5.36,-5.00,-0.01,-0.02,-0.07,328,320,316,356,352
6.38,-5.23,-5.37,0.07,0.06,-0.12,328,320,316,355,352
END
6.11,-5.16,-5.21,0.06,0.03,-0.03,323,310,307,348,335
5.94,-6.30,-5.21,0.05,-0.05,-0.02,324,310,307,348,335
5.16,-6.18,-5.25,0.07,0.01,0.09,324,310,306,349,335
5.07,-6.16,-5.12,0.05,-0.02,0.06,324,311,307,348,335
5.29,-6.31,-5.04,0.09,0.05,0.03,324,310,307,348,335
5.02,-6.33,-5.38,-0.03,0.02,0.12,324,310,307,348,335
4.34,-6.14,-5.13,0.00,0.03,0.04,324,311,307,348,335
4.76,-6.38,-5.15,0.13,0.11,0.09,324,311,306,347,335
6.29,-6.93,-4.89,0.26,-0.02,-0.10,325,311,305,345,335
4.63,-6.99,-4.87,0.08,0.17,0.00,326,311,304,343,334
4.35,-6.02,-4.19,-0.11,0.01,-0.17,326,311,303,343,335
7.11,-6.57,-3.95,-0.32,-0.12,-0.12,326,312,302,342,338
6.35,-6.02,-4.22,-0.18,0.27,0.01,326,312,303,343,340
6.12,-5.69,-4.71,-0.29,-0.05,0.00,326,312,303,343,341
5.61,-5.93,-5.35,-0.20,-0.11,0.09,326,312,304,344,342
5.45,-6.00,-5.19,-0.11,-0.04,0.03,327,313,305,344,342
5.16,-6.02,-5.37,-0.34,-0.19,0.03,326,313,306,345,344
5.51,-5.93,-6.43,-0.27,-0.22,0.26,326,314,307,347,347
6.61,-6.50,-6.12,0.03,0.10,-0.00,326,314,308,347,348
5.33,-5.70,-6.07,-0.08,-0.01,-0.04,326,314,309,347,348
5.30,-5.04,-5.61,0.00,0.14,-0.02,326,315,309,347,348
5.11,-5.46,-5.80,-0.18,-0.04,0.04,326,315,309,347,349
6.12,-5.20,-5.98,0.14,0.22,-0.11,326,315,310,347,350
5.48,-5.59,-5.55,0.24,0.19,-0.07,326,315,312,348,351
6.43,-5.70,-4.32,0.08,0.20,-0.09,326,316,312,349,351
5.84,-5.36,-4.97,0.14,0.27,-0.12,326,316,313,349,350
6.14,-4.97,-4.85,-0.04,0.12,-0.08,326,315,313,348,351
6.43,-5.15,-4.41,0.03,0.15,-0.08,326,315,312,348,352
6.68,-5.76,-4.34,0.16,0.31,-0.16,326,315,313,348,352
7.26,-5.90,-4.75,-0.04,0.05,-0.03,326,315,313,348,352
7.33,-5.42,-4.56,0.02,0.12,-0.20,326,316,313,348,352
6.85,-5.90,-4.47,0.13,0.06,-0.05,326,315,314,349,352
6.73,-6.07,-4.62,-0.01,-0.00,-0.00,326,315,314,349,352
7.18,-5.69,-3.96,-0.00,0.01,-0.05,327,316,315,350,352
6.09,-5.36,-4.68,-0.27,-0.14,0.05,326,315,316,352,353
6.72,-4.89,-3.63,0.05,-0.02,-0.00,327,316,317,354,352
END
6.52,-5.25,-4.49,0.06,0.00,-0.03,328,314,319,355,344
4.67,-5.64,-5.46,0.06,-0.04,-0.11,328,314,319,355,344
5.43,-6.20,-5.56,0.10,-0.03,-0.14,328,314,320,355,343
5.37,-6.30,-5.53,0.04,0.00,0.01,328,314,320,355,343
5.36,-5.89,-5.61,0.06,-0.03,-0.08,328,314,320,355,343
4.52,-6.34,-5.72,0.06,-0.04,0.07,328,314,320,355,342
4.54,-6.48,-5.87,0.09,-0.09,0.01,328,313,320,355,341
4.73,-6.94,-5.85,0.16,0.01,0.05,329,314,320,355,340
3.96,-7.01,-5.51,0.11,0.10,0.29,328,314,320,355,339
4.50,-6.67,-5.60,0.20,0.15,-0.16,328,313,318,353,337
4.74,-6.93,-4.84,0.18,0.28,0.12,326,312,314,349,334
5.00,-7.03,-4.69,0.18,0.02,0.12,324,312,312,348,334
5.04,-7.42,-4.54,-0.25,-0.39,0.12,324,312,312,348,335
4.00,-6.68,-6.35,-0.45,-0.35,0.20,324,313,312,348,337
3.00,-6.07,-5.73,-0.39,-0.19,0.13,324,313,312,348,339
4.53,-6.81,-6.79,-0.04,0.04,0.13,324,313,312,348,340
3.58,-6.51,-5.72,-0.30,-0.02,-0.14,324,313,312,348,340
4.42,-6.41,-6.92,-0.08,0.09,-0.22,324,313,312,348,342
3.97,-6.14,-6.80,-0.29,-0.12,0.10,324,313,313,349,346
4.58,-6.20,-5.92,0.09,0.33,-0.09,324,313,314,349,347
4.62,-6.66,-6.61,-0.08,0.22,-0.01,324,313,314,349,349
5.10,-6.54,-4.59,0.09,0.36,-0.03,324,313,313,348,349
5.46,-5.92,-4.92,-0.08,0.24,-0.08,324,313,313,349,352
4.41,-4.87,-5.67,-0.48,-0.17,0.18,324,313,314,348,358
5.36,-4.95,-7.15,-0.63,-0.21,0.20,324,313,318,347,361
4.35,-5.28,-6.50,-0.32,0.03,0.07,324,314,322,347,361
4.35,-4.90,-7.20,-0.08,0.27,0.06,325,315,323,347,361
5.02,-4.33,-6.85,0.48,0.42,-0.23,325,316,320,348,360
4.79,-5.13,-6.35,0.14,0.17,0.16,325,315,318,347,360
5.89,-5.65,-6.22,0.07,0.15,-0.04,325,315,318,347,359
5.55,-5.69,-6.08,0.24,0.13,-0.15,325,316,320,348,359
4.89,-5.58,-6.66,0.01,0.02,-0.04,325,316,320,349,359
4.94,-5.50,-6.80,0.04,-0.02,0.02,325,316,319,349,359
5.59,-6.38,-5.26,0.26,-0.01,-0.02,325,316,319,349,359
5.52,-5.64,-5.96,0.13,0.06,-0.20,325,316,320,349,359
4.81,-5.40,-6.67,-0.00,-0.07,0.00,326,316,320,350,358
END
4.97,-5.66,-6.12,0.07,-0.08,-0.01,332,316,325,350,349
3.83,-7.11,-5.51,0.02,0.02,0.08,331,316,325,349,348
3.74,-7.10,-5.30,0.07,0.07,0.09,332,316,325,350,347
4.11,-7.11,-5.27,0.09,0.03,0.02,331,316,325,349,346
4.39,-7.08,-4.76,0.13,0.03,0.07,332,316,325,350,346
3.47,-7.23,-5.03,0.06,0.08,0.11,331,316,325,349,347
3.44,-7.07,-4.53,0.11,0.15,0.05,332,316,325,349,347
2.51,-6.44,-5.23,0.07,0.19,0.13,331,316,325,349,347
3.87,-5.98,-4.62,-0.05,0.04,-0.07,327,314,319,349,346
6.31,-9.21,-5.81,-0.16,-0.45,-0.39,326,313,316,348,347
3.78,-7.06,-4.77,-0.26,0.00,0.08,325,313,315,348,347
3.60,-6.47,-4.85,0.53,0.23,-0.01,325,314,315,347,347
2.48,-6.83,-5.94,-0.12,-0.16,-0.23,325,315,315,347,347
3.96,-6.66,-3.48,0.17,0.20,-0.06,325,315,316,347,346
4.21,-6.80,-5.02,-0.46,-0.41,-0.01,325,315,315,347,347
5.20,-7.64,-4.57,-0.83,-0.09,0.14,327,315,316,349,348
4.62,-6.46,-6.83,-0.52,-0.09,0.05,328,315,319,352,348
4.47,-6.41,-6.94,-0.56,-0.25,0.01,328,315,318,352,349
3.71,-5.60,-7.48,-0.08,-0.04,0.11,326,314,318,351,351
4.62,-6.49,-7.21,-0.20,-0.00,0.05,326,314,318,350,353
3.14,-4.82,-6.50,-0.01,0.17,-0.16,326,314,317,350,354
3.68,-5.10,-6.89,-0.08,0.24,-0.03,327,314,317,350,355
4.74,-6.17,-6.30,0.34,0.27,-0.11,327,314,317,350,356
4.14,-5.65,-6.60,0.06,0.24,0.07,327,314,317,350,356
4.63,-5.84,-6.69,0.02,0.21,-0.06,329,313,319,350,355
5.04,-5.98,-6.37,-0.12,0.13,0.02,330,314,320,352,355
4.69,-6.27,-6.96,0.33,0.13,-0.03,330,315,321,352,355
4.39,-6.93,-6.12,0.61,0.15,-0.17,329,315,321,352,355
4.20,-5.93,-5.23,-0.12,0.32,0.01,330,316,321,352,355
6.39,-5.41,-5.72,0.06,0.23,-0.17,330,316,322,354,355
5.44,-5.62,-5.76,0.01,0.02,-0.02,331,317,322,356,355
5.05,-5.88,-4.66,0.18,0.06,-0.09,331,318,322,356,355
4.77,-5.76,-4.78,-0.02,0.07,-0.05,331,317,322,354,354
4.74,-6.46,-5.58,0.18,0.14,-0.09,331,317,322,353,354
5.49,-6.39,-5.79,-0.02,0.14,-0.03,331,318,322,354,354
5.21,-5.89,-5.60,-0.18,0.06,0.07,331,318,322,355,355
END
5.00,-5.42,-5.86,-0.00,0.02,-0.06,329,313,323,345,334
5.28,-7.01,-4.95,-0.03,-0.09,0.11,327,313,321,344,334
4.79,-6.96,-5.14,0.09,-0.06,0.10,326,311,319,343,333
5.76,-7.44,-4.98,0.14,-0.02,0.02,324,311,314,342,333
5.13,-6.60,-4.29,0.38,0.34,0.09,322,307,304,337,332
3.98,-6.52,-4.59,0.07,0.07,0.14,321,306,303,336,330
3.42,-7.28,-4.49,-0.03,-0.09,0.19,321,306,303,336,330
3.68,-7.16,-5.08,-0.03,-0.07,0.09,321,306,303,336,330
4.87,-8.05,-5.00,0.04,0.01,0.09,321,306,303,336,330
4.93,-8.72,-4.41,0.09,0.11,0.01,321,306,303,336,331
3.78,-6.67,-4.66,-0.12,0.11,0.28,321,307,303,336,331
4.57,-8.34,-4.41,0.00,-0.05,0.01,321,307,303,337,331
3.57,-7.27,-4.14,0.02,0.34,0.09,320,307,301,336,331
4.60,-6.68,-4.56,0.13,0.13,-0.35,320,307,302,337,335
5.31,-7.68,-3.70,0.06,0.21,-0.05,320,307,302,337,336
5.31,-7.14,-3.69,0.02,0.04,-0.16,320,307,302,337,336
5.53,-7.33,-3.80,-0.10,-0.13,-0.15,320,307,302,337,335
5.25,-8.00,-4.24,-0.42,-0.35,-0.13,320,307,303,338,335
4.51,-6.92,-4.13,-0.63,-0.51,0.06,320,307,303,339,338
4.38,-6.59,-5.40,-0.58,-0.50,0.11,320,307,303,339,341
2.93,-6.29,-7.26,0.12,0.27,-0.03,320,307,303,339,341
3.61,-6.14,-5.52,0.02,0.26,-0.11,320,308,304,339,340
5.23,-6.30,-5.38,-0.12,0.17,-0.12,320,307,304,339,341
5.23,-5.86,-5.50,-0.34,-0.04,0.02,320,308,303,339,341
5.22,-5.23,-5.40,-0.02,0.17,-0.01,320,307,304,339,342
6.20,-6.37,-5.65,0.10,0.09,-0.08,320,307,304,340,343
5.71,-6.97,-5.64,0.06,-0.07,-0.07,320,308,306,342,343
5.49,-6.12,-5.28,0.09,0.01,-0.01,320,309,307,343,343
4.15,-6.20,-6.20,-0.19,-0.15,0.09,320,309,307,343,345
4.96,-5.98,-5.63,-0.10,-0.11,-0.02,321,310,307,343,346
3.55,-5.12,-6.95,0.02,0.08,-0.06,321,310,308,343,346
5.11,-6.10,-5.12,-0.06,-0.00,-0.00,321,308,307,340,346
4.73,-6.28,-5.69,0.09,0.14,-0.10,321,310,307,339,346
5.24,-6.24,-6.58,-0.29,-0.07,0.01,321,311,309,339,348
5.73,-5.76,-5.99,0.10,-0.07,0.04,320,311,308,340,348
4.52,-6.01,-5.79,0.35,0.12,-0.10,321,311,309,341,349
END
4.39,-6.20,-5.83,-0.05,0.07,0.04,341,319,332,358,358
5.03,-6.62,-5.89,0.02,-0.04,0.02,340,318,330,357,357
5.35,-6.27,-5.36,0.55,0.11,0.01,331,313,315,352,350
4.42,-7.31,-5.16,0.24,0.14,0.09,327,312,310,349,347
4.01,-7.09,-5.13,0.05,0.02,0.12,326,312,309,348,346
4.21,-6.47,-5.08,0.08,0.11,0.14,325,311,309,347,346
4.87,-7.07,-5.15,0.11,-0.02,0.14,326,311,309,346,344
4.30,-7.45,-5.04,0.03,0.03,0.12,325,311,308,346,341
4.54,-7.21,-5.56,0.11,-0.05,0.10,324,311,307,345,339
4.28,-8.27,-4.83,-0.18,0.02,-0.02,323,310,306,345,339
3.36,-6.97,-5.48,-0.19,-0.24,0.05,323,310,305,346,339
4.91,-7.68,-5.64,-0.19,-0.21,0.06,323,310,304,344,339
3.77,-7.09,-6.22,-0.22,-0.21,0.02,323,310,304,344,340
3.54,-6.88,-6.31,-0.39,-0.16,0.16,323,310,304,343,340
3.04,-6.07,-6.40,-0.22,-0.08,0.18,323,310,304,344,342
3.21,-7.01,-6.12,0.24,0.23,0.02,323,310,304,344,343
3.78,-6.86,-4.91,0.35,0.22,0.01,323,310,304,344,343
3.93,-7.56,-5.61,0.17,0.12,-0.05,323,310,305,345,344
4.79,-7.54,-5.02,-0.04,0.16,-0.16,323,310,305,344,344
5.25,-7.11,-4.84,-0.03,0.07,-0.03,323,310,305,344,344
4.87,-7.16,-5.72,-0.37,-0.22,0.02,322,310,305,345,344
3.91,-6.96,-5.94,-0.06,-0.22,-0.03,322,310,306,345,345
4.25,-6.40,-6.30,-0.22,-0.33,0.01,323,310,306,345,347
2.72,-6.40,-7.37,-0.45,-0.44,-0.01,323,309,306,345,349
1.87,-6.04,-7.06,-0.26,-0.18,0.10,322,310,306,344,351
2.57,-5.83,-7.40,-0.16,0.02,-0.03,322,310,306,345,351
2.94,-6.03,-7.09,-0.02,0.05,0.03,322,310,306,345,352
3.33,-5.75,-6.57,-0.28,-0.07,-0.06,322,310,306,344,352
2.84,-5.41,-8.16,-0.35,-0.16,0.13,322,310,308,343,353
2.25,-5.05,-7.52,0.19,0.14,-0.03,322,311,309,343,353
2.73,-5.18,-8.03,0.06,0.18,-0.05,322,311,309,344,353
2.61,-5.18,-7.37,-0.08,0.01,0.04,322,311,308,344,353
3.35,-5.21,-7.32,0.12,0.21,-0.14,322,311,309,344,353
2.63,-5.22,-7.50,0.11,0.09,-0.02,322,311,310,344,353
3.10,-5.38,-7.44,0.07,0.06,-0.04,323,311,310,345,353
3.48,-5.40,-7.26,0.12,0.14,-0.12,323,312,311,346,353
END
3.54,-5.48,-7.18,0.06,0.05,-0.09,323,306,310,354,343
4.91,-7.02,-5.69,0.00,-0.01,-0.05,323,305,309,353,340
3.47,-6.72,-6.02,-0.12,-0.03,0.07,323,305,309,354,339
3.42,-5.63,-5.46,0.05,0.08,0.06,323,306,309,353,338
4.14,-6.91,-5.79,0.16,0.10,-0.06,323,305,309,353,338
2.89,-6.48,-5.16,0.13,0.23,0.18,324,305,309,352,337
4.19,-6.97,-5.18,0.27,0.13,-0.04,323,305,308,353,336
3.84,-7.49,-5.27,0.25,0.26,0.21,321,305,307,347,335
4.34,-8.98,-4.92,0.33,0.12,0.04,321,305,304,344,334
3.30,-6.91,-5.15,-0.01,0.19,-0.03,321,305,304,344,333
4.64,-8.49,-4.59,0.08,-0.02,-0.11,321,305,304,344,333
3.62,-7.67,-4.42,0.04,0.25,0.15,321,305,304,344,333
3.30,-7.01,-5.03,0.01,0.08,-0.10,321,305,304,342,332
5.55,-8.08,-4.04,0.06,0.06,-0.09,321,305,304,344,333
4.41,-6.83,-4.41,0.07,0.17,-0.11,321,305,304,343,334
5.46,-7.49,-3.76,0.14,-0.04,-0.20,321,305,305,342,333
4.48,-7.08,-3.56,0.10,0.13,0.00,321,306,304,341,333
5.84,-7.31,-3.40,0.01,-0.05,-0.18,322,304,304,340,333
5.09,-6.75,-3.68,-0.32,-0.27,-0.05,321,305,304,340,334
4.92,-6.49,-4.26,-0.43,-0.51,-0.05,321,305,304,339,335
5.98,-7.31,-5.29,0.49,0.13,0.23,321,306,304,338,335
3.70,-7.88,-4.35,0.08,-0.04,0.01,321,306,304,337,335
4.11,-7.27,-3.70,0.30,0.16,-0.16,321,306,304,337,335
3.97,-7.44,-4.03,0.01,-0.01,-0.06,321,306,304,337,335
4.46,-7.61,-3.75,-0.27,-0.22,-0.02,321,306,304,338,336
4.49,-7.25,-4.91,-0.27,-0.19,-0.05,321,306,304,337,337
4.87,-7.29,-6.16,-0.17,-0.08,0.03,321,305,304,338,338
3.93,-6.89,-4.09,-0.22,-0.06,-0.03,321,306,308,337,339
4.48,-6.77,-4.95,0.00,0.15,-0.22,321,306,311,339,340
4.15,-6.41,-5.10,-0.26,0.02,-0.10,321,306,310,339,341
5.08,-5.99,-4.29,0.26,0.34,-0.15,321,305,309,339,340
4.85,-6.50,-5.24,0.12,0.32,-0.09,320,305,308,339,341
4.99,-6.59,-4.62,-0.06,0.14,-0.06,320,304,307,339,340
6.01,-6.63,-4.24,0.12,0.27,-0.14,320,305,307,339,340
5.95,-6.47,-5.28,0.16,0.18,-0.17,320,305,306,339,340
5.34,-6.65,-4.47,-0.04,-0.04,0.02,321,306,306,340,340
END
5.81,-6.44,-4.12,0.05,0.04,-0.13,326,307,313,346,336
5.94,-6.45,-4.11,0.09,-0.01,0.00,325,307,312,345,336
5.88,-6.30,-3.86,0.05,-0.00,0.02,325,306,312,345,336
5.87,-6.32,-4.07,0.07,0.00,-0.03,325,306,311,345,335
5.97,-6.34,-4.00,0.02,0.00,-0.01,324,306,311,345,335
5.50,-6.34,-4.51,0.02,-0.08,0.00,324,306,310,344,334
5.60,-6.77,-4.67,0.07,-0.10,-0.06,323,306,308,344,332
5.09,-6.73,-4.67,0.06,-0.05,0.07,322,306,308,343,331
4.74,-7.24,-4.81,0.04,0.02,0.06,322,306,307,343,330
4.06,-6.26,-4.83,0.06,0.07,0.17,321,305,305,342,329
5.09,-6.71,-4.79,0.17,0.06,0.00,321,305,304,340,329
5.18,-7.21,-3.73,0.32,0.17,0.14,322,305,302,339,328
4.98,-7.24,-4.24,0.25,0.04,0.13,321,305,301,339,328
4.80,-8.03,-2.94,0.21,0.20,0.14,321,305,300,339,328
6.37,-7.57,-3.04,0.22,0.12,-0.10,322,305,299,339,328
4.80,-7.79,-3.09,-0.03,0.10,-0.02,321,305,299,338,328
5.41,-6.89,-3.44,-0.01,0.12,-0.02,321,305,298,339,327
5.17,-8.31,-3.51,-0.05,0.02,0.01,321,305,298,337,327
5.70,-7.60,-2.51,0.06,0.22,0.04,321,305,298,337,327
6.00,-8.10,-2.59,0.14,0.00,0.04,321,304,298,337,327
4.48,-8.02,-2.38,0.03,0.08,0.15,321,305,298,336,327
4.52,-7.30,-2.50,0.03,-0.01,-0.03,322,305,298,337,327
4.93,-7.23,-1.95,-0.07,-0.04,-0.16,323,305,298,337,327
5.83,-7.27,-2.20,-0.13,-0.07,-0.19,324,305,297,337,328
5.43,-7.45,-2.94,-0.07,0.05,-0.08,324,305,298,337,328
5.18,-7.19,-3.18,-0.10,0.03,-0.18,324,305,298,338,329
5.58,-7.49,-2.36,-0.13,0.02,-0.24,324,305,298,338,329
5.29,-7.16,-2.68,0.18,0.32,-0.27,324,305,298,338,329
6.06,-7.46,-2.61,-0.05,0.15,-0.11,323,305,298,338,330
6.50,-7.06,-2.12,0.08,0.32,-0.14,325,306,298,339,329
6.93,-6.96,-1.84,0.14,0.26,-0.16,326,305,298,338,329
6.87,-7.07,-1.92,-0.04,0.12,-0.10,327,305,298,339,329
6.81,-6.58,-1.53,0.19,0.24,-0.22,326,305,299,339,329
6.60,-6.74,-1.90,-0.00,0.10,-0.15,326,305,298,339,329
6.91,-6.36,-1.18,0.02,0.15,-0.10,325,305,298,339,329
7.25,-5.87,-0.91,-0.01,0.04,-0.12,326,305,298,339,330
END
7.31,-5.98,-1.80,-0.02,-0.12,-0.12,320,305,306,341,331
5.30,-5.83,-4.39,0.09,-0.17,0.04,320,305,306,341,331
4.97,-6.47,-4.59,0.07,-0.11,0.04,320,305,306,340,330
4.31,-6.15,-4.52,0.05,-0.02,0.02,320,304,306,340,331
4.47,-6.40,-4.84,0.04,0.11,-0.05,320,304,305,340,331
4.54,-6.23,-4.31,-0.04,0.24,0.07,320,305,305,340,331
6.04,-6.73,-4.97,0.04,0.03,-0.06,320,304,305,340,331
5.49,-6.88,-5.10,0.04,0.05,0.29,320,304,305,340,331
4.95,-6.93,-4.95,0.08,-0.04,0.08,320,304,304,340,331
4.05,-7.37,-5.20,0.03,-0.08,-0.00,320,304,304,341,332
4.48,-6.11,-4.08,0.13,0.24,-0.37,320,304,304,340,334
5.78,-7.19,-4.40,0.09,0.02,-0.20,320,305,304,340,335
5.13,-6.17,-4.41,0.18,0.27,-0.21,320,305,304,339,334
6.86,-7.12,-3.93,0.19,0.12,-0.09,320,304,304,340,333
7.00,-6.89,-2.94,0.06,0.25,-0.06,320,305,303,340,333
7.19,-6.11,-2.50,0.14,0.26,-0.02,320,304,303,339,333
7.03,-6.40,-2.70,-0.38,-0.15,0.03,320,305,303,339,333
6.27,-6.14,-3.09,-0.19,-0.02,-0.15,321,304,302,337,333
5.84,-6.20,-3.47,-0.10,0.09,-0.08,320,304,303,336,333
6.22,-5.88,-3.06,0.15,0.30,-0.19,320,304,302,336,333
6.86,-6.20,-2.67,0.08,0.27,-0.16,320,304,302,336,333
7.63,-6.04,-2.53,0.07,0.25,-0.15,320,304,302,336,333
7.34,-5.74,-2.36,0.09,0.20,-0.15,320,304,301,335,333
7.52,-5.56,-2.32,0.15,0.26,-0.17,320,304,301,336,333
7.29,-6.03,-2.58,-0.13,-0.04,-0.01,320,304,301,336,333
7.69,-5.48,-1.61,0.04,0.11,-0.14,320,305,301,336,333
7.50,-5.86,-3.22,-0.18,-0.14,-0.02,320,304,300,336,334
7.39,-5.60,-2.60,-0.13,-0.16,0.02,320,305,300,336,334
7.01,-5.99,-3.19,-0.21,-0.34,0.00,320,304,299,336,336
6.86,-5.54,-3.89,-0.51,-0.60,0.08,319,304,299,336,340
7.42,-5.32,-5.06,-0.16,-0.21,0.01,319,304,298,335,341
6.22,-5.88,-4.49,-0.14,-0.08,0.01,319,304,298,335,342
6.89,-5.38,-4.11,-0.01,0.07,-0.17,319,304,298,336,341
6.73,-5.23,-4.58,0.04,0.05,-0.07,319,304,298,336,340
6.70,-5.36,-4.23,0.08,0.03,0.01,319,304,298,336,340
6.70,-5.56,-4.14,0.04,-0.03,-0.08,319,304,299,336,340
END
6.55,-5.22,-4.08,0.05,0.03,-0.11,322,304,300,338,348
5.76,-6.55,-4.68,0.08,0.05,0.04,322,304,299,338,348
6.30,-6.58,-4.88,-0.07,-0.10,-0.07,322,304,298,337,350
5.65,-6.24,-5.08,-0.27,-0.24,-0.04,322,305,297,337,350
5.18,-6.02,-4.87,0.01,-0.05,-0.02,322,304,297,336,349
5.05,-5.99,-5.55,-0.01,0.00,-0.02,322,304,296,335,349
5.38,-5.85,-4.34,0.00,0.07,-0.07,322,304,296,335,348
6.93,-5.79,-4.87,-0.04,-0.07,-0.04,322,304,296,335,347
4.11,-6.16,-6.50,-0.69,-0.49,0.55,322,304,296,335,356
3.86,-6.14,-5.79,-0.01,0.15,0.02,322,304,296,335,358
5.16,-6.18,-6.04,-0.05,0.09,-0.09,322,304,296,335,358
4.74,-6.08,-6.04,-0.18,-0.10,0.02,322,305,296,335,357
4.60,-5.54,-6.00,-0.10,0.13,-0.16,322,304,296,334,356
5.55,-5.79,-6.24,-0.13,0.15,-0.05,322,304,296,335,355
5.74,-5.05,-5.76,0.06,0.21,-0.16,322,304,296,335,354
5.65,-5.21,-6.27,0.09,0.17,-0.02,322,305,296,336,354
4.76,-5.42,-5.84,-0.10,0.08,0.16,322,304,296,335,355
5.63,-5.60,-5.05,0.20,0.14,0.03,322,304,296,336,355
5.12,-5.95,-6.17,0.03,0.11,-0.08,323,305,297,336,354
5.02,-5.64,-5.82,0.10,0.14,-0.11,324,305,297,336,353
5.84,-5.76,-5.34,0.21,0.24,-0.18,323,305,297,336,351
6.30,-6.16,-4.83,0.13,0.18,0.04,324,305,296,336,351
6.55,-6.21,-4.75,0.05,0.11,-0.09,323,304,296,335,350
6.00,-5.79,-5.71,0.20,0.16,-0.16,323,304,297,335,349
5.55,-5.95,-4.97,0.07,0.08,-0.05,323,305,296,335,348
6.42,-6.02,-4.70,0.11,0.09,-0.08,323,304,297,335,347
6.28,-5.79,-4.51,0.15,0.13,-0.09,323,304,297,335,347
6.30,-5.66,-4.10,0.07,0.11,-0.10,323,305,297,336,347
6.60,-5.82,-4.52,0.03,0.04,-0.07,323,305,297,336,347
6.27,-5.64,-4.47,0.03,-0.03,-0.05,322,305,297,336,347
5.99,-5.78,-4.29,0.13,0.03,-0.07,322,305,298,336,346
6.44,-6.01,-4.35,0.04,0.02,-0.05,322,305,298,336,347
6.41,-5.76,-4.20,0.05,-0.04,-0.09,322,305,298,337,347
6.38,-5.76,-4.65,0.04,-0.08,0.01,322,305,298,337,347
6.34,-5.97,-4.54,0.01,-0.11,0.01,323,305,298,337,347
5.85,-5.99,-4.82,-0.01,-0.09,0.01,322,305,298,337,347
END
5.94,-6.03,-4.80,0.03,-0.05,-0.00,320,305,309,341,353
5.46,-6.00,-5.64,0.12,0.15,-0.06,320,305,308,341,353
6.24,-5.89,-5.22,0.16,0.17,-0.01,320,305,308,341,353
6.14,-5.84,-5.07,0.10,0.07,-0.04,320,305,308,341,352
6.52,-5.84,-5.23,0.07,-0.03,0.11,320,305,308,342,352
5.36,-6.24,-5.24,0.06,-0.00,0.29,320,305,307,341,351
4.84,-5.96,-5.12,0.30,0.20,0.14,319,304,302,340,344
5.01,-6.40,-4.91,0.20,0.08,0.12,318,304,300,338,340
4.29,-6.93,-5.04,0.10,0.10,0.19,318,304,299,337,340
4.60,-6.58,-5.23,0.09,0.02,-0.01,318,302,298,336,338
4.99,-6.81,-4.69,0.18,0.06,-0.03,319,304,298,335,336
4.97,-6.74,-4.58,0.09,0.04,-0.08,318,304,298,335,336
6.58,-7.23,-3.93,0.14,-0.05,-0.27,319,304,297,335,336
4.97,-6.72,-4.93,0.01,-0.12,-0.11,318,304,296,335,337
5.20,-6.04,-4.35,0.10,0.09,-0.03,318,304,296,336,337
6.07,-6.55,-3.81,0.16,-0.01,-0.13,318,304,295,335,337
7.21,-7.10,-3.04,0.21,0.07,0.05,318,304,295,334,337
5.75,-6.96,-3.80,0.01,-0.09,0.27,318,304,295,334,337
4.28,-7.01,-3.89,0.07,0.13,0.15,319,304,296,335,337
4.24,-7.34,-3.45,0.09,0.24,-0.11,318,304,296,335,337
6.74,-7.24,-3.28,-0.15,-0.09,-0.41,318,304,295,335,336
6.23,-6.35,-3.23,-0.06,0.08,-0.15,318,304,296,335,336
6.08,-6.26,-3.77,-0.09,0.04,-0.16,319,305,295,335,336
6.93,-6.28,-3.32,-0.08,0.07,-0.24,318,304,296,334,337
6.27,-6.26,-3.33,0.18,0.22,-0.11,319,304,296,335,336
6.46,-6.11,-2.51,0.16,0.25,-0.16,318,304,296,335,336
6.09,-5.98,-2.66,0.11,0.28,-0.10,318,304,296,335,335
6.55,-6.25,-2.04,0.11,0.28,-0.16,319,304,296,335,335
6.93,-5.94,-1.93,0.05,0.28,-0.14,318,304,296,335,335
8.62,-6.21,-1.83,-0.07,0.00,-0.25,318,304,296,335,335
7.71,-5.13,-2.07,0.12,0.20,-0.21,318,304,296,335,335
7.45,-6.09,-2.78,0.06,0.12,-0.04,318,304,296,335,335
7.43,-6.04,-1.67,-0.03,0.04,-0.01,318,304,296,334,335
7.76,-5.87,-1.59,0.10,0.10,-0.18,318,304,296,335,335
7.84,-5.85,-1.52,0.01,0.01,-0.05,318,304,296,335,335
7.88,-5.76,-1.40,0.03,-0.00,-0.02,318,304,296,335,335
END
7.74,-5.54,-1.74,0.09,0.01,-0.11,320,306,304,339,328
4.54,-7.04,-5.03,0.02,-0.08,0.11,320,306,303,337,328
3.29,-5.92,-4.93,-0.03,0.07,0.18,319,306,302,337,327
5.14,-6.59,-4.60,0.15,0.03,-0.17,319,306,301,337,327
6.51,-6.12,-4.34,0.06,0.08,-0.13,319,306,300,337,327
8.19,-6.78,-4.80,0.09,0.01,-0.15,319,305,300,337,327
6.02,-7.21,-4.18,0.07,0.10,0.22,319,306,299,336,327
5.07,-6.70,-4.36,0.11,0.07,-0.13,319,306,299,337,327
5.63,-7.06,-4.98,-0.24,-0.22,-0.25,319,306,298,336,328
5.79,-5.82,-4.32,0.06,0.15,-0.20,319,307,299,337,328
6.99,-6.19,-4.34,0.06,0.01,-0.11,319,307,299,336,328
5.74,-6.05,-3.78,-0.20,-0.10,0.03,320,307,299,336,329
6.46,-5.63,-3.84,0.07,0.07,-0.12,320,307,299,337,330
6.38,-5.82,-4.72,-0.45,-0.33,-0.11,320,307,299,337,331
5.55,-5.13,-4.44,0.18,0.23,-0.15,320,307,299,337,331
5.82,-5.28,-4.98,-0.06,0.14,-0.03,320,307,299,336,332
6.81,-5.74,-4.30,-0.16,0.04,-0.11,320,307,299,337,333
6.45,-5.53,-4.47,-0.26,-0.00,-0.04,320,307,299,337,335
6.39,-5.41,-4.20,-0.21,-0.00,-0.03,320,307,300,337,336
6.19,-5.13,-3.98,-0.08,0.11,-0.04,320,307,300,337,339
7.47,-5.38,-4.71,-0.23,0.14,-0.08,320,307,302,338,340
6.88,-4.87,-5.09,-0.02,0.10,-0.15,320,307,302,338,341
5.93,-4.82,-5.51,0.01,0.13,-0.02,321,307,302,338,341
6.06,-5.51,-4.53,0.12,0.26,0.02,320,306,302,338,343
6.89,-5.58,-4.69,0.19,0.37,-0.14,320,306,302,339,343
7.67,-5.92,-4.24,0.05,0.24,0.15,321,306,302,340,343
8.08,-5.35,-3.57,0.22,0.37,-0.22,321,306,303,341,342
8.32,-5.46,-4.69,0.07,0.13,0.01,321,306,303,342,343
7.87,-5.51,-3.68,0.06,-0.06,0.14,321,304,303,342,343
7.63,-5.48,-3.19,0.11,-0.06,-0.08,321,306,304,342,343
6.91,-5.15,-3.83,0.04,-0.07,-0.08,321,306,304,342,343
6.87,-4.97,-3.97,-0.05,-0.11,-0.05,321,306,304,343,343
7.42,-4.93,-3.26,0.21,-0.08,-0.12,321,307,303,343,343
6.83,-5.11,-3.83,0.04,-0.16,-0.05,321,307,304,344,343
7.21,-5.28,-4.16,-0.08,-0.21,-0.05,322,307,304,344,342
7.96,-5.58,-3.68,0.09,-0.25,-0.05,321,307,304,345,343
END
8.09,-5.69,-4.23,-0.01,-0.35,-0.04,325,308,303,341,332
4.63,-7.01,-5.02,-0.06,-0.23,0.13,325,309,305,342,332
4.34,-7.06,-4.65,-0.03,-0.01,0.11,325,309,305,343,333
4.28,-6.69,-4.96,0.02,-0.09,-0.03,326,310,305,343,333
4.21,-6.96,-4.82,0.06,0.05,-0.02,326,310,306,343,333
4.36,-6.84,-4.72,0.07,-0.02,-0.08,326,310,307,344,334
4.96,-7.47,-4.67,0.04,-0.10,-0.15,326,310,308,344,335
3.70,-7.17,-4.81,0.10,-0.04,0.06,326,310,310,346,336
4.29,-7.22,-4.34,-0.57,-0.54,-0.06,327,310,311,347,339
4.67,-7.06,-6.39,-0.63,-0.51,-0.02,328,311,311,349,341
4.28,-6.53,-6.44,-0.14,-0.09,-0.03,328,311,311,349,342
3.61,-6.52,-6.96,-0.37,-0.29,0.07,327,310,311,350,343
3.01,-6.23,-7.04,-0.26,-0.23,0.03,326,311,311,349,345
3.35,-5.73,-7.24,-0.07,-0.01,-0.09,326,310,311,349,347
4.26,-6.04,-7.21,-0.07,-0.03,-0.07,325,309,311,348,348
4.42,-5.91,-6.75,0.00,-0.01,-0.01,325,310,310,347,349
3.18,-5.69,-7.43,0.10,0.04,-0.08,325,310,310,347,350
3.01,-5.62,-6.67,0.14,0.14,-0.08,325,310,310,347,350
3.83,-6.00,-6.40,0.25,0.22,-0.18,325,310,310,347,350
5.08,-6.50,-6.46,0.11,0.16,0.03,325,309,310,346,348
3.81,-6.01,-6.43,0.07,0.08,0.02,325,309,309,346,348
3.11,-5.99,-6.37,0.09,0.12,0.01,325,309,310,346,349
4.92,-6.77,-5.97,0.19,0.15,-0.08,325,309,310,346,349
4.18,-6.35,-5.53,0.20,0.23,-0.08,325,310,310,346,349
4.92,-6.17,-5.60,0.23,0.22,-0.01,325,309,310,346,348
4.19,-6.47,-5.42,0.21,0.17,0.02,325,309,310,346,348
4.52,-6.96,-4.72,0.19,0.13,0.05,325,310,311,348,347
4.64,-6.92,-4.96,0.22,0.25,-0.04,325,309,311,347,347
4.89,-7.16,-4.49,0.03,0.08,0.05,326,310,311,347,346
5.12,-7.29,-4.00,0.03,0.05,-0.03,326,310,311,347,346
5.06,-6.66,-4.59,-0.06,0.01,-0.08,326,310,311,347,346
5.25,-6.59,-4.42,-0.03,-0.11,-0.07,326,310,311,347,346
5.13,-6.77,-5.23,0.12,-0.08,-0.09,325,310,312,347,346
5.69,-7.35,-5.13,0.13,-0.27,-0.04,326,310,311,346,345
6.98,-6.79,-2.28,0.74,-0.02,-0.11,326,310,311,345,346
5.30,-7.78,-4.19,0.14,-0.38,0.16,327,309,312,346,346
END
4.99,-7.49,-3.76,-0.05,-0.31,0.20,323,308,306,344,334
4.59,-8.91,-3.84,0.12,-0.07,0.11,323,308,305,344,333
3.19,-7.60,-3.91,0.11,0.22,0.28,323,308,305,344,333
3.61,-8.49,-3.55,0.07,0.08,-0.02,323,308,305,343,333
3.96,-7.97,-3.34,0.08,0.19,0.08,323,308,303,343,333
3.85,-7.24,-3.85,-0.12,-0.09,-0.06,322,308,303,343,333
5.03,-8.64,-3.26,-0.21,-0.34,-0.09,322,309,303,343,334
4.50,-8.47,-3.82,-0.49,-0.41,-0.06,321,308,303,343,336
4.44,-8.60,-4.97,-0.17,-0.17,-0.10,322,308,302,343,336
4.04,-7.58,-4.29,0.10,0.07,-0.08,322,308,302,343,336
2.15,-7.62,-5.14,0.02,0.02,-0.09,322,308,303,342,336
3.42,-7.65,-3.82,-0.02,0.15,-0.12,322,308,303,342,336
4.08,-6.98,-3.72,-0.07,-0.01,-0.20,322,309,303,342,336
4.62,-7.19,-3.86,-0.01,0.08,-0.13,322,308,303,341,335
4.76,-7.22,-4.24,-0.23,-0.01,-0.13,322,309,302,340,336
5.24,-6.52,-3.52,-0.19,-0.06,-0.20,322,309,302,340,336
5.18,-6.87,-4.74,-0.41,-0.18,-0.01,322,309,302,339,338
5.34,-6.44,-5.29,-0.56,-0.27,0.03,322,310,301,339,340
4.34,-6.04,-6.50,-0.36,-0.13,0.07,322,311,301,339,342
3.95,-6.14,-6.16,-0.23,-0.04,-0.05,322,311,301,338,343
4.29,-5.67,-5.95,0.24,0.26,-0.25,321,310,302,338,343
4.87,-6.10,-6.22,0.24,0.27,-0.24,322,310,302,338,343
4.98,-6.20,-5.74,0.02,0.12,-0.06,322,310,301,338,342
5.04,-5.54,-5.48,0.25,0.31,-0.24,322,311,301,338,342
5.36,-5.93,-5.94,0.07,0.23,-0.17,322,311,301,338,342
5.84,-5.80,-4.65,0.09,0.14,-0.16,322,311,302,339,342
6.20,-5.58,-5.44,0.25,0.19,-0.20,322,311,302,339,342
5.83,-6.41,-5.42,0.04,-0.01,-0.06,322,311,302,339,341
6.63,-6.25,-4.49,0.04,-0.04,-0.00,322,311,302,338,342
5.76,-6.32,-5.05,0.08,-0.02,-0.05,323,311,302,338,342
6.36,-6.47,-5.05,0.06,-0.04,-0.09,322,311,303,339,342
7.07,-6.13,-4.33,0.15,-0.11,0.00,322,311,303,339,343
5.73,-6.19,-4.73,0.11,-0.19,-0.01,322,311,304,340,341
5.25,-6.21,-5.04,-0.06,-0.27,0.04,322,311,305,340,342
5.52,-6.06,-5.15,-0.06,-0.26,0.02,322,311,305,340,343
5.99,-5.66,-4.49,0.08,-0.09,-0.08,322,311,306,341,343
END
6.84,-5.12,-4.26,-0.29,-0.35,-0.11,322,315,305,343,341
2.84,-7.27,-4.95,-0.39,-0.08,0.03,321,312,302,340,341
2.66,-5.66,-6.09,-0.14,-0.18,0.03,321,311,301,340,341
3.41,-6.70,-7.07,-0.16,-0.15,0.03,321,311,301,340,342
2.57,-6.10,-6.78,-0.29,-0.14,-0.02,321,311,302,341,343
2.75,-6.08,-6.83,-0.00,0.15,-0.14,321,311,302,340,343
3.13,-6.07,-7.01,0.23,0.29,-0.05,321,311,301,340,343
3.05,-6.25,-6.65,-0.01,0.17,-0.07,321,311,302,340,344
5.61,-7.29,-5.53,0.25,0.41,-0.14,321,311,302,340,343
4.65,-6.45,-6.53,0.04,0.17,0.01,321,311,302,340,344
3.33,-6.47,-6.42,-0.36,0.08,0.21,322,311,302,340,344
4.36,-6.14,-6.14,0.25,0.20,-0.30,321,311,302,340,344
3.90,-6.39,-6.54,-0.06,0.01,-0.04,321,311,302,339,345
4.86,-6.73,-4.88,-0.04,0.26,-0.02,321,311,302,339,345
5.23,-5.93,-5.92,-0.07,0.25,-0.11,322,311,303,339,346
4.79,-6.26,-5.94,0.04,0.08,-0.13,322,311,302,340,345
5.58,-5.71,-4.60,0.23,0.21,-0.05,323,312,303,340,346
4.62,-5.93,-5.20,0.21,0.29,-0.13,322,312,304,340,345
5.16,-6.14,-5.34,0.11,0.26,-0.04,322,312,304,341,345
5.59,-6.04,-4.99,0.02,0.23,-0.06,322,312,303,341,344
5.58,-6.63,-4.89,0.23,0.25,-0.19,323,312,304,342,345
6.21,-6.53,-4.65,0.10,0.07,0.16,323,313,305,344,345
7.01,-6.75,-3.47,0.02,0.08,0.02,323,313,307,345,345
6.25,-6.16,-4.08,0.10,0.13,-0.10,323,313,307,345,345
5.92,-6.23,-4.92,-0.14,-0.04,0.02,323,313,307,345,345
6.34,-6.05,-3.92,0.16,-0.07,-0.03,323,315,308,346,345
5.78,-6.44,-4.07,0.06,-0.01,-0.08,323,313,308,346,345
6.14,-6.50,-4.30,-0.04,-0.04,-0.06,323,313,308,346,345
6.07,-6.29,-4.13,0.03,-0.08,-0.08,323,314,309,346,345
5.76,-6.49,-4.35,-0.02,-0.12,0.03,323,314,309,347,345
6.15,-6.65,-4.28,0.00,-0.14,-0.01,323,314,309,347,344
5.48,-6.38,-4.90,-0.03,-0.17,-0.09,323,314,310,347,345
6.08,-6.59,-4.56,-0.02,-0.21,0.06,323,314,309,347,345
6.64,-5.96,-4.36,-0.02,-0.22,-0.04,323,314,310,348,345
7.44,-6.22,-3.74,0.06,-0.35,-0.08,323,314,311,350,346
6.88,-5.76,-3.18,0.16,-0.57,-0.31,323,315,313,352,350
END
3.96,-6.66,-5.88,0.33,0.11,0.07,324,308,306,341,330
2.56,-7.29,-4.46,0.17,0.04,0.13,324,308,306,341,331
3.32,-7.97,-3.70,0.08,-0.06,-0.04,324,308,306,341,331
2.56,-7.89,-4.16,-0.08,-0.10,-0.14,324,308,306,340,331
4.19,-8.66,-3.09,0.12,0.05,-0.02,325,309,305,340,331
2.63,-7.87,-4.17,-0.07,-0.15,-0.19,324,307,304,339,331
2.90,-7.41,-4.63,0.16,0.08,0.05,324,307,304,339,331
2.94,-8.31,-4.70,-0.19,-0.13,0.05,324,307,303,339,332
2.61,-8.33,-3.42,0.07,0.11,0.04,324,307,302,339,332
3.81,-8.51,-4.35,-0.39,-0.33,-0.10,324,306,302,339,334
3.04,-8.25,-4.62,-0.46,-0.28,-0.16,324,306,302,339,335
3.75,-8.23,-5.18,-0.52,-0.32,-0.06,325,306,302,339,337
2.72,-7.57,-5.98,-0.53,-0.41,-0.07,325,306,302,339,337
2.39,-6.79,-6.12,-0.07,-0.05,-0.14,325,305,302,339,338
2.77,-7.14,-6.72,-0.25,-0.16,-0.06,325,306,302,339,339
2.30,-6.86,-6.02,-0.17,-0.08,-0.06,325,306,302,339,339
3.78,-6.72,-5.87,0.44,0.29,-0.12,325,306,302,340,339
3.48,-7.52,-6.55,-0.01,-0.03,-0.04,325,306,302,339,339
2.87,-7.09,-5.59,0.02,0.03,-0.02,325,306,302,339,339
2.79,-7.03,-6.18,0.06,0.02,-0.04,325,305,302,338,340
3.01,-7.14,-6.04,-0.15,-0.04,-0.08,327,306,302,339,340
3.56,-6.54,-5.07,-0.28,-0.11,-0.09,326,306,303,338,340
2.96,-6.00,-6.45,-0.29,-0.14,-0.08,326,306,303,339,340
3.04,-6.37,-6.56,-0.13,-0.07,-0.07,327,307,302,338,340
2.44,-6.03,-7.37,0.42,0.35,-0.12,327,307,303,338,341
4.19,-7.21,-5.94,0.36,0.41,-0.18,327,307,302,338,340
4.34,-7.12,-5.56,0.10,0.22,-0.09,327,306,302,338,340
4.02,-7.02,-5.84,0.12,0.13,-0.05,326,307,303,338,340
4.46,-7.34,-5.61,-0.02,0.05,-0.03,327,306,303,338,340
4.71,-6.95,-5.16,0.02,0.01,-0.05,327,307,303,339,340
4.24,-6.37,-5.75,-0.02,-0.04,0.04,327,307,303,339,340
4.11,-6.77,-5.67,-0.02,-0.05,-0.04,327,307,303,339,340
4.21,-6.90,-6.02,0.06,0.01,-0.03,326,307,303,339,340
4.06,-7.11,-5.68,0.02,0.01,-0.01,327,306,304,340,340
4.62,-6.82,-5.64,0.16,0.06,-0.01,327,306,304,341,341
3.98,-7.00,-5.98,0.09,0.00,-0.01,327,307,304,341,340
END
3.47,-6.95,-5.57,-0.03,-0.01,0.04,338,317,334,362,343
3.88,-6.74,-5.08,0.05,-0.01,-0.08,338,316,334,362,343
3.93,-7.40,-5.21,-0.02,-0.02,-0.00,338,316,334,361,343
4.16,-6.76,-5.21,0.07,-0.00,-0.01,338,317,333,361,343
4.01,-7.13,-5.40,0.11,0.02,-0.12,338,316,334,361,343
3.91,-7.10,-5.17,0.07,0.02,0.00,338,316,333,361,343
4.00,-6.93,-5.15,0.08,0.01,-0.07,338,316,333,360,343
3.98,-7.59,-5.51,0.08,-0.01,-0.04,336,315,332,361,343
3.65,-6.74,-5.14,0.01,-0.02,0.04,336,312,329,360,343
3.55,-7.09,-5.58,0.11,0.02,0.05,332,309,322,356,343
3.23,-7.59,-4.95,0.13,0.02,0.14,328,306,314,350,342
3.83,-7.11,-5.23,0.20,-0.00,0.11,326,305,309,346,341
3.66,-8.34,-5.05,0.23,-0.01,0.14,324,304,306,343,340
3.11,-7.28,-4.50,0.28,0.04,0.11,322,304,303,340,338
3.48,-7.91,-4.09,0.35,0.05,-0.02,321,303,301,339,337
2.61,-8.27,-4.32,0.34,0.06,-0.08,320,303,299,338,335
5.18,-8.91,-1.79,0.36,0.25,0.08,320,303,297,337,335
3.99,-8.76,-3.23,-0.22,-0.27,-0.22,320,303,297,336,334
4.32,-7.87,-3.31,-0.06,-0.09,-0.11,320,303,297,336,333
3.36,-8.12,-5.18,-0.16,-0.23,-0.04,321,303,297,336,334
2.94,-7.83,-3.99,-0.11,-0.10,0.03,321,303,297,335,333
3.66,-7.93,-4.84,0.00,-0.10,-0.06,321,303,297,335,333
2.94,-7.89,-4.03,-0.27,-0.17,-0.07,321,303,297,335,333
3.19,-7.19,-4.40,0.15,0.14,-0.05,321,303,297,335,333
3.26,-7.67,-5.16,-0.45,-0.19,-0.35,321,303,297,335,334
3.32,-7.07,-5.14,0.03,0.05,-0.14,322,303,297,336,334
4.38,-7.44,-4.82,0.36,0.31,-0.18,322,303,297,336,334
4.55,-7.83,-4.03,-0.04,0.07,0.00,322,303,297,335,335
4.44,-7.44,-3.17,-0.00,0.03,-0.06,322,303,297,335,335
4.97,-7.53,-3.80,-0.31,-0.14,-0.15,322,303,297,335,335
4.22,-7.41,-6.04,-0.61,-0.30,-0.05,322,304,297,336,336
3.95,-6.24,-5.38,0.16,0.20,-0.16,323,304,297,336,337
4.76,-6.53,-5.81,0.24,0.25,-0.13,323,304,297,335,335
4.87,-6.68,-5.18,0.10,0.09,-0.13,323,304,297,336,335
4.72,-7.35,-5.03,0.27,0.18,0.00,323,304,297,337,335
4.87,-7.62,-4.72,-0.01,-0.01,-0.07,322,304,297,337,335
END
4.70,-6.87,-4.90,0.10,0.11,-0.07,329,308,320,349,345
4.00,-7.42,-3.70,0.08,-0.03,-0.02,328,307,320,348,345
2.30,-7.09,-4.39,-0.07,-0.15,-0.17,328,308,319,348,344
4.37,-7.37,-3.29,0.18,0.22,0.11,328,308,319,348,344
4.30,-8.99,-3.09,0.09,0.03,-0.03,328,307,318,347,344
4.24,-8.19,-3.51,0.05,0.02,-0.09,327,307,318,347,344
4.28,-8.03,-3.80,0.06,0.03,-0.07,328,307,317,347,345
3.63,-7.95,-3.93,0.04,-0.07,-0.12,327,307,317,347,345
4.36,-8.00,-3.64,0.12,0.02,0.06,327,307,317,347,345
3.95,-8.18,-3.81,-0.03,-0.14,0.13,325,306,310,345,344
4.81,-8.82,-3.40,0.53,0.08,0.03,321,305,303,341,340
3.80,-8.79,-3.00,-0.06,-0.08,0.05,321,303,299,338,338
3.31,-8.58,-3.22,-0.01,-0.08,0.04,320,303,298,338,338
4.00,-8.77,-3.50,-0.06,-0.10,-0.17,321,303,298,338,337
3.46,-7.56,-3.21,-0.02,0.05,-0.06,321,303,298,338,336
4.21,-8.42,-3.42,0.19,0.11,-0.15,321,303,298,338,335
4.20,-8.21,-3.32,-0.07,-0.10,-0.15,321,303,298,337,335
3.92,-7.28,-3.50,0.05,-0.01,-0.08,321,303,297,338,335
5.05,-8.56,-3.81,-0.21,-0.22,-0.11,321,303,298,337,335
4.40,-7.50,-2.79,0.09,0.05,-0.02,321,303,298,337,335
4.98,-8.19,-3.65,0.05,-0.04,-0.03,321,303,298,337,335
3.55,-7.93,-3.80,-0.57,-0.39,0.05,321,302,298,337,336
3.83,-7.46,-4.16,-0.16,-0.17,0.04,322,302,298,337,336
3.79,-7.49,-5.32,-0.69,-0.27,0.09,322,302,297,337,338
3.94,-7.86,-4.59,-0.37,-0.12,-0.20,322,302,298,337,338
3.77,-7.20,-5.88,-0.27,-0.12,-0.04,322,302,298,337,339
3.98,-7.35,-5.60,-0.16,-0.04,-0.05,322,302,298,337,340
3.99,-6.67,-5.25,0.19,0.24,-0.16,324,302,298,338,340
4.29,-7.16,-6.04,0.03,0.07,-0.11,323,302,298,337,340
4.56,-6.96,-5.13,0.12,0.06,0.05,323,303,298,338,340
4.11,-7.13,-5.41,0.11,-0.04,0.10,323,303,299,338,340
2.83,-7.44,-5.36,-0.03,-0.18,0.11,323,302,299,338,340
3.40,-7.07,-4.67,-0.06,-0.06,0.04,323,302,299,338,341
3.05,-6.94,-5.43,0.06,0.09,-0.14,324,302,299,338,341
3.29,-7.26,-5.43,-0.12,0.03,-0.11,324,302,299,339,341
4.11,-6.63,-5.79,-0.21,-0.06,-0.17,325,303,301,340,341
END
3.31,-6.75,-6.73,-0.08,-0.01,-0.08,336,313,332,369,339
5.30,-7.80,-2.81,0.01,-0.25,0.01,333,310,324,363,338
5.48,-8.08,-3.32,0.08,-0.36,-0.15,332,310,321,360,336
5.23,-6.60,-2.99,0.02,-0.17,-0.02,332,310,320,358,336
4.69,-6.93,-3.27,-0.01,-0.09,0.01,332,310,320,354,337
4.49,-7.53,-2.94,0.01,0.02,0.06,332,310,320,352,337
4.86,-6.81,-3.43,0.06,-0.01,0.06,331,309,315,349,337
4.40,-7.90,-4.04,0.16,0.03,0.11,326,306,305,343,336
4.52,-13.01,-0.45,0.11,-0.32,0.13,324,306,299,341,334
4.32,-8.80,-3.52,-0.14,-0.24,0.14,324,306,298,340,334
3.18,-7.35,-5.20,-0.42,-0.18,0.16,324,306,298,340,335
3.24,-7.53,-4.69,-0.15,-0.17,0.15,326,306,298,339,335
3.59,-8.05,-5.48,-0.13,-0.35,0.11,325,305,298,339,334
2.82,-7.86,-3.85,-0.10,-0.24,0.23,325,305,298,338,334
3.96,-8.34,-4.84,-0.12,-0.24,0.24,325,304,298,338,336
2.00,-7.28,-4.27,-0.54,-0.52,0.01,325,305,298,337,337
2.80,-6.81,-4.24,0.36,0.06,0.03,325,304,297,336,336
1.03,-6.98,-6.84,-0.48,-0.31,-0.06,325,304,297,334,336
2.27,-7.56,-4.69,-0.14,-0.05,0.09,326,304,297,332,335
3.17,-6.92,-5.15,0.28,0.17,-0.24,326,303,297,332,336
2.79,-8.18,-6.47,-0.61,-0.28,0.06,327,303,297,332,337
2.54,-7.35,-6.32,0.25,0.35,-0.04,327,304,297,332,338
2.43,-7.40,-5.79,-0.05,0.21,-0.18,327,304,297,332,338
3.33,-7.66,-5.38,0.13,0.43,-0.26,327,304,297,332,338
4.21,-7.34,-5.00,0.17,0.36,-0.16,327,304,298,333,338
3.69,-6.97,-5.65,0.30,0.37,-0.10,327,304,298,334,338
4.41,-7.87,-4.83,0.10,0.17,-0.00,327,305,298,334,338
4.83,-7.98,-4.15,0.16,0.22,-0.17,327,305,298,335,338
4.81,-7.77,-5.33,-0.22,0.08,-0.23,327,305,299,336,339
4.79,-7.40,-5.40,-0.16,-0.04,-0.01,327,305,299,337,340
4.00,-6.55,-4.59,-0.12,0.02,-0.03,327,306,299,336,340
4.55,-6.31,-4.73,-0.04,0.06,-0.12,327,305,300,337,340
4.72,-6.33,-5.23,-0.07,-0.05,0.00,327,305,300,337,341
4.14,-6.07,-4.67,0.11,0.04,-0.08,328,305,301,342,341
4.39,-6.60,-5.59,0.09,0.09,-0.11,328,305,303,342,342
4.58,-6.69,-4.95,0.05,0.06,-0.07,327,306,303,343,342
END
4.76,-6.65,-4.79,0.08,0.09,-0.13,327,307,311,350,336
5.29,-8.15,-3.35,-0.03,-0.24,0.06,324,306,306,345,336
4.52,-7.54,-4.20,0.03,-0.10,0.00,323,305,303,342,335
3.80,-6.85,-4.27,0.06,0.10,0.05,323,305,302,341,333
4.87,-8.36,-3.40,0.12,-0.09,-0.06,322,304,302,339,332
3.52,-6.91,-3.55,0.02,0.02,0.01,322,304,301,339,332
4.62,-7.47,-3.53,0.12,-0.05,-0.09,322,304,300,338,332
4.69,-8.76,-3.49,0.31,0.10,-0.03,322,304,299,337,331
3.88,-6.52,-4.51,0.35,0.05,-0.14,322,304,298,335,330
5.47,-7.82,-2.35,0.23,-0.05,-0.03,322,304,297,335,330
3.07,-8.33,-4.34,-0.25,-0.40,-0.07,322,305,297,335,330
6.30,-8.03,-2.09,0.22,0.31,0.02,322,305,297,335,330
3.43,-8.89,-3.89,-0.05,-0.03,0.15,323,304,297,335,330
5.00,-8.36,-2.36,0.07,0.25,-0.13,323,305,297,335,331
5.35,-7.28,-2.99,-0.08,-0.11,-0.05,323,305,297,334,331
4.31,-6.93,-1.72,-0.39,-0.20,-0.03,323,305,298,335,331
4.96,-6.78,-2.48,0.03,-0.12,-0.03,324,305,297,336,331
4.88,-6.96,-3.31,-0.76,-0.55,-0.12,324,305,297,335,332
5.09,-7.10,-4.11,-0.10,-0.22,0.10,327,305,297,335,333
4.85,-7.75,-5.38,-1.14,-0.71,0.05,330,306,298,336,336
3.95,-6.96,-5.43,-0.45,-0.31,0.05,332,307,299,336,338
4.26,-6.73,-6.89,-0.04,0.00,-0.10,332,307,299,336,339
4.29,-6.64,-6.36,-0.24,-0.03,-0.04,332,307,299,336,339
4.59,-6.35,-5.94,0.01,-0.03,-0.03,332,307,300,336,339
4.01,-6.15,-5.28,0.20,0.08,-0.09,332,307,301,336,339
4.16,-6.28,-6.45,0.02,0.15,-0.11,332,307,302,337,339
4.10,-6.11,-6.40,-0.00,0.06,0.00,332,307,302,338,340
4.59,-6.51,-4.93,0.24,0.10,-0.02,332,308,302,338,339
4.19,-5.93,-5.31,0.27,0.28,-0.19,332,308,303,338,340
5.02,-6.18,-5.38,0.02,0.13,-0.09,332,308,304,339,339
4.67,-6.30,-4.80,0.19,0.14,-0.09,332,308,304,339,339
4.95,-6.46,-5.43,0.15,0.14,-0.11,332,308,304,340,339
4.86,-6.47,-5.08,0.16,0.16,-0.09,332,308,305,341,339
5.64,-6.89,-4.70,0.18,0.17,-0.11,331,307,305,343,339
5.60,-6.99,-4.80,0.01,0.09,-0.07,331,308,305,343,339
5.44,-6.96,-4.82,0.05,0.12,-0.01,331,309,305,343,339
END
5.55,-6.75,-4.36,0.05,0.07,-0.06,337,314,320,345,339
4.90,-7.29,-4.15,0.10,0.02,0.13,336,314,319,345,339
4.99,-6.58,-4.49,0.13,0.01,-0.07,333,310,316,345,338
4.67,-7.70,-4.01,0.17,0.03,-0.03,329,308,310,343,337
4.81,-6.98,-4.06,0.09,0.01,-0.06,327,305,309,343,337
4.91,-6.96,-4.23,0.09,-0.03,-0.06,326,306,309,343,336
5.10,-6.75,-4.25,0.13,-0.07,-0.07,326,306,309,343,336
4.90,-7.11,-4.35,0.14,-0.08,0.06,326,306,309,344,336
4.81,-7.91,-4.67,0.21,-0.18,0.02,324,305,304,343,336
4.69,-7.37,-3.95,0.11,-0.31,-0.04,324,305,300,340,334
4.46,-7.93,-4.67,-0.01,-0.27,0.09,324,304,298,339,333
2.76,-6.37,-4.70,-0.00,-0.12,0.05,324,304,298,337,333
3.37,-6.59,-4.76,0.12,-0.04,-0.08,324,304,298,337,333
4.11,-8.63,-5.28,0.09,-0.07,-0.02,325,304,298,337,333
3.62,-7.71,-4.94,-0.06,-0.19,-0.06,325,304,297,336,333
3.83,-7.38,-4.53,-0.05,-0.23,0.07,325,304,297,335,333
4.70,-8.36,-4.46,-1.30,-0.83,0.49,326,304,297,335,334
2.84,-6.60,-6.40,-0.06,-0.04,0.08,326,304,297,335,334
3.96,-7.16,-6.86,-0.47,-0.24,-0.00,326,304,298,334,335
2.76,-6.42,-6.02,-0.20,-0.06,-0.05,326,304,298,335,335
3.12,-6.09,-6.23,-0.14,0.00,-0.14,326,304,297,335,336
4.54,-6.92,-7.15,-0.12,0.01,-0.07,327,305,297,335,336
5.18,-6.75,-6.47,-0.05,-0.03,-0.10,326,305,298,335,337
4.03,-5.93,-6.47,-0.48,-0.39,0.15,326,304,297,335,339
2.51,-6.10,-8.77,-0.26,-0.33,0.03,326,305,298,335,342
1.34,-5.38,-6.72,0.05,-0.04,-0.02,326,305,298,336,342
1.95,-5.36,-6.60,0.21,0.11,-0.12,326,305,299,336,342
2.02,-5.80,-6.96,0.14,0.18,-0.12,326,305,299,336,342
3.35,-6.12,-7.04,0.02,0.18,-0.10,326,305,298,336,343
3.02,-6.08,-7.16,0.35,0.37,-0.16,325,305,299,336,342
4.01,-6.70,-7.12,-0.00,0.21,-0.03,326,305,299,336,342
5.30,-6.51,-3.91,0.25,0.20,-0.19,326,305,299,336,342
4.17,-6.39,-6.75,0.04,0.05,-0.08,326,305,298,336,342
4.36,-6.32,-5.61,-0.09,-0.06,-0.01,326,305,298,337,342
3.92,-5.85,-5.69,0.28,0.08,-0.13,326,305,299,337,341
3.50,-6.81,-6.44,0.02,-0.00,-0.07,326,305,299,337,341
END
4.21,-6.45,-6.32,-0.03,-0.01,-0.02,337,312,332,373,342
6.51,-6.41,-4.33,-0.00,-0.05,0.04,337,312,332,373,342
5.73,-6.48,-4.40,-0.02,-0.10,0.15,336,311,330,371,343
5.38,-6.65,-4.74,0.02,-0.11,0.19,335,311,326,366,342
5.19,-6.83,-4.62,-0.01,-0.10,0.04,334,310,324,364,342
4.39,-6.31,-4.82,-0.07,-0.08,-0.00,333,310,324,363,341
4.11,-6.69,-5.18,-0.08,-0.05,0.16,333,310,326,365,341
5.29,-6.73,-5.05,0.04,-0.14,0.00,334,310,325,365,341
4.21,-6.65,-5.61,-0.28,-0.46,-0.11,333,309,323,363,341
4.54,-6.39,-5.87,-0.08,-0.38,-0.08,329,308,312,354,339
4.62,-7.45,-7.03,-0.13,-0.31,-0.07,326,307,305,347,337
4.11,-6.73,-5.89,-0.39,-0.38,0.10,326,307,302,344,336
3.83,-6.35,-6.74,-0.31,-0.30,0.14,326,307,302,343,337
2.96,-5.61,-7.41,-0.53,-0.45,0.10,326,307,302,343,339
3.62,-5.70,-7.90,-0.29,-0.21,0.16,326,307,302,343,340
2.57,-5.25,-8.21,-0.34,-0.27,-0.06,326,307,301,342,342
2.75,-5.14,-7.56,-0.04,-0.05,0.05,326,307,301,342,344
3.12,-5.36,-7.31,0.16,0.18,-0.12,325,307,302,341,345
3.86,-5.34,-7.22,0.28,0.29,-0.08,325,307,301,341,344
3.93,-5.58,-7.45,0.08,0.24,-0.11,326,306,301,341,345
3.80,-5.25,-7.25,0.10,0.25,-0.06,326,307,301,341,344
4.49,-5.63,-6.66,0.13,0.20,-0.05,326,306,301,341,344
4.58,-5.81,-7.02,0.24,0.25,-0.14,326,307,300,340,344
4.84,-6.09,-6.65,-0.01,0.11,-0.01,326,307,301,341,344
4.95,-5.98,-5.89,0.26,0.20,-0.07,326,307,302,341,344
4.44,-6.02,-6.40,0.05,0.07,-0.04,326,307,302,341,344
4.74,-5.86,-5.31,0.21,0.19,-0.06,326,307,302,341,343
4.85,-6.15,-5.94,0.06,0.12,-0.08,327,307,302,341,343
5.13,-6.16,-5.56,-0.07,0.03,-0.04,327,307,303,341,343
5.17,-6.04,-5.57,0.19,0.16,-0.15,326,307,303,342,343
4.36,-6.16,-6.20,-0.06,-0.03,0.13,327,307,303,341,343
5.74,-6.25,-5.25,0.08,0.08,-0.16,326,308,303,340,343
5.15,-5.70,-5.71,-0.01,0.05,-0.07,327,308,303,340,343
5.41,-5.85,-5.33,-0.01,-0.05,0.00,326,307,303,341,343
5.19,-6.05,-5.46,0.09,0.00,-0.04,327,307,303,340,343
4.71,-5.91,-5.70,0.07,-0.02,-0.03,327,306,302,338,343
END
4.90,-6.33,-5.55,-0.04,-0.08,-0.05,331,309,315,348,336
4.84,-6.30,-5.97,-0.09,-0.13,0.04,331,308,317,349,336
4.59,-5.72,-5.99,0.02,0.03,0.13,331,309,317,349,336
4.09,-6.47,-6.02,0.09,0.02,0.13,330,308,316,349,336
3.94,-6.08,-5.86,0.27,-0.03,0.08,328,307,313,346,335
3.82,-6.98,-5.97,0.16,-0.05,-0.29,325,306,306,343,334
4.24,-6.65,-5.34,0.02,0.01,-0.15,325,306,303,339,333
3.70,-6.62,-6.36,-0.02,-0.05,0.01,325,306,301,339,332
3.12,-6.54,-6.48,-0.25,-0.09,0.33,327,306,300,339,331
1.55,-6.55,-6.37,0.14,0.05,0.25,327,306,300,338,331
3.27,-7.90,-7.49,-0.29,-0.28,0.08,328,306,299,336,331
4.51,-7.30,-6.85,-0.56,-0.47,0.15,328,306,299,335,332
3.19,-5.97,-5.78,0.08,0.16,0.06,328,306,299,335,332
5.41,-6.16,-6.81,-0.51,-0.30,-0.04,329,306,299,334,335
3.91,-5.41,-6.99,-0.49,-0.25,0.10,330,306,299,335,337
3.85,-4.90,-6.25,-0.22,-0.18,-0.02,331,306,300,335,340
3.04,-5.04,-7.68,-0.11,-0.16,0.02,331,306,300,335,344
3.85,-5.24,-7.59,-0.07,-0.03,-0.16,332,306,300,335,346
3.45,-5.30,-7.87,-0.01,0.01,-0.09,331,306,300,335,347
2.65,-5.51,-8.56,-0.18,-0.06,0.01,331,307,300,335,348
2.72,-5.16,-7.49,-0.03,0.12,-0.11,331,307,300,335,348
2.37,-5.11,-8.59,-0.05,0.08,-0.06,332,307,300,335,349
3.09,-4.98,-7.41,0.04,0.19,-0.08,331,307,300,335,348
2.96,-5.08,-7.81,0.25,0.22,-0.08,332,308,300,335,348
3.59,-5.38,-7.47,-0.01,0.15,-0.02,332,308,300,336,348
3.76,-5.15,-7.75,-0.16,0.08,-0.04,332,308,300,336,348
3.24,-4.53,-8.43,-0.20,0.04,0.23,334,308,301,337,351
3.60,-5.28,-8.39,-0.01,0.00,0.11,333,309,301,338,354
3.99,-5.10,-7.75,-0.04,0.02,0.09,333,309,302,339,353
4.08,-5.01,-8.24,-0.04,0.11,0.02,333,308,301,339,351
3.75,-4.70,-8.00,0.07,-0.01,-0.10,333,308,301,339,351
3.69,-4.64,-6.70,0.01,0.04,-0.08,333,308,301,340,352
3.49,-5.00,-7.04,0.20,0.08,-0.16,333,308,302,341,351
3.47,-5.20,-7.59,-0.01,-0.02,-0.02,333,308,302,341,351
3.98,-5.18,-7.70,0.13,0.02,-0.13,333,308,302,342,350
3.96,-5.08,-8.55,0.18,0.12,-0.06,333,308,302,343,349
END
4.62,-5.61,-6.67,0.31,0.01,-0.12,332,312,322,359,331
6.30,-5.84,-4.12,-0.07,-0.10,-0.01,329,308,317,359,332
6.05,-5.58,-4.34,-0.06,-0.02,-0.09,329,308,317,359,331
6.67,-6.13,-4.03,-0.01,-0.00,0.06,329,308,317,360,330
6.96,-5.81,-3.80,-0.02,-0.13,-0.01,329,308,317,360,330
6.57,-6.55,-4.43,-0.06,-0.22,0.08,329,308,317,360,331
5.37,-6.14,-4.81,-0.11,-0.28,0.27,329,309,319,361,331
4.90,-5.90,-5.36,-0.22,-0.40,0.40,330,309,322,362,332
4.37,-6.14,-6.38,0.25,-0.23,0.38,329,309,317,356,331
3.44,-7.67,-5.75,0.20,-0.15,0.23,328,308,308,348,331
2.79,-6.86,-5.84,0.21,-0.03,0.03,326,308,303,342,329
3.89,-7.34,-4.85,0.20,0.04,0.16,326,308,300,339,329
3.73,-7.27,-4.69,-0.04,-0.15,0.06,325,308,301,339,329
3.04,-6.63,-4.24,-0.11,-0.06,0.04,326,308,301,339,329
5.46,-7.90,-5.99,-0.97,-0.47,-0.13,326,308,301,339,331
3.63,-6.85,-7.50,-1.06,-0.49,-0.06,326,308,301,339,336
6.30,-6.26,-5.52,0.34,0.33,-0.15,326,308,301,339,336
3.20,-6.09,-8.39,-0.65,-0.48,0.08,326,308,301,339,341
3.53,-5.82,-5.98,-0.23,-0.15,-0.03,326,308,301,339,342
3.56,-5.46,-7.90,0.10,0.22,-0.19,326,308,302,339,343
3.16,-5.53,-7.92,-0.62,-0.20,-0.04,326,308,301,339,345
4.23,-4.34,-6.27,0.55,0.47,-0.25,326,308,301,339,343
3.62,-5.02,-7.52,0.13,0.30,-0.07,326,308,302,339,344
5.00,-5.57,-6.53,0.07,0.23,-0.13,326,309,302,340,344
4.32,-5.34,-5.60,0.32,0.44,-0.11,326,308,302,339,343
4.15,-4.89,-5.97,0.17,0.47,-0.21,327,309,302,340,343
7.01,-6.02,-5.19,0.31,0.54,-0.16,327,309,303,340,343
6.79,-6.02,-5.38,0.17,0.37,-0.08,327,309,303,340,342
6.97,-6.04,-5.30,-0.08,0.14,0.02,327,309,304,340,342
6.51,-5.25,-4.93,0.13,0.16,-0.17,327,309,304,341,342
6.02,-5.70,-5.36,0.05,0.09,0.00,328,309,304,341,342
6.46,-5.71,-4.80,0.03,0.02,-0.05,328,309,304,341,342
6.52,-5.61,-4.80,0.02,0.03,-0.09,328,309,304,341,341
6.64,-5.51,-4.99,0.04,0.07,-0.07,328,309,304,342,341
6.44,-5.47,-4.81,-0.03,-0.03,-0.03,328,309,305,342,342
6.66,-5.41,-5.04,-0.03,-0.03,-0.05,328,310,305,342,341
END
6.50,-5.70,-4.90,0.03,-0.01,-0.03,335,316,327,357,334
6.50,-5.67,-5.45,0.13,-0.02,0.35,333,312,320,356,334
6.00,-4.98,-5.36,0.19,-0.04,0.36,331,310,313,352,333
5.29,-6.29,-4.97,0.21,-0.02,0.06,329,309,309,347,331
5.69,-6.54,-4.73,0.13,-0.08,0.08,327,309,306,343,329
5.89,-6.61,-5.64,0.15,-0.06,0.06,326,309,304,341,328
4.08,-6.52,-5.38,0.07,-0.09,0.19,326,309,302,339,328
4.56,-5.27,-5.64,0.17,-0.21,0.06,326,309,300,337,327
4.54,-6.91,-4.78,-0.06,-0.29,0.36,326,308,299,337,327
4.11,-7.34,-6.39,0.02,-0.39,-0.03,327,308,299,337,328
3.45,-6.42,-5.74,0.12,-0.05,0.04,328,307,300,338,328
4.14,-7.22,-5.91,-0.08,-0.23,-0.03,328,291,300,338,329
4.62,-6.97,-4.80,0.03,0.01,-0.02,328,311,301,338,329
3.78,-6.55,-5.94,-0.03,0.03,-0.08,328,311,301,338,330
4.28,-6.69,-5.33,-0.29,-0.04,-0.04,328,311,301,338,331
5.87,-5.84,-5.27,0.15,0.21,-0.28,328,311,301,338,331
5.08,-5.91,-5.81,-0.02,0.09,-0.15,328,311,301,338,332
4.77,-5.79,-4.99,-0.01,0.06,-0.14,328,309,301,338,333
5.41,-6.19,-5.66,0.16,0.15,-0.14,328,311,301,338,333
4.97,-6.72,-5.65,-0.13,-0.03,-0.14,328,310,301,338,334
5.49,-6.21,-5.18,0.11,0.17,-0.17,328,311,302,338,333
5.22,-6.36,-5.90,0.01,0.05,-0.07,328,311,301,339,334
5.08,-6.30,-5.26,-0.03,0.03,-0.06,328,311,302,339,334
5.64,-6.04,-5.32,0.12,0.12,-0.05,328,311,302,339,334
5.61,-6.25,-5.54,0.03,0.05,-0.11,328,311,302,339,334
5.58,-6.30,-5.73,-0.00,0.04,-0.04,328,311,302,339,334
5.50,-6.14,-5.58,0.01,0.05,-0.11,328,311,302,339,334
5.58,-5.78,-5.17,0.09,0.08,-0.10,328,311,302,339,334
5.35,-5.89,-5.58,-0.01,0.00,0.01,327,311,302,339,334
5.73,-5.71,-5.08,0.04,0.03,-0.06,328,311,302,340,334
5.16,-5.69,-4.97,0.04,0.07,-0.10,328,311,302,339,335
5.38,-5.94,-5.52,-0.07,0.00,0.02,328,311,302,339,335
6.07,-5.97,-5.15,-0.11,-0.07,-0.04,328,310,302,339,336
5.47,-5.83,-5.50,0.06,0.08,0.01,328,311,303,340,336
5.81,-5.87,-5.05,-0.01,0.07,0.01,328,311,303,339,336
6.13,-5.73,-4.47,0.16,0.17,-0.14,328,311,303,340,336
END
5.71,-5.81,-4.88,-0.02,0.04,-0.04,327,308,306,343,331
4.77,-6.37,-5.67,-0.06,-0.24,0.05,327,308,305,342,331
3.91,-5.62,-5.84,-0.03,-0.03,0.10,326,308,305,341,330
4.46,-6.42,-5.84,0.04,-0.09,-0.00,326,308,305,341,330
3.57,-5.44,-6.04,0.17,0.05,0.01,326,308,305,341,330
5.10,-7.58,-6.07,0.36,0.02,-0.08,326,308,304,341,330
4.12,-7.23,-4.57,0.27,0.15,0.17,326,308,304,341,329
4.45,-6.67,-6.03,0.25,-0.07,-0.19,326,308,305,341,329
3.23,-7.17,-4.47,0.01,0.13,0.18,326,308,304,340,329
5.69,-7.04,-4.90,0.03,-0.18,-0.24,326,308,304,341,330
4.12,-7.84,-4.01,-0.75,-0.25,-0.02,326,308,304,341,331
6.56,-7.07,-5.22,-0.44,-0.17,0.08,326,308,304,341,332
2.83,-6.59,-7.17,-0.85,-0.42,0.17,326,309,304,341,334
6.20,-5.70,-5.33,-0.29,-0.05,-0.02,326,308,304,341,336
2.15,-4.53,-8.43,-0.19,-0.10,0.08,326,309,305,342,338
4.74,-6.15,-5.86,-0.39,-0.12,-0.00,325,309,305,342,338
3.53,-4.77,-6.74,0.39,0.15,-0.15,326,308,306,343,339
2.39,-7.31,-7.39,-0.09,-0.03,-0.05,326,309,306,343,340
4.15,-5.96,-6.29,-0.03,0.12,-0.04,326,308,306,343,341
4.09,-5.26,-7.86,0.06,0.24,-0.06,326,309,306,343,342
4.57,-5.30,-6.33,0.11,0.14,-0.11,326,309,307,343,341
5.03,-5.34,-6.32,0.24,0.24,-0.09,328,309,307,343,341
4.62,-5.66,-7.37,0.11,0.15,-0.07,326,307,307,343,342
5.40,-6.04,-5.92,0.06,0.06,-0.08,326,309,307,344,341
4.97,-5.61,-6.14,0.09,0.11,-0.13,326,309,308,344,341
4.40,-5.76,-6.42,0.02,0.06,-0.05,326,309,308,344,341
5.05,-5.58,-6.41,0.03,0.08,-0.07,326,309,308,344,342
5.25,-5.62,-5.53,0.27,0.21,-0.16,327,309,309,345,341
4.82,-5.99,-5.90,0.02,0.06,-0.01,327,309,309,345,342
5.41,-6.08,-5.77,0.04,0.08,-0.09,327,309,309,344,342
5.69,-5.34,-5.85,0.11,0.10,-0.22,327,309,310,345,342
5.28,-5.30,-5.79,0.10,0.07,-0.04,328,309,312,350,343
5.23,-5.51,-5.11,0.09,0.12,-0.08,328,310,313,350,343
5.86,-5.57,-5.24,0.10,0.12,-0.11,328,310,313,352,343
5.82,-5.69,-5.15,0.08,0.10,-0.13,329,310,313,352,343
5.58,-5.89,-4.85,-0.21,-0.06,-0.14,328,310,313,354,347
END
6.17,-4.95,-4.65,0.24,0.30,-0.22,336,315,322,359,337
5.28,-7.16,-6.01,-0.36,-0.40,0.04,332,314,321,359,336
5.80,-5.13,-5.00,0.13,0.07,0.09,332,313,320,359,336
6.35,-6.20,-5.57,0.07,-0.21,-0.09,333,314,321,359,337
5.76,-6.58,-5.17,-0.15,-0.21,0.12,332,314,321,359,337
5.10,-5.25,-5.04,0.28,-0.09,-0.09,333,314,321,359,338
5.46,-6.36,-6.28,0.36,-0.05,-0.33,332,313,316,352,337
4.62,-6.42,-5.42,0.45,0.20,-0.02,326,307,304,341,336
5.53,-6.80,-5.10,0.59,-0.13,-0.10,323,305,301,336,334
4.29,-7.10,-5.26,-0.20,-0.32,0.06,322,305,300,335,333
4.91,-6.76,-5.28,-0.28,-0.38,0.19,322,305,300,334,334
3.61,-6.71,-6.38,-0.48,-0.32,0.31,323,305,300,334,336
4.35,-6.78,-5.30,-0.13,0.04,-0.02,322,305,301,336,336
3.96,-6.27,-6.42,-0.58,-0.31,0.07,322,305,301,336,339
3.60,-5.15,-6.68,-0.16,0.07,-0.18,322,306,301,336,341
5.66,-5.30,-6.45,0.06,0.21,-0.30,322,306,301,337,340
4.68,-5.43,-6.35,0.12,0.17,-0.09,322,306,302,337,339
5.16,-5.64,-6.49,0.12,0.22,-0.08,322,307,303,337,340
5.28,-5.38,-5.90,0.07,0.11,-0.02,322,307,303,337,340
5.95,-5.75,-5.23,0.12,0.13,-0.01,322,307,303,338,341
5.34,-5.81,-5.91,0.08,0.14,-0.10,322,307,303,337,342
4.62,-5.96,-5.69,-0.17,0.03,-0.18,321,306,303,339,342
5.80,-5.41,-6.22,-0.05,0.23,-0.24,322,308,303,340,342
7.13,-5.58,-5.55,-0.10,0.06,-0.05,322,308,303,340,343
6.36,-5.03,-5.01,0.14,0.08,-0.02,322,308,303,341,342
5.93,-5.19,-5.71,0.06,0.03,-0.03,322,308,304,341,342
5.82,-5.34,-5.63,-0.02,-0.06,-0.05,321,309,305,342,342
5.19,-4.97,-5.61,0.12,0.07,-0.11,322,309,305,341,342
5.89,-5.17,-5.33,0.09,0.11,-0.08,322,308,305,340,342
6.53,-4.85,-5.32,-0.04,0.06,-0.17,322,308,306,340,343
6.36,-4.36,-5.41,0.07,0.07,-0.07,322,308,306,340,343
6.13,-4.90,-5.49,0.13,0.04,-0.04,322,308,306,340,343
6.56,-5.36,-4.71,0.16,0.03,-0.05,322,308,306,341,345
6.50,-5.41,-4.81,0.11,0.03,-0.07,322,308,306,342,344
6.18,-5.58,-5.34,0.01,-0.05,-0.07,322,308,307,342,344
6.35,-5.59,-5.30,0.02,-0.08,-0.04,322,308,306,342,344
END
6.25,-5.45,-5.09,0.15,-0.02,-0.10,325,308,303,342,336
5.90,-7.72,-4.34,-0.00,-0.35,0.17,324,308,303,342,336
4.85,-6.11,-4.49,-0.10,-0.33,0.16,323,308,303,341,336
4.90,-6.61,-5.33,-0.04,-0.37,0.09,322,308,303,343,336
4.22,-6.04,-4.93,0.00,-0.14,0.11,323,308,303,343,337
4.13,-6.26,-5.34,0.04,-0.28,-0.09,322,308,303,343,337
2.70,-6.67,-5.63,-0.13,-0.19,0.07,322,309,303,343,337
3.10,-6.16,-5.77,0.23,0.07,-0.17,322,309,303,342,336
3.97,-6.60,-5.99,-0.10,-0.15,0.06,322,309,303,341,337
4.52,-6.97,-5.86,-0.83,-0.63,0.23,322,310,303,340,339
3.66,-6.60,-7.34,-0.87,-0.92,0.28,322,313,304,341,345
3.27,-5.81,-7.19,0.02,-0.16,-0.08,322,313,305,341,345
2.67,-5.98,-8.33,0.12,0.05,-0.07,322,313,305,342,344
2.80,-6.04,-7.15,-0.18,0.03,-0.18,321,313,305,342,344
4.44,-5.51,-7.37,0.17,0.23,-0.18,321,313,305,343,344
3.07,-5.31,-8.25,-0.10,-0.02,0.03,321,313,305,341,345
3.84,-5.38,-6.61,0.29,0.29,-0.02,321,312,304,341,345
4.08,-6.09,-6.94,0.36,0.29,0.03,321,312,305,341,345
3.03,-5.94,-7.10,-0.25,-0.03,-0.00,321,312,305,342,346
4.30,-5.84,-6.33,0.18,0.21,-0.03,321,312,305,341,345
4.24,-6.51,-6.78,0.04,0.03,0.03,321,312,304,340,346
3.99,-5.68,-5.84,0.21,0.08,0.18,321,312,305,342,346
4.05,-6.53,-6.04,-0.16,-0.07,0.00,321,312,305,343,349
3.90,-6.17,-7.03,-0.26,-0.08,-0.09,321,312,306,343,350
3.01,-5.45,-6.96,-0.02,-0.07,-0.10,320,312,306,344,349
2.66,-5.51,-6.99,0.13,0.08,-0.18,321,312,306,344,349
3.47,-6.17,-6.86,0.12,0.11,-0.08,321,312,306,344,349
3.74,-6.22,-6.65,0.14,0.16,-0.14,320,311,306,344,349
4.19,-6.41,-6.52,0.18,0.22,-0.10,321,311,307,345,349
4.54,-6.38,-6.15,0.03,0.17,-0.08,321,311,307,345,349
5.47,-6.30,-5.99,0.06,0.13,-0.14,321,311,307,345,349
4.77,-5.77,-6.14,-0.01,0.01,-0.03,321,311,308,346,350
5.50,-5.96,-5.84,0.04,0.05,-0.08,320,311,308,346,351
5.10,-5.89,-5.83,-0.01,0.00,-0.08,321,311,309,348,351
4.74,-5.78,-5.88,-0.03,-0.02,-0.13,321,311,309,348,351
5.02,-5.81,-6.02,-0.01,-0.02,-0.09,321,312,310,349,351
END
4.87,-5.72,-6.14,0.05,-0.06,-0.11,333,316,329,362,338
6.29,-4.83,-4.67,0.18,0.13,0.07,331,313,323,358,336
6.97,-6.04,-3.68,0.11,0.07,0.16,329,312,316,354,334
6.22,-5.44,-4.31,0.04,-0.06,0.22,327,311,311,352,334
5.52,-5.94,-4.97,0.10,-0.07,0.09,326,310,308,349,333
5.77,-7.25,-4.50,0.20,-0.10,0.13,325,310,304,348,333
5.93,-6.59,-4.78,-0.02,-0.13,0.03,324,310,302,345,332
5.74,-6.53,-5.01,-0.28,-0.29,0.06,324,311,301,345,332
4.44,-5.52,-5.98,-0.09,-0.12,0.05,325,311,302,344,332
3.32,-6.97,-6.21,-0.24,-0.21,0.25,325,311,301,344,332
5.05,-7.18,-5.90,-0.18,-0.30,0.04,325,312,301,344,333
3.03,-5.80,-6.90,-0.43,-0.39,0.03,326,312,302,344,334
4.69,-6.28,-6.52,-0.00,0.02,0.07,326,312,302,343,335
3.10,-5.89,-6.95,-0.24,-0.03,-0.07,326,313,302,344,335
7.01,-5.66,-4.87,0.26,0.42,-0.44,327,312,303,343,334
4.43,-6.21,-7.95,-0.01,-0.04,-0.17,328,312,302,344,335
6.75,-6.05,-4.58,0.27,0.06,0.03,328,312,302,343,334
5.10,-5.66,-5.78,0.19,0.08,-0.18,328,311,302,343,334
4.82,-6.27,-5.51,-0.49,-0.27,0.21,330,312,302,343,336
3.84,-4.40,-5.12,-0.13,-0.01,0.02,336,312,303,343,339
5.36,-4.90,-6.69,-0.34,-0.19,0.08,338,310,303,343,345
6.29,-5.55,-6.02,-0.43,-0.12,-0.09,337,311,303,344,349
5.23,-4.33,-6.82,0.14,0.18,-0.20,336,312,304,344,351
4.68,-5.48,-7.44,-0.35,-0.12,0.18,336,313,303,345,355
6.14,-5.41,-5.00,-0.18,0.12,-0.03,336,313,304,345,355
5.42,-5.10,-8.18,0.26,0.35,-0.14,336,313,305,347,354
6.02,-5.74,-6.11,-0.15,-0.06,0.22,335,314,306,349,353
5.73,-5.15,-5.57,0.31,0.12,-0.07,334,315,307,350,353
4.80,-5.67,-7.06,-0.04,0.08,0.01,335,316,310,351,355
6.04,-5.16,-6.04,-0.09,0.01,-0.00,335,316,310,352,354
5.86,-4.57,-6.04,0.08,0.10,-0.13,335,317,311,352,354
5.08,-4.48,-6.60,0.00,0.03,-0.02,336,317,312,353,354
5.44,-4.82,-5.75,0.08,0.01,-0.00,335,317,313,353,353
5.46,-4.67,-5.54,0.13,0.16,-0.22,335,317,315,354,354
6.01,-5.14,-5.92,0.11,0.08,-0.10,335,317,315,355,357
6.28,-5.54,-5.81,-0.00,-0.02,-0.05,335,317,315,355,356
END
6.02,-5.03,-5.97,-0.00,-0.02,-0.07,345,324,339,370,349
5.52,-5.09,-5.98,0.12,-0.18,0.02,344,323,338,369,348
5.84,-5.11,-5.49,0.04,-0.25,0.06,345,325,340,370,348
5.61,-4.77,-6.36,0.02,-0.22,-0.03,347,326,342,371,349
5.10,-5.25,-6.17,0.06,-0.06,-0.01,347,326,342,371,349
5.35,-5.66,-5.90,0.01,-0.08,0.05,347,326,342,371,349
4.87,-5.32,-5.76,-0.04,-0.08,0.12,345,325,341,371,348
5.59,-5.54,-6.45,0.02,-0.21,0.18,342,321,335,370,349
3.88,-5.80,-6.60,0.01,-0.24,0.23,332,312,321,363,348
4.36,-6.22,-7.09,-0.28,-0.31,0.17,328,308,312,358,347
3.64,-5.46,-8.69,-0.27,-0.35,0.25,327,309,311,358,347
2.30,-4.28,-7.98,-0.08,-0.17,0.12,329,310,311,356,348
2.94,-5.11,-8.10,0.03,0.14,0.09,330,312,312,356,348
3.78,-5.40,-6.63,-0.03,-0.05,-0.12,330,312,312,357,347
3.09,-4.81,-7.75,0.05,-0.04,0.12,331,312,313,357,348
1.59,-3.97,-8.54,-0.34,-0.30,0.08,331,312,314,358,353
4.18,-5.77,-7.84,-0.12,-0.12,0.10,331,312,314,358,358
2.20,-4.30,-8.91,-0.24,-0.11,0.18,331,312,315,358,359
5.08,-5.53,-7.70,-0.03,-0.06,0.06,331,312,315,358,360
1.76,-4.35,-8.08,0.09,0.08,0.01,331,312,316,359,361
3.27,-5.17,-8.10,0.07,0.13,0.00,331,313,316,359,361
3.32,-4.78,-7.22,-0.00,0.09,-0.09,332,314,316,359,361
3.50,-5.09,-7.53,0.33,0.33,-0.19,333,315,318,360,360
3.13,-5.16,-7.61,0.16,0.22,-0.02,333,315,319,360,361
4.56,-5.32,-7.01,0.15,0.17,-0.03,333,315,318,360,361
5.23,-4.85,-7.03,0.16,0.27,-0.14,334,315,319,362,361
3.67,-4.30,-7.34,-0.04,0.30,-0.24,333,315,320,363,361
4.77,-4.98,-7.51,-0.05,0.19,-0.14,332,315,320,363,361
5.51,-5.28,-6.67,0.27,0.26,-0.15,332,315,320,363,361
4.71,-5.07,-7.13,0.16,0.11,-0.00,333,315,320,363,361
5.07,-5.48,-7.44,0.04,0.08,-0.01,333,315,320,362,362
5.43,-4.93,-6.69,0.10,0.10,-0.09,333,315,320,363,361
5.58,-4.87,-6.86,0.08,0.12,-0.25,334,316,321,367,360
5.88,-4.85,-6.18,0.13,-0.06,-0.02,336,318,323,368,360
5.13,-4.82,-5.86,0.13,0.03,-0.13,337,319,323,369,359
5.01,-4.91,-6.31,0.11,0.02,-0.08,337,319,324,370,359
END
5.15,-5.33,-5.87,0.13,0.05,-0.09,344,324,340,374,342
5.86,-6.85,-5.86,0.15,-0.17,0.13,341,321,336,373,342
4.72,-5.94,-6.13,0.13,-0.10,0.01,337,317,332,368,341
4.87,-5.67,-6.17,0.04,-0.12,-0.07,337,316,330,367,340
4.57,-6.20,-6.33,0.05,-0.16,0.08,337,316,330,367,340
4.64,-6.24,-6.57,0.06,-0.19,0.08,336,318,330,367,340
3.75,-6.00,-6.53,0.05,-0.20,0.10,336,316,330,367,340
4.19,-6.68,-6.44,0.16,-0.13,0.18,334,314,327,365,339
2.25,-6.50,-5.60,0.21,-0.07,0.21,330,311,317,359,338
4.80,-8.83,-3.87,-0.48,-0.58,0.23,325,309,308,354,338
3.04,-5.18,-9.45,-0.99,-1.01,0.35,326,309,307,351,343
0.95,-5.08,-8.84,-0.34,-0.33,0.38,325,309,308,350,345
1.30,-5.10,-6.76,0.16,-0.12,-0.07,326,309,309,349,346
0.69,-5.06,-8.75,-0.12,-0.21,0.14,326,310,309,350,348
-0.47,-4.59,-8.92,-0.61,-0.35,0.19,326,310,309,349,353
0.95,-4.57,-9.16,0.07,0.20,0.10,326,311,311,349,353
1.56,-4.74,-8.41,-0.11,0.08,0.02,326,311,310,348,354
0.54,-4.30,-8.18,0.42,0.37,0.20,326,312,313,348,354
0.84,-4.44,-8.15,-0.09,0.26,-0.15,326,313,314,347,354
2.30,-5.00,-7.37,0.17,0.56,-0.31,325,313,314,347,353
3.86,-5.87,-9.43,0.20,0.53,-0.21,325,313,314,347,353
3.93,-6.75,-7.71,-0.20,0.13,0.28,325,312,315,348,354
4.57,-5.89,-6.50,0.20,0.45,-0.10,325,312,316,348,354
4.84,-5.25,-7.68,0.01,0.24,-0.06,325,312,316,349,353
4.19,-4.97,-7.23,0.03,-0.09,0.21,325,313,316,349,354
3.21,-5.15,-6.26,0.51,0.15,0.03,325,313,318,349,355
2.73,-5.68,-6.97,0.17,0.19,-0.15,325,313,319,350,355
3.32,-5.99,-6.22,0.11,0.26,-0.10,325,314,319,350,356
5.28,-6.61,-6.19,0.08,0.40,-0.24,326,314,319,351,356
4.59,-5.64,-7.73,-0.12,0.24,-0.27,326,314,319,351,356
4.29,-5.46,-6.32,0.21,0.17,-0.06,326,314,319,352,356
4.28,-5.81,-5.75,0.22,0.22,-0.19,326,314,320,352,356
4.79,-5.30,-5.89,0.02,0.20,-0.15,327,314,320,354,356
5.16,-5.59,-5.47,0.09,0.13,-0.08,327,315,320,354,355
5.76,-5.71,-4.50,0.03,0.14,-0.29,328,315,321,355,356
5.84,-5.37,-6.11,-0.11,-0.02,-0.12,328,316,321,355,356
END
5.78,-5.56,-5.58,0.05,-0.08,-0.04,339,317,337,374,345
5.98,-4.50,-6.31,0.11,-0.25,0.05,336,316,334,373,345
5.28,-5.24,-6.43,0.20,-0.04,0.04,333,315,330,372,345
5.49,-4.65,-6.09,0.05,-0.01,0.05,333,315,330,371,345
5.69,-5.53,-6.16,0.11,0.02,0.11,333,316,330,371,344
5.16,-5.85,-6.28,-0.02,-0.09,0.26,333,315,329,370,344
4.13,-5.06,-6.72,0.15,-0.09,0.26,333,313,322,365,343
3.42,-5.65,-6.97,0.32,-0.02,0.16,330,311,313,356,340
4.72,-6.20,-5.79,0.52,0.17,-0.02,329,311,306,351,338
4.49,-5.41,-5.65,0.24,0.14,0.00,328,311,304,348,339
4.16,-6.40,-5.58,-0.00,0.03,0.04,329,311,303,347,341
6.37,-6.86,-5.60,0.04,-0.01,-0.08,329,311,302,346,341
3.98,-6.07,-5.51,-0.58,-0.33,0.11,329,311,302,345,341
5.65,-6.12,-5.75,0.08,0.11,0.00,329,311,301,344,340
4.97,-6.42,-6.45,-0.13,-0.06,0.01,329,311,302,343,340
5.15,-5.79,-5.05,0.17,0.14,-0.17,328,311,300,342,339
5.41,-5.38,-5.71,0.22,0.11,-0.20,329,312,301,342,340
4.67,-5.86,-5.38,-0.22,-0.20,0.02,328,312,300,342,340
4.90,-5.66,-5.05,0.24,0.33,-0.03,328,313,301,342,340
4.82,-5.74,-6.15,-0.11,0.08,-0.14,328,313,301,342,340
4.92,-5.86,-5.90,-0.04,0.16,-0.09,328,313,301,342,340
6.45,-5.89,-5.92,0.07,0.25,-0.27,328,313,301,342,340
6.26,-5.45,-5.17,0.13,0.29,-0.26,328,313,301,342,340
6.55,-5.66,-5.01,0.03,0.19,-0.08,328,313,301,342,340
6.91,-5.57,-4.85,-0.09,0.05,-0.07,328,313,301,343,340
6.49,-5.09,-5.13,-0.15,-0.05,0.04,329,313,301,343,340
6.63,-5.30,-5.03,-0.16,-0.10,-0.05,329,313,301,343,341
6.25,-5.08,-5.08,0.06,0.07,-0.20,329,313,303,346,342
6.69,-5.46,-5.41,-0.12,-0.09,-0.13,329,313,303,346,342
6.57,-4.89,-5.05,0.10,0.11,-0.16,329,312,303,347,342
6.50,-4.73,-5.64,0.00,0.05,-0.06,329,312,304,348,343
6.37,-4.59,-4.97,0.02,0.02,-0.01,329,312,304,348,343
6.78,-4.64,-4.38,0.20,0.15,-0.10,330,312,304,348,342
6.60,-4.75,-4.87,0.00,-0.03,0.00,330,312,304,348,343
6.21,-4.88,-4.76,0.02,0.01,-0.04,329,312,304,349,344
6.42,-4.95,-5.05,0.05,-0.00,-0.06,329,312,304,351,344
END
6.75,-5.23,-4.94,0.04,0.02,-0.08,333,314,312,352,334
5.40,-5.72,-4.97,0.16,0.05,0.01,332,314,312,353,334
5.23,-5.91,-6.37,-0.05,-0.10,-0.11,333,315,313,353,334
5.47,-6.28,-5.25,0.05,0.03,-0.00,333,315,314,353,334
5.58,-6.07,-5.15,0.02,-0.07,-0.05,333,315,313,352,334
5.25,-4.97,-5.44,0.08,-0.05,0.14,333,315,313,352,334
4.82,-5.56,-6.00,0.25,-0.17,-0.04,333,314,312,351,333
4.48,-6.74,-5.75,-0.74,-0.59,0.24,334,314,309,350,334
4.14,-6.55,-8.28,-1.00,-0.79,0.48,335,317,309,350,338
2.71,-5.13,-7.82,-0.02,0.04,0.24,336,319,311,353,339
3.89,-5.94,-7.68,-0.20,-0.10,0.06,336,320,312,354,340
2.40,-5.13,-6.64,0.08,0.08,0.03,336,320,313,354,340
3.94,-5.70,-7.11,0.16,0.22,-0.00,336,320,312,353,341
3.09,-5.79,-7.60,-0.38,-0.16,0.02,335,320,312,351,342
3.68,-5.90,-6.02,0.34,0.31,0.15,335,320,311,349,342
3.60,-5.76,-7.27,0.13,0.17,0.06,335,319,311,349,345
4.69,-5.96,-6.65,-0.02,0.16,0.01,335,319,311,349,346
5.03,-5.75,-5.73,0.26,0.34,0.03,335,320,311,349,347
4.74,-5.80,-5.81,0.06,0.26,-0.01,335,320,312,349,348
5.36,-5.95,-5.33,-0.03,0.25,-0.17,335,320,312,349,349
5.79,-6.32,-5.42,-0.23,0.13,-0.35,335,320,312,349,349
4.31,-5.00,-5.50,-0.09,0.08,0.03,335,320,312,351,351
5.61,-5.20,-6.36,0.08,0.25,-0.14,335,320,313,353,352
5.30,-5.10,-6.86,-0.12,0.03,0.06,335,320,315,354,353
5.01,-4.85,-6.14,-0.25,-0.02,0.11,337,317,314,354,355
5.00,-4.87,-7.03,0.29,0.23,-0.28,337,317,313,352,356
5.23,-5.03,-7.71,-0.02,0.07,-0.06,337,317,311,349,356
6.75,-5.20,-4.79,0.34,0.07,-0.18,337,317,311,348,355
4.62,-5.13,-6.44,0.26,0.14,-0.15,338,318,311,348,355
4.64,-5.47,-6.02,-0.01,0.11,-0.06,337,318,311,348,355
6.05,-5.48,-5.02,0.14,0.24,-0.26,338,317,310,349,354
6.78,-5.30,-6.14,0.08,0.23,-0.18,338,318,311,349,354
6.98,-5.42,-5.20,0.03,-0.05,-0.01,338,318,312,349,354
6.80,-5.41,-4.68,0.15,-0.05,-0.12,338,318,312,348,354
5.84,-5.53,-5.38,0.03,-0.04,-0.08,339,318,312,350,354
6.45,-5.47,-5.01,0.02,-0.06,-0.06,339,318,312,351,353
END
6.37,-5.36,-5.18,0.08,-0.02,-0.10,332,312,306,349,336
4.28,-6.27,-6.51,0.00,0.07,0.13,332,312,306,349,336
4.67,-7.49,-5.77,0.08,0.16,0.49,331,312,306,348,336
3.50,-6.71,-5.89,-0.38,-0.34,0.24,333,312,306,347,337
3.57,-6.33,-6.82,0.04,-0.14,-0.02,333,311,306,347,337
2.75,-6.65,-6.42,-0.05,-0.03,0.22,333,312,306,346,337
3.01,-6.41,-5.79,-0.12,-0.13,0.01,332,312,305,344,337
3.97,-6.91,-7.06,-0.15,-0.10,0.07,333,312,305,344,339
3.18,-6.25,-6.02,-0.42,-0.20,0.09,332,312,305,343,340
3.28,-5.22,-6.61,0.36,0.26,0.02,332,312,305,344,340
3.98,-6.98,-7.63,-0.13,-0.03,0.04,332,312,305,343,342
3.55,-6.55,-6.12,-0.34,-0.28,0.01,332,312,305,344,343
3.09,-6.24,-7.16,0.22,0.17,-0.19,332,312,305,344,345
2.36,-6.05,-6.22,-0.27,-0.10,-0.11,332,312,305,343,346
4.88,-6.41,-5.43,0.32,0.41,-0.05,332,312,304,343,346
4.19,-5.76,-7.06,-0.03,0.06,-0.23,331,311,304,343,346
4.36,-6.46,-5.80,-0.00,0.13,0.08,331,311,303,342,345
3.29,-5.80,-5.63,-0.14,0.10,-0.07,331,311,303,342,345
3.92,-5.69,-6.20,0.06,0.23,-0.07,331,311,303,342,345
2.90,-5.68,-5.74,-0.03,0.14,-0.08,331,311,303,342,345
3.40,-5.80,-4.79,0.00,0.36,-0.15,331,311,302,342,346
6.13,-6.46,-6.31,0.07,0.53,-0.12,331,311,302,342,347
6.93,-5.90,-6.53,-0.04,0.27,-0.13,331,311,302,342,347
5.23,-5.12,-6.47,0.07,0.23,-0.07,331,311,302,342,348
5.41,-5.71,-5.69,0.08,0.23,-0.03,331,311,302,342,348
6.70,-5.84,-5.15,0.20,0.32,-0.23,331,311,302,342,348
6.47,-5.79,-5.63,-0.07,0.20,-0.06,331,311,302,342,348
7.24,-5.82,-5.29,-0.10,0.01,0.01,330,311,302,342,349
7.11,-6.04,-4.29,0.27,0.04,-0.13,331,311,303,343,349
6.05,-5.13,-5.64,-0.03,0.03,-0.07,331,311,303,343,350
6.32,-5.44,-4.04,0.03,-0.02,0.05,331,311,303,344,349
6.43,-5.38,-4.14,0.06,-0.11,-0.03,332,312,303,345,349
5.28,-5.38,-5.15,-0.17,-0.06,-0.06,333,312,304,345,349
6.56,-5.99,-5.34,-0.15,0.01,-0.15,334,313,305,345,350
6.91,-5.27,-4.97,0.05,-0.05,-0.07,335,313,305,345,351
6.16,-5.71,-4.83,0.18,0.01,-0.05,335,313,306,345,351
END
5.88,-5.30,-5.02,-0.06,-0.04,-0.01,350,326,339,376,353
5.56,-4.36,-6.68,0.04,0.00,0.08,351,325,339,376,353
5.44,-4.77,-6.83,0.07,-0.05,-0.07,350,325,339,376,353
4.61,-4.80,-6.71,0.09,-0.02,0.08,350,325,338,376,353
5.00,-4.26,-6.68,0.16,-0.00,-0.12,349,325,338,376,353
5.33,-5.25,-6.57,0.10,0.04,0.04,350,325,338,376,353
5.38,-4.61,-6.34,0.13,0.10,0.12,349,325,338,376,353
5.34,-5.02,-6.97,0.27,0.02,0.13,344,321,332,372,350
4.35,-6.42,-6.59,0.33,0.09,0.12,336,315,319,359,342
2.87,-5.50,-6.78,0.29,0.04,0.14,332,312,309,348,337
3.53,-5.74,-6.83,0.17,-0.05,-0.04,328,311,305,343,337
4.37,-6.60,-6.72,0.01,0.04,0.16,328,310,304,341,339
4.46,-5.67,-5.76,0.03,0.03,0.24,328,311,304,341,339
4.94,-6.47,-5.95,0.18,-0.09,0.07,328,312,304,340,340
3.10,-6.21,-5.66,-0.36,-0.22,-0.12,327,311,303,340,339
5.84,-6.65,-5.05,0.09,0.00,-0.13,326,309,302,339,340
5.98,-6.00,-7.76,-0.67,-0.74,0.02,325,307,301,340,344
4.82,-6.28,-7.66,-0.14,-0.20,0.09,325,306,302,341,346
3.52,-5.69,-7.69,-0.08,-0.13,0.03,325,306,302,342,345
3.32,-4.95,-6.39,0.11,0.06,-0.07,325,306,302,343,344
3.67,-5.39,-6.93,0.16,0.13,-0.04,324,306,303,343,343
3.84,-5.72,-6.91,0.12,0.08,-0.01,325,306,302,343,344
5.66,-6.75,-6.02,-0.12,-0.13,-0.01,324,306,303,343,345
3.68,-5.41,-6.13,-0.55,-0.37,0.23,324,305,303,344,350
4.34,-5.43,-7.91,-0.42,-0.05,-0.05,324,305,303,346,354
3.14,-4.32,-7.46,-0.08,0.03,0.07,324,305,303,347,355
4.12,-4.94,-7.64,0.23,0.22,-0.10,323,306,303,347,355
4.13,-5.08,-7.00,0.11,0.18,0.05,323,305,303,347,356
4.58,-4.58,-6.81,0.05,0.18,-0.09,323,305,303,348,356
3.65,-4.95,-7.06,0.09,0.13,-0.03,323,305,303,348,356
4.12,-5.61,-6.75,0.09,0.21,-0.18,323,305,303,348,357
4.39,-5.61,-8.03,0.02,0.24,-0.11,323,305,303,349,357
4.58,-5.56,-6.75,-0.09,0.14,0.10,323,306,304,351,357
5.34,-5.78,-6.30,0.32,0.18,-0.14,323,306,314,358,357
4.08,-4.85,-6.87,-0.06,0.20,0.05,323,307,315,358,357
5.43,-5.71,-6.13,0.16,0.14,-0.07,323,307,315,359,357
END