5.51,-6.41,-4.50,-0.01,-0.02,-0.06,342,314,295,333,338
3.08,-3.78,-8.28,-0.03,0.15,0.07,342,314,295,333,337
3.43,-3.56,-9.32,-0.09,0.02,0.18,342,314,295,333,336
3.78,-3.55,-8.46,-0.09,0.05,-0.00,342,314,295,333,335
3.41,-3.81,-8.08,0.23,0.14,0.19,342,314,295,333,335
3.23,-3.85,-8.63,0.02,0.04,0.08,342,314,295,333,335
3.62,-4.23,-8.46,-0.04,0.01,0.04,342,314,295,333,335
3.42,-4.59,-8.71,0.11,0.12,0.06,342,314,295,333,335
1.99,-3.83,-7.54,-0.15,0.01,0.12,342,314,295,333,335
4.02,-4.05,-8.14,0.15,0.23,-0.04,342,314,295,333,335
2.48,-5.38,-9.50,0.05,0.01,0.17,342,314,295,333,335
2.69,-3.65,-7.80,-0.14,0.04,-0.12,342,314,295,333,335
4.29,-4.16,-8.27,0.44,0.31,0.17,342,314,295,333,336
1.66,-3.63,-7.78,-0.05,0.07,-0.00,342,315,295,333,335
5.05,-4.86,-6.35,0.41,0.42,-0.06,344,316,295,333,333
5.18,-4.66,-8.00,0.39,0.17,-0.00,344,316,295,332,334
5.04,-5.61,-8.33,0.24,0.27,-0.06,343,316,295,333,336
6.24,-6.61,-8.20,0.14,0.18,0.15,343,316,295,332,338
4.03,-5.30,-5.74,0.07,0.14,-0.25,343,316,295,332,342
5.52,-5.32,-5.93,0.27,0.36,-0.01,343,316,294,332,341
6.43,-6.20,-5.69,0.19,0.34,-0.05,343,316,294,333,341
3.91,-5.06,-6.91,-0.11,0.16,-0.07,343,316,294,332,341
4.74,-5.53,-5.60,-0.04,0.27,-0.07,343,316,294,332,340
6.02,-5.35,-5.68,0.15,0.28,0.05,343,316,294,332,342
6.80,-6.60,-4.87,0.23,0.27,0.06,343,316,294,332,341
6.67,-6.46,-5.23,-0.12,0.13,-0.01,343,316,294,332,342
3.90,-4.90,-6.27,-0.04,0.12,-0.03,343,316,295,332,344
5.76,-5.83,-4.87,0.06,0.12,0.10,343,316,294,332,346
5.81,-5.82,-5.97,-0.20,0.08,0.11,343,316,294,332,348
7.29,-5.83,-6.10,-0.08,0.18,0.02,343,315,294,332,352
5.59,-5.60,-5.92,-0.21,0.09,0.07,343,315,294,332,353
6.58,-6.78,-4.05,0.07,0.22,-0.09,343,316,294,333,352
6.12,-5.81,-5.66,0.02,0.00,0.03,343,316,294,332,352
4.54,-5.15,-4.55,0.06,0.08,-0.08,343,316,294,333,351
5.58,-5.98,-4.26,0.04,-0.07,-0.03,343,316,294,332,351
5.72,-5.81,-4.06,0.14,0.11,-0.04,343,316,294,333,350
END
5.86,-5.77,-4.77,0.04,0.06,-0.07,342,317,295,332,335
1.26,-2.73,-9.25,0.12,0.07,0.11,342,317,295,332,335
2.22,-3.11,-9.58,-0.02,0.04,-0.01,342,317,295,332,335
1.84,-2.76,-9.42,-0.00,0.06,0.06,342,317,295,332,335
1.52,-2.50,-9.16,0.00,0.03,0.07,342,317,295,332,335
1.47,-2.67,-9.11,0.00,0.08,-0.01,342,317,295,332,335
1.67,-2.75,-8.94,0.15,0.18,0.05,342,317,295,332,335
1.26,-2.38,-9.69,0.03,0.18,0.04,342,317,294,332,335
1.09,-2.45,-9.11,-0.01,0.19,0.06,342,317,295,332,336
2.89,-3.14,-8.91,0.16,0.30,-0.02,342,317,295,332,336
2.68,-3.09,-10.18,0.02,0.22,0.23,342,317,295,332,336
2.28,-2.91,-9.24,-0.17,0.18,-0.03,342,317,295,332,338
3.91,-3.87,-8.90,0.21,0.26,0.19,342,317,295,332,337
1.99,-3.14,-9.08,-0.08,0.08,0.11,342,317,295,332,338
2.81,-2.84,-8.44,0.01,0.24,0.14,342,317,295,332,337
3.78,-3.30,-7.72,0.23,0.32,0.14,342,317,295,332,337
4.90,-3.93,-8.29,0.24,0.29,0.10,342,317,295,332,338
2.98,-3.52,-8.20,0.03,0.23,0.06,342,317,295,332,338
5.62,-4.53,-7.34,0.21,0.30,0.05,342,317,295,332,337
4.57,-3.89,-8.39,0.18,0.18,0.07,342,317,295,332,338
4.19,-4.23,-8.08,0.01,0.16,-0.05,342,317,295,332,339
6.24,-5.05,-7.50,0.13,0.22,-0.06,342,317,294,332,339
4.43,-4.20,-7.97,-0.06,0.03,-0.03,342,317,294,332,341
4.54,-4.44,-7.75,0.17,0.11,-0.10,342,317,295,332,343
6.60,-5.28,-7.65,-0.16,-0.14,-0.15,342,317,294,332,347
2.96,-3.52,-7.82,0.00,-0.12,0.14,341,317,294,332,347
3.43,-4.02,-6.98,0.09,0.03,0.11,341,316,295,332,352
4.13,-4.42,-7.15,0.02,0.15,0.12,341,316,294,332,357
4.95,-4.92,-7.00,0.04,0.32,0.03,341,316,295,332,358
5.69,-4.30,-7.54,-0.13,0.24,0.04,341,316,294,332,360
6.29,-4.52,-7.45,-0.11,0.13,-0.01,341,316,294,332,360
6.17,-5.14,-7.11,0.24,0.22,-0.03,341,316,294,332,360
5.33,-4.67,-7.90,0.08,0.01,0.03,341,316,294,332,360
3.73,-4.21,-7.16,0.09,0.17,-0.01,341,316,294,332,360
7.18,-5.72,-6.86,0.09,0.13,-0.05,341,316,294,332,359
4.26,-4.67,-6.47,0.20,0.04,0.02,341,316,294,332,358
END
3.72,-4.66,-7.03,-0.07,-0.02,0.01,341,316,294,332,340
2.68,-3.19,-8.65,0.07,0.10,-0.01,341,316,294,332,339
2.03,-2.48,-8.60,0.17,0.10,0.06,341,316,294,332,339
4.19,-3.25,-9.18,0.20,0.26,0.02,341,316,294,332,338
3.83,-3.27,-9.25,-0.06,0.03,0.05,341,316,294,332,338
3.56,-3.21,-8.18,0.08,0.11,0.01,341,317,294,332,337
3.97,-3.45,-9.17,0.09,0.00,0.01,341,316,294,332,337
2.46,-3.18,-8.97,-0.10,-0.11,0.13,341,317,294,332,337
3.17,-3.43,-8.56,0.12,0.11,0.04,341,317,294,332,337
2.56,-3.28,-8.69,0.11,0.04,0.24,341,316,294,332,337
2.46,-2.93,-8.76,-0.16,0.23,0.04,341,316,295,332,337
3.78,-3.50,-8.08,-0.12,0.16,0.12,341,317,294,332,337
4.52,-3.56,-9.17,0.18,0.17,0.07,341,317,294,331,337
3.32,-3.52,-9.25,-0.23,-0.05,0.03,340,317,294,332,337
4.10,-4.20,-7.92,-0.00,0.07,0.03,341,317,294,332,338
3.60,-3.45,-9.45,0.11,0.11,0.20,341,317,294,332,337
3.12,-3.53,-8.52,-0.23,-0.04,0.14,341,317,294,332,338
3.45,-3.69,-7.68,-0.08,0.18,-0.03,341,317,294,332,338
3.58,-3.32,-9.01,0.12,0.17,0.04,341,317,294,332,339
4.39,-4.14,-8.15,0.17,0.21,0.08,341,317,294,332,339
4.08,-3.06,-7.98,0.05,0.16,0.09,341,317,294,332,339
6.25,-4.82,-7.29,0.38,0.29,0.07,341,317,294,331,339
4.60,-4.58,-8.15,0.06,0.12,-0.06,341,317,294,331,340
3.60,-4.46,-7.59,0.18,0.15,0.08,341,316,294,332,340
4.72,-4.52,-7.46,0.16,0.22,0.05,341,316,294,331,340
5.41,-5.02,-7.36,-0.05,0.11,0.02,341,316,294,331,340
4.42,-4.77,-6.70,0.18,0.19,0.00,341,317,294,331,340
4.40,-4.58,-7.72,-0.10,-0.04,0.01,341,316,294,332,343
5.13,-5.10,-6.93,0.05,0.15,-0.02,341,316,294,331,342
4.85,-4.29,-7.14,0.12,0.20,-0.05,341,317,294,332,346
5.33,-4.94,-7.14,-0.25,-0.04,-0.02,341,316,294,332,353
4.11,-4.57,-6.46,0.19,0.40,-0.03,341,317,295,332,352
5.74,-4.96,-6.15,0.09,0.08,0.10,341,316,295,332,352
5.46,-4.98,-6.77,0.25,0.20,0.10,341,316,294,332,352
5.50,-5.44,-6.34,0.31,0.26,0.06,341,316,294,331,352
6.00,-6.29,-5.35,0.16,0.13,0.10,340,316,294,332,350
END
6.53,-5.86,-6.82,0.15,0.08,0.03,341,316,294,331,344
2.85,-2.73,-9.35,0.08,-0.05,-0.06,341,317,294,331,343
2.30,-2.62,-8.97,0.20,0.02,-0.04,341,317,294,332,343
3.88,-3.40,-9.48,0.16,0.03,-0.10,341,316,294,332,342
2.43,-3.22,-8.57,0.17,-0.00,0.02,341,317,294,331,342
2.76,-3.45,-8.30,0.17,0.01,-0.02,341,316,294,332,341
2.61,-3.78,-8.83,0.26,0.11,-0.02,341,316,295,332,341
2.93,-4.12,-8.51,0.07,0.03,0.01,341,316,294,331,341
3.39,-4.35,-7.59,0.31,0.23,-0.02,341,316,294,331,340
3.83,-4.37,-8.87,0.22,0.17,0.00,340,317,294,331,340
2.58,-4.11,-7.74,0.04,0.03,0.12,341,316,294,331,340
5.15,-5.15,-7.85,0.27,0.26,-0.04,341,317,294,331,340
2.12,-4.40,-8.84,-0.15,-0.12,0.14,341,317,294,331,340
4.13,-5.10,-7.03,0.07,0.06,0.07,341,317,294,332,341
3.93,-4.21,-8.13,-0.07,0.18,-0.04,341,316,294,332,341
4.18,-4.62,-8.23,-0.09,0.04,0.10,341,316,294,332,342
3.53,-4.58,-7.87,-0.00,0.16,0.07,340,316,294,331,343
4.53,-4.74,-8.09,0.07,0.21,0.01,340,317,294,332,344
3.09,-4.39,-8.03,0.02,0.10,0.13,340,316,294,331,343
4.74,-5.06,-7.21,0.11,0.20,0.02,340,316,294,331,343
3.91,-4.43,-7.34,0.09,0.15,0.07,340,316,294,331,344
4.80,-5.19,-7.65,0.01,0.15,0.01,340,316,294,331,345
3.94,-4.98,-7.06,0.00,0.14,0.02,340,316,294,331,346
3.47,-4.31,-7.29,0.12,0.23,-0.07,340,316,294,332,348
4.46,-4.61,-7.62,-0.02,0.01,0.18,340,316,294,331,351
7.04,-6.05,-6.68,0.17,0.36,-0.24,340,316,294,331,352
3.91,-4.88,-7.14,0.05,0.15,-0.00,340,316,294,331,352
3.44,-4.95,-6.47,0.07,0.15,0.14,340,316,294,331,354
4.44,-5.18,-6.75,0.06,0.18,0.24,340,316,294,332,356
6.39,-6.17,-6.11,-0.03,0.22,-0.13,340,316,294,331,358
4.73,-6.09,-6.20,-0.13,0.06,0.05,340,316,294,331,359
4.32,-4.49,-8.03,-0.36,0.03,0.05,340,315,294,331,363
6.19,-5.95,-6.80,-0.17,-0.05,-0.05,340,315,294,331,368
6.62,-5.94,-7.24,-0.04,0.26,-0.15,340,316,294,331,368
4.65,-4.54,-7.77,-0.08,0.04,-0.15,340,315,294,331,371
3.77,-3.66,-7.18,-0.16,-0.02,-0.06,340,315,294,331,370
END
5.22,-4.16,-7.46,0.01,0.02,-0.05,340,316,295,332,345
4.06,-3.50,-8.82,0.02,0.13,-0.13,340,316,295,331,344
3.58,-3.68,-9.30,0.08,-0.08,0.03,340,317,295,331,344
3.30,-3.56,-8.59,0.05,-0.10,-0.00,340,316,295,331,343
3.63,-3.34,-8.91,0.18,-0.03,-0.01,340,315,294,331,343
2.38,-3.12,-8.56,0.20,-0.05,0.14,340,316,295,331,342
2.25,-3.20,-7.98,0.31,0.17,-0.01,340,316,295,331,341
4.25,-4.30,-9.54,0.41,0.16,0.02,340,316,295,331,340
2.51,-4.03,-8.50,0.02,-0.19,0.05,340,316,295,331,339
2.71,-4.67,-8.33,0.31,0.08,0.05,340,316,295,331,339
3.79,-4.80,-8.64,0.12,-0.04,0.11,340,316,295,332,338
3.28,-4.93,-8.15,-0.01,-0.07,0.08,340,316,295,331,338
2.71,-4.75,-7.34,0.14,0.13,-0.04,340,316,294,331,338
3.89,-5.00,-8.35,0.22,0.11,0.02,340,316,295,331,338
1.88,-4.65,-8.30,-0.18,-0.10,0.23,340,316,295,331,338
5.69,-6.38,-6.17,0.07,0.09,-0.04,340,316,295,331,338
1.16,-4.21,-8.94,-0.20,0.02,0.13,340,316,294,331,338
1.94,-4.37,-7.82,-0.16,0.10,0.00,340,316,295,331,338
3.35,-4.90,-6.79,0.39,0.40,0.06,340,316,295,331,338
3.82,-5.47,-8.04,0.18,0.28,0.13,340,316,294,331,339
3.65,-5.42,-7.75,-0.08,0.21,0.05,341,316,294,331,339
5.05,-5.76,-6.48,0.39,0.37,0.01,340,316,294,331,339
6.05,-6.67,-8.01,0.13,0.29,0.01,340,316,294,331,340
3.37,-5.73,-6.90,-0.26,0.13,0.10,340,316,294,331,340
3.71,-5.42,-6.55,0.14,0.33,-0.04,340,316,294,331,341
5.58,-6.13,-6.26,0.14,0.31,0.06,340,316,294,331,342
4.46,-5.58,-6.22,-0.15,0.15,0.07,340,316,294,331,344
4.51,-5.91,-5.65,0.10,0.31,0.07,341,316,294,331,344
4.00,-5.15,-6.94,-0.25,0.20,0.30,340,316,294,331,345
5.72,-5.45,-6.77,-0.10,0.34,-0.09,340,316,294,331,347
5.78,-5.88,-5.47,0.16,0.14,0.07,340,316,294,331,350
4.69,-5.81,-4.45,0.11,0.08,0.24,340,316,294,331,353
6.98,-7.38,-4.88,0.36,0.36,0.01,340,317,294,331,353
5.81,-6.20,-5.90,-0.19,-0.10,-0.05,340,317,294,331,355
4.47,-6.31,-4.52,0.15,-0.06,0.06,340,317,295,331,354
4.19,-6.20,-4.95,0.07,0.01,-0.08,340,317,294,331,354
END
5.57,-6.71,-6.81,0.07,0.10,-0.08,340,316,295,332,344
0.52,-3.17,-9.17,0.13,0.17,-0.02,340,316,295,332,343
2.00,-3.75,-9.21,0.20,0.17,-0.04,340,316,295,332,342
1.65,-3.83,-9.25,0.14,0.13,0.05,340,316,297,332,342
1.78,-3.97,-8.78,0.17,0.25,-0.04,340,316,295,332,341
2.52,-4.14,-9.61,0.09,0.07,0.03,340,316,295,332,340
0.69,-3.86,-8.00,0.01,-0.00,0.15,340,316,295,332,340
2.73,-4.55,-8.41,0.39,0.34,-0.04,340,316,295,332,340
2.44,-4.64,-9.45,-0.02,0.07,0.11,340,316,295,332,340
1.60,-4.25,-8.06,0.10,0.18,0.08,340,315,295,331,339
4.21,-5.21,-8.92,0.29,0.28,-0.03,340,316,295,332,339
0.72,-3.80,-8.38,-0.21,-0.08,0.12,339,316,295,332,339
2.28,-4.45,-7.13,0.40,0.37,-0.02,340,316,295,332,339
3.87,-5.25,-9.00,0.22,0.26,0.13,340,315,295,331,339
2.00,-4.49,-7.94,-0.11,0.13,0.12,340,316,295,332,339
1.77,-4.08,-6.82,0.26,0.27,0.06,340,316,295,332,339
3.29,-5.27,-7.21,0.15,0.37,-0.18,340,316,295,331,339
4.67,-5.88,-7.67,0.01,0.36,-0.11,340,316,295,332,339
3.12,-4.78,-7.23,0.10,0.36,0.06,340,316,295,332,339
6.74,-6.40,-6.91,0.10,0.34,-0.12,340,316,295,331,340
4.39,-5.15,-6.78,-0.17,0.05,0.02,340,316,295,331,340
4.21,-5.23,-6.36,0.26,0.37,-0.06,340,316,295,332,343
3.73,-4.73,-7.28,-0.04,0.20,0.17,340,316,295,331,345
3.60,-5.39,-5.61,-0.15,0.25,0.14,340,316,295,331,346
8.94,-6.63,-3.63,0.32,0.33,-0.04,341,316,294,330,347
3.67,-5.32,-6.75,0.55,0.44,0.10,340,315,294,331,350
6.45,-5.89,-6.65,-0.56,0.08,-0.13,340,316,294,331,349
6.21,-6.22,-5.00,0.31,0.15,0.03,340,316,294,331,350
6.27,-6.50,-6.25,0.12,0.19,-0.19,340,316,294,331,349
4.89,-4.44,-5.62,-0.20,-0.04,-0.06,340,316,294,332,352
6.13,-5.50,-5.36,0.09,0.02,0.01,340,316,295,331,350
5.38,-5.48,-5.99,0.13,-0.05,-0.02,340,316,295,331,350
5.91,-5.82,-5.48,0.03,-0.09,-0.06,340,316,294,331,349
5.00,-5.70,-5.32,0.11,-0.05,-0.07,340,316,294,331,348
4.57,-5.57,-5.57,0.11,-0.02,-0.00,339,315,294,331,349
5.27,-6.14,-5.41,0.08,0.02,0.00,340,316,295,331,348
END
5.41,-5.71,-5.96,0.03,-0.00,-0.05,340,316,296,332,344
1.46,-3.21,-9.70,0.14,-0.06,0.04,340,316,296,332,344
0.63,-3.20,-8.85,0.09,-0.04,0.04,340,316,296,332,343
1.74,-3.59,-8.98,0.23,0.10,0.06,340,316,296,332,343
1.74,-3.42,-9.23,0.05,-0.01,0.04,340,316,296,332,342
0.62,-3.30,-8.37,0.04,-0.02,0.07,340,316,296,332,342
1.97,-3.50,-8.67,0.15,0.08,0.01,340,316,295,332,341
3.35,-4.32,-9.42,0.15,0.06,-0.06,339,316,295,332,341
0.45,-3.66,-9.12,-0.00,-0.00,0.10,340,316,295,332,341
0.83,-3.73,-8.28,0.08,0.15,-0.04,340,316,295,332,341
2.33,-4.23,-9.56,0.19,0.16,0.02,340,314,296,332,342
-0.29,-3.15,-9.32,-0.17,-0.02,0.08,340,316,296,332,341
3.65,-3.93,-8.09,0.11,0.20,-0.06,340,316,296,332,340
0.22,-3.47,-9.79,0.07,0.23,0.12,340,316,295,332,341
2.46,-4.18,-10.08,-0.18,0.04,-0.06,339,316,295,332,341
3.23,-4.69,-7.35,0.10,0.25,-0.05,340,316,295,332,340
5.68,-5.32,-7.98,0.25,0.36,-0.07,340,316,295,332,339
0.36,-3.17,-8.52,-0.14,0.08,0.09,340,315,295,332,339
5.61,-4.97,-6.88,0.07,0.21,-0.26,340,315,295,331,340
3.20,-3.74,-8.48,-0.04,0.09,0.13,340,316,295,331,341
3.07,-4.12,-7.70,-0.08,-0.05,0.14,339,316,295,331,344
1.63,-3.78,-7.57,0.24,0.41,0.12,340,316,295,332,346
3.48,-4.87,-7.52,0.21,0.34,0.20,340,316,295,332,349
4.61,-5.04,-8.04,0.09,0.46,0.07,340,316,294,332,351
4.74,-4.62,-7.57,0.20,0.48,0.11,340,316,295,331,353
4.41,-4.72,-6.04,0.11,0.30,0.30,340,316,295,332,354
6.65,-6.20,-5.95,0.22,0.39,-0.09,340,316,295,332,356
5.11,-5.19,-6.25,0.00,0.27,0.04,340,316,294,332,358
6.03,-5.90,-7.10,-0.02,0.11,0.00,340,316,294,331,357
5.80,-5.69,-6.88,-0.06,0.06,-0.19,340,316,294,332,356
5.30,-5.06,-5.97,0.11,0.08,-0.09,340,316,294,331,355
5.00,-4.75,-6.91,0.04,-0.08,-0.08,340,316,294,331,355
4.86,-5.27,-6.29,0.09,-0.08,-0.04,341,316,294,331,354
5.21,-4.94,-6.98,0.09,0.00,-0.15,340,316,294,331,354
4.36,-4.77,-6.77,0.04,-0.06,-0.04,340,316,294,331,353
4.77,-5.50,-6.25,0.10,0.05,-0.05,340,316,294,332,353
END
5.51,-5.46,-6.53,0.06,0.06,-0.07,340,315,296,332,344
2.56,-3.94,-9.24,0.00,-0.01,-0.09,339,315,295,332,343
2.18,-3.43,-9.57,0.03,-0.04,-0.07,339,315,295,332,342
1.67,-3.27,-8.55,-0.01,-0.03,0.02,339,315,295,332,341
1.69,-3.19,-8.47,0.10,0.09,-0.05,340,315,295,332,341
3.40,-3.56,-10.36,-0.23,0.10,-0.11,339,316,295,332,341
1.46,-3.01,-8.82,-0.03,0.02,0.14,339,315,295,332,341
1.97,-3.31,-8.75,0.25,0.19,-0.06,340,316,295,332,341
2.94,-4.16,-9.71,0.08,0.10,0.10,339,316,295,332,341
2.07,-4.01,-9.10,-0.04,0.12,0.01,340,316,295,332,341
3.41,-4.36,-8.86,0.18,0.25,-0.02,340,316,295,332,341
2.86,-3.82,-9.70,0.05,0.01,0.12,340,316,295,332,341
1.23,-3.44,-8.68,0.08,0.14,0.08,339,316,295,332,340
3.57,-3.92,-7.82,0.33,0.21,0.09,339,316,295,332,340
3.52,-4.24,-9.11,0.02,0.05,0.05,339,315,295,332,340
1.97,-3.91,-8.16,0.09,0.25,-0.00,339,316,295,332,341
4.84,-4.69,-7.93,0.20,0.27,0.03,339,315,295,332,341
4.14,-4.52,-7.95,0.02,0.10,0.09,339,316,295,332,342
3.09,-4.30,-7.93,-0.11,0.22,-0.05,339,316,295,332,344
2.94,-4.41,-7.27,0.26,0.35,-0.05,339,316,295,332,344
4.47,-4.62,-8.99,-0.24,0.21,0.17,339,316,295,332,347
4.85,-5.20,-6.98,-0.40,0.07,0.06,339,316,294,332,350
5.38,-4.34,-6.86,0.25,0.49,-0.15,340,316,294,332,358
4.08,-4.21,-8.40,-0.04,0.18,0.18,339,316,294,331,359
5.39,-5.84,-5.84,-0.20,0.15,0.17,340,316,294,331,360
5.10,-5.48,-5.64,0.15,0.27,0.07,340,316,294,331,359
6.49,-5.98,-5.15,0.20,0.41,-0.19,339,315,294,331,359
6.38,-4.07,-6.45,-0.00,0.18,-0.17,339,316,294,332,357
4.82,-4.82,-6.10,0.26,-0.09,0.07,339,315,294,332,356
5.30,-4.66,-6.63,0.10,-0.04,-0.08,339,316,294,332,354
5.12,-5.03,-6.75,0.11,0.01,-0.07,339,316,294,332,354
5.44,-4.90,-7.20,0.08,0.01,-0.07,339,316,294,331,353
5.23,-5.17,-6.14,0.17,0.03,-0.08,340,316,294,331,353
4.98,-4.67,-6.40,0.08,0.01,-0.04,339,316,294,331,353
5.37,-5.10,-6.19,0.08,0.01,0.01,339,316,294,331,352
5.60,-5.46,-6.30,0.15,-0.03,0.09,339,316,294,331,352
END
4.97,-5.36,-6.59,0.08,0.07,-0.13,339,315,295,332,341
1.30,-3.58,-8.36,0.44,0.32,0.03,339,315,295,332,340
2.56,-4.03,-10.54,-0.07,0.14,0.04,339,315,295,332,341
1.87,-3.02,-8.43,-0.14,0.09,-0.05,339,315,295,332,341
2.45,-3.35,-8.55,0.34,0.31,0.06,339,315,295,332,340
1.86,-3.03,-10.20,-0.12,0.01,0.06,339,315,295,332,341
0.19,-3.24,-7.88,0.03,0.13,0.02,339,315,295,332,341
3.09,-3.90,-7.42,0.16,0.27,0.03,339,315,295,331,341
2.96,-3.65,-10.65,-0.17,0.07,0.17,339,315,294,331,342
1.95,-3.09,-9.25,-0.29,-0.08,0.04,339,314,295,331,344
4.77,-5.02,-8.76,0.43,0.36,-0.11,339,315,295,331,343
1.62,-2.96,-9.68,-0.22,-0.02,0.04,339,314,295,331,343
3.30,-3.53,-8.65,-0.17,0.05,-0.10,339,315,295,331,343
2.48,-3.06,-7.76,0.18,0.14,-0.03,339,315,295,331,343
2.84,-3.42,-8.56,0.08,0.10,-0.02,339,314,295,331,344
3.39,-4.08,-8.33,0.18,0.20,0.02,339,315,295,331,346
1.90,-3.27,-9.32,-0.03,0.22,-0.02,339,314,295,331,349
3.21,-3.50,-8.33,-0.10,0.13,0.07,339,314,294,331,351
3.07,-3.57,-8.10,0.15,0.19,0.03,339,314,294,331,354
5.51,-4.92,-8.18,0.35,0.35,0.04,339,314,294,331,354
4.21,-4.16,-8.74,0.03,0.23,-0.01,339,314,294,331,357
3.81,-4.22,-8.33,0.11,0.33,0.06,339,314,294,331,357
5.42,-4.26,-7.65,0.09,0.17,-0.02,339,314,294,331,360
5.71,-5.26,-7.59,0.40,0.53,-0.07,339,314,294,331,357
6.29,-4.05,-7.56,-0.07,0.11,-0.05,339,314,294,331,357
4.62,-4.34,-6.34,0.05,-0.15,0.10,339,314,294,331,357
4.46,-5.15,-5.94,0.25,0.25,-0.16,339,315,294,331,355
5.44,-4.36,-7.52,0.01,-0.03,-0.04,339,314,294,331,354
4.61,-4.94,-6.46,0.05,-0.03,-0.02,339,314,294,331,354
4.98,-4.94,-6.77,0.09,0.16,-0.10,339,315,294,331,353
5.08,-4.34,-7.82,0.07,0.03,-0.05,339,315,294,331,353
5.02,-4.51,-7.29,-0.02,0.00,0.01,339,314,294,331,352
5.58,-4.62,-6.66,0.07,0.10,-0.10,339,314,295,331,352
5.51,-4.54,-7.31,0.08,0.00,-0.00,339,314,294,331,352
5.02,-4.95,-6.48,0.01,0.03,-0.03,339,314,296,331,351
5.46,-4.52,-6.65,0.04,0.08,-0.10,339,315,294,331,351
END
5.71,-4.49,-7.48,-0.00,-0.04,0.01,339,314,295,332,346
-0.47,-2.05,-9.77,0.03,0.18,-0.02,339,314,295,332,346
-0.85,-1.85,-9.81,0.02,0.14,0.03,339,314,296,332,345
0.83,-2.18,-9.48,0.09,0.22,0.10,338,314,295,332,345
0.47,-2.30,-10.67,-0.00,0.08,0.08,338,314,295,332,344
0.42,-2.42,-9.40,0.04,0.13,0.05,338,314,295,332,344
0.61,-2.13,-10.70,0.09,0.19,0.08,338,314,296,332,344
0.43,-1.82,-9.77,-0.22,-0.08,0.07,338,314,295,332,344
1.03,-2.24,-9.48,0.20,0.17,0.02,338,314,295,332,344
1.34,-2.56,-10.35,0.03,0.07,0.07,338,314,295,332,343
0.60,-2.21,-9.07,0.02,0.05,0.03,338,314,295,332,344
0.57,-1.94,-9.76,0.17,0.24,-0.02,338,314,295,332,344
-0.37,-1.21,-9.82,-0.13,0.05,0.11,338,314,295,332,344
2.81,-2.86,-9.36,0.33,0.38,-0.14,338,314,295,332,343
-0.24,-1.28,-11.36,0.12,0.14,0.10,338,314,295,332,344
-0.36,-1.58,-9.86,-0.06,0.06,0.12,338,314,295,332,345
1.62,-2.74,-9.47,0.51,0.58,-0.01,338,314,295,332,344
1.06,-1.73,-10.80,-0.19,0.19,0.18,338,314,295,331,344
4.26,-4.03,-7.85,0.22,0.37,-0.13,338,314,294,332,343
2.82,-3.24,-9.04,0.31,0.27,0.17,338,314,294,331,343
3.20,-3.95,-8.06,-0.00,0.06,0.13,338,314,294,331,346
5.00,-4.95,-7.98,0.22,0.31,-0.02,338,314,294,331,348
2.61,-3.35,-8.61,-0.06,0.15,0.08,339,314,294,332,350
2.70,-3.22,-8.70,-0.22,0.14,0.13,339,315,294,332,349
1.97,-2.89,-7.98,0.21,0.21,0.16,339,315,293,332,351
5.03,-5.33,-7.47,0.29,0.51,0.01,339,315,294,332,353
4.31,-3.63,-7.79,0.25,0.44,0.09,339,315,294,332,354
5.89,-4.20,-8.38,0.22,0.41,0.12,339,314,294,332,353
6.31,-5.16,-6.88,0.27,0.30,0.05,339,314,294,332,352
5.19,-4.99,-6.84,0.27,0.34,-0.10,339,314,294,332,351
5.23,-4.35,-7.14,-0.03,0.04,0.02,339,314,294,332,351
5.30,-5.46,-5.48,0.16,0.07,-0.06,339,315,294,332,349
5.36,-5.05,-7.04,0.26,0.15,-0.09,339,315,293,332,349
5.33,-4.90,-7.82,-0.08,-0.09,-0.05,339,315,294,332,349
5.64,-5.21,-6.96,-0.09,-0.12,-0.11,339,315,294,332,348
5.46,-5.01,-6.45,0.04,-0.04,-0.09,339,315,294,332,348
END
4.89,-4.48,-6.93,0.03,0.00,-0.11,338,313,295,333,340
0.67,-2.90,-9.69,0.01,-0.01,-0.05,339,314,295,333,340
0.24,-2.73,-9.69,0.07,0.04,-0.03,339,313,295,333,340
0.73,-3.03,-9.86,0.08,0.03,-0.06,339,313,295,333,340
0.05,-2.91,-9.58,0.06,0.00,0.01,339,313,295,333,340
-0.27,-2.47,-9.75,0.09,0.04,0.02,339,313,295,333,340
0.55,-2.87,-9.80,0.12,0.09,0.08,339,313,295,333,340
-1.62,-2.40,-9.07,-0.08,-0.01,0.23,339,314,295,333,340
0.73,-3.41,-8.74,0.26,0.33,0.01,339,314,295,333,339
1.28,-3.47,-10.41,-0.06,0.16,0.13,339,314,295,332,339
1.18,-3.30,-9.49,-0.02,0.06,0.06,338,313,295,333,339
3.78,-4.24,-10.44,0.08,0.26,-0.05,339,313,295,332,339
0.53,-2.25,-9.35,-0.26,-0.06,0.02,338,313,295,332,339
1.77,-3.14,-9.39,0.30,0.26,-0.10,339,313,295,332,338
-0.39,-2.76,-10.11,-0.27,-0.08,0.20,338,313,295,332,339
2.24,-3.63,-8.41,0.13,0.23,-0.06,339,313,295,332,341
1.68,-3.21,-10.02,0.19,0.27,0.02,339,313,295,332,341
1.79,-2.91,-9.40,-0.16,0.08,0.10,339,313,295,332,342
2.05,-2.95,-7.82,0.13,0.42,-0.10,338,313,295,332,342
4.15,-3.18,-8.53,0.18,0.37,0.06,339,313,295,332,344
2.28,-2.99,-8.98,-0.14,0.10,0.07,338,313,295,332,349
0.86,-3.50,-7.89,0.24,0.28,0.27,339,313,295,332,353
4.44,-4.91,-8.11,0.12,0.50,-0.06,339,313,295,332,355
4.91,-3.96,-9.03,0.16,0.40,-0.05,339,313,294,332,353
3.01,-2.86,-8.97,-0.11,0.21,0.05,339,313,294,332,353
4.49,-4.17,-7.26,0.23,0.24,0.25,339,314,294,332,353
4.52,-4.06,-7.84,0.19,0.39,-0.17,339,314,294,332,354
4.81,-3.93,-7.65,0.05,0.38,-0.21,339,314,294,332,354
6.14,-4.45,-7.34,0.21,0.29,-0.03,339,314,294,332,354
4.67,-4.38,-7.42,0.09,-0.02,0.10,339,314,294,332,356
4.45,-4.59,-7.60,0.06,0.13,-0.08,339,314,294,332,355
5.74,-4.55,-7.30,0.03,0.10,-0.05,339,314,294,332,354
4.78,-4.21,-7.14,0.04,0.04,-0.09,339,314,294,332,353
4.71,-4.12,-6.83,0.05,-0.00,0.05,339,314,294,332,353
4.89,-4.39,-6.99,0.19,0.09,-0.02,339,314,294,332,352
5.27,-4.35,-7.48,0.05,0.01,-0.04,339,314,294,332,353
END
5.13,-4.59,-7.35,0.02,0.00,-0.03,339,313,295,332,339
0.52,-4.02,-8.87,0.01,0.04,-0.02,339,313,295,332,339
0.47,-3.94,-9.01,0.01,0.06,-0.06,339,313,295,332,339
1.22,-4.54,-9.46,-0.04,-0.02,-0.07,339,313,295,332,339
0.44,-4.16,-9.25,-0.03,-0.06,0.07,339,314,295,332,339
-0.07,-3.75,-7.90,0.04,0.06,-0.04,339,313,295,332,339
2.07,-4.64,-9.92,-0.08,0.05,0.02,339,314,295,332,338
-0.17,-3.78,-9.02,-0.15,-0.02,0.17,339,313,295,332,339
2.04,-4.49,-9.10,0.21,0.28,-0.42,339,313,295,332,338
1.16,-3.66,-8.91,-0.25,0.11,0.26,339,313,295,332,338
2.49,-4.04,-9.02,0.01,0.21,-0.28,339,313,295,332,337
1.31,-3.45,-9.60,0.04,0.11,0.11,339,313,295,332,336
2.01,-4.31,-9.25,-0.00,0.02,-0.04,339,313,295,331,337
-0.30,-3.35,-8.66,0.23,0.19,0.12,339,314,295,332,337
2.99,-4.20,-9.01,-0.12,0.14,-0.04,339,314,295,332,337
4.19,-4.80,-9.78,-0.00,0.20,0.01,339,314,295,332,337
2.38,-3.40,-8.54,0.15,0.14,-0.04,339,314,295,332,337
2.39,-4.17,-8.52,0.16,0.18,0.02,339,314,295,332,338
2.68,-4.39,-8.59,-0.06,0.06,0.10,339,314,295,332,338
1.62,-3.65,-7.87,0.22,0.32,0.01,339,313,295,332,339
4.54,-4.80,-7.17,0.26,0.42,-0.02,339,313,295,332,339
3.62,-4.53,-8.38,-0.03,0.22,0.03,339,313,295,331,340
4.59,-5.19,-7.30,0.06,0.28,-0.02,339,314,294,331,340
3.78,-4.96,-7.37,-0.06,0.23,0.01,339,314,295,332,340
5.16,-5.23,-7.93,-0.30,0.17,-0.08,339,314,295,332,341
3.31,-4.29,-8.02,-0.05,0.22,0.05,339,314,295,332,343
2.61,-3.52,-8.34,0.04,0.21,0.04,339,313,295,331,345
3.73,-3.96,-7.77,0.26,0.44,0.07,339,314,295,331,346
6.87,-5.08,-7.60,-0.03,0.23,0.06,339,314,294,332,347
5.53,-4.90,-6.25,0.52,0.27,0.05,339,314,294,331,347
5.34,-5.58,-6.51,0.29,0.24,-0.01,339,314,294,331,345
5.83,-5.26,-6.68,-0.07,0.06,-0.08,339,314,295,331,344
4.98,-5.81,-5.83,0.14,-0.03,0.00,339,313,294,331,344
4.56,-5.02,-6.80,0.01,0.06,-0.18,339,314,294,331,344
5.34,-4.87,-6.27,0.02,-0.03,-0.01,339,314,294,331,344
5.02,-5.45,-5.71,0.26,0.12,-0.04,339,314,294,331,343
END
5.15,-5.09,-6.95,0.03,0.02,-0.08,338,314,295,332,337
0.60,-3.24,-9.58,0.16,0.09,-0.05,339,314,295,332,337
-0.22,-3.09,-9.46,-0.01,-0.01,0.02,339,314,295,332,337
1.44,-3.32,-9.40,0.07,0.10,-0.12,338,314,295,332,337
-0.32,-3.18,-9.82,0.01,-0.05,0.10,339,314,295,332,337
-0.66,-2.86,-9.16,0.06,0.11,-0.00,338,314,295,331,337
-0.13,-2.85,-9.02,0.07,0.17,0.08,339,314,295,331,337
1.36,-3.74,-9.57,0.18,0.31,-0.06,338,314,295,331,337
1.49,-3.39,-9.50,-0.04,0.09,0.06,338,314,295,331,337
1.66,-3.45,-9.28,0.19,0.22,-0.08,338,314,295,331,337
2.05,-4.06,-9.60,0.17,0.20,-0.09,338,314,295,332,337
-0.87,-2.84,-8.99,-0.18,-0.04,0.12,339,314,295,332,339
2.33,-3.46,-9.70,0.22,0.33,-0.26,338,313,295,331,339
0.70,-3.30,-9.07,0.07,0.32,-0.21,338,313,295,332,340
2.02,-3.32,-9.23,0.03,0.18,0.08,338,313,294,332,339
2.56,-4.16,-8.49,0.06,0.21,0.12,338,313,294,332,339
4.67,-4.77,-8.71,0.09,0.46,-0.32,338,313,294,331,339
2.90,-3.30,-9.59,0.06,0.07,-0.03,338,313,294,331,339
2.46,-3.76,-8.61,0.09,0.09,0.16,338,313,294,332,340
4.32,-4.74,-7.72,0.13,0.29,-0.19,338,313,294,331,340
4.01,-3.91,-8.01,0.12,0.19,0.06,338,313,294,331,341
3.34,-3.93,-7.75,0.06,0.16,0.13,338,313,294,331,343
4.34,-4.39,-7.03,0.22,0.31,0.11,338,313,294,331,344
5.09,-4.54,-7.58,0.17,0.35,-0.08,338,313,294,331,345
3.73,-3.78,-7.82,0.09,-0.03,0.29,338,313,294,331,351
3.65,-5.06,-5.99,0.34,0.37,-0.07,338,313,294,331,351
4.25,-4.63,-7.67,0.03,0.18,0.07,338,313,294,331,352
5.20,-5.24,-5.62,0.07,0.25,-0.03,338,313,294,331,351
4.85,-5.61,-6.65,0.16,0.30,-0.07,338,313,294,331,350
5.25,-5.40,-7.16,0.13,0.26,-0.04,338,313,294,331,351
5.43,-5.70,-6.26,0.07,0.15,0.02,338,313,294,331,349
5.85,-5.81,-6.20,0.05,0.10,-0.08,338,313,294,331,349
5.56,-5.21,-6.09,0.10,0.06,-0.03,338,313,294,331,348
4.96,-5.29,-6.46,0.05,-0.00,-0.01,338,313,294,331,348
5.50,-5.46,-6.21,0.04,-0.01,-0.07,338,314,294,331,348
5.07,-5.19,-6.42,0.18,0.06,-0.03,338,314,294,331,347
END
4.93,-5.21,-6.60,0.09,-0.03,-0.08,338,313,295,332,338
0.65,-2.93,-9.79,0.10,0.06,0.12,338,313,295,332,338
-0.60,-2.27,-9.50,0.03,0.03,0.24,338,313,295,331,338
1.00,-2.85,-9.51,-0.03,0.07,-0.03,338,313,295,332,338
0.99,-3.01,-9.35,0.07,0.01,-0.02,338,313,295,332,337
1.09,-3.32,-9.14,0.09,0.00,-0.01,338,313,295,332,338
0.31,-3.17,-9.49,0.06,0.09,0.06,338,313,295,332,338
0.08,-2.59,-9.48,-0.03,0.08,0.05,338,313,295,332,338
1.44,-3.12,-9.60,0.05,0.16,0.03,338,313,295,332,338
0.63,-2.92,-10.37,-0.00,0.15,0.02,338,313,295,332,338
0.79,-2.81,-9.56,-0.04,0.04,0.07,338,313,295,332,338
3.11,-4.55,-10.23,0.17,0.16,-0.01,338,313,295,332,337
-0.17,-2.63,-9.48,-0.18,-0.11,0.12,338,313,295,331,338
1.05,-2.94,-7.98,0.22,0.28,0.00,338,313,295,331,338
2.51,-3.18,-9.20,0.15,0.20,0.07,338,313,295,332,338
1.11,-3.35,-8.84,0.07,0.14,0.03,338,313,295,331,338
5.05,-4.35,-9.19,0.22,0.34,-0.10,338,313,295,331,337
0.61,-2.56,-9.76,-0.14,-0.03,0.06,338,313,294,331,338
1.03,-3.37,-7.75,0.28,0.31,-0.01,338,313,294,332,338
2.24,-3.91,-7.98,0.12,0.28,-0.01,338,313,294,331,340
3.83,-4.66,-7.77,0.27,0.38,0.00,338,313,294,331,339
3.67,-4.90,-8.57,-0.09,0.15,0.04,338,313,294,331,342
4.53,-5.26,-8.02,0.21,0.40,-0.05,338,313,294,331,342
2.74,-4.21,-8.08,0.22,0.36,0.01,338,313,295,331,344
4.75,-5.42,-8.01,0.20,0.34,-0.03,338,313,294,331,347
5.32,-5.18,-7.34,0.20,0.39,-0.10,338,313,295,331,350
5.15,-4.44,-6.93,0.12,0.35,-0.00,338,314,294,330,352
5.58,-5.20,-6.04,0.09,0.25,0.02,338,313,294,331,350
5.94,-5.60,-6.29,0.20,0.11,-0.04,338,314,294,331,349
4.60,-5.02,-6.18,0.05,0.04,-0.05,338,313,294,331,348
4.79,-4.77,-7.01,0.10,-0.06,-0.04,338,313,294,331,348
5.00,-5.71,-5.99,0.09,-0.02,-0.06,338,313,294,331,347
5.15,-5.04,-6.86,0.06,0.00,-0.13,338,313,294,331,347
4.77,-5.29,-6.78,0.09,-0.08,-0.01,338,313,294,331,347
4.72,-5.68,-6.66,0.02,-0.00,-0.09,338,314,294,331,346
4.98,-5.33,-6.91,0.03,0.03,-0.13,338,313,294,331,346
END
4.34,-5.28,-6.42,0.05,0.01,-0.01,337,314,295,331,341
-0.30,-1.94,-9.68,0.12,0.15,-0.09,338,314,295,332,340
-0.56,-1.75,-9.48,0.12,0.04,0.05,338,314,295,332,340
-0.16,-2.33,-9.36,0.13,0.14,0.06,338,314,295,332,340
1.01,-2.78,-10.09,0.10,0.22,0.02,337,314,294,331,340
0.60,-2.32,-10.13,-0.10,0.08,0.11,338,314,295,332,339
0.46,-1.84,-10.06,-0.00,0.09,0.09,338,314,295,332,340
-0.19,-1.56,-9.82,0.10,0.14,0.15,338,314,295,331,339
-0.34,-1.59,-9.52,0.10,0.17,0.04,337,314,294,331,339
1.51,-2.72,-9.50,0.33,0.31,0.06,337,314,294,331,339
0.27,-2.53,-9.55,0.08,0.14,0.11,338,314,294,331,339
1.92,-3.66,-8.76,0.41,0.51,-0.07,338,314,295,331,337
3.41,-4.07,-9.92,0.36,0.40,-0.02,338,314,294,331,337
2.98,-4.06,-9.76,0.07,0.18,0.02,338,314,294,331,336
2.53,-3.88,-8.31,0.06,0.12,0.07,338,314,294,331,336
2.95,-4.13,-8.41,0.18,0.19,0.09,338,314,294,331,336
2.23,-4.31,-8.71,-0.10,0.00,0.04,338,314,294,331,336
2.58,-3.68,-8.70,0.16,0.23,0.00,338,314,294,331,336
2.79,-3.88,-8.87,0.14,0.09,0.12,338,314,294,331,337
3.14,-4.67,-7.67,-0.13,-0.01,-0.06,338,313,294,331,338
2.52,-4.16,-8.51,0.19,0.16,-0.10,338,314,295,331,339
2.63,-3.71,-8.69,-0.01,0.25,-0.12,337,313,295,331,341
3.07,-3.73,-8.23,0.05,0.25,0.09,337,313,294,331,343
2.61,-3.71,-8.26,0.04,0.12,0.10,337,312,294,331,346
5.05,-6.19,-7.54,0.32,0.42,0.10,337,314,294,331,347
4.08,-4.98,-8.48,0.13,0.30,0.03,337,313,294,331,350
4.26,-4.51,-7.48,0.19,0.42,0.02,337,313,294,331,350
5.03,-4.72,-6.07,0.46,0.52,0.07,337,313,294,331,350
6.02,-5.51,-6.14,0.18,0.34,0.02,337,313,294,331,349
5.35,-4.95,-6.55,0.08,0.24,-0.05,337,313,294,331,348
5.62,-5.73,-5.94,0.04,0.17,-0.16,337,313,294,331,347
5.27,-6.30,-5.65,0.20,0.16,-0.07,337,314,294,331,347
5.61,-6.37,-6.12,0.10,0.09,-0.15,337,313,294,331,346
5.22,-5.61,-6.40,0.03,-0.02,-0.03,337,313,294,331,345
5.36,-5.97,-5.51,-0.02,-0.06,-0.01,337,313,294,331,345
5.39,-5.68,-5.96,0.06,0.05,-0.09,338,314,294,331,345
END
5.94,-5.41,-6.30,-0.01,0.03,-0.11,338,314,295,331,336
1.53,-3.44,-9.12,0.02,0.02,-0.03,338,313,295,331,336
1.54,-3.60,-9.12,0.07,0.03,0.04,338,313,295,331,336
2.04,-3.50,-9.31,0.08,0.05,-0.02,338,313,295,331,336
1.90,-3.70,-9.35,0.12,-0.04,0.00,338,313,295,331,336
1.18,-3.91,-9.24,0.15,-0.03,0.08,337,313,295,331,336
1.02,-3.83,-9.22,0.04,-0.00,0.04,337,314,295,331,336
2.18,-4.32,-9.02,0.11,0.13,-0.03,338,313,295,331,335
0.34,-3.41,-9.32,-0.13,-0.09,0.13,337,313,295,331,335
0.97,-3.60,-8.19,0.06,0.13,-0.01,338,313,295,332,335
2.51,-4.41,-9.83,0.06,0.12,-0.02,338,314,295,332,335
0.72,-3.55,-8.87,-0.07,0.05,-0.00,338,314,295,332,335
2.99,-4.19,-8.61,0.16,0.17,-0.08,338,313,295,331,335
2.12,-4.20,-9.30,0.06,0.12,-0.00,338,314,295,331,335
1.00,-4.19,-8.68,-0.09,0.03,0.06,338,313,295,331,335
3.91,-5.00,-8.66,0.20,0.30,-0.08,338,313,295,331,335
-0.17,-3.07,-8.76,-0.17,0.02,0.19,338,313,295,331,336
0.95,-3.43,-7.60,0.05,0.24,0.01,338,314,294,331,336
2.58,-3.62,-8.97,0.20,0.41,-0.04,338,314,295,331,336
3.94,-4.29,-9.50,-0.01,0.30,0.01,337,314,294,331,336
4.00,-4.77,-8.19,-0.05,0.21,0.11,337,314,294,331,336
4.62,-4.57,-7.47,0.55,0.56,-0.15,338,314,294,331,336
3.87,-4.47,-9.14,-0.17,-0.01,0.09,338,314,294,331,337
3.78,-4.89,-7.16,0.01,0.25,-0.02,338,314,294,331,337
4.20,-4.54,-7.12,0.18,0.37,-0.06,338,314,294,331,338
5.00,-5.05,-6.86,0.09,0.22,0.03,338,314,294,331,340
4.51,-5.20,-6.73,0.26,0.34,0.12,338,314,294,331,341
4.55,-5.39,-6.91,0.26,0.40,0.03,338,314,294,331,343
5.73,-5.99,-5.89,0.11,0.36,0.15,338,314,294,331,344
6.04,-6.45,-4.59,0.39,0.31,-0.02,338,314,294,331,342
6.39,-6.49,-6.29,0.19,0.25,-0.03,338,314,294,331,342
6.55,-6.26,-6.17,-0.00,-0.02,0.01,338,314,294,331,342
4.32,-6.09,-4.53,0.10,-0.00,-0.01,338,314,294,331,342
5.69,-6.06,-5.11,-0.09,0.10,-0.08,338,314,294,331,342
6.58,-5.94,-5.05,-0.11,-0.06,0.02,338,314,294,331,342
5.58,-5.69,-5.93,0.03,-0.12,0.04,338,314,294,331,343
END
5.38,-5.94,-5.78,-0.04,0.03,-0.19,338,314,295,332,335
2.66,-4.00,-8.93,0.04,-0.02,-0.01,338,314,295,331,335
2.86,-4.11,-8.61,0.06,0.02,-0.03,338,314,295,332,335
2.02,-3.95,-8.62,0.03,0.01,0.02,338,314,295,331,335
2.83,-4.08,-8.60,0.03,0.07,-0.04,338,314,295,331,335
2.20,-4.00,-8.66,0.05,0.06,0.03,338,314,295,332,335
2.05,-3.88,-8.56,0.05,0.07,0.03,338,314,295,332,335
2.38,-4.01,-8.55,0.17,0.17,0.03,338,314,295,331,335
3.13,-4.47,-8.38,0.08,0.13,0.02,338,314,295,331,335
3.16,-4.59,-8.10,0.11,0.15,-0.01,338,314,295,331,335
2.27,-4.16,-8.54,0.04,0.10,0.03,338,314,295,332,335
2.99,-4.53,-8.19,0.05,0.12,0.03,338,314,295,331,335
3.38,-4.53,-8.14,0.10,0.18,0.02,338,314,294,331,335
3.06,-4.32,-8.41,0.06,0.09,0.05,338,314,295,331,335
4.69,-5.18,-7.82,0.10,0.17,0.01,338,314,295,331,335
2.69,-4.28,-8.47,-0.11,0.01,0.11,338,314,295,331,336
3.12,-4.47,-7.67,0.01,0.14,-0.03,338,314,295,331,337
4.41,-4.67,-8.18,0.10,0.19,0.01,338,314,295,331,337
3.68,-5.13,-7.72,0.07,0.06,0.08,338,314,295,331,337
2.98,-4.69,-7.30,0.12,0.25,-0.09,338,314,294,331,337
4.42,-5.03,-7.49,0.11,0.21,0.01,338,314,294,331,337
3.97,-5.36,-7.06,0.02,0.16,0.02,338,314,294,331,338
4.86,-5.35,-7.15,0.00,0.17,-0.06,338,314,294,331,338
3.21,-4.64,-7.18,0.05,0.14,0.08,338,314,294,331,340
5.30,-6.40,-6.32,0.04,0.18,0.06,338,314,294,331,341
4.57,-5.30,-6.11,0.16,0.32,0.02,338,314,294,331,343
4.82,-4.86,-6.53,0.16,0.20,0.08,338,314,294,331,343
4.72,-5.86,-5.42,0.14,0.21,0.08,338,314,294,331,344
4.98,-5.54,-6.08,0.04,0.18,-0.06,338,313,294,331,343
5.47,-6.14,-5.99,0.09,0.13,-0.01,338,314,294,331,344
5.83,-6.10,-5.68,0.03,0.12,-0.10,338,314,294,331,344
5.67,-5.65,-5.75,0.07,0.08,-0.05,338,314,294,331,344
5.46,-5.80,-5.32,0.11,0.04,0.00,338,314,294,331,344
5.29,-5.79,-5.84,0.15,0.08,-0.09,337,314,295,331,343
5.63,-6.09,-5.93,0.05,0.05,-0.07,338,314,294,331,343
5.73,-6.03,-6.02,0.02,0.04,-0.11,338,314,296,331,342
END
6.06,-5.89,-5.66,-0.00,-0.04,-0.06,338,314,294,332,337
1.83,-3.68,-8.81,0.11,0.06,-0.06,338,314,295,331,337
2.33,-3.80,-9.02,0.08,0.02,-0.03,338,314,295,331,337
2.79,-4.16,-8.96,0.09,0.02,-0.01,338,314,294,331,337
1.58,-3.75,-8.56,0.10,0.02,0.03,338,314,294,332,337
2.70,-4.20,-8.93,0.20,0.16,-0.06,338,314,294,331,337
2.22,-4.13,-8.84,-0.00,-0.05,0.13,338,314,294,331,338
3.15,-4.59,-7.96,0.22,0.17,-0.13,338,313,294,331,336
2.08,-4.18,-9.51,0.05,0.00,0.06,338,314,294,331,336
2.38,-4.23,-8.28,0.03,0.02,-0.04,337,314,294,331,336
2.35,-4.34,-8.31,0.24,0.17,-0.04,338,314,295,331,336
1.26,-3.85,-8.92,-0.02,0.01,0.06,338,314,294,331,336
3.30,-4.58,-7.87,0.18,0.21,-0.08,338,314,294,331,336
3.88,-5.22,-8.74,0.29,0.31,-0.00,338,314,294,331,336
1.69,-4.13,-8.59,-0.15,0.03,0.09,338,314,294,331,337
2.91,-4.74,-7.21,0.26,0.32,0.01,338,314,294,331,337
3.22,-4.41,-8.41,-0.13,0.16,-0.02,338,314,294,331,337
3.93,-4.99,-8.28,0.13,0.29,0.07,338,314,294,331,337
2.94,-4.25,-7.23,0.12,0.30,-0.02,338,314,294,331,337
4.57,-5.20,-7.48,0.25,0.37,0.04,338,313,294,331,337
3.94,-5.00,-8.08,-0.08,0.17,0.03,338,314,294,331,338
4.81,-5.84,-7.08,0.03,0.17,-0.03,338,314,294,331,338
4.86,-5.20,-7.30,0.12,0.24,-0.01,338,314,295,331,340
2.75,-4.67,-6.81,-0.03,0.13,0.16,337,314,294,331,343
3.88,-5.61,-5.18,0.24,0.35,0.08,338,314,294,331,346
4.25,-5.58,-6.56,0.09,0.32,0.26,338,313,294,331,351
7.26,-7.62,-5.51,-0.10,0.42,0.03,338,314,294,331,354
6.80,-5.99,-6.07,0.02,0.34,-0.07,338,313,294,331,353
5.71,-5.36,-5.48,-0.04,0.11,-0.09,338,313,294,331,353
5.12,-5.74,-5.35,-0.05,0.01,-0.03,339,313,294,331,353
5.66,-5.97,-4.59,0.06,0.02,-0.15,338,313,294,331,352
4.81,-5.41,-5.78,0.14,0.06,-0.11,337,313,294,331,351
5.71,-5.77,-5.61,0.01,-0.08,-0.02,338,314,294,331,351
5.05,-5.73,-5.89,0.11,-0.00,-0.03,339,314,294,331,350
5.47,-5.81,-5.92,0.02,0.04,-0.10,339,314,294,331,350
5.45,-5.66,-6.05,0.05,0.01,-0.01,338,314,294,331,349
END
5.41,-5.86,-5.43,0.09,0.07,-0.02,338,314,296,332,338
2.44,-3.93,-8.96,0.07,-0.02,-0.05,338,314,296,332,338
2.62,-3.65,-9.05,0.05,-0.01,-0.04,338,314,295,332,338
2.67,-3.71,-8.87,0.05,-0.02,-0.05,338,314,296,332,338
2.05,-3.55,-8.81,0.03,-0.04,0.00,338,314,296,332,337
1.82,-3.63,-8.68,0.03,0.07,-0.05,338,314,296,332,337
2.46,-4.03,-9.07,0.14,0.11,-0.08,338,314,295,332,337
1.83,-3.68,-9.37,-0.04,0.00,0.02,338,314,295,332,337
1.28,-3.32,-8.69,0.13,0.11,0.03,338,314,295,332,336
2.32,-3.58,-9.15,0.19,0.10,0.11,338,313,295,331,337
1.15,-4.11,-8.40,0.02,0.06,0.16,338,313,295,332,336
3.42,-4.03,-8.19,0.28,0.31,-0.10,338,313,295,332,336
3.05,-3.70,-9.23,0.02,0.20,0.01,338,313,295,332,336
3.07,-3.57,-8.59,0.00,0.10,-0.09,338,313,295,331,336
4.13,-4.47,-8.76,0.07,0.13,0.03,338,313,295,331,336
2.81,-4.10,-8.80,-0.36,0.03,0.03,338,313,295,331,337
1.97,-3.37,-8.12,0.00,0.22,-0.11,338,313,295,331,339
5.73,-4.66,-7.38,0.21,0.34,-0.09,338,313,294,331,339
2.61,-3.13,-7.94,0.12,0.28,0.11,338,313,294,331,339
5.61,-4.79,-6.75,0.20,0.23,-0.16,339,313,294,331,337
5.23,-5.10,-5.25,0.36,0.30,0.01,340,313,294,331,338
5.48,-4.90,-6.40,0.24,0.22,-0.04,340,313,294,331,341
4.11,-5.56,-6.65,0.07,0.10,0.32,340,313,294,331,345
5.86,-7.17,-4.70,0.25,0.26,0.06,340,313,294,331,348
5.40,-5.80,-6.32,0.33,0.47,-0.12,340,313,294,331,349
4.72,-5.88,-6.85,-0.08,0.01,0.30,339,313,293,331,350
4.32,-5.92,-5.90,-0.15,0.19,0.07,339,313,293,331,351
6.73,-6.47,-4.97,-0.06,0.14,-0.04,339,313,294,331,348
5.04,-5.62,-4.83,0.20,0.14,0.01,339,313,293,331,349
6.91,-6.46,-4.41,0.17,0.21,-0.01,339,313,294,331,348
4.46,-4.84,-5.61,-0.09,-0.01,0.06,339,313,294,331,349
6.86,-6.32,-4.88,0.07,0.04,-0.06,339,313,294,331,348
4.96,-5.91,-5.84,0.05,-0.01,-0.10,339,313,294,331,347
6.07,-6.25,-5.73,-0.12,0.03,-0.14,339,313,294,331,347
5.92,-5.89,-5.59,0.10,0.01,0.05,339,313,294,331,347
5.43,-5.29,-5.48,-0.03,-0.01,-0.07,339,313,294,331,347
END
5.81,-5.68,-4.82,0.11,0.03,0.03,338,313,295,332,338
2.63,-3.55,-8.79,0.06,-0.02,-0.03,338,313,295,331,338
2.48,-3.85,-8.95,0.03,-0.02,-0.01,338,313,295,332,338
2.63,-3.91,-8.87,0.07,0.03,-0.04,338,313,295,331,338
2.85,-3.75,-9.32,0.07,-0.03,-0.04,338,313,295,332,338
2.41,-3.65,-8.90,0.09,-0.07,-0.03,338,313,295,332,338
1.52,-3.49,-9.47,0.11,-0.04,0.04,338,313,295,332,337
1.36,-3.40,-8.78,0.02,-0.02,-0.05,338,313,295,332,337
1.73,-3.54,-9.17,0.23,0.10,0.06,338,313,295,332,336
0.60,-3.53,-9.12,-0.09,-0.08,0.12,338,313,295,332,337
3.04,-4.05,-8.01,0.26,0.25,-0.17,338,313,295,332,336
2.73,-4.34,-9.78,0.08,0.16,0.22,338,313,295,331,336
2.90,-4.70,-8.51,-0.05,0.12,-0.14,338,313,295,331,335
2.89,-4.24,-8.07,0.25,0.19,0.03,338,313,295,331,335
3.66,-4.39,-9.11,0.09,0.15,0.03,338,313,295,332,336
2.47,-4.03,-7.59,-0.03,0.05,0.04,338,313,294,331,335
5.08,-5.20,-7.34,0.34,0.32,-0.10,338,313,294,331,335
2.17,-4.44,-8.79,-0.29,-0.03,0.21,338,313,294,331,335
3.32,-5.04,-6.83,0.09,0.25,-0.03,338,313,294,331,336
5.13,-5.45,-7.59,0.20,0.35,-0.10,338,313,294,331,336
3.70,-4.70,-8.72,-0.21,0.01,0.01,338,313,294,331,336
4.82,-5.25,-6.73,-0.00,0.18,-0.06,339,313,294,331,336
3.70,-4.02,-7.49,0.17,0.21,-0.08,338,313,294,331,337
5.03,-5.61,-7.29,0.12,0.21,0.03,338,313,294,331,337
3.14,-4.49,-7.47,-0.01,0.08,0.02,338,313,294,331,338
3.35,-4.71,-6.12,0.16,0.29,-0.03,338,313,294,331,339
4.85,-4.71,-6.30,0.16,0.28,0.04,338,313,294,331,342
7.37,-7.55,-5.43,0.20,0.37,-0.02,339,313,294,331,347
3.98,-4.13,-7.72,0.30,0.56,-0.14,338,313,294,331,349
7.43,-6.19,-6.22,-0.36,0.07,0.09,338,313,294,331,347
6.02,-5.24,-4.87,0.34,0.31,-0.09,338,313,294,331,347
5.86,-5.64,-5.82,0.35,0.30,-0.00,338,313,294,331,346
5.47,-5.00,-6.63,0.08,0.07,0.05,338,313,294,331,345
5.51,-6.04,-5.89,0.02,0.02,-0.01,338,313,294,331,345
5.46,-5.76,-5.42,-0.05,0.00,-0.02,338,313,294,331,344
6.24,-6.24,-4.77,0.20,0.12,-0.06,338,313,294,331,345
END
4.92,-7.01,-4.13,-0.02,-0.03,-0.06,349,311,295,333,332
2.36,-3.41,-9.25,0.06,0.12,-0.06,349,311,295,333,331
2.00,-3.29,-9.56,0.05,-0.03,0.05,349,311,295,333,331
1.82,-3.80,-7.53,0.19,0.15,0.01,349,311,295,333,330
1.17,-3.38,-9.05,-0.04,-0.11,0.05,349,311,295,333,330
1.03,-3.50,-8.70,0.24,0.28,0.05,348,311,295,333,330
2.78,-4.26,-10.33,0.19,0.27,0.09,348,311,295,333,329
0.83,-3.88,-8.18,0.06,-0.01,0.15,348,311,295,333,329
2.17,-4.45,-8.32,0.37,0.43,0.04,348,311,294,333,328
2.93,-5.03,-9.73,-0.01,0.08,0.13,348,311,295,333,328
1.65,-4.77,-8.03,-0.05,0.02,0.10,347,311,295,333,327
3.52,-4.98,-9.16,0.13,0.39,0.13,347,311,295,333,327
1.28,-3.83,-8.76,-0.27,-0.12,0.00,347,311,295,333,327
2.88,-4.83,-8.12,0.22,0.30,-0.12,347,311,295,333,326
2.54,-4.52,-8.78,-0.30,-0.09,0.05,347,311,295,333,326
2.57,-4.51,-7.02,0.27,0.20,-0.04,347,311,294,333,326
2.48,-4.11,-8.86,0.06,0.20,0.16,347,311,295,333,326
2.10,-3.98,-8.10,-0.15,0.01,0.16,347,311,295,333,326
2.63,-4.62,-6.55,0.49,0.45,0.03,347,310,295,333,326
5.66,-5.71,-7.70,0.06,0.45,0.16,347,311,294,333,326
2.84,-4.79,-7.29,0.12,0.11,0.07,347,311,295,333,326
5.98,-5.52,-6.15,0.34,0.31,-0.15,347,310,295,333,326
1.39,-4.87,-7.52,-0.01,-0.03,0.19,346,311,295,333,326
3.49,-6.04,-5.79,0.14,0.39,-0.09,346,311,295,333,326
3.66,-5.60,-7.11,-0.17,0.28,0.11,347,311,295,333,327
7.79,-6.50,-6.87,-0.27,0.35,-0.09,347,311,295,333,329
4.51,-5.17,-6.93,0.11,0.09,0.20,347,310,295,333,330
3.92,-5.70,-6.53,0.10,0.32,-0.09,347,311,294,333,330
4.94,-4.92,-6.91,-0.01,0.19,0.02,347,311,294,333,331
5.36,-5.20,-6.35,0.25,0.38,0.07,347,310,294,333,331
5.83,-6.76,-5.44,0.20,0.26,0.12,347,310,294,333,331
6.26,-6.15,-6.00,0.06,0.13,0.01,347,310,294,333,331
5.72,-6.48,-5.73,0.03,0.04,0.03,347,311,294,333,331
5.86,-6.54,-5.30,0.08,0.00,-0.07,347,310,294,333,331
5.02,-5.98,-5.78,-0.02,-0.04,-0.04,347,311,294,333,331
5.24,-6.16,-5.69,-0.18,-0.19,0.00,347,311,295,333,330
END
5.00,-5.95,-4.82,0.11,0.07,-0.12,346,311,295,333,333
1.54,-3.12,-9.53,0.08,-0.01,0.03,346,311,295,333,333
1.77,-3.40,-8.46,0.19,0.10,-0.13,346,311,295,333,332
2.28,-3.37,-9.82,0.08,0.08,0.04,346,310,295,333,332
1.92,-3.62,-8.99,0.01,0.01,-0.00,346,311,295,332,332
1.84,-3.55,-8.46,0.15,0.17,0.05,346,311,295,333,332
3.95,-4.13,-9.86,-0.00,0.24,-0.02,346,311,295,333,332
2.26,-3.57,-8.92,-0.11,-0.12,0.08,346,311,295,332,333
1.00,-3.47,-7.80,0.19,0.13,0.00,345,311,295,333,332
4.00,-4.02,-9.55,0.12,0.25,-0.02,346,311,295,333,332
1.55,-3.46,-8.31,-0.07,-0.08,0.10,346,311,295,333,332
3.59,-4.09,-8.15,0.37,0.29,-0.11,345,311,295,333,331
2.02,-3.68,-9.44,-0.02,0.01,0.14,345,311,295,332,332
1.87,-3.93,-8.13,-0.11,-0.02,-0.04,345,311,295,332,331
4.10,-4.72,-7.93,0.34,0.38,0.01,345,311,295,332,331
0.67,-3.19,-8.41,-0.03,0.03,0.08,345,311,295,332,332
3.29,-4.43,-7.36,0.33,0.41,0.03,345,311,295,332,333
5.18,-4.87,-9.26,-0.06,0.26,0.15,345,311,295,333,333
3.65,-4.78,-7.56,0.09,0.15,-0.05,345,311,295,333,334
3.96,-5.04,-7.51,0.36,0.33,0.05,345,311,295,333,334
4.15,-5.21,-8.10,-0.05,0.17,0.07,345,311,295,333,334
3.50,-5.23,-6.83,0.18,0.13,0.14,345,311,294,333,334
4.52,-5.57,-6.91,0.18,0.33,0.06,345,311,294,333,334
4.57,-5.23,-7.57,0.07,0.16,0.09,345,311,294,332,335
3.62,-5.62,-6.82,0.18,0.27,0.14,345,311,294,332,336
6.14,-6.09,-6.03,-0.08,0.22,-0.03,345,310,294,333,337
5.28,-5.18,-6.41,0.16,0.15,0.01,345,311,294,332,339
3.62,-5.20,-6.82,0.05,0.17,0.02,345,311,294,333,339
4.34,-5.83,-6.27,0.05,0.22,-0.02,345,311,294,333,341
6.07,-6.07,-5.88,0.13,0.33,-0.06,345,311,294,333,341
5.84,-5.60,-6.53,0.03,0.06,-0.03,345,311,294,333,341
4.41,-5.40,-7.27,0.02,-0.06,0.06,345,311,294,333,341
4.79,-6.22,-5.88,0.08,0.07,-0.00,345,311,295,333,339
4.63,-5.76,-6.66,0.00,0.17,-0.12,345,311,294,333,338
5.14,-5.59,-6.81,-0.00,-0.04,-0.03,345,311,294,333,338
5.21,-6.01,-6.35,0.08,-0.04,-0.02,345,311,295,333,338
END
4.71,-5.61,-6.91,-0.01,0.01,-0.04,344,311,295,333,332
2.47,-4.07,-9.24,0.27,0.19,-0.07,344,311,295,333,332
4.04,-4.52,-9.43,-0.14,-0.02,0.08,344,311,295,332,331
3.13,-3.87,-8.33,0.02,-0.08,0.06,344,311,295,333,331
4.11,-4.13,-9.27,0.28,0.07,-0.07,344,311,295,333,331
1.74,-4.02,-9.30,-0.33,-0.22,0.12,343,311,295,333,331
1.10,-3.73,-7.67,0.17,0.10,0.06,344,311,295,332,331
3.76,-4.25,-8.77,0.22,0.19,-0.10,344,311,295,332,330
2.89,-3.99,-9.60,-0.23,-0.01,0.21,343,311,295,332,330
2.92,-4.16,-7.53,0.14,0.12,-0.05,344,311,295,332,330
2.99,-3.92,-8.92,0.18,0.30,-0.13,343,311,295,332,330
2.95,-4.63,-9.10,-0.30,0.03,0.22,343,311,295,332,330
3.24,-4.49,-7.75,0.28,0.16,-0.14,343,311,295,332,330
3.68,-4.18,-8.98,0.13,0.09,0.10,343,311,295,332,330
3.81,-4.62,-8.64,0.02,0.11,0.06,343,311,295,332,330
1.91,-4.34,-7.41,0.18,0.04,0.01,343,311,295,332,330
4.43,-5.05,-7.74,0.21,0.33,0.04,343,311,295,332,330
2.93,-5.02,-7.39,-0.12,-0.04,0.07,343,311,295,332,330
4.07,-5.23,-6.63,0.26,0.33,-0.01,343,311,295,332,330
3.56,-4.92,-7.29,0.10,0.19,-0.02,343,311,295,332,330
4.72,-5.71,-6.45,0.09,0.26,0.03,343,311,295,332,330
4.87,-5.74,-6.14,0.08,0.21,0.03,343,311,295,332,330
4.56,-5.25,-7.36,0.09,0.19,-0.05,343,311,295,332,331
4.30,-5.41,-6.58,-0.04,0.13,0.03,343,311,295,332,331
4.21,-5.25,-6.07,0.19,0.30,0.00,343,311,295,333,331
4.87,-5.11,-7.70,0.17,0.41,0.04,343,311,295,333,331
5.40,-6.48,-6.01,-0.03,0.03,0.19,343,311,295,333,331
4.36,-6.09,-4.95,0.51,0.57,-0.01,343,311,295,333,332
5.76,-6.35,-6.41,-0.08,0.17,0.09,343,311,295,333,333
6.60,-7.31,-4.02,0.20,0.36,-0.03,343,311,295,333,333
6.54,-6.27,-6.13,-0.21,0.08,-0.17,343,311,295,333,333
5.69,-6.37,-5.67,-0.07,-0.20,0.11,343,311,296,333,333
5.20,-6.47,-5.47,-0.02,-0.07,-0.10,343,311,295,333,332
5.12,-6.03,-5.58,-0.04,0.04,-0.13,343,311,295,333,332
5.55,-6.02,-5.31,-0.05,-0.11,-0.03,343,311,295,333,332
5.05,-5.89,-5.43,0.09,0.07,-0.09,343,311,295,333,332
END
5.12,-5.70,-5.81,-0.07,-0.03,-0.06,344,311,296,333,332
2.35,-3.66,-8.68,0.04,0.00,-0.08,344,311,296,332,332
2.94,-5.46,-8.86,0.11,0.08,-0.06,344,311,296,332,332
2.27,-3.52,-9.09,0.11,0.06,-0.07,344,311,296,332,332
3.35,-3.65,-9.73,0.07,0.02,-0.08,344,311,296,332,332
2.89,-3.83,-8.76,0.21,-0.00,-0.10,343,311,296,332,331
1.73,-3.61,-8.98,0.11,-0.10,-0.04,343,311,296,332,331
1.08,-3.75,-8.61,0.22,0.08,0.04,343,311,296,332,331
1.18,-3.64,-8.49,0.17,0.08,-0.09,343,311,296,333,331
2.00,-3.92,-8.38,0.26,0.16,0.11,343,311,296,332,331
2.49,-4.49,-8.40,0.13,0.19,-0.02,343,311,295,332,331
5.63,-5.57,-8.26,-0.06,0.16,0.12,343,311,295,332,330
3.17,-4.96,-7.15,0.28,0.23,-0.07,343,311,295,332,330
3.20,-4.80,-8.67,0.34,0.21,-0.01,343,311,295,332,329
4.60,-5.36,-8.46,-0.16,0.03,0.07,343,311,295,332,329
2.88,-4.49,-7.67,0.08,0.06,-0.01,343,311,295,332,329
1.97,-4.12,-8.03,0.18,0.23,0.08,343,311,295,332,329
3.68,-4.33,-8.29,-0.20,0.08,0.03,343,311,295,332,329
3.54,-4.49,-8.11,0.02,0.18,0.07,343,311,296,332,329
2.87,-4.55,-7.90,0.08,0.20,0.01,343,311,295,333,330
4.39,-4.92,-7.83,0.23,0.30,-0.03,343,311,295,332,330
5.99,-5.34,-8.43,-0.17,0.16,0.05,343,311,295,332,330
3.47,-4.93,-7.44,0.12,0.07,-0.13,343,311,295,332,330
3.42,-4.36,-7.85,0.37,0.47,-0.05,343,311,295,332,330
4.26,-4.87,-7.94,-0.12,0.15,0.02,343,311,295,332,330
5.77,-5.51,-6.25,0.26,0.38,-0.05,343,311,295,332,331
6.01,-5.71,-7.25,0.09,0.26,0.01,343,311,295,332,330
4.95,-5.37,-6.68,-0.14,-0.04,-0.07,343,311,296,332,330
4.46,-5.15,-6.98,0.13,0.16,-0.03,343,311,295,332,329
4.79,-5.36,-6.49,0.01,0.08,-0.00,343,310,295,332,330
4.16,-4.87,-5.80,0.07,0.21,-0.03,343,311,295,332,330
5.56,-5.51,-4.95,0.10,0.34,-0.03,343,311,295,332,331
5.93,-5.86,-5.29,0.20,0.38,0.03,343,311,295,332,331
7.26,-6.27,-5.76,-0.01,0.36,-0.04,343,311,295,332,332
7.60,-5.84,-5.24,-0.21,0.10,-0.09,343,311,295,332,332
6.38,-5.13,-5.54,-0.18,-0.18,0.04,343,311,295,332,332
END
6.06,-5.37,-6.35,-0.01,-0.03,-0.13,343,311,295,332,333
0.80,-3.09,-9.56,0.16,-0.02,0.09,343,311,295,332,333
0.96,-3.06,-9.16,0.13,0.10,-0.02,343,311,295,332,332
1.41,-2.81,-9.55,0.09,-0.00,0.02,343,311,295,332,333
2.28,-3.55,-9.75,0.09,0.06,-0.01,343,311,295,332,332
0.79,-3.26,-9.46,0.09,0.05,0.01,343,311,295,332,332
0.95,-3.47,-8.56,0.02,0.04,-0.02,343,312,295,332,332
2.81,-3.90,-9.64,0.14,0.31,-0.03,343,311,295,332,332
0.92,-3.18,-8.59,-0.03,-0.08,0.04,343,311,295,332,332
3.15,-4.06,-9.63,0.47,0.45,-0.07,343,311,295,332,331
2.25,-4.55,-9.96,-0.21,-0.18,0.11,343,311,296,332,331
2.59,-4.16,-7.96,0.19,0.20,-0.12,343,311,295,332,331
3.31,-4.03,-9.48,-0.13,0.02,0.09,343,311,295,332,331
1.56,-3.37,-8.07,0.08,-0.05,0.08,343,311,295,332,331
2.59,-3.73,-8.12,0.13,0.13,-0.05,343,311,295,332,331
2.00,-3.46,-9.35,-0.11,0.13,0.07,343,311,295,332,331
1.13,-3.42,-8.67,-0.02,0.10,-0.02,343,311,295,332,331
1.67,-3.19,-8.31,0.24,0.38,-0.03,343,311,295,332,332
5.82,-4.64,-8.89,0.03,0.40,-0.00,343,311,295,332,331
2.34,-3.57,-9.22,0.01,-0.01,0.05,343,311,295,332,332
3.63,-4.24,-8.57,0.07,0.40,-0.02,343,311,295,332,332
4.52,-4.34,-8.82,-0.11,0.05,-0.02,343,311,295,332,333
2.76,-4.05,-6.88,0.29,0.39,-0.06,343,311,295,332,334
4.06,-3.82,-8.46,0.08,0.24,0.02,343,311,295,332,336
4.66,-5.22,-6.65,0.13,0.28,0.08,343,311,295,332,336
4.35,-5.56,-6.58,0.30,0.46,0.03,343,311,295,332,338
5.44,-5.15,-7.39,-0.03,0.35,0.02,343,311,295,332,339
6.60,-5.49,-6.94,-0.03,0.17,0.01,343,311,295,332,339
6.21,-5.30,-5.13,0.30,0.29,-0.06,343,311,295,332,339
4.92,-4.72,-6.98,0.06,0.15,-0.07,343,311,295,332,338
5.13,-5.00,-6.86,0.03,-0.11,0.03,343,311,295,332,338
4.82,-5.41,-6.08,0.15,0.02,0.01,343,311,295,332,338
5.20,-4.54,-6.90,0.07,0.08,-0.15,342,310,295,332,337
5.33,-4.77,-6.46,0.12,-0.03,0.00,343,311,295,332,337
4.74,-4.97,-6.69,0.03,0.01,-0.03,342,311,295,332,337
5.02,-5.10,-7.24,0.02,-0.09,0.00,343,311,295,332,337
END
4.82,-5.25,-6.75,0.02,0.02,-0.07,342,311,295,332,331
0.85,-3.76,-9.10,0.11,-0.06,-0.00,342,311,295,332,331
2.30,-4.31,-9.04,0.29,0.12,0.00,342,311,295,332,331
1.67,-4.06,-9.26,-0.20,-0.16,0.09,342,311,295,332,331
2.46,-4.75,-7.93,0.01,-0.02,-0.08,342,311,295,333,331
0.31,-3.88,-9.15,-0.05,-0.01,0.05,342,311,295,332,331
1.28,-4.13,-8.41,-0.11,0.01,-0.02,342,311,295,332,331
1.34,-4.03,-7.95,0.28,0.25,-0.05,342,311,295,332,331
2.36,-4.54,-9.66,-0.23,0.05,0.19,342,311,295,332,331
0.80,-3.68,-8.24,0.10,0.15,-0.06,342,311,295,332,331
4.64,-4.47,-9.01,0.68,0.65,-0.14,343,311,295,332,330
1.14,-4.11,-8.47,-0.16,-0.14,0.07,342,311,295,332,331
3.58,-5.23,-6.95,0.45,0.55,-0.29,342,311,295,332,330
4.98,-5.06,-9.50,-0.13,0.23,-0.01,343,311,295,332,330
1.53,-4.25,-8.27,-0.07,-0.12,-0.06,343,311,295,332,330
3.44,-5.02,-8.92,-0.01,0.16,0.11,343,311,295,332,330
2.78,-4.29,-8.68,-0.00,0.01,-0.06,343,311,295,332,331
1.78,-4.36,-7.79,0.04,0.03,0.05,343,311,295,332,331
4.32,-4.97,-8.26,-0.17,0.22,-0.05,343,311,294,332,331
1.38,-3.46,-7.83,0.08,0.06,0.06,343,311,295,332,332
2.84,-3.98,-7.95,0.22,0.27,-0.07,343,311,295,332,332
4.57,-5.01,-8.00,0.00,0.11,0.10,343,311,295,332,333
3.92,-5.36,-8.41,-0.38,-0.12,0.32,346,311,294,332,333
4.01,-4.52,-8.55,-0.19,0.14,-0.09,346,311,295,333,334
2.33,-3.04,-8.93,0.04,0.10,0.04,347,311,295,333,334
3.60,-4.91,-7.98,0.23,0.26,0.07,346,311,295,333,334
4.02,-4.67,-8.49,0.07,0.28,0.05,346,311,295,333,335
4.45,-4.72,-7.52,-0.04,0.36,0.03,346,311,295,333,336
4.95,-5.86,-6.35,0.10,0.36,0.12,346,311,295,333,335
5.60,-5.05,-7.97,-0.08,0.36,0.01,346,311,295,333,335
5.74,-4.71,-7.58,-0.07,0.13,-0.12,346,311,295,333,335
4.54,-4.32,-6.87,0.05,-0.04,-0.11,346,311,295,333,335
4.04,-4.03,-6.91,0.09,-0.02,-0.14,346,311,295,333,335
4.01,-4.56,-7.21,0.23,-0.03,0.01,346,311,295,333,335
4.75,-4.97,-6.96,0.05,0.03,-0.12,345,311,295,333,335
4.83,-4.83,-7.77,0.08,-0.09,0.06,345,311,295,333,335
END
4.74,-4.97,-7.19,0.05,0.03,-0.08,343,311,295,332,331
1.25,-3.93,-8.20,0.10,0.02,-0.07,343,311,295,332,331
0.61,-3.51,-9.58,-0.18,-0.21,-0.02,343,311,295,332,330
0.97,-3.73,-8.20,0.11,0.03,-0.00,343,311,295,332,330
1.92,-3.68,-9.43,0.07,0.05,-0.05,343,311,295,333,331
0.58,-3.24,-8.90,-0.08,-0.06,-0.09,343,311,295,332,331
0.73,-3.62,-9.07,0.21,0.16,0.01,343,311,295,332,330
0.98,-3.86,-9.12,-0.04,0.04,-0.01,343,311,295,332,330
2.02,-3.99,-9.14,0.05,0.13,0.01,343,311,295,332,331
0.54,-3.29,-9.19,0.11,0.12,0.03,343,311,295,332,331
2.22,-4.22,-10.09,-0.07,0.04,-0.03,343,311,295,332,330
2.43,-3.22,-9.27,-0.23,-0.07,-0.09,343,311,295,332,330
1.64,-4.41,-8.23,0.13,-0.03,0.09,343,311,295,332,330
1.92,-4.09,-9.41,0.17,0.27,-0.07,343,311,295,332,330
1.39,-3.45,-9.01,-0.48,-0.23,0.21,343,311,295,332,330
1.92,-3.50,-7.61,0.36,0.33,-0.17,343,311,295,332,329
1.76,-3.44,-9.85,-0.11,0.13,0.14,343,311,295,332,329
1.64,-3.67,-7.75,0.02,0.11,0.02,343,311,295,332,329
3.29,-3.85,-7.79,0.42,0.48,-0.03,343,311,295,332,330
3.52,-4.15,-9.02,-0.11,0.08,0.20,343,311,295,332,330
2.38,-4.17,-7.85,0.07,0.09,0.05,343,311,295,332,330
3.74,-4.80,-7.80,0.42,0.34,-0.00,343,311,295,332,331
1.73,-3.73,-8.56,0.34,0.34,0.00,343,311,295,332,332
3.75,-4.76,-8.84,0.04,0.18,0.01,343,311,295,332,332
3.32,-4.62,-7.58,0.20,0.26,-0.00,343,311,294,332,332
4.60,-5.15,-8.30,0.05,0.28,-0.03,343,311,295,332,332
4.18,-4.59,-8.84,-0.11,0.08,-0.11,343,311,295,332,333
2.66,-4.23,-7.54,0.16,0.17,0.05,343,311,295,332,334
4.26,-5.18,-7.02,0.15,0.20,0.01,343,311,295,332,334
4.72,-5.35,-7.36,0.01,0.13,0.04,343,311,294,332,335
5.59,-5.60,-7.07,-0.05,0.18,0.04,344,311,294,332,339
4.16,-4.51,-7.89,0.08,0.11,-0.05,344,311,294,332,342
3.85,-4.90,-6.05,0.37,0.26,-0.02,344,311,295,332,342
5.63,-5.91,-5.53,0.33,0.22,-0.06,344,311,294,332,341
4.36,-5.45,-6.52,0.13,0.09,-0.05,344,311,295,332,341
4.10,-6.03,-6.14,-0.01,-0.04,0.15,343,311,294,333,340
END
5.46,-6.12,-5.76,0.08,0.15,-0.05,340,312,294,332,329
1.55,-4.85,-8.34,0.18,0.25,-0.01,340,312,294,332,329
2.04,-4.87,-9.25,-0.16,0.01,0.02,340,312,294,332,328
2.12,-4.45,-8.39,-0.03,0.05,0.01,341,312,294,332,328
0.78,-4.02,-8.61,0.11,0.06,-0.07,340,312,294,332,329
1.51,-4.72,-8.47,-0.00,0.14,-0.04,341,312,294,332,329
1.33,-4.36,-9.04,-0.14,0.02,0.00,341,312,294,332,329
1.51,-4.38,-8.66,0.05,0.19,-0.06,341,312,294,332,329
2.21,-4.75,-8.47,0.04,0.22,0.03,341,312,294,332,329
1.76,-4.59,-8.56,-0.11,0.14,0.02,341,312,294,332,329
2.19,-4.59,-8.46,0.11,0.31,-0.12,341,312,294,332,329
3.32,-4.57,-8.97,-0.21,0.10,0.13,341,312,294,332,330
2.46,-4.40,-7.46,0.24,0.35,-0.02,342,312,294,332,330
4.82,-4.45,-9.48,-0.13,0.14,-0.04,342,312,294,332,330
3.33,-4.48,-8.35,-0.01,0.22,0.05,342,312,294,332,330
4.85,-4.95,-7.87,0.07,-0.05,-0.05,342,312,294,332,329
2.06,-4.21,-7.34,0.17,0.28,-0.13,341,312,294,332,330
4.51,-4.59,-8.64,-0.24,0.14,-0.13,341,312,294,332,330
5.71,-5.56,-7.14,-0.02,0.18,-0.01,342,312,294,332,331
4.59,-5.28,-7.37,0.08,0.14,-0.04,342,312,294,332,333
5.08,-5.49,-7.39,0.01,0.11,0.08,342,312,294,332,334
4.12,-4.49,-8.15,-0.15,-0.10,0.02,342,312,294,332,335
4.34,-4.99,-7.15,-0.03,-0.08,0.00,343,312,294,332,337
3.92,-4.25,-6.74,0.11,0.16,-0.05,342,312,294,332,339
4.26,-4.34,-7.20,-0.06,-0.04,0.10,343,311,294,332,341
3.75,-4.51,-7.41,0.09,0.12,0.04,343,312,294,332,342
4.77,-4.64,-7.23,-0.05,0.20,-0.04,343,312,294,332,343
4.13,-4.35,-7.79,-0.07,0.01,0.10,343,312,294,332,343
4.34,-4.75,-6.61,0.02,0.10,-0.03,344,312,294,332,345
4.85,-4.55,-7.12,0.12,0.30,-0.22,344,312,294,332,347
4.24,-4.14,-7.74,-0.04,0.11,-0.00,344,312,295,332,346
4.94,-4.40,-7.72,0.07,0.16,-0.08,344,312,294,332,345
5.38,-5.03,-7.37,0.10,0.09,-0.02,344,312,294,332,344
5.53,-4.82,-7.45,0.01,0.11,-0.11,343,312,294,333,343
4.72,-5.00,-6.94,0.03,0.01,-0.06,344,312,294,332,342
5.02,-4.72,-6.83,0.06,-0.03,-0.01,344,312,294,332,342
END
5.15,-4.73,-7.01,-0.01,0.01,-0.09,342,312,295,332,331
1.49,-3.91,-9.59,-0.09,-0.12,-0.00,343,312,295,332,331
1.49,-3.90,-9.60,-0.04,0.03,-0.01,343,312,295,332,331
1.71,-3.27,-9.33,0.13,0.01,-0.05,343,312,295,332,331
1.54,-3.86,-9.15,0.02,-0.12,0.05,343,312,295,332,331
0.47,-3.17,-8.96,0.06,0.01,0.07,343,312,295,332,331
1.87,-3.24,-9.66,0.04,0.06,-0.08,342,312,295,332,330
1.08,-3.86,-9.76,0.01,0.08,0.14,342,312,295,332,330
-0.19,-3.08,-8.64,0.08,0.07,-0.08,343,312,295,332,330
1.29,-3.80,-9.17,0.31,0.43,-0.19,342,312,295,332,330
2.35,-3.58,-9.91,-0.38,0.00,0.31,342,312,295,332,330
2.35,-3.57,-8.00,0.26,0.33,-0.08,342,312,295,332,329
3.14,-3.97,-9.88,0.10,0.32,-0.05,343,312,295,332,330
3.45,-4.20,-9.79,-0.13,0.17,0.07,343,312,295,332,330
0.38,-3.46,-8.70,0.04,0.08,-0.04,342,312,295,332,330
4.34,-4.43,-9.12,0.12,0.34,-0.04,343,312,295,332,330
0.80,-3.19,-8.89,-0.19,-0.07,0.15,342,312,295,332,330
1.84,-3.93,-7.95,0.06,0.19,-0.08,342,312,295,332,330
5.27,-4.17,-8.58,0.08,0.35,-0.16,343,312,295,332,330
2.03,-3.17,-7.67,0.11,0.13,0.09,342,312,295,332,330
4.47,-4.28,-7.31,0.03,0.32,-0.11,342,312,295,332,331
3.45,-3.42,-8.15,0.19,0.26,0.02,343,312,294,332,332
4.19,-3.98,-7.76,0.04,0.21,0.08,342,312,295,332,333
5.64,-4.92,-6.39,0.20,0.35,-0.00,342,312,295,332,333
5.06,-4.57,-8.72,0.29,0.40,-0.04,342,312,294,332,334
4.92,-4.95,-7.49,0.17,0.15,0.18,342,312,294,332,333
5.69,-5.17,-6.61,0.27,0.32,-0.07,342,311,294,332,333
4.87,-5.14,-6.27,0.40,0.48,0.03,342,312,294,332,332
5.93,-5.74,-5.99,0.05,0.22,0.01,342,311,295,332,332
6.53,-5.64,-4.39,0.19,0.10,0.08,342,312,294,332,333
4.57,-5.14,-7.12,0.17,0.24,-0.06,342,312,294,332,333
5.23,-5.44,-5.76,-0.21,-0.13,0.02,342,312,294,332,334
6.32,-6.10,-5.74,0.08,0.05,-0.06,342,312,295,332,335
5.02,-5.38,-5.99,-0.06,0.03,-0.05,342,312,295,332,336
4.92,-5.06,-6.47,-0.07,0.01,-0.08,342,312,295,332,336
5.51,-5.38,-6.18,0.01,-0.00,-0.03,342,312,295,332,335
END
5.68,-5.36,-6.62,-0.10,-0.00,-0.14,342,312,295,332,329
0.79,-3.64,-9.35,0.04,-0.00,-0.06,343,312,295,332,330
1.00,-3.65,-8.82,0.10,0.07,-0.05,343,312,295,332,329
1.11,-3.53,-9.32,0.11,0.08,-0.04,342,312,295,331,330
1.46,-3.83,-9.51,0.07,0.13,0.04,342,312,295,332,329
1.51,-3.68,-9.12,0.00,0.03,-0.08,342,312,295,332,329
0.47,-3.77,-9.78,0.09,0.12,0.12,342,312,295,332,329
-0.24,-3.31,-8.36,-0.04,0.03,0.08,342,312,295,332,329
1.48,-3.50,-8.66,0.22,0.35,-0.06,342,312,295,332,329
0.73,-3.22,-9.74,-0.03,0.15,0.12,342,313,295,332,330
2.89,-3.96,-8.67,-0.11,0.21,-0.16,342,312,295,332,329
3.60,-4.13,-9.24,0.14,0.36,-0.04,343,312,295,332,330
2.38,-3.56,-9.12,-0.12,-0.07,0.13,343,312,295,332,330
4.78,-4.48,-8.71,0.21,0.26,0.00,343,312,293,332,330
1.27,-3.52,-9.48,-0.01,-0.10,0.09,343,312,295,332,330
0.99,-3.49,-7.71,0.10,0.21,-0.05,343,312,295,332,331
5.41,-4.21,-9.14,0.09,0.30,-0.11,343,313,295,332,331
-0.27,-5.38,-7.90,0.12,-0.05,0.07,343,312,295,332,332
5.86,-5.30,-7.65,0.13,0.42,-0.14,344,312,295,332,334
2.46,-3.51,-9.89,-0.13,-0.08,0.05,344,312,295,332,337
2.85,-3.90,-7.42,0.01,0.21,-0.10,343,312,295,332,341
3.13,-3.87,-7.44,0.04,0.25,-0.00,344,312,295,332,344
3.92,-4.16,-7.47,0.12,0.37,0.09,343,312,295,332,343
6.22,-4.88,-7.30,0.09,0.40,0.01,344,312,295,332,343
5.47,-4.62,-8.33,0.02,0.25,-0.02,343,312,295,332,343
4.10,-3.99,-7.87,0.01,0.19,0.01,344,312,295,332,343
5.28,-4.06,-8.03,0.13,0.28,-0.06,343,312,295,332,343
4.82,-4.08,-7.39,0.24,0.33,0.01,343,312,295,332,342
4.97,-3.77,-7.59,0.05,0.15,-0.03,343,312,295,333,341
4.59,-3.99,-6.67,0.26,0.15,0.04,343,312,295,333,341
4.91,-4.87,-5.90,0.14,0.28,-0.08,343,312,295,333,341
5.35,-4.97,-6.20,0.22,0.19,0.07,343,312,295,332,341
5.58,-5.34,-6.06,0.11,0.17,0.00,343,312,295,333,340
6.89,-5.08,-7.49,-0.11,-0.09,-0.00,343,312,295,333,339
5.81,-5.28,-6.03,0.19,0.03,-0.06,343,312,295,333,339
4.92,-4.55,-7.09,-0.22,-0.17,-0.13,343,312,295,332,339
END
5.26,-4.96,-6.53,0.07,-0.14,0.04,341,312,295,332,331
1.88,-3.96,-9.40,0.08,0.05,0.02,342,312,295,332,331
1.16,-4.44,-8.76,0.16,0.13,-0.04,341,312,295,332,330
0.67,-4.18,-9.38,0.02,0.02,-0.09,342,312,295,332,330
0.73,-4.04,-9.38,-0.15,0.10,-0.09,342,312,295,332,330
1.12,-3.60,-9.21,-0.03,0.02,0.04,342,312,295,332,330
0.74,-3.70,-8.99,0.15,0.17,-0.07,342,312,295,332,330
1.13,-3.87,-10.04,-0.06,0.08,0.13,342,312,295,332,329
1.58,-3.42,-9.01,0.01,0.06,-0.00,342,312,295,332,329
1.36,-4.11,-9.56,0.19,0.23,0.02,341,312,295,332,329
1.21,-3.09,-9.28,-0.04,-0.02,0.22,342,312,295,332,329
1.74,-3.84,-8.32,0.00,0.20,0.01,342,312,295,332,329
2.89,-4.28,-9.73,-0.39,0.08,0.13,342,312,295,332,329
1.43,-3.89,-9.44,-0.05,-0.05,-0.03,342,312,295,332,330
3.12,-4.83,-9.25,0.25,0.27,-0.10,343,312,295,332,330
1.18,-3.94,-8.72,-0.06,-0.00,0.10,342,312,295,332,331
2.29,-3.99,-7.81,0.29,0.32,-0.12,342,312,295,332,331
3.74,-4.81,-8.61,0.34,0.38,0.09,343,312,295,332,331
4.10,-4.87,-8.32,-0.11,0.16,0.03,342,312,295,332,333
2.90,-4.13,-7.83,0.23,0.23,0.02,342,312,295,332,334
2.50,-4.24,-7.90,0.25,0.22,0.05,342,312,295,332,334
3.93,-5.49,-8.34,-0.03,0.27,0.01,343,312,295,332,333
3.04,-4.76,-7.24,0.11,0.12,-0.00,343,312,295,332,334
3.04,-5.27,-6.53,0.26,0.47,-0.08,342,311,295,332,334
5.97,-5.17,-8.61,-0.33,0.11,0.06,343,312,295,332,336
5.08,-5.39,-6.43,0.08,0.21,0.06,343,312,295,332,337
4.62,-5.22,-7.35,0.33,0.37,0.00,344,312,295,332,336
4.58,-5.14,-7.95,0.02,0.13,0.05,343,312,295,332,337
5.05,-5.48,-6.12,0.10,0.10,0.08,343,312,295,332,337
4.20,-5.55,-5.68,0.16,0.32,-0.11,343,312,295,332,336
4.45,-4.38,-7.31,-0.23,0.10,-0.11,343,312,295,332,337
7.03,-5.95,-4.97,-0.05,0.02,0.05,344,311,295,332,338
5.64,-5.61,-6.05,0.08,0.17,-0.08,346,312,295,332,339
3.87,-3.69,-9.27,-0.58,-0.05,-0.13,347,312,295,332,340
6.13,-4.82,-7.77,-0.02,-0.18,0.02,347,312,295,332,339
4.31,-4.80,-7.34,0.07,-0.01,-0.11,347,312,295,332,339
END
4.27,-4.47,-7.49,-0.02,0.02,-0.12,342,312,295,332,331
0.52,-3.26,-9.69,-0.00,0.01,-0.01,342,312,295,333,331
0.93,-3.14,-8.89,0.02,-0.05,-0.00,342,312,295,332,331
0.88,-3.18,-9.15,0.21,0.08,-0.09,342,312,295,332,331
0.32,-3.21,-9.53,0.05,0.04,-0.01,342,312,295,332,331
0.41,-3.15,-9.45,-0.03,0.06,-0.04,342,311,295,332,330
1.65,-3.49,-9.99,-0.02,0.03,-0.02,342,311,295,332,330
-0.41,-3.25,-9.40,0.09,-0.03,0.11,342,312,296,332,330
1.30,-3.60,-9.34,-0.02,-0.04,-0.03,342,312,295,332,330
0.90,-3.43,-9.30,0.02,0.08,0.18,342,311,295,333,330
-1.76,-2.09,-8.37,0.05,-0.00,0.01,342,312,295,332,330
0.02,-4.14,-8.66,0.18,0.21,0.18,343,311,295,332,330
2.82,-4.95,-10.29,-0.40,0.39,0.01,344,311,295,332,330
1.21,-3.48,-9.60,-0.15,-0.03,0.09,344,311,295,332,331
4.46,-4.19,-9.29,0.13,0.44,-0.02,344,311,295,332,330
1.31,-3.43,-9.89,0.03,0.09,0.13,344,311,295,332,331
2.88,-4.10,-7.99,0.17,0.14,-0.14,344,312,295,332,332
0.92,-3.03,-8.53,0.24,0.28,0.09,343,311,295,332,333
3.47,-4.11,-8.44,-0.10,0.09,0.09,343,311,295,332,333
2.71,-4.06,-7.99,0.11,0.30,0.01,343,311,295,332,334
3.01,-3.74,-8.30,0.20,0.27,0.01,343,312,295,332,334
3.09,-4.48,-7.68,0.21,0.35,0.02,343,312,295,332,335
3.95,-4.61,-8.51,0.05,0.14,0.03,343,312,295,332,336
4.56,-4.89,-8.43,0.12,0.17,-0.01,343,312,295,332,335
4.06,-5.99,-7.31,0.28,0.16,0.09,343,312,295,332,336
4.21,-5.62,-7.47,-0.03,0.27,-0.13,343,312,295,332,336
3.42,-4.10,-8.19,-0.17,0.07,0.02,343,312,295,332,337
4.01,-5.23,-6.75,0.09,0.18,0.05,343,311,295,333,337
5.29,-4.93,-7.06,0.26,0.43,-0.17,343,312,294,332,336
4.47,-4.92,-6.95,0.19,0.10,-0.03,343,312,294,332,336
4.97,-5.23,-6.81,0.15,0.18,-0.13,342,312,295,332,335
5.17,-5.68,-6.42,-0.02,-0.05,-0.03,343,312,295,333,335
4.77,-5.37,-5.79,0.22,0.21,-0.14,343,314,295,332,335
4.62,-5.36,-7.18,0.05,0.04,-0.08,343,312,295,332,335
5.41,-5.35,-6.92,-0.05,-0.07,-0.09,343,312,295,333,336
5.23,-5.48,-6.03,0.14,0.06,-0.06,343,312,295,332,335
END
5.18,-5.13,-7.36,-0.07,0.04,-0.15,342,312,295,332,333
0.93,-3.42,-9.53,0.04,-0.04,-0.05,342,312,295,332,332
0.03,-2.93,-9.20,-0.04,-0.14,0.09,342,312,295,332,333
1.59,-3.21,-9.17,0.11,0.04,-0.05,342,312,295,332,332
0.71,-3.25,-9.78,0.04,-0.02,0.11,342,312,295,332,332
0.14,-2.78,-9.56,-0.05,-0.09,-0.03,342,312,295,332,332
1.38,-3.63,-9.78,0.13,0.15,-0.02,342,312,295,332,332
0.50,-2.63,-9.76,-0.21,-0.17,0.09,342,312,295,332,333
0.66,-3.27,-8.71,0.13,0.16,-0.04,342,312,295,332,333
0.83,-3.19,-10.01,-0.08,0.10,0.11,342,312,295,332,333
0.56,-3.01,-8.61,-0.05,0.02,0.03,342,312,295,332,333
3.19,-3.70,-10.25,0.18,0.42,-0.04,342,312,295,333,333
-0.24,-2.33,-8.70,-0.19,-0.11,0.00,343,312,295,332,334
4.17,-4.03,-8.93,0.10,0.30,0.01,343,312,295,332,334
-0.17,-2.66,-9.22,-0.22,-0.05,0.04,343,312,295,332,335
1.55,-3.29,-7.63,0.22,0.33,-0.10,343,312,295,332,335
2.00,-3.04,-9.41,0.03,0.21,-0.01,345,311,295,332,337
4.04,-4.36,-8.38,-0.03,0.35,0.03,348,312,295,332,337
4.20,-3.73,-9.02,0.06,0.11,-0.04,349,311,295,332,340
2.55,-3.22,-9.57,0.21,0.32,-0.03,350,311,295,333,340
4.03,-3.75,-8.97,0.11,-0.05,0.08,349,311,294,332,343
4.07,-4.11,-7.37,0.23,0.22,-0.01,349,311,295,332,343
3.80,-3.63,-8.53,0.18,0.28,-0.09,349,311,295,332,343
4.08,-4.18,-8.14,0.10,0.12,-0.03,349,311,294,332,344
3.41,-4.17,-8.38,0.12,0.15,0.06,349,311,294,332,344
3.96,-5.23,-9.22,-0.04,-0.01,0.07,347,311,295,333,347
5.84,-5.43,-8.17,-0.21,0.38,-0.26,347,311,294,333,347
5.13,-3.23,-6.84,0.07,0.14,-0.02,347,311,294,333,347
4.44,-3.60,-7.44,0.02,0.04,0.02,347,311,295,333,346
5.17,-4.21,-6.52,0.13,0.09,0.00,348,311,295,333,345
4.66,-4.41,-7.52,0.16,0.14,-0.10,347,311,295,333,345
4.94,-4.13,-8.15,-0.01,0.05,-0.10,347,311,295,333,344
5.38,-4.81,-7.62,0.12,-0.10,0.07,347,311,295,333,344
5.19,-4.78,-7.80,-0.04,0.03,-0.14,347,311,295,333,343
4.30,-4.01,-8.41,-0.01,-0.07,0.00,347,311,295,333,343
5.11,-4.32,-7.26,0.08,0.08,-0.03,346,311,295,333,343
END
5.10,-4.37,-7.31,0.03,-0.01,-0.02,343,312,296,333,334
1.17,-3.20,-9.36,0.02,-0.06,-0.05,343,312,296,332,334
0.70,-2.86,-8.82,0.07,-0.04,-0.05,343,311,296,333,334
1.24,-3.55,-9.49,0.00,0.11,-0.10,343,312,296,333,334
2.40,-3.40,-10.70,-0.34,-0.18,-0.05,344,312,296,333,334
1.08,-3.03,-9.17,-0.10,-0.16,0.01,344,312,296,333,334
0.01,-2.58,-9.37,0.09,-0.02,-0.06,344,312,296,333,334
0.77,-2.43,-9.45,-0.07,-0.13,0.06,343,312,297,333,333
2.03,-3.57,-10.11,0.02,0.08,0.09,343,312,296,333,333
-0.19,-2.23,-8.90,0.11,0.03,-0.01,343,311,296,333,333
3.73,-4.08,-10.78,0.05,0.24,-0.32,344,312,296,332,332
-0.15,-3.16,-10.43,-0.33,-0.13,0.64,344,311,296,332,332
2.05,-3.36,-8.89,-0.38,-0.17,-0.04,344,312,296,332,333
0.88,-2.49,-10.02,0.76,0.46,-0.09,344,312,296,332,333
1.54,-3.32,-8.79,-0.21,0.01,0.23,343,312,296,333,333
1.32,-2.76,-8.57,0.34,0.29,-0.13,343,312,296,332,333
4.34,-4.09,-8.90,0.24,0.33,0.03,343,312,296,333,333
1.85,-4.08,-8.31,0.12,0.22,0.07,343,311,296,333,333
3.35,-4.63,-8.67,0.11,0.21,0.03,343,311,295,333,333
2.32,-4.19,-9.19,0.17,0.23,0.05,344,311,295,332,334
3.01,-4.73,-8.29,-0.16,0.11,0.09,344,311,295,332,334
4.98,-5.38,-7.59,0.06,0.25,-0.07,344,311,295,332,334
2.96,-3.75,-8.31,0.11,0.33,-0.09,344,311,295,333,336
3.96,-4.50,-8.32,-0.02,0.16,0.02,344,311,295,332,337
3.78,-4.90,-7.21,0.24,0.31,0.12,344,311,295,332,339
3.34,-4.61,-7.80,-0.03,0.40,-0.03,344,311,295,332,341
5.30,-4.62,-7.10,-0.01,0.38,-0.01,344,311,295,332,342
6.36,-5.28,-5.99,0.37,0.57,0.04,344,311,295,333,341
5.77,-5.74,-5.66,0.56,0.77,-0.11,343,311,295,333,338
5.93,-4.90,-7.54,-0.15,0.04,-0.09,343,311,295,333,338
5.48,-5.29,-6.11,-0.10,-0.24,0.10,343,311,295,333,338
4.41,-4.81,-5.55,0.19,0.13,-0.16,343,311,295,333,338
5.37,-5.22,-6.39,-0.04,-0.16,0.01,343,311,295,333,338
4.97,-4.97,-6.17,0.17,0.08,-0.07,343,312,294,332,338
5.64,-5.33,-5.91,0.01,0.03,-0.11,343,311,295,333,338
5.45,-5.27,-6.45,0.07,-0.03,-0.02,343,311,295,332,338
END
5.56,-5.51,-5.25,0.15,0.10,-0.02,342,312,296,332,332
2.22,-3.63,-8.94,0.04,0.00,-0.07,342,311,296,332,332
2.62,-3.55,-9.50,0.09,0.00,-0.04,342,312,296,332,332
2.15,-3.68,-9.34,-0.00,-0.04,-0.06,342,312,296,332,332
1.74,-3.37,-8.99,0.01,-0.05,-0.04,342,311,296,332,332
1.34,-3.32,-9.12,0.10,0.05,-0.07,342,311,296,332,332
1.36,-3.57,-9.54,0.08,-0.01,-0.04,342,311,296,332,332
0.24,-3.35,-9.22,0.14,0.03,0.01,342,311,295,332,332
1.53,-3.78,-9.63,0.11,0.07,0.04,342,311,296,332,332
-0.60,-3.09,-8.94,0.16,0.11,0.08,342,311,296,332,332
2.80,-4.14,-9.13,-0.04,0.10,0.05,342,311,295,332,331
3.92,-3.94,-9.83,-0.22,0.00,0.19,342,311,296,332,332
1.53,-3.24,-8.56,0.25,0.14,-0.11,342,311,295,332,332
2.73,-4.06,-10.37,-0.18,0.22,0.16,342,311,296,332,331
-0.29,-2.78,-8.31,-0.30,-0.03,0.06,342,312,296,332,332
3.98,-4.03,-7.75,0.39,0.29,-0.14,342,311,296,332,331
3.17,-4.45,-9.32,-0.09,0.22,0.09,342,311,295,331,331
1.80,-4.02,-7.61,0.19,0.20,-0.02,342,311,295,332,332
3.96,-4.34,-7.41,0.45,0.52,-0.12,342,311,295,332,332
2.69,-4.23,-7.41,0.11,0.36,0.08,342,311,295,332,332
6.13,-5.23,-6.25,0.06,0.20,-0.17,343,311,295,332,334
5.20,-5.65,-7.62,0.43,0.50,-0.06,343,311,295,332,335
4.19,-4.64,-8.31,-0.24,0.07,0.10,344,311,295,332,338
5.26,-4.82,-6.42,0.06,0.25,0.05,344,311,295,332,338
5.76,-4.90,-7.04,-0.01,0.25,0.06,344,311,295,332,339
4.97,-4.85,-6.40,0.08,0.16,0.03,344,311,295,332,340
4.54,-4.77,-6.53,0.21,0.26,0.08,344,311,295,332,341
4.92,-5.54,-6.53,0.14,0.18,0.10,344,311,295,332,341
6.88,-6.05,-6.19,0.01,0.17,0.10,344,311,294,332,340
6.60,-5.97,-6.29,0.01,0.13,-0.13,343,311,295,332,340
5.16,-5.76,-5.61,0.20,0.20,-0.08,344,311,295,332,340
6.19,-5.49,-6.66,-0.10,-0.07,-0.12,343,311,295,332,340
5.56,-5.44,-5.03,0.03,-0.11,-0.01,344,311,295,332,339
5.11,-5.45,-5.45,-0.01,-0.04,-0.11,344,311,295,332,339
5.51,-5.26,-5.96,0.06,0.04,-0.07,344,311,295,332,339
5.90,-5.42,-6.27,-0.11,-0.14,-0.00,344,311,295,332,339
END
5.58,-5.51,-5.63,0.08,0.04,-0.05,342,312,295,332,334
0.78,-3.36,-8.54,0.04,0.03,-0.11,342,311,295,332,333
2.44,-3.64,-8.78,0.29,0.23,-0.18,342,311,295,332,333
1.97,-4.06,-10.32,-0.12,-0.03,-0.02,342,312,296,332,333
2.20,-3.84,-9.31,-0.09,-0.09,-0.09,342,311,296,332,333
2.04,-3.50,-10.27,0.08,-0.01,-0.03,343,311,296,332,334
1.11,-3.38,-9.50,-0.07,-0.15,0.03,343,312,295,332,333
0.22,-3.35,-7.98,0.07,0.00,0.00,342,311,295,332,333
0.72,-3.15,-8.61,0.06,0.16,0.05,343,311,295,332,333
1.45,-3.28,-8.57,-0.11,0.13,0.09,342,311,295,332,333
2.12,-3.39,-7.83,0.35,0.39,0.01,342,311,295,332,333
5.05,-5.00,-9.10,-0.10,0.32,0.08,342,311,295,332,333
2.79,-3.90,-8.72,0.03,0.08,0.07,343,311,295,332,333
4.44,-4.49,-8.56,0.11,0.25,-0.15,343,311,295,332,332
2.73,-3.55,-11.16,-0.17,0.09,0.13,343,311,295,332,332
1.95,-4.11,-7.65,0.28,0.10,0.03,343,311,295,332,332
5.43,-5.09,-7.61,0.42,0.51,-0.21,343,311,295,332,331
2.07,-3.78,-9.47,0.03,0.05,-0.03,343,311,295,332,332
1.97,-4.06,-7.33,0.02,0.18,0.09,343,311,295,332,333
4.92,-4.84,-7.45,0.07,0.35,-0.02,344,311,295,332,333
4.89,-5.02,-7.44,0.16,0.24,0.11,345,311,295,332,333
4.31,-5.63,-6.84,-0.03,0.19,0.11,345,311,295,332,334
4.66,-4.90,-7.24,0.07,0.39,-0.11,345,311,295,332,335
5.08,-4.80,-6.61,-0.01,0.24,-0.01,345,311,294,332,335
5.61,-4.70,-6.10,0.08,0.24,-0.04,344,311,295,333,335
4.85,-4.73,-5.86,0.12,0.35,-0.01,345,311,295,332,335
5.88,-5.80,-6.96,-0.02,0.12,0.04,344,311,295,332,336
6.76,-5.64,-6.16,-0.05,0.29,-0.16,344,311,295,332,336
6.42,-4.89,-6.20,-0.05,0.06,-0.03,344,311,295,332,336
6.63,-5.33,-5.52,0.18,0.07,-0.05,344,311,295,332,336
5.52,-5.41,-5.21,0.13,0.04,-0.14,344,311,295,332,336
5.37,-4.99,-5.61,0.09,0.02,-0.13,344,311,295,332,336
5.54,-5.33,-5.70,0.04,-0.07,0.03,344,311,295,332,336
5.92,-5.38,-5.57,0.08,0.06,-0.12,344,311,295,332,336
5.39,-5.08,-6.16,-0.08,-0.01,-0.09,344,311,295,332,336
6.25,-5.25,-6.20,-0.02,-0.02,-0.04,344,311,295,332,335
END
5.56,-4.86,-6.07,0.09,0.11,-0.10,342,311,296,332,333
2.00,-2.90,-9.50,0.12,0.09,-0.05,342,311,295,332,332
2.23,-2.78,-9.86,-0.01,-0.08,-0.07,343,311,295,332,333
2.33,-2.96,-9.63,0.05,-0.04,-0.06,343,312,296,332,332
1.49,-3.06,-9.04,0.07,-0.04,-0.03,343,312,296,332,332
1.25,-2.93,-9.32,0.02,0.02,-0.07,343,312,296,332,332
1.40,-2.87,-8.97,0.05,0.06,-0.04,343,311,295,332,333
1.43,-2.98,-9.26,0.13,0.22,-0.01,343,311,295,333,332
2.20,-2.52,-9.08,-0.17,0.04,-0.13,343,311,295,332,332
3.60,-3.02,-9.50,0.25,0.22,0.02,343,311,295,332,332
2.49,-3.35,-9.46,0.03,0.04,0.11,342,311,295,332,331
0.97,-3.38,-8.35,0.20,0.07,0.01,342,311,295,332,334
3.55,-3.47,-10.57,0.09,0.34,0.03,343,311,295,332,335
2.61,-3.27,-9.19,-0.07,-0.11,0.07,343,311,295,332,338
1.69,-3.29,-8.15,0.44,0.31,0.03,343,311,295,332,337
4.19,-4.02,-9.20,0.20,0.36,0.07,343,311,295,332,336
2.16,-3.77,-7.69,-0.02,0.11,0.12,343,311,295,332,336
5.13,-4.19,-7.71,0.28,0.37,-0.15,344,311,295,332,336
3.67,-3.67,-9.22,0.20,0.38,0.04,343,311,295,332,336
4.14,-4.09,-8.60,-0.08,0.01,-0.02,343,311,295,332,336
3.89,-4.19,-7.32,0.14,0.23,-0.05,343,310,295,332,336
3.90,-3.67,-7.85,-0.04,0.18,-0.03,343,311,295,332,336
4.49,-4.20,-7.80,0.04,0.09,0.07,343,311,295,332,338
4.73,-4.59,-7.19,0.15,0.27,0.00,343,311,295,332,338
4.47,-4.24,-8.64,-0.15,0.09,0.11,343,311,295,332,340
5.00,-5.00,-7.14,-0.08,0.06,0.14,344,311,295,332,341
5.81,-4.64,-7.48,0.14,0.20,0.04,344,311,295,332,342
4.21,-4.77,-7.77,0.03,-0.03,0.17,344,311,295,332,348
3.70,-4.84,-8.06,0.02,0.12,-0.03,344,311,295,332,353
6.42,-5.03,-6.73,0.06,0.37,-0.08,344,311,295,332,354
6.46,-5.05,-6.19,0.24,0.48,-0.02,344,311,294,332,354
4.82,-4.66,-6.46,0.10,0.33,0.02,343,311,295,332,352
5.89,-4.61,-6.60,-0.10,0.11,-0.05,343,311,294,332,350
6.36,-5.43,-5.10,0.04,-0.05,-0.08,343,311,295,332,349
5.46,-5.02,-5.86,0.12,0.05,-0.05,343,311,294,332,349
4.87,-5.14,-5.89,0.06,0.02,-0.04,343,311,295,332,348
END
5.84,-5.22,-6.25,-0.02,-0.01,-0.04,342,311,295,332,335
1.99,-3.35,-9.05,0.16,0.06,-0.10,342,312,295,332,335
2.06,-3.80,-9.30,0.05,-0.03,-0.03,342,311,295,332,335
1.86,-3.74,-9.09,-0.02,-0.06,-0.07,342,311,297,332,335
1.67,-3.40,-9.44,0.07,-0.02,-0.03,342,312,295,332,335
1.45,-3.43,-9.57,0.02,-0.07,-0.05,342,311,295,332,335
1.46,-3.24,-9.09,0.05,-0.09,-0.04,342,311,295,332,335
1.28,-3.57,-9.27,-0.03,-0.06,0.03,342,312,296,332,335
1.45,-3.73,-8.16,-0.06,-0.07,0.01,342,312,295,332,335
1.18,-3.36,-9.71,0.02,0.08,0.09,343,312,296,332,335
1.94,-3.77,-9.31,-0.11,0.09,0.10,343,312,295,332,335
2.57,-3.97,-8.48,0.21,0.32,-0.06,342,312,295,332,334
2.33,-3.02,-9.83,-0.12,0.25,0.02,342,311,295,332,334
2.05,-3.38,-9.50,-0.07,-0.05,-0.01,342,311,295,332,334
1.39,-3.55,-8.92,0.28,0.30,-0.12,342,312,295,332,333
3.12,-3.52,-10.46,-0.32,-0.00,0.09,342,311,295,332,334
1.54,-3.30,-8.06,0.24,0.17,-0.05,342,311,295,332,334
2.84,-3.89,-8.08,0.37,0.39,-0.15,342,311,295,332,334
3.68,-4.30,-8.27,-0.21,0.05,0.18,342,311,295,332,335
4.54,-4.31,-7.71,0.27,0.22,-0.15,343,311,295,332,335
2.63,-3.28,-8.85,0.19,0.39,-0.06,343,311,295,332,338
3.76,-3.55,-8.89,-0.49,-0.12,0.08,343,311,295,332,343
3.59,-3.80,-7.01,0.16,0.29,-0.03,344,311,295,332,342
4.27,-3.40,-7.95,0.16,0.35,-0.08,344,311,295,332,342
3.32,-3.61,-8.52,-0.03,0.15,0.12,344,311,295,332,344
5.06,-4.44,-6.75,0.14,0.31,-0.07,344,311,295,332,345
4.69,-3.29,-8.68,0.07,0.33,0.01,345,311,295,332,346
5.04,-4.89,-8.19,-0.09,-0.01,0.30,346,311,295,332,350
6.05,-5.39,-6.63,0.25,0.41,0.01,346,311,295,332,349
7.05,-4.92,-7.42,0.21,0.35,-0.14,346,311,295,332,351
5.15,-4.34,-5.86,0.14,0.31,-0.11,346,311,295,332,350
5.23,-5.07,-6.71,0.13,0.29,-0.04,346,311,295,332,350
5.50,-4.53,-6.83,0.01,0.05,-0.02,346,311,295,332,349
5.85,-5.03,-6.40,-0.01,-0.04,-0.04,346,311,295,332,349
5.55,-4.59,-6.74,-0.05,0.08,-0.14,346,311,295,332,348
5.36,-4.82,-6.45,0.07,0.03,-0.04,346,311,295,332,348
END
5.65,-4.48,-6.83,-0.06,-0.07,-0.05,343,311,296,332,336
1.49,-3.03,-10.07,0.01,0.01,-0.02,344,312,296,332,336
0.37,-2.62,-9.28,0.00,-0.04,0.02,343,311,296,332,336
1.17,-3.01,-9.10,0.04,0.05,-0.02,343,311,296,332,336
1.32,-2.79,-9.95,-0.01,0.02,0.00,343,311,296,332,337
0.50,-2.64,-9.55,-0.06,-0.11,-0.00,343,311,296,332,336
1.82,-3.01,-9.34,0.09,0.16,-0.06,343,312,296,332,336
-0.98,-2.13,-9.33,-0.01,-0.05,0.01,344,311,296,332,337
2.23,-3.27,-9.25,0.02,0.16,-0.07,343,311,296,332,336
-0.33,-2.37,-9.40,0.04,0.10,0.08,344,311,296,332,337
1.16,-2.56,-8.38,0.11,0.17,-0.20,343,312,296,332,337
1.70,-2.91,-10.36,0.19,0.36,0.15,344,312,295,332,336
1.69,-2.89,-9.62,-0.05,-0.02,0.08,344,311,295,332,336
3.63,-3.73,-8.96,0.20,0.24,-0.10,344,311,295,332,336
1.79,-2.75,-10.09,-0.05,0.06,0.02,344,311,295,332,336
2.38,-3.26,-9.21,-0.02,-0.03,-0.03,344,311,295,332,336
2.93,-3.18,-9.20,0.10,0.28,-0.12,344,312,296,332,336
0.27,-2.42,-8.97,0.02,0.00,0.00,344,311,295,332,337
4.33,-4.06,-9.07,0.04,0.27,-0.06,344,311,295,332,337
0.83,-2.53,-8.59,0.06,0.06,0.15,344,311,295,332,339
3.24,-3.14,-8.47,0.05,0.26,-0.07,344,311,295,333,340
2.90,-3.59,-8.48,0.17,0.41,0.05,344,311,295,332,340
4.03,-3.97,-8.48,-0.01,0.24,0.13,344,311,295,332,342
5.80,-4.67,-7.99,0.02,0.28,-0.04,344,311,294,332,342
3.14,-3.93,-7.03,0.30,0.45,0.10,344,311,295,332,344
4.25,-3.74,-8.85,-0.10,0.18,0.13,344,311,295,332,344
3.84,-3.84,-8.06,-0.06,0.02,0.18,345,311,295,333,346
6.22,-5.90,-6.91,0.19,0.38,-0.07,345,311,294,333,346
4.50,-3.64,-8.12,-0.02,0.25,-0.02,345,311,295,333,348
5.47,-4.34,-6.79,0.19,0.08,0.19,345,311,295,333,347
6.63,-4.75,-5.66,0.14,0.39,-0.03,345,311,295,333,347
6.11,-4.79,-6.41,0.22,0.28,-0.05,345,311,295,333,348
5.10,-5.12,-6.51,0.23,0.29,-0.04,345,311,295,333,349
5.43,-4.54,-7.04,0.01,0.04,-0.07,345,311,295,333,347
5.98,-4.97,-6.75,0.05,-0.04,0.01,345,311,295,333,345
5.55,-4.71,-7.02,0.02,-0.04,-0.01,345,311,295,333,345
END
6.40,-4.71,-6.96,-0.03,0.06,-0.11,343,311,296,333,339
0.90,-2.87,-9.53,0.02,0.10,-0.01,343,313,296,332,339
1.18,-2.85,-9.87,0.05,0.13,-0.03,343,311,296,333,339
2.19,-3.58,-10.18,-0.01,0.04,0.09,343,311,296,333,338
0.67,-2.55,-9.18,0.08,-0.00,0.09,343,311,296,333,338
1.87,-2.72,-10.37,0.14,0.12,-0.01,343,312,296,333,337
0.27,-2.66,-9.25,0.01,0.02,0.06,343,311,296,333,338
-0.01,-2.57,-9.11,0.03,0.15,-0.04,343,311,296,332,337
3.78,-3.47,-10.01,-0.02,0.16,-0.02,343,311,296,332,336
0.83,-2.25,-9.23,0.08,0.06,-0.09,342,312,296,332,336
0.57,-3.07,-8.82,0.23,0.20,-0.13,343,311,296,332,335
2.10,-2.89,-9.40,0.05,0.32,-0.04,343,311,296,332,335
4.28,-3.75,-9.55,0.01,0.08,0.00,343,311,296,332,335
1.03,-3.48,-8.31,0.43,0.31,0.07,343,311,296,332,335
5.86,-4.22,-9.50,0.02,0.22,-0.05,343,311,295,332,334
2.96,-3.76,-7.29,0.27,0.21,-0.00,343,311,295,332,335
5.14,-4.42,-8.14,0.00,0.12,-0.10,344,311,295,332,335
3.32,-3.77,-8.74,0.11,0.24,-0.02,343,311,295,332,335
3.26,-3.72,-8.03,-0.19,-0.08,0.02,343,311,295,332,336
5.05,-4.28,-7.03,0.20,0.35,-0.14,344,311,295,332,336
2.02,-3.24,-8.33,0.13,0.20,0.05,344,311,295,332,338
2.12,-3.28,-7.95,-0.18,0.03,0.07,344,311,295,332,342
2.30,-3.45,-7.63,-0.01,0.40,0.26,344,311,295,332,346
7.49,-4.39,-8.92,-0.50,0.27,0.10,345,311,296,332,348
5.75,-3.91,-7.98,0.20,0.28,0.20,345,311,295,333,347
5.87,-4.55,-6.55,0.21,0.56,-0.04,345,310,295,332,346
6.25,-4.21,-7.77,0.34,0.74,-0.14,345,311,295,332,344
5.97,-4.26,-7.54,-0.02,-0.04,0.20,345,311,295,332,343
6.97,-5.16,-5.33,0.14,0.04,-0.05,345,311,295,332,342
5.78,-4.52,-5.98,0.17,0.11,-0.19,345,311,295,332,342
5.18,-3.98,-6.21,0.05,-0.03,-0.05,345,311,295,332,342
5.25,-4.16,-6.53,0.02,-0.11,0.00,345,311,295,332,343
5.01,-3.91,-6.75,0.05,0.11,-0.18,345,311,295,332,343
5.36,-3.88,-6.91,0.04,0.03,-0.06,345,311,295,332,342
5.87,-4.49,-6.81,0.07,0.01,0.01,345,312,295,332,342
6.18,-4.62,-6.47,0.05,-0.02,-0.02,345,311,295,332,342
END